MAX FORCE = 193.1,3.975
MIN FORCE = -0.2,0.005
AVERAGE FORCE = 45.35,
UNIT = gf,mm
DATA COUNT = 69522,
RECORDING RATE = 0.0005,
FILE DATE = 6/21/2025 10:02:43 AM,
COMMENT = ,
MARK POINT ON = ---,---
MARK POINT OFF = ---,---
THRESHOLD = ---,
1ST PEAK FORCE = ---,---
2ND PEAK FORCE = ---,---
0.0,0.000
0.0,0.000
0.0,0.000
0.0,0.000
0.0,0.000
0.0,0.000
0.0,0.000
0.0,0.000
0.0,0.000
0.0,0.000
0.0,0.000
0.0,0.000
0.0,0.000
0.0,0.000
0.0,0.000
0.0,0.000
0.0,0.000
0.0,0.000
0.0,0.000
0.0,0.000
0.0,0.000
0.0,0.000
0.0,0.000
0.0,0.000
0.0,0.000
0.0,0.000
0.0,0.000
0.0,0.000
0.0,0.000
0.0,0.000
0.0,0.000
0.0,0.000
-0.1,0.000
-0.1,0.000
-0.1,0.000
-0.1,0.000
-0.1,0.000
-0.1,0.000
-0.1,0.000
-0.1,0.000
-0.1,0.000
0.0,0.000
0.0,0.000
0.0,0.000
0.0,0.000
0.0,0.000
0.0,0.000
0.0,0.000
-0.1,0.000
0.0,0.000
0.0,0.000
0.0,0.000
0.0,0.000
0.0,0.000
-0.1,0.000
-0.1,0.000
-0.1,0.000
-0.1,0.000
-0.1,0.000
-0.1,0.000
0.0,0.000
0.0,0.000
0.0,0.000
0.0,0.000
0.0,0.000
0.0,0.000
0.0,0.000
0.0,0.000
0.0,0.000
0.0,0.000
0.0,0.000
0.0,0.000
0.0,0.000
0.0,0.000
0.0,0.000
0.0,0.000
0.0,0.000
0.0,0.000
0.0,0.000
0.0,0.000
0.0,0.000
0.0,0.000
0.0,0.000
0.0,0.000
0.0,0.000
0.0,0.000
0.0,0.000
0.0,0.000
0.0,0.000
0.0,0.000
0.0,0.000
0.0,0.000
0.0,0.000
0.0,0.000
0.0,0.000
-0.1,0.000
0.0,0.000
0.0,0.000
0.0,0.000
0.0,0.000
0.0,0.000
0.0,0.000
0.0,0.000
0.0,0.000
0.0,0.000
0.0,0.000
0.0,0.000
0.0,0.000
0.0,0.000
0.0,0.000
0.0,0.000
0.0,0.000
0.0,0.000
-0.1,0.000
0.0,0.000
0.0,0.000
0.0,0.000
0.0,0.000
0.0,0.000
0.0,0.000
0.0,0.000
0.0,0.000
0.1,0.000
0.1,0.000
0.1,0.000
0.1,0.000
0.1,0.000
0.1,0.000
0.1,0.000
0.1,0.000
0.1,0.000
0.0,0.000
0.0,0.000
0.0,0.000
0.0,0.000
0.0,0.000
0.0,0.000
0.0,0.000
0.0,0.000
0.0,0.000
0.0,0.000
0.0,0.000
0.0,0.000
0.0,0.000
0.0,0.000
0.0,0.000
0.0,0.000
0.0,0.000
0.0,0.000
0.0,0.000
0.0,0.000
0.0,0.000
0.0,0.000
0.0,0.000
0.0,0.000
0.0,0.000
0.0,0.000
0.0,0.000
0.0,0.000
0.0,0.000
0.0,0.000
0.0,0.000
0.0,0.000
0.1,0.000
0.0,0.000
0.1,0.000
0.1,0.000
0.1,0.000
0.1,0.000
0.1,0.000
0.1,0.000
0.1,0.000
0.0,0.000
0.0,0.000
0.0,0.000
0.0,0.000
0.0,0.000
0.0,0.000
0.0,0.000
0.0,0.000
0.0,0.000
0.0,0.000
0.0,0.000
0.0,0.000
0.0,0.000
0.0,0.000
0.0,0.000
0.0,0.000
0.0,0.000
0.0,0.000
0.0,0.000
0.0,0.000
0.0,0.000
0.0,0.000
-0.1,0.000
-0.1,0.000
-0.1,0.000
-0.1,0.000
0.0,0.000
0.0,0.000
0.0,0.000
0.0,0.000
0.0,0.000
0.0,0.000
0.0,0.000
0.0,0.000
0.0,0.000
0.0,0.000
0.0,0.000
0.0,0.000
0.0,0.000
0.0,0.000
0.0,0.000
0.0,0.000
0.0,0.000
0.0,0.000
0.0,0.000
0.0,0.000
0.0,0.000
0.0,0.000
0.0,0.000
0.0,0.000
0.0,0.000
0.0,0.000
0.0,0.000
0.0,0.000
0.0,0.000
0.0,0.000
0.0,0.000
0.0,0.000
0.0,0.000
0.0,0.000
0.0,0.000
0.0,0.000
0.0,0.000
0.0,0.000
0.0,0.000
0.0,0.000
0.0,0.000
0.0,0.000
0.0,0.000
0.0,0.000
0.0,0.000
0.0,0.000
0.0,0.000
0.0,0.000
0.0,0.000
0.0,0.000
0.0,0.000
0.0,0.000
0.0,0.000
0.0,0.000
0.0,0.000
0.0,0.000
0.0,0.000
0.0,0.000
0.0,0.000
0.0,0.000
0.0,0.000
0.0,0.000
0.0,0.000
0.0,0.000
0.1,0.000
0.0,0.000
0.0,0.000
0.0,0.000
0.0,0.000
0.0,0.000
0.0,0.000
0.0,0.000
0.0,0.000
0.0,0.000
0.0,0.000
0.0,0.000
0.0,0.000
0.0,0.000
0.0,0.000
0.0,0.000
0.0,0.000
0.0,0.000
0.0,0.000
0.0,0.000
0.0,0.000
0.0,0.000
0.0,0.000
0.0,0.000
0.0,0.000
0.0,0.000
0.0,0.000
0.0,0.000
0.0,0.000
0.0,0.000
0.0,0.000
0.0,0.000
0.0,0.000
0.0,0.000
0.0,0.000
0.0,0.000
0.0,0.000
0.0,0.000
0.0,0.000
0.0,0.000
0.0,0.000
0.0,0.000
0.0,0.000
0.0,0.000
0.0,0.000
0.0,0.000
-0.1,0.000
0.0,0.000
0.0,0.000
0.0,0.000
0.0,0.000
0.0,0.000
0.0,0.000
0.0,0.000
0.0,0.000
0.0,0.000
0.0,0.000
0.0,0.000
0.0,0.000
0.0,0.000
0.0,0.000
0.0,0.000
0.0,0.000
0.0,0.000
0.0,0.000
0.0,0.000
0.0,0.000
0.0,0.000
0.0,0.000
0.0,0.000
0.0,0.000
0.0,0.000
0.0,0.000
0.0,0.000
0.0,0.000
0.0,0.000
0.0,0.000
0.0,0.000
0.0,0.000
0.0,0.000
0.0,0.000
0.0,0.000
0.0,0.000
0.0,0.000
0.0,0.000
0.0,0.000
0.0,0.000
0.0,0.000
0.0,0.000
0.0,0.000
0.0,0.000
0.0,0.000
0.0,0.000
0.0,0.000
0.0,0.000
0.0,0.000
0.0,0.000
0.0,0.000
0.0,0.000
0.0,0.000
0.0,0.000
0.0,0.000
0.0,0.000
0.0,0.000
0.0,0.000
0.0,0.000
0.0,0.000
0.0,0.000
0.0,0.000
0.0,0.000
0.0,0.000
0.0,0.000
0.0,0.000
0.0,0.000
0.0,0.000
0.1,0.000
0.1,0.000
0.1,0.000
0.1,0.000
0.1,0.000
0.1,0.000
0.0,0.000
0.0,0.000
0.0,0.000
0.0,0.000
0.0,0.000
0.0,0.000
0.0,0.000
0.0,0.000
0.0,0.000
0.0,0.000
-0.1,0.000
-0.1,0.000
-0.1,0.000
-0.1,0.000
-0.1,0.000
-0.1,0.000
-0.1,0.000
-0.1,0.000
0.0,0.000
0.0,0.000
0.0,0.000
0.0,0.000
0.0,0.000
0.0,0.000
0.0,0.000
0.0,0.000
0.0,0.000
0.0,0.000
0.0,0.000
0.0,0.000
0.0,0.000
0.0,0.000
0.0,0.000
0.0,0.000
0.0,0.000
0.0,0.000
0.0,0.000
0.0,0.000
0.0,0.000
0.0,0.000
0.0,0.000
0.0,0.000
0.0,0.000
0.0,0.000
0.0,0.000
0.0,0.000
0.0,0.000
0.0,0.000
0.0,0.000
0.0,0.000
0.0,0.000
0.0,0.000
0.0,0.000
0.0,0.000
0.0,0.000
0.0,0.000
0.0,0.000
0.0,0.000
0.0,0.000
0.0,0.000
0.0,0.000
0.0,0.000
0.0,0.000
0.0,0.000
0.0,0.000
0.0,0.000
0.0,0.000
0.0,0.000
0.0,0.000
0.0,0.000
0.0,0.000
0.0,0.000
0.0,0.000
0.0,0.000
0.0,0.000
0.1,0.000
0.1,0.000
0.1,0.000
0.1,0.000
0.1,0.000
0.1,0.000
0.1,0.000
0.1,0.000
0.1,0.000
0.1,0.000
0.0,0.000
0.0,0.000
0.0,0.000
0.0,0.000
0.0,0.000
0.0,0.000
0.1,0.000
0.0,0.000
0.0,0.000
0.0,0.000
0.1,0.000
0.1,0.000
0.1,0.000
0.1,0.000
0.1,0.000
0.0,0.000
0.0,0.000
0.0,0.000
0.0,0.000
0.0,0.000
0.0,0.000
0.0,0.000
0.0,0.000
0.0,0.000
0.0,0.000
0.0,0.000
0.0,0.000
0.0,0.000
0.0,0.000
0.0,0.000
0.0,0.000
0.0,0.000
0.0,0.000
0.0,0.000
0.0,0.000
0.0,0.000
0.0,0.000
0.0,0.000
0.0,0.000
0.0,0.000
0.0,0.000
0.0,0.000
0.0,0.000
0.0,0.000
0.0,0.000
0.0,0.000
0.0,0.000
0.0,0.000
0.0,0.000
0.0,0.000
0.0,0.000
0.0,0.000
0.0,0.000
0.0,0.000
0.0,0.000
0.0,0.000
0.0,0.000
0.0,0.000
0.0,0.000
0.0,0.000
0.0,0.000
0.0,0.000
0.0,0.000
0.0,0.000
0.0,0.000
0.0,0.000
0.0,0.000
0.0,0.000
0.0,0.000
0.0,0.000
0.0,0.000
0.0,0.000
0.0,0.000
0.0,0.000
0.0,0.000
0.0,0.000
0.0,0.000
0.0,0.000
0.0,0.000
0.0,0.000
0.0,0.000
0.0,0.000
0.0,0.000
0.0,0.000
0.0,0.000
0.0,0.000
0.0,0.000
0.0,0.000
0.0,0.000
0.0,0.000
0.0,0.000
0.0,0.000
0.0,0.000
0.0,0.000
0.0,0.000
0.0,0.000
0.0,0.000
0.0,0.000
0.0,0.000
0.0,0.000
0.0,0.000
0.0,0.000
0.0,0.000
0.0,0.000
0.0,0.000
0.0,0.000
0.0,0.000
0.0,0.000
0.0,0.000
0.0,0.000
0.0,0.000
0.0,0.000
0.0,0.000
0.0,0.000
0.0,0.000
0.0,0.000
0.0,0.000
0.0,0.000
0.0,0.000
0.0,0.000
0.0,0.000
0.0,0.000
0.0,0.000
0.0,0.000
0.0,0.000
0.0,0.000
0.0,0.000
0.0,0.000
0.0,0.000
0.0,0.000
0.0,0.000
0.0,0.000
0.0,0.000
0.0,0.000
0.0,0.000
0.0,0.000
0.0,0.000
0.0,0.000
0.0,0.000
0.0,0.000
0.0,0.000
0.0,0.000
0.0,0.000
0.0,0.000
0.0,0.000
0.0,0.000
0.0,0.000
0.0,0.000
0.0,0.000
0.0,0.000
0.0,0.000
0.0,0.000
0.0,0.000
0.0,0.000
0.0,0.000
0.0,0.000
0.0,0.000
0.0,0.000
0.0,0.000
0.0,0.000
0.0,0.000
0.0,0.000
0.0,0.000
0.0,0.000
0.0,0.000
0.0,0.000
0.0,0.000
0.0,0.000
0.0,0.000
0.0,0.000
0.0,0.000
0.0,0.000
0.0,0.000
0.0,0.000
0.0,0.000
0.0,0.000
0.0,0.000
0.0,0.000
0.0,0.000
0.0,0.000
0.0,0.000
0.0,0.000
0.0,0.000
0.0,0.000
0.0,0.000
0.0,0.000
0.0,0.000
0.0,0.000
0.0,0.000
0.0,0.000
0.0,0.000
0.0,0.000
0.0,0.000
0.0,0.000
0.0,0.000
0.0,0.000
0.0,0.000
0.0,0.000
0.0,0.000
0.0,0.000
0.0,0.000
0.0,0.000
0.0,0.000
0.0,0.000
0.0,0.000
0.0,0.000
0.0,0.000
0.0,0.000
0.0,0.000
0.0,0.000
0.0,0.000
0.0,0.000
0.0,0.000
0.0,0.000
0.0,0.000
0.0,0.000
0.0,0.000
0.0,0.000
0.0,0.000
0.0,0.000
0.0,0.000
0.0,0.000
0.0,0.000
0.0,0.000
0.0,0.000
0.0,0.000
0.0,0.000
0.0,0.000
0.0,0.000
0.0,0.000
0.0,0.000
0.0,0.000
0.0,0.000
0.0,0.000
0.0,0.000
0.0,0.000
0.0,0.000
0.0,0.000
0.0,0.000
0.0,0.000
0.0,0.000
0.0,0.000
0.0,0.000
0.0,0.000
0.0,0.000
0.0,0.000
0.0,0.000
0.0,0.000
0.0,0.000
0.0,0.000
0.0,0.000
0.0,0.000
0.0,0.000
0.0,0.000
0.0,0.000
0.0,0.000
0.0,0.000
0.0,0.000
0.0,0.000
0.0,0.000
0.0,0.000
0.0,0.000
0.0,0.000
0.0,0.000
0.0,0.000
0.0,0.000
0.0,0.000
0.0,0.000
0.0,0.000
0.0,0.000
0.0,0.000
0.0,0.000
0.0,0.000
0.0,0.000
0.0,0.000
0.0,0.000
0.0,0.000
0.0,0.000
0.0,0.000
0.0,0.000
0.0,0.000
0.0,0.000
0.0,0.000
0.0,0.000
0.0,0.000
0.0,0.000
0.0,0.000
0.0,0.000
0.0,0.000
0.0,0.000
0.0,0.000
0.0,0.000
0.0,0.000
0.0,0.000
0.0,0.000
0.0,0.000
0.0,0.000
0.0,0.000
0.0,0.000
0.0,0.000
0.0,0.000
0.0,0.000
0.0,0.000
0.0,0.000
0.0,0.000
0.0,0.000
0.0,0.000
0.0,0.000
0.0,0.000
0.0,0.000
0.0,0.000
0.0,0.000
0.0,0.000
0.0,0.000
0.0,0.000
0.0,0.000
0.0,0.000
0.0,0.000
0.0,0.000
0.0,0.000
0.0,0.000
0.0,0.000
0.0,0.000
0.0,0.000
0.0,0.000
0.0,0.000
0.0,0.000
0.0,0.000
0.0,0.000
0.0,0.000
0.0,0.000
0.0,0.000
0.0,0.000
0.0,0.000
0.0,0.000
0.0,0.000
0.0,0.000
0.0,0.000
0.0,0.000
0.0,0.000
0.0,0.000
0.0,0.000
0.0,0.000
0.0,0.000
0.0,0.000
0.0,0.000
0.0,0.000
0.0,0.000
0.0,0.000
0.0,0.000
0.0,0.000
0.0,0.000
0.0,0.000
0.0,0.000
0.0,0.000
0.0,0.000
0.0,0.000
0.0,0.000
0.0,0.000
0.0,0.000
0.0,0.000
0.0,0.000
0.0,0.000
0.0,0.000
0.0,0.000
0.0,0.000
0.0,0.000
0.0,0.000
0.0,0.000
0.0,0.000
0.0,0.000
0.0,0.000
0.0,0.000
0.0,0.000
0.0,0.000
0.1,0.000
0.1,0.000
0.1,0.000
0.1,0.000
0.1,0.000
0.1,0.000
0.1,0.000
0.1,0.000
0.0,0.000
0.0,0.000
0.0,0.000
0.0,0.000
0.0,0.000
0.0,0.000
0.0,0.000
0.0,0.000
0.0,0.000
0.0,0.000
0.0,0.000
0.0,0.000
0.0,0.000
0.0,0.000
0.0,0.000
0.0,0.000
0.0,0.000
0.0,0.000
0.0,0.000
0.0,0.000
0.0,0.000
0.0,0.000
0.0,0.000
0.0,0.000
0.0,0.000
0.0,0.000
0.0,0.000
0.0,0.000
0.0,0.000
0.0,0.000
0.0,0.000
0.0,0.000
0.0,0.000
0.0,0.000
0.0,0.000
0.0,0.000
0.0,0.000
0.0,0.000
0.0,0.000
0.0,0.000
0.0,0.000
0.0,0.000
0.0,0.000
0.0,0.000
0.0,0.000
0.0,0.000
0.0,0.000
0.0,0.000
0.0,0.000
0.0,0.000
0.0,0.000
0.0,0.000
0.0,0.000
0.0,0.000
0.0,0.000
0.0,0.000
0.0,0.000
0.0,0.000
0.0,0.000
0.0,0.000
0.0,0.000
0.0,0.000
0.0,0.000
0.0,0.000
0.0,0.000
0.0,0.000
0.0,0.000
0.0,0.000
0.0,0.000
0.0,0.000
0.0,0.000
0.0,0.000
0.0,0.000
0.0,0.000
0.0,0.000
0.0,0.000
0.0,0.000
0.0,0.000
0.0,0.000
0.0,0.000
0.0,0.000
0.0,0.000
0.0,0.000
0.0,0.000
0.0,0.000
0.0,0.000
0.0,0.000
0.0,0.000
0.0,0.000
0.0,0.000
0.0,0.000
0.0,0.000
0.0,0.000
0.0,0.000
0.0,0.000
0.0,0.000
0.0,0.000
0.0,0.000
0.0,0.000
0.0,0.000
0.0,0.000
0.0,0.000
0.0,0.000
0.0,0.000
0.0,0.000
0.0,0.000
0.0,0.000
0.0,0.000
0.0,0.000
0.0,0.000
0.0,0.000
0.0,0.000
0.0,0.000
0.0,0.000
0.0,0.000
0.0,0.000
0.0,0.000
0.0,0.000
0.0,0.000
0.0,0.000
0.0,0.000
0.0,0.000
0.0,0.000
0.0,0.000
0.0,0.000
0.0,0.000
0.0,0.000
0.0,0.000
0.0,0.000
0.0,0.000
0.0,0.000
0.0,0.000
0.0,0.000
0.0,0.000
0.0,0.000
0.0,0.000
0.0,0.000
0.0,0.000
0.0,0.000
0.0,0.000
0.0,0.000
0.0,0.000
0.0,0.000
0.0,0.000
0.0,0.000
0.0,0.000
0.0,0.000
0.0,0.000
0.0,0.000
0.0,0.000
0.0,0.000
0.0,0.000
0.0,0.000
0.0,0.000
0.0,0.000
0.0,0.000
0.0,0.000
0.0,0.000
0.0,0.000
0.0,0.000
0.0,0.000
0.0,0.000
-0.1,0.000
-0.1,0.000
-0.1,0.000
-0.1,0.000
0.0,0.000
0.0,0.000
0.0,0.000
0.0,0.000
0.0,0.000
0.0,0.000
0.0,0.000
0.0,0.000
0.0,0.000
0.0,0.000
0.0,0.000
0.0,0.000
0.0,0.000
0.0,0.000
0.0,0.000
0.0,0.000
0.0,0.000
0.0,0.000
0.0,0.000
0.0,0.000
0.0,0.000
0.0,0.000
0.1,0.000
0.0,0.000
0.0,0.000
0.0,0.000
0.0,0.000
0.0,0.000
0.0,0.000
0.0,0.000
0.0,0.000
0.0,0.000
0.0,0.000
0.0,0.000
0.0,0.000
0.0,0.000
0.0,0.000
0.0,0.000
0.0,0.000
0.0,0.000
0.0,0.000
0.0,0.000
0.0,0.000
0.0,0.000
0.0,0.000
0.0,0.000
0.0,0.000
0.0,0.000
0.0,0.000
0.0,0.000
0.0,0.000
0.0,0.000
0.0,0.000
0.0,0.000
0.0,0.000
0.0,0.000
0.0,0.000
0.0,0.000
0.0,0.000
0.0,0.000
0.0,0.000
0.0,0.000
0.0,0.000
0.0,0.000
0.0,0.000
0.0,0.000
0.0,0.000
0.0,0.000
0.0,0.000
0.0,0.000
0.0,0.000
0.0,0.000
0.0,0.000
0.0,0.000
0.0,0.000
0.0,0.000
0.0,0.000
0.0,0.000
0.0,0.000
0.0,0.000
0.0,0.000
0.0,0.000
0.0,0.000
0.0,0.000
0.0,0.000
0.0,0.000
0.0,0.000
0.0,0.000
0.0,0.000
0.0,0.000
0.0,0.000
0.0,0.000
0.0,0.000
0.0,0.000
0.0,0.000
0.0,0.000
0.0,0.000
0.0,0.000
0.0,0.000
0.0,0.000
0.0,0.000
0.0,0.000
-0.1,0.000
-0.1,0.000
-0.1,0.000
-0.1,0.000
-0.1,0.000
-0.1,0.000
-0.1,0.000
-0.1,0.000
-0.1,0.000
-0.1,0.000
-0.1,0.000
-0.1,0.000
-0.1,0.000
-0.1,0.000
-0.1,0.000
-0.1,0.000
-0.1,0.000
-0.1,0.000
-0.1,0.000
-0.1,0.000
-0.1,0.000
-0.1,0.000
0.0,0.000
0.0,0.000
0.0,0.000
0.0,0.000
0.0,0.000
0.0,0.000
0.0,0.000
0.0,0.000
0.0,0.000
0.0,0.000
0.0,0.000
0.0,0.000
0.0,0.000
0.0,0.000
0.0,0.000
0.0,0.000
0.0,0.000
0.0,0.000
0.0,0.000
0.0,0.000
0.0,0.000
0.0,0.000
0.0,0.000
0.0,0.000
0.0,0.000
0.0,0.000
0.0,0.000
0.0,0.000
0.0,0.000
0.0,0.000
0.0,0.000
0.0,0.000
0.0,0.000
0.0,0.000
0.0,0.000
0.0,0.000
0.0,0.000
0.0,0.000
0.0,0.000
0.0,0.000
0.0,0.000
0.0,0.000
0.0,0.000
0.0,0.000
0.0,0.000
0.0,0.000
0.0,0.000
0.0,0.000
0.0,0.000
0.0,0.000
0.0,0.000
0.0,0.000
0.0,0.000
0.0,0.000
0.0,0.000
0.0,0.000
0.0,0.000
0.0,0.000
0.0,0.000
0.0,0.000
0.0,0.000
0.0,0.000
0.0,0.000
0.0,0.000
0.0,0.000
0.0,0.000
0.0,0.000
0.0,0.000
0.0,0.000
0.0,0.000
0.0,0.000
0.0,0.000
0.0,0.000
0.0,0.000
0.0,0.000
0.0,0.000
0.0,0.000
0.0,0.000
0.0,0.000
0.0,0.000
0.0,0.000
0.0,0.000
0.0,0.000
0.0,0.000
0.0,0.000
0.0,0.000
0.0,0.000
0.0,0.000
0.0,0.000
0.0,0.000
0.0,0.000
0.0,0.000
0.0,0.000
0.0,0.000
0.0,0.000
0.0,0.000
0.0,0.000
0.0,0.000
0.0,0.000
0.0,0.000
0.0,0.000
0.0,0.000
0.0,0.000
0.0,0.000
0.0,0.000
0.0,0.000
0.0,0.000
0.0,0.000
0.0,0.000
0.0,0.000
0.0,0.000
0.0,0.000
0.0,0.000
0.0,0.000
0.0,0.000
0.0,0.000
0.0,0.000
0.0,0.000
0.0,0.000
0.0,0.000
0.0,0.000
-0.1,0.000
-0.1,0.000
-0.1,0.000
-0.1,0.000
-0.1,0.000
-0.1,0.000
0.0,0.000
0.0,0.000
0.0,0.000
0.0,0.000
0.0,0.000
0.0,0.000
0.0,0.000
0.0,0.000
0.0,0.000
0.0,0.000
0.0,0.000
0.0,0.000
0.0,0.000
0.0,0.000
0.0,0.000
0.0,0.000
0.0,0.000
0.0,0.000
0.0,0.000
0.0,0.000
0.0,0.000
0.0,0.000
0.0,0.000
0.0,0.000
0.0,0.000
0.0,0.000
0.0,0.000
0.0,0.000
0.0,0.000
0.0,0.000
0.0,0.000
0.0,0.000
0.0,0.000
0.0,0.000
0.0,0.000
0.0,0.000
0.0,0.000
0.0,0.000
0.0,0.000
0.0,0.000
0.0,0.000
0.0,0.000
0.0,0.000
0.0,0.000
0.0,0.000
0.0,0.000
0.0,0.000
0.0,0.000
0.0,0.000
0.0,0.000
0.0,0.000
0.0,0.000
0.0,0.000
0.0,0.000
0.0,0.000
0.0,0.000
0.0,0.000
0.0,0.000
0.0,0.000
0.0,0.000
0.0,0.000
0.0,0.000
0.0,0.000
0.0,0.000
0.0,0.000
0.0,0.000
0.0,0.000
0.0,0.000
0.0,0.000
0.0,0.000
0.0,0.000
0.0,0.000
0.0,0.000
0.0,0.000
0.0,0.000
0.0,0.000
0.0,0.000
0.0,0.000
0.0,0.000
0.0,0.000
0.0,0.000
0.0,0.000
0.0,0.000
0.0,0.000
0.0,0.000
0.0,0.000
0.0,0.000
0.0,0.000
0.0,0.000
0.0,0.000
0.0,0.000
0.0,0.000
0.0,0.000
0.0,0.000
0.0,0.000
0.0,0.000
0.0,0.000
0.0,0.000
0.0,0.000
0.0,0.000
0.0,0.000
0.0,0.000
0.0,0.000
0.0,0.000
0.0,0.000
0.0,0.000
0.0,0.000
0.0,0.000
0.0,0.000
0.0,0.000
0.0,0.000
0.0,0.000
0.0,0.000
0.0,0.000
0.0,0.000
0.0,0.000
0.0,0.000
0.0,0.000
0.0,0.000
0.0,0.000
0.0,0.000
0.0,0.000
0.0,0.000
0.0,0.000
0.0,0.000
0.0,0.000
0.0,0.000
0.0,0.000
0.0,0.000
0.0,0.000
0.0,0.000
0.0,0.000
0.0,0.000
0.0,0.000
0.0,0.000
0.0,0.000
0.0,0.000
0.0,0.000
0.0,0.000
0.0,0.000
0.0,0.000
0.0,0.000
0.0,0.000
0.0,0.000
0.0,0.000
0.0,0.000
0.0,0.000
0.0,0.000
0.0,0.000
0.0,0.000
0.0,0.000
0.0,0.000
0.0,0.000
0.0,0.000
0.0,0.000
0.0,0.000
0.0,0.000
0.0,0.000
0.0,0.000
0.0,0.000
0.0,0.000
0.0,0.000
0.0,0.000
0.0,0.000
0.0,0.000
0.0,0.000
0.0,0.000
0.0,0.000
0.0,0.000
0.0,0.000
0.0,0.000
0.0,0.000
0.0,0.000
0.0,0.000
0.0,0.000
0.0,0.000
0.0,0.000
0.0,0.000
0.0,0.000
0.0,0.000
0.0,0.000
0.0,0.000
0.0,0.000
0.0,0.000
0.0,0.000
0.0,0.000
0.0,0.000
0.0,0.000
0.0,0.000
0.0,0.000
0.0,0.000
0.0,0.000
0.0,0.000
0.0,0.000
0.0,0.000
0.0,0.000
0.0,0.000
0.0,0.000
0.0,0.000
0.0,0.000
0.0,0.000
0.0,0.000
0.0,0.000
0.0,0.000
0.0,0.000
0.0,0.000
0.0,0.000
0.0,0.000
0.0,0.000
0.0,0.000
0.0,0.000
0.0,0.000
0.0,0.000
0.0,0.000
0.0,0.000
0.0,0.000
0.0,0.000
0.0,0.000
0.0,0.000
0.0,0.000
0.0,0.000
0.0,0.000
0.0,0.000
0.0,0.000
0.0,0.000
0.0,0.000
0.0,0.000
0.0,0.000
0.0,0.000
0.0,0.000
0.0,0.000
0.0,0.000
0.0,0.000
0.0,0.000
0.0,0.000
0.0,0.000
0.0,0.000
0.0,0.000
0.0,0.000
0.0,0.000
0.0,0.000
0.0,0.000
0.0,0.000
0.0,0.000
0.0,0.000
0.0,0.000
0.0,0.000
0.0,0.000
0.0,0.000
0.0,0.000
0.0,0.000
0.0,0.000
0.0,0.000
0.0,0.000
0.0,0.000
0.0,0.000
0.0,0.000
0.0,0.000
0.0,0.000
0.0,0.000
0.0,0.000
0.0,0.000
0.0,0.000
0.0,0.000
0.0,0.000
0.0,0.000
0.0,0.000
0.0,0.000
0.0,0.000
0.0,0.000
0.0,0.000
0.0,0.000
0.0,0.000
0.0,0.000
0.0,0.000
0.0,0.000
0.0,0.000
0.0,0.000
0.0,0.000
0.0,0.000
0.0,0.000
0.0,0.000
0.0,0.000
0.0,0.000
0.0,0.000
0.0,0.000
0.0,0.000
0.0,0.000
0.0,0.000
0.0,0.000
0.0,0.000
0.0,0.000
0.0,0.000
0.0,0.000
0.0,0.000
0.0,0.000
0.0,0.000
0.0,0.000
0.0,0.000
0.0,0.000
0.0,0.000
0.0,0.000
0.0,0.000
0.0,0.000
0.0,0.000
0.0,0.000
0.0,0.000
0.0,0.000
0.0,0.000
0.0,0.000
0.0,0.000
0.0,0.000
0.0,0.000
0.0,0.000
0.0,0.000
0.0,0.000
0.0,0.000
0.0,0.000
0.0,0.000
0.0,0.000
0.0,0.000
0.0,0.000
0.0,0.000
0.0,0.000
0.0,0.000
0.0,0.000
0.0,0.000
0.0,0.000
0.0,0.000
0.0,0.000
0.0,0.000
0.0,0.000
0.0,0.000
0.0,0.000
0.0,0.000
0.0,0.000
0.0,0.000
0.0,0.000
0.0,0.000
0.0,0.000
-0.1,0.000
-0.1,0.000
-0.1,0.000
-0.1,0.000
-0.1,0.000
-0.1,0.000
-0.1,0.000
-0.1,0.000
-0.1,0.000
-0.1,0.000
-0.1,0.000
0.0,0.000
0.0,0.000
0.0,0.000
0.0,0.000
0.0,0.000
0.0,0.000
0.0,0.000
0.0,0.000
0.0,0.000
0.0,0.000
0.0,0.000
0.0,0.000
0.0,0.000
0.0,0.000
0.0,0.000
0.0,0.000
0.0,0.000
0.0,0.000
0.0,0.000
0.0,0.000
0.0,0.000
0.0,0.000
0.0,0.000
0.0,0.000
0.0,0.000
0.0,0.000
0.0,0.000
0.0,0.000
0.0,0.000
0.0,0.000
0.0,0.000
0.0,0.000
0.0,0.000
0.0,0.000
0.0,0.000
0.0,0.000
0.0,0.000
0.0,0.000
0.0,0.000
0.0,0.000
0.0,0.000
0.0,0.000
0.0,0.000
0.0,0.000
0.0,0.000
0.0,0.000
0.0,0.000
0.0,0.000
0.0,0.000
0.0,0.000
0.0,0.000
0.0,0.000
0.0,0.000
0.0,0.000
0.0,0.000
0.0,0.000
0.0,0.000
0.0,0.000
0.0,0.000
0.0,0.000
0.0,0.000
0.0,0.000
0.0,0.000
0.0,0.000
0.0,0.000
0.0,0.000
0.0,0.000
0.0,0.000
0.0,0.000
0.0,0.000
0.0,0.000
0.0,0.000
0.0,0.000
0.0,0.000
0.0,0.000
0.0,0.000
0.0,0.000
0.0,0.000
0.0,0.000
0.0,0.000
0.0,0.000
0.0,0.000
0.0,0.000
0.0,0.000
0.0,0.000
0.0,0.000
0.0,0.000
0.0,0.000
0.0,0.000
0.0,0.000
0.0,0.000
0.0,0.000
0.0,0.000
0.0,0.000
0.0,0.000
0.0,0.000
0.0,0.000
0.0,0.000
0.0,0.000
0.0,0.000
0.0,0.000
0.0,0.000
0.0,0.000
0.0,0.000
0.0,0.000
0.0,0.000
0.0,0.000
0.0,0.000
0.0,0.000
0.0,0.000
0.0,0.000
0.0,0.000
0.0,0.000
0.0,0.000
0.0,0.000
0.0,0.000
0.0,0.000
0.0,0.000
0.0,0.000
0.0,0.000
0.0,0.000
0.0,0.000
0.0,0.000
0.0,0.000
0.0,0.000
0.0,0.000
0.0,0.000
0.0,0.000
0.0,0.000
0.0,0.000
0.0,0.000
0.0,0.000
0.0,0.000
0.0,0.000
0.0,0.000
0.0,0.000
0.0,0.000
0.0,0.000
0.0,0.000
0.0,0.000
0.0,0.000
0.0,0.000
0.0,0.000
0.0,0.000
0.0,0.000
0.0,0.000
0.0,0.000
0.0,0.000
0.0,0.000
0.0,0.000
0.0,0.000
0.0,0.000
0.0,0.000
0.0,0.000
0.0,0.000
0.0,0.000
0.0,0.000
0.0,0.000
0.0,0.000
0.0,0.000
0.0,0.000
0.0,0.000
0.0,0.000
0.0,0.000
0.0,0.000
0.0,0.000
0.0,0.000
0.0,0.000
0.0,0.000
0.0,0.000
0.0,0.000
0.0,0.000
0.0,0.000
0.0,0.000
0.0,0.000
0.0,0.000
0.0,0.000
0.0,0.000
0.0,0.000
0.0,0.000
0.0,0.000
0.0,0.000
0.0,0.000
0.0,0.000
0.0,0.000
0.0,0.000
0.0,0.000
0.0,0.000
0.0,0.000
0.0,0.000
0.0,0.000
0.0,0.000
0.0,0.000
0.0,0.000
0.0,0.000
0.0,0.000
0.0,0.000
0.0,0.000
0.0,0.000
0.0,0.000
0.0,0.000
0.0,0.000
0.0,0.000
0.0,0.000
0.0,0.000
0.0,0.000
0.0,0.000
0.0,0.000
0.0,0.000
0.0,0.000
0.0,0.000
0.0,0.000
0.0,0.000
0.0,0.000
0.0,0.000
0.0,0.000
0.0,0.000
0.0,0.000
0.0,0.000
0.0,0.000
0.0,0.000
0.0,0.000
0.0,0.000
0.0,0.000
0.0,0.000
0.0,0.000
0.0,0.000
0.0,0.000
0.0,0.000
0.0,0.000
0.0,0.000
0.0,0.000
0.0,0.000
0.0,0.000
0.0,0.000
0.0,0.000
0.0,0.000
0.0,0.000
0.0,0.000
0.0,0.000
0.0,0.000
0.0,0.000
0.0,0.000
0.0,0.000
0.0,0.000
0.0,0.000
0.0,0.000
0.0,0.000
0.0,0.000
0.0,0.000
0.0,0.000
0.0,0.000
0.0,0.000
0.0,0.000
0.0,0.000
0.0,0.000
0.0,0.000
0.0,0.000
0.0,0.000
0.0,0.000
0.0,0.000
0.0,0.000
0.0,0.000
0.0,0.000
0.0,0.000
0.0,0.000
0.0,0.000
0.0,0.000
0.0,0.000
0.0,0.000
0.0,0.000
0.0,0.000
0.0,0.000
0.0,0.000
0.0,0.000
0.0,0.000
0.0,0.000
0.0,0.000
0.0,0.000
0.0,0.000
0.0,0.000
0.0,0.000
0.0,0.000
0.0,0.000
0.0,0.000
0.0,0.000
0.0,0.000
0.0,0.000
0.0,0.000
0.0,0.000
0.0,0.000
0.0,0.000
0.0,0.000
0.0,0.000
0.0,0.000
0.0,0.000
0.0,0.000
0.0,0.000
0.0,0.000
0.0,0.000
0.0,0.000
0.0,0.000
0.0,0.000
0.0,0.000
0.0,0.000
0.0,0.000
0.0,0.000
0.0,0.000
0.0,0.000
0.0,0.000
0.0,0.000
0.0,0.000
0.0,0.000
0.0,0.000
0.0,0.000
0.0,0.000
0.0,0.000
0.0,0.000
0.0,0.000
0.0,0.000
0.0,0.000
0.0,0.000
0.0,0.000
0.0,0.000
0.0,0.000
0.0,0.000
0.0,0.000
0.0,0.000
0.0,0.000
0.0,0.000
0.0,0.000
0.0,0.000
0.0,0.000
0.0,0.000
0.0,0.000
0.0,0.000
0.0,0.000
0.0,0.000
0.0,0.000
0.0,0.000
0.0,0.000
0.0,0.000
0.0,0.000
0.0,0.000
0.0,0.000
0.0,0.000
0.0,0.000
0.0,0.000
0.0,0.000
0.0,0.000
0.0,0.000
0.0,0.000
0.0,0.000
0.0,0.000
0.0,0.000
0.0,0.000
0.0,0.000
0.0,0.000
0.0,0.000
0.0,0.000
0.0,0.000
0.0,0.000
0.0,0.000
0.0,0.000
0.0,0.000
0.0,0.000
0.0,0.000
0.0,0.000
0.0,0.000
0.0,0.000
0.0,0.000
0.0,0.000
0.0,0.000
0.0,0.000
0.0,0.000
0.0,0.000
0.0,0.000
0.0,0.000
0.0,0.000
0.0,0.000
0.0,0.000
0.0,0.000
0.0,0.000
0.0,0.000
0.0,0.000
0.0,0.000
0.0,0.000
0.0,0.000
0.0,0.000
0.0,0.000
0.0,0.000
0.0,0.000
0.0,0.000
0.0,0.000
0.0,0.000
0.0,0.000
0.0,0.000
0.0,0.000
0.0,0.000
0.0,0.000
0.0,0.000
0.0,0.000
0.0,0.000
0.0,0.000
0.0,0.000
0.0,0.000
0.0,0.000
0.0,0.000
0.0,0.000
0.0,0.000
0.0,0.000
0.0,0.000
0.0,0.000
0.0,0.000
0.0,0.000
0.0,0.000
0.0,0.000
0.0,0.000
0.0,0.000
0.0,0.000
0.0,0.000
0.0,0.000
0.0,0.000
0.0,0.000
0.0,0.000
0.0,0.000
0.0,0.000
0.0,0.000
0.0,0.000
0.0,0.000
0.0,0.000
0.0,0.000
0.0,0.000
0.0,0.000
0.0,0.000
0.0,0.000
0.0,0.000
0.0,0.000
0.0,0.000
0.0,0.000
0.0,0.000
0.0,0.000
0.0,0.000
0.0,0.000
0.0,0.000
0.0,0.000
0.0,0.000
0.0,0.000
0.0,0.000
0.1,0.000
0.0,0.000
0.0,0.000
0.0,0.000
0.0,0.000
0.0,0.000
0.0,0.000
0.0,0.000
0.0,0.000
0.0,0.000
0.0,0.000
0.0,0.000
0.0,0.000
0.0,0.000
0.0,0.000
0.0,0.000
0.0,0.000
0.0,0.000
0.0,0.000
0.0,0.000
0.0,0.000
0.0,0.000
0.0,0.000
0.0,0.000
0.0,0.000
0.0,0.000
0.0,0.000
0.0,0.000
0.0,0.000
0.0,0.000
0.0,0.000
0.0,0.000
0.0,0.000
0.0,0.000
0.0,0.000
0.0,0.000
0.0,0.000
0.0,0.000
0.0,0.000
0.0,0.000
0.0,0.000
0.0,0.000
0.0,0.000
0.0,0.000
0.0,0.000
0.0,0.000
0.0,0.000
0.0,0.000
0.0,0.000
0.0,0.000
0.0,0.000
0.0,0.000
0.0,0.000
0.0,0.000
0.0,0.000
0.0,0.000
0.0,0.000
0.0,0.000
0.0,0.000
0.0,0.000
0.0,0.000
0.0,0.000
0.0,0.000
0.0,0.000
0.0,0.000
0.0,0.000
0.0,0.000
0.0,0.000
0.0,0.000
0.0,0.000
0.0,0.000
0.0,0.000
0.0,0.000
0.0,0.000
0.0,0.000
0.0,0.000
0.0,0.000
0.0,0.000
0.0,0.000
0.0,0.000
0.0,0.000
0.0,0.000
0.0,0.000
0.0,0.000
0.0,0.000
0.0,0.000
0.0,0.000
0.0,0.000
0.0,0.000
0.0,0.000
0.0,0.000
0.0,0.000
0.0,0.000
0.0,0.000
0.0,0.000
0.0,0.000
0.0,0.000
0.0,0.000
0.0,0.000
0.0,0.000
0.0,0.000
0.0,0.000
0.0,0.000
0.0,0.000
0.0,0.000
0.0,0.000
0.0,0.000
0.0,0.000
0.0,0.000
0.0,0.000
0.0,0.000
0.0,0.000
0.0,0.000
0.0,0.000
0.0,0.000
0.0,0.000
0.0,0.000
0.0,0.000
0.0,0.000
0.0,0.000
0.0,0.000
0.0,0.000
0.0,0.000
0.0,0.000
0.0,0.000
0.0,0.000
0.0,0.000
0.0,0.000
0.0,0.000
0.0,0.000
0.0,0.000
0.0,0.000
0.0,0.000
0.0,0.000
0.0,0.000
0.0,0.000
0.0,0.000
0.0,0.000
0.0,0.000
0.0,0.000
0.0,0.000
0.0,0.000
0.0,0.000
0.0,0.000
0.0,0.000
0.0,0.000
0.0,0.000
0.0,0.000
0.0,0.000
0.0,0.000
0.0,0.000
0.0,0.000
0.0,0.000
0.0,0.000
0.0,0.000
0.0,0.000
0.0,0.000
0.0,0.000
0.0,0.000
0.0,0.000
0.0,0.000
0.0,0.000
0.0,0.000
0.0,0.000
0.0,0.000
0.0,0.000
0.0,0.000
0.0,0.000
0.0,0.000
0.0,0.000
0.0,0.000
0.0,0.000
0.0,0.000
0.0,0.000
0.0,0.000
0.0,0.000
0.0,0.000
0.0,0.000
0.0,0.000
0.0,0.000
0.0,0.000
0.0,0.000
0.0,0.000
0.0,0.000
0.0,0.000
0.0,0.000
0.0,0.000
0.0,0.000
0.0,0.000
0.0,0.000
0.0,0.000
0.0,0.000
0.0,0.000
0.0,0.000
0.0,0.000
0.0,0.000
0.0,0.000
0.0,0.000
0.0,0.000
0.0,0.000
0.0,0.000
0.0,0.000
0.0,0.000
0.0,0.000
0.0,0.000
0.0,0.000
0.0,0.000
0.0,0.000
0.0,0.000
0.0,0.000
0.0,0.000
0.0,0.000
0.0,0.000
0.0,0.000
0.0,0.000
0.0,0.000
0.0,0.000
0.0,0.000
0.0,0.000
0.0,0.000
0.0,0.000
0.0,0.000
0.0,0.000
0.0,0.000
0.0,0.000
0.0,0.000
0.0,0.000
0.0,0.000
0.0,0.000
0.0,0.000
0.0,0.000
0.0,0.000
0.0,0.000
0.0,0.000
0.0,0.000
0.0,0.000
0.0,0.000
0.0,0.000
0.0,0.000
0.0,0.000
0.0,0.000
0.0,0.000
0.0,0.000
0.0,0.000
0.0,0.000
0.0,0.000
0.0,0.000
0.0,0.000
0.0,0.000
0.0,0.000
0.0,0.000
0.0,0.000
0.0,0.000
0.0,0.000
0.0,0.000
0.0,0.000
0.0,0.000
0.0,0.000
0.0,0.000
0.0,0.000
0.0,0.000
0.0,0.000
0.0,0.000
0.0,0.000
0.0,0.000
0.0,0.000
0.0,0.000
0.0,0.000
0.0,0.000
0.0,0.000
0.0,0.000
0.0,0.000
0.0,0.000
0.0,0.000
0.0,0.000
0.0,0.000
0.0,0.000
0.0,0.000
0.0,0.000
0.0,0.000
0.0,0.000
0.0,0.000
0.0,0.000
0.0,0.000
0.0,0.000
0.0,0.000
0.0,0.000
0.0,0.000
0.0,0.000
0.0,0.000
0.0,0.000
0.0,0.000
0.0,0.000
0.0,0.000
0.0,0.000
0.0,0.000
0.0,0.000
0.0,0.000
0.0,0.000
0.0,0.000
0.0,0.000
0.0,0.000
0.0,0.000
0.0,0.000
0.0,0.000
0.0,0.000
0.0,0.000
0.0,0.000
0.0,0.000
0.0,0.000
0.0,0.000
0.0,0.000
0.0,0.000
0.0,0.000
0.0,0.000
0.0,0.000
0.0,0.000
0.0,0.000
0.0,0.000
0.0,0.000
0.0,0.000
0.0,0.000
0.0,0.000
0.0,0.000
0.0,0.000
0.0,0.000
0.0,0.000
0.0,0.000
0.0,0.000
0.0,0.000
0.0,0.000
0.0,0.000
0.0,0.000
0.0,0.000
0.0,0.000
0.0,0.000
0.0,0.000
0.0,0.000
0.0,0.000
0.0,0.000
0.0,0.000
0.0,0.000
0.0,0.000
0.0,0.000
0.0,0.000
0.0,0.000
0.0,0.000
0.0,0.000
0.0,0.000
0.0,0.000
0.0,0.000
0.0,0.000
0.0,0.000
0.0,0.000
0.0,0.000
0.0,0.000
0.0,0.000
0.0,0.000
0.0,0.000
0.0,0.000
0.0,0.000
0.0,0.000
0.0,0.000
0.0,0.000
0.0,0.000
0.0,0.000
0.0,0.000
0.0,0.000
0.0,0.000
0.0,0.000
0.0,0.000
0.0,0.000
0.0,0.000
0.0,0.000
0.0,0.000
0.0,0.000
0.0,0.000
0.0,0.000
0.0,0.000
0.0,0.000
0.0,0.000
0.0,0.000
0.0,0.000
0.0,0.000
0.0,0.000
0.0,0.000
0.0,0.000
0.0,0.000
0.0,0.000
0.0,0.000
0.0,0.000
0.0,0.000
0.0,0.000
0.0,0.000
0.0,0.000
0.0,0.000
0.0,0.000
0.0,0.000
0.0,0.000
0.0,0.000
0.0,0.000
0.0,0.000
0.0,0.000
0.0,0.000
0.0,0.000
0.0,0.000
0.0,0.000
0.0,0.000
0.0,0.000
0.0,0.000
0.0,0.000
0.0,0.000
0.0,0.000
0.0,0.000
0.0,0.000
0.0,0.000
0.0,0.000
0.0,0.000
0.0,0.000
0.0,0.000
0.0,0.000
0.0,0.000
0.0,0.000
0.0,0.000
0.0,0.000
0.0,0.000
0.0,0.000
0.0,0.000
0.0,0.000
0.0,0.000
0.0,0.000
0.0,0.000
0.0,0.000
0.0,0.000
0.0,0.000
0.0,0.000
0.0,0.000
0.0,0.000
0.0,0.000
0.0,0.000
0.0,0.000
0.0,0.000
0.0,0.000
0.0,0.000
0.0,0.000
0.0,0.000
0.0,0.000
0.0,0.000
0.0,0.000
0.0,0.000
0.0,0.000
0.0,0.000
0.0,0.000
0.0,0.000
0.0,0.000
0.0,0.000
0.0,0.000
0.0,0.000
0.0,0.000
0.0,0.000
0.0,0.000
0.0,0.000
0.0,0.000
0.0,0.000
0.0,0.000
0.0,0.000
0.0,0.000
0.0,0.000
0.0,0.000
0.0,0.000
0.0,0.000
0.0,0.000
0.0,0.000
0.0,0.000
0.0,0.000
0.0,0.000
0.0,0.000
0.0,0.000
0.0,0.000
0.0,0.000
0.0,0.000
0.0,0.000
0.0,0.000
0.0,0.000
0.0,0.000
0.0,0.000
0.0,0.000
0.0,0.000
0.0,0.000
0.0,0.000
0.0,0.000
0.0,0.000
0.0,0.000
0.0,0.000
0.0,0.000
0.0,0.000
0.0,0.000
0.0,0.000
0.0,0.000
0.0,0.000
0.0,0.000
0.0,0.000
0.0,0.000
0.0,0.000
0.0,0.000
0.0,0.000
0.0,0.000
0.0,0.000
0.0,0.000
0.0,0.000
0.0,0.000
0.0,0.000
0.0,0.000
0.0,0.000
0.0,0.000
0.0,0.000
0.0,0.000
0.0,0.000
0.0,0.000
0.0,0.000
0.0,0.000
0.0,0.000
0.0,0.000
0.0,0.000
0.0,0.000
0.0,0.000
0.0,0.000
0.0,0.000
0.0,0.000
0.0,0.000
0.0,0.000
0.0,0.000
0.0,0.000
0.0,0.000
0.0,0.000
0.0,0.000
0.0,0.000
0.0,0.000
0.0,0.000
0.0,0.000
0.0,0.000
0.0,0.000
0.0,0.000
0.0,0.000
0.0,0.000
0.0,0.000
0.0,0.000
0.0,0.000
0.0,0.000
0.0,0.000
0.0,0.000
0.0,0.000
0.0,0.000
0.0,0.000
0.0,0.000
0.0,0.000
0.0,0.000
0.0,0.000
0.0,0.000
0.0,0.000
0.0,0.000
0.0,0.000
0.0,0.000
0.0,0.000
0.0,0.000
0.0,0.000
0.0,0.000
0.0,0.000
0.0,0.000
0.0,0.000
0.0,0.000
0.0,0.000
0.0,0.000
0.0,0.000
0.0,0.000
0.0,0.000
0.0,0.000
0.0,0.000
0.0,0.000
0.0,0.000
0.0,0.000
0.0,0.000
0.0,0.000
0.0,0.000
0.0,0.000
0.0,0.000
0.0,0.000
0.0,0.000
0.0,0.000
0.0,0.000
0.0,0.000
0.0,0.000
0.0,0.000
0.0,0.000
0.0,0.000
0.0,0.000
0.0,0.000
0.0,0.000
0.0,0.000
0.0,0.000
0.0,0.000
0.0,0.000
0.0,0.000
0.0,0.000
0.0,0.000
0.0,0.000
0.0,0.000
0.0,0.000
0.0,0.000
0.0,0.000
0.0,0.000
0.0,0.000
0.0,0.000
0.0,0.000
0.0,0.000
0.0,0.000
0.0,0.000
0.0,0.000
0.0,0.000
0.0,0.000
0.0,0.000
0.0,0.000
0.0,0.000
0.0,0.000
0.0,0.000
0.0,0.000
0.0,0.000
0.0,0.000
0.0,0.000
0.0,0.000
0.0,0.000
0.0,0.000
0.0,0.000
0.0,0.000
0.0,0.000
0.0,0.000
0.0,0.000
0.0,0.000
0.0,0.000
0.0,0.000
0.0,0.000
0.0,0.000
0.0,0.000
0.0,0.000
0.0,0.000
0.0,0.000
0.0,0.000
0.0,0.000
0.0,0.000
0.0,0.000
0.0,0.000
0.0,0.000
0.0,0.000
0.0,0.000
0.0,0.000
0.0,0.000
0.0,0.000
0.0,0.000
0.0,0.000
0.0,0.000
0.0,0.000
0.0,0.000
0.0,0.000
0.0,0.000
0.0,0.000
0.0,0.000
0.0,0.000
0.0,0.000
0.0,0.000
0.0,0.000
0.0,0.000
0.0,0.000
0.0,0.000
0.0,0.000
0.0,0.000
0.0,0.000
0.0,0.000
0.0,0.000
0.0,0.000
0.0,0.000
0.0,0.000
0.0,0.000
0.0,0.000
0.0,0.000
0.0,0.000
0.0,0.000
0.0,0.000
0.0,0.000
0.0,0.000
0.0,0.000
0.0,0.000
0.0,0.000
0.0,0.000
0.0,0.000
0.0,0.000
0.0,0.000
0.0,0.000
0.0,0.000
0.0,0.000
0.0,0.000
0.0,0.000
0.0,0.000
0.0,0.000
0.0,0.000
0.0,0.000
0.0,0.000
0.0,0.000
0.0,0.000
0.0,0.000
0.0,0.000
0.0,0.000
0.0,0.000
0.0,0.000
0.0,0.000
0.0,0.000
0.0,0.000
0.0,0.000
0.0,0.000
0.0,0.000
0.0,0.000
0.0,0.000
0.0,0.000
0.0,0.000
0.0,0.000
0.0,0.000
0.0,0.000
0.0,0.000
0.0,0.000
0.0,0.000
0.0,0.000
0.0,0.000
0.0,0.000
0.0,0.000
0.0,0.000
0.0,0.000
0.0,0.000
0.0,0.000
0.0,0.000
0.0,0.000
0.0,0.000
0.0,0.000
0.0,0.000
0.0,0.000
0.0,0.000
0.0,0.000
0.0,0.000
0.0,0.000
0.0,0.000
0.0,0.000
0.0,0.000
0.0,0.000
0.0,0.000
0.0,0.000
0.0,0.000
0.0,0.000
0.0,0.000
0.0,0.000
0.0,0.000
0.0,0.000
0.0,0.000
0.0,0.000
0.0,0.000
0.0,0.000
0.0,0.000
0.0,0.000
0.0,0.000
0.0,0.000
0.0,0.000
0.0,0.000
0.0,0.000
0.0,0.000
0.0,0.000
0.0,0.000
0.0,0.000
0.0,0.000
0.0,0.000
0.0,0.000
0.0,0.000
0.0,0.000
0.0,0.000
0.0,0.000
0.0,0.000
0.0,0.000
0.0,0.000
0.0,0.000
0.0,0.000
0.0,0.000
0.0,0.000
0.0,0.000
0.0,0.000
0.0,0.000
0.0,0.000
0.0,0.000
0.0,0.000
0.0,0.000
0.0,0.000
0.0,0.000
0.0,0.000
0.0,0.000
0.0,0.000
0.0,0.000
0.0,0.000
0.0,0.000
0.0,0.000
0.0,0.000
0.0,0.000
0.0,0.000
0.0,0.000
0.0,0.000
0.0,0.000
0.0,0.000
0.0,0.000
0.0,0.000
0.0,0.000
0.0,0.000
0.0,0.000
0.0,0.000
0.0,0.000
0.0,0.000
0.0,0.000
0.0,0.000
0.0,0.000
0.0,0.000
0.0,0.000
0.0,0.000
0.0,0.000
0.0,0.000
0.0,0.000
0.0,0.000
0.0,0.000
0.0,0.000
0.0,0.000
0.0,0.000
0.0,0.000
0.0,0.000
0.0,0.000
0.0,0.000
0.0,0.000
0.0,0.000
0.0,0.000
0.0,0.000
0.0,0.000
0.0,0.000
0.0,0.000
0.0,0.000
0.0,0.000
0.0,0.000
0.0,0.000
0.0,0.000
0.0,0.000
0.0,0.000
0.0,0.000
0.0,0.000
0.0,0.000
0.0,0.000
0.0,0.000
0.0,0.000
0.0,0.000
0.0,0.000
0.0,0.000
0.0,0.000
0.0,0.000
0.0,0.000
0.0,0.000
0.0,0.000
0.0,0.000
0.0,0.000
0.0,0.000
0.0,0.000
0.0,0.000
0.0,0.000
0.0,0.000
0.0,0.000
0.0,0.000
0.0,0.000
0.0,0.000
0.0,0.000
0.0,0.000
0.0,0.000
0.0,0.000
0.0,0.000
0.0,0.000
0.0,0.000
0.0,0.000
0.0,0.000
0.0,0.000
0.0,0.000
0.0,0.000
0.0,0.000
0.0,0.000
0.0,0.000
0.0,0.000
0.0,0.000
0.0,0.000
0.0,0.000
0.0,0.000
0.0,0.000
0.0,0.000
0.0,0.000
0.0,0.000
0.0,0.000
0.0,0.000
0.0,0.000
0.0,0.000
0.0,0.000
0.0,0.000
0.0,0.000
0.0,0.000
0.0,0.000
0.0,0.000
0.0,0.000
0.0,0.000
0.0,0.000
0.0,0.000
0.0,0.000
0.0,0.000
0.0,0.000
0.0,0.000
0.0,0.000
0.0,0.000
0.0,0.000
0.0,0.000
0.0,0.000
0.0,0.000
0.0,0.000
0.0,0.000
0.0,0.000
0.0,0.000
0.0,0.000
0.0,0.000
0.0,0.000
0.0,0.000
0.0,0.000
0.0,0.000
0.0,0.000
0.0,0.000
0.0,0.000
0.0,0.000
0.0,0.000
0.0,0.000
0.0,0.000
0.0,0.000
0.0,0.000
0.0,0.000
0.0,0.000
0.0,0.000
0.0,0.000
0.0,0.000
0.0,0.000
0.0,0.000
0.0,0.000
0.0,0.000
0.0,0.000
0.0,0.000
0.0,0.000
0.0,0.000
0.0,0.000
0.0,0.000
0.0,0.000
0.0,0.000
0.0,0.000
0.0,0.000
0.0,0.000
0.0,0.000
0.0,0.000
0.0,0.000
0.0,0.000
0.0,0.000
0.0,0.000
0.0,0.000
0.0,0.000
0.0,0.000
0.0,0.000
0.0,0.000
0.0,0.000
0.0,0.000
0.0,0.000
0.0,0.000
0.0,0.000
0.0,0.000
0.0,0.000
0.0,0.000
0.0,0.000
0.0,0.000
0.0,0.000
0.0,0.000
0.0,0.000
0.0,0.000
0.0,0.000
0.0,0.000
0.0,0.000
0.0,0.000
0.0,0.000
0.0,0.000
0.0,0.000
0.0,0.000
0.0,0.000
0.0,0.000
0.0,0.000
0.0,0.000
0.0,0.000
0.0,0.000
0.0,0.000
0.0,0.000
0.0,0.000
0.0,0.000
0.0,0.000
0.0,0.000
0.0,0.000
0.0,0.000
0.0,0.000
0.0,0.000
0.0,0.000
0.0,0.000
0.0,0.000
0.0,0.000
0.0,0.000
0.0,0.000
0.0,0.000
0.0,0.000
0.0,0.000
0.0,0.000
0.0,0.000
0.0,0.000
0.0,0.000
0.0,0.000
0.0,0.000
0.0,0.000
0.0,0.000
0.0,0.000
0.0,0.000
0.0,0.000
0.0,0.000
0.0,0.000
0.0,0.000
0.0,0.000
0.0,0.000
0.0,0.000
0.0,0.000
0.0,0.000
0.0,0.000
0.0,0.000
0.0,0.000
0.0,0.000
0.0,0.000
0.0,0.000
0.0,0.000
0.0,0.000
0.0,0.000
0.0,0.000
0.0,0.000
0.0,0.000
0.0,0.000
0.0,0.000
0.0,0.000
0.0,0.000
0.0,0.000
0.0,0.000
0.0,0.000
0.0,0.000
0.0,0.000
0.0,0.000
0.0,0.000
0.0,0.000
0.0,0.000
0.0,0.000
0.0,0.000
0.0,0.000
0.0,0.000
0.0,0.000
0.0,0.000
0.0,0.000
0.0,0.000
0.0,0.000
0.0,0.000
0.0,0.000
0.0,0.000
0.0,0.000
0.0,0.000
0.0,0.000
0.0,0.000
0.0,0.000
0.0,0.000
0.0,0.000
0.0,0.000
0.0,0.000
0.0,0.000
0.0,0.000
0.0,0.000
0.0,0.000
0.0,0.000
0.0,0.000
0.0,0.000
0.0,0.000
0.0,0.000
0.0,0.000
0.0,0.000
0.0,0.000
0.0,0.000
0.0,0.000
0.0,0.000
0.0,0.000
0.0,0.000
0.0,0.000
0.0,0.000
0.0,0.000
0.0,0.000
0.0,0.000
0.0,0.000
0.0,0.000
0.0,0.000
0.0,0.000
0.0,0.000
0.0,0.000
0.0,0.000
0.0,0.000
0.0,0.000
0.0,0.000
0.0,0.000
0.0,0.000
0.0,0.000
0.0,0.000
0.0,0.000
0.0,0.000
0.0,0.000
0.0,0.000
0.0,0.000
0.0,0.000
0.0,0.000
0.0,0.000
0.0,0.000
0.0,0.000
0.0,0.000
0.0,0.000
0.0,0.000
0.0,0.000
0.0,0.000
0.0,0.000
0.0,0.000
0.0,0.000
0.0,0.000
0.0,0.000
0.0,0.000
0.0,0.000
0.0,0.000
0.0,0.000
0.0,0.000
0.0,0.000
0.0,0.000
0.0,0.000
0.0,0.005
0.0,0.005
0.0,0.005
0.0,0.005
0.0,0.005
0.0,0.005
0.0,0.005
0.0,0.005
0.0,0.005
0.0,0.005
0.0,0.005
0.0,0.005
0.0,0.005
0.0,0.005
0.0,0.005
0.0,0.005
0.0,0.005
0.0,0.005
0.0,0.005
0.0,0.005
0.0,0.005
0.0,0.005
0.0,0.005
0.0,0.005
0.0,0.005
0.0,0.005
0.0,0.005
0.0,0.005
0.0,0.005
0.0,0.005
0.0,0.005
0.0,0.005
0.0,0.005
0.0,0.005
0.0,0.005
0.0,0.005
0.0,0.005
0.0,0.005
0.0,0.005
0.0,0.005
0.0,0.005
0.0,0.005
0.0,0.005
0.0,0.005
0.0,0.005
0.0,0.005
0.0,0.005
0.0,0.005
0.0,0.005
0.0,0.005
0.0,0.005
0.0,0.005
0.0,0.005
0.0,0.005
0.0,0.005
0.0,0.005
0.0,0.005
0.0,0.005
0.0,0.005
0.0,0.005
0.0,0.005
0.0,0.005
0.0,0.005
0.0,0.005
0.0,0.005
0.0,0.005
0.0,0.005
0.0,0.005
0.0,0.005
0.0,0.005
0.0,0.005
0.0,0.005
0.0,0.005
0.0,0.005
0.0,0.005
0.0,0.005
0.0,0.005
0.0,0.005
0.0,0.005
0.0,0.005
0.0,0.005
0.0,0.005
0.0,0.005
0.0,0.005
0.0,0.005
0.0,0.005
0.0,0.005
0.0,0.005
0.0,0.005
0.0,0.005
0.0,0.005
0.0,0.005
0.0,0.005
0.0,0.005
0.0,0.005
0.0,0.005
0.0,0.005
0.0,0.005
0.0,0.005
0.0,0.005
0.0,0.005
0.0,0.005
0.0,0.005
0.0,0.005
0.0,0.005
0.0,0.005
0.0,0.005
0.0,0.005
0.0,0.005
0.0,0.005
0.0,0.005
0.0,0.005
0.0,0.005
0.0,0.005
0.0,0.005
0.0,0.005
0.0,0.005
0.0,0.005
0.0,0.005
0.0,0.005
0.0,0.005
0.0,0.005
0.0,0.005
0.0,0.005
0.0,0.005
0.0,0.005
0.0,0.005
0.0,0.005
0.0,0.005
0.0,0.005
0.0,0.005
0.0,0.005
0.0,0.005
0.0,0.005
0.0,0.005
0.0,0.005
0.0,0.005
0.0,0.005
0.0,0.005
0.0,0.005
0.0,0.005
0.0,0.005
0.0,0.005
0.0,0.005
0.0,0.005
0.0,0.005
0.0,0.005
0.0,0.005
0.0,0.005
0.0,0.005
0.0,0.005
0.0,0.005
0.0,0.005
0.0,0.005
0.0,0.005
0.0,0.005
0.0,0.005
0.0,0.005
0.0,0.005
0.0,0.005
0.0,0.005
0.0,0.005
0.0,0.005
0.0,0.005
0.0,0.005
0.0,0.005
0.0,0.005
0.0,0.005
0.0,0.005
0.0,0.005
0.0,0.005
0.0,0.005
0.0,0.005
0.0,0.005
0.0,0.005
0.0,0.005
0.0,0.005
0.0,0.005
0.0,0.005
0.0,0.005
0.0,0.005
0.0,0.005
0.0,0.005
0.0,0.005
0.0,0.005
0.0,0.005
0.0,0.005
0.0,0.005
0.0,0.005
0.0,0.005
0.0,0.005
0.0,0.005
0.0,0.005
0.0,0.005
0.0,0.005
0.0,0.005
0.0,0.005
0.0,0.005
0.0,0.005
0.0,0.005
0.0,0.005
0.0,0.005
0.0,0.005
0.0,0.005
0.0,0.005
0.0,0.005
0.0,0.005
0.0,0.005
0.0,0.005
0.0,0.005
0.0,0.005
0.0,0.005
0.0,0.005
0.0,0.005
0.0,0.005
0.0,0.005
0.0,0.005
0.0,0.005
0.0,0.005
0.0,0.005
0.0,0.005
0.0,0.005
0.0,0.005
0.0,0.005
0.0,0.005
0.0,0.005
0.0,0.005
0.0,0.005
0.0,0.005
0.0,0.005
0.0,0.005
0.0,0.005
0.0,0.005
0.0,0.005
0.0,0.005
0.0,0.005
0.0,0.005
0.0,0.005
0.0,0.005
0.0,0.005
0.0,0.005
0.0,0.005
0.0,0.005
0.0,0.005
0.0,0.005
0.0,0.005
0.0,0.005
0.0,0.005
0.0,0.005
0.0,0.005
0.0,0.005
0.0,0.005
0.0,0.005
0.0,0.005
0.0,0.005
0.0,0.005
0.0,0.005
0.0,0.005
0.0,0.005
0.0,0.005
0.0,0.005
0.0,0.005
0.0,0.005
0.0,0.005
0.0,0.005
0.0,0.005
0.0,0.005
0.0,0.005
0.0,0.005
0.0,0.005
0.0,0.005
0.0,0.005
0.0,0.005
0.0,0.005
0.0,0.005
0.0,0.005
0.0,0.005
0.0,0.005
0.0,0.005
0.0,0.005
0.0,0.005
0.0,0.005
0.0,0.005
0.0,0.005
0.0,0.005
0.0,0.005
0.0,0.005
0.0,0.005
0.0,0.005
0.0,0.005
0.0,0.005
0.0,0.005
0.0,0.005
0.0,0.005
0.0,0.005
0.0,0.005
0.0,0.005
0.0,0.005
0.0,0.005
0.0,0.005
0.0,0.005
0.0,0.005
0.0,0.005
0.0,0.005
0.0,0.005
0.0,0.005
0.0,0.005
0.0,0.005
0.0,0.005
0.0,0.005
0.0,0.005
0.0,0.005
0.0,0.005
0.0,0.005
0.0,0.005
0.0,0.005
0.0,0.005
0.0,0.005
0.0,0.005
0.0,0.005
0.0,0.005
0.0,0.005
0.0,0.005
0.0,0.005
0.0,0.005
0.0,0.005
0.0,0.005
0.0,0.005
0.0,0.005
0.0,0.005
0.0,0.005
0.0,0.005
0.0,0.005
0.0,0.005
0.0,0.005
0.0,0.005
0.0,0.005
0.0,0.005
0.0,0.005
0.0,0.005
0.0,0.005
0.0,0.005
0.0,0.005
0.0,0.005
0.0,0.005
0.0,0.005
0.0,0.005
0.0,0.005
0.0,0.005
0.0,0.005
0.0,0.005
0.0,0.005
0.0,0.005
0.0,0.005
0.0,0.005
0.0,0.005
0.0,0.005
0.0,0.005
0.0,0.005
0.0,0.005
0.0,0.005
0.0,0.005
0.0,0.005
0.0,0.005
0.0,0.005
0.0,0.005
0.0,0.005
0.0,0.005
0.0,0.005
0.0,0.005
0.0,0.005
0.0,0.005
0.0,0.005
0.0,0.005
0.0,0.005
0.0,0.005
0.0,0.005
0.0,0.005
0.0,0.005
0.0,0.005
0.0,0.005
0.0,0.005
0.0,0.005
0.0,0.005
0.0,0.005
0.0,0.005
0.0,0.005
0.0,0.005
0.0,0.005
0.0,0.005
0.0,0.005
0.0,0.005
0.0,0.005
0.0,0.005
0.0,0.005
0.0,0.005
0.0,0.005
0.0,0.005
0.0,0.005
0.0,0.005
0.0,0.005
0.0,0.005
0.0,0.005
0.0,0.005
0.0,0.005
0.0,0.005
0.0,0.005
0.0,0.005
0.0,0.005
0.0,0.005
0.0,0.005
0.0,0.005
0.0,0.005
0.0,0.005
0.0,0.010
0.0,0.010
0.0,0.010
0.0,0.010
0.0,0.010
0.0,0.010
0.0,0.010
0.0,0.010
0.0,0.010
0.0,0.010
0.0,0.010
0.0,0.010
0.0,0.010
0.0,0.010
0.0,0.010
0.0,0.010
0.0,0.010
0.0,0.010
0.0,0.010
0.0,0.010
0.0,0.010
0.0,0.010
0.0,0.010
0.0,0.010
0.0,0.010
0.0,0.010
0.0,0.010
0.0,0.010
0.0,0.010
0.0,0.010
0.0,0.010
0.0,0.010
0.0,0.010
0.0,0.010
0.0,0.010
0.0,0.010
0.0,0.010
0.0,0.010
0.0,0.010
0.0,0.010
0.0,0.010
0.0,0.010
0.0,0.010
0.0,0.010
0.0,0.010
0.0,0.010
0.0,0.010
0.0,0.010
0.0,0.010
0.0,0.010
0.0,0.010
0.0,0.010
0.0,0.010
0.0,0.010
0.0,0.010
0.0,0.010
0.0,0.010
0.0,0.010
0.0,0.010
0.0,0.010
0.0,0.010
0.0,0.010
0.0,0.010
0.0,0.010
0.0,0.010
0.0,0.010
0.0,0.010
0.0,0.010
0.0,0.010
0.0,0.010
0.0,0.010
0.0,0.010
0.0,0.010
0.0,0.010
0.0,0.010
0.0,0.010
0.0,0.010
0.0,0.010
0.0,0.010
0.0,0.010
0.0,0.010
0.0,0.010
0.0,0.010
0.0,0.010
0.0,0.010
0.0,0.010
0.0,0.010
0.0,0.010
0.0,0.010
0.0,0.010
0.0,0.010
0.0,0.010
0.0,0.010
0.0,0.010
0.0,0.010
0.0,0.010
0.0,0.010
0.0,0.010
0.0,0.010
0.0,0.010
0.0,0.010
0.0,0.010
0.0,0.010
0.0,0.010
0.0,0.010
0.0,0.010
0.0,0.010
0.0,0.010
0.0,0.010
0.0,0.010
0.0,0.010
0.0,0.010
0.0,0.010
0.0,0.010
0.0,0.010
0.0,0.010
0.0,0.010
0.0,0.010
0.0,0.010
0.0,0.010
0.0,0.010
0.0,0.010
0.0,0.010
0.0,0.010
0.0,0.010
0.0,0.010
0.0,0.010
0.0,0.010
0.0,0.010
0.0,0.010
0.0,0.010
0.0,0.010
0.0,0.010
0.0,0.010
0.0,0.010
0.0,0.010
0.0,0.010
0.0,0.010
0.0,0.010
0.0,0.010
0.0,0.010
0.0,0.010
0.0,0.010
0.0,0.010
0.0,0.010
0.0,0.010
0.0,0.010
0.0,0.010
0.0,0.010
0.0,0.010
0.0,0.010
0.0,0.010
0.0,0.010
0.0,0.010
0.0,0.010
0.0,0.010
0.0,0.010
0.0,0.010
0.0,0.010
0.0,0.010
0.0,0.010
0.0,0.010
0.0,0.010
0.0,0.010
0.0,0.010
0.0,0.010
0.0,0.010
0.0,0.010
0.0,0.010
0.0,0.010
0.0,0.010
0.0,0.010
0.0,0.010
0.0,0.010
0.0,0.010
0.0,0.010
0.0,0.010
0.0,0.010
0.0,0.010
0.0,0.010
0.0,0.010
0.0,0.010
0.0,0.010
0.0,0.010
0.0,0.010
0.0,0.010
0.0,0.010
0.0,0.010
0.0,0.010
0.0,0.010
0.0,0.010
0.0,0.010
0.0,0.010
0.0,0.010
0.0,0.010
0.0,0.010
0.0,0.010
0.0,0.010
0.0,0.010
0.0,0.010
0.0,0.010
0.0,0.010
0.0,0.010
0.0,0.010
0.0,0.010
0.0,0.010
0.0,0.010
0.0,0.010
0.0,0.010
0.0,0.010
0.0,0.010
0.0,0.010
0.0,0.010
0.0,0.010
0.0,0.010
0.0,0.010
0.0,0.010
0.0,0.010
0.0,0.010
0.0,0.010
0.0,0.010
0.0,0.010
0.0,0.010
0.0,0.010
0.0,0.010
0.0,0.010
0.0,0.010
0.0,0.010
0.0,0.010
0.0,0.010
0.0,0.010
0.0,0.010
0.0,0.010
0.0,0.010
0.0,0.010
0.0,0.010
0.0,0.010
0.0,0.010
0.0,0.010
0.0,0.010
0.0,0.010
0.0,0.010
0.0,0.010
0.0,0.010
0.0,0.010
0.0,0.010
0.0,0.010
0.0,0.010
0.0,0.010
0.0,0.010
0.0,0.010
0.0,0.010
0.0,0.010
0.0,0.010
0.0,0.010
0.0,0.010
0.0,0.010
0.0,0.010
0.0,0.010
0.0,0.010
0.0,0.010
0.0,0.010
0.0,0.010
0.0,0.010
0.0,0.010
0.0,0.010
0.0,0.010
0.0,0.010
0.0,0.010
0.0,0.010
0.0,0.010
0.0,0.010
0.0,0.010
0.0,0.010
0.0,0.010
0.0,0.010
0.0,0.010
0.0,0.010
0.0,0.010
0.0,0.010
0.0,0.010
0.0,0.010
0.0,0.010
0.0,0.010
0.0,0.010
0.0,0.010
0.0,0.010
0.0,0.010
0.0,0.010
0.0,0.010
0.0,0.010
0.0,0.010
0.0,0.010
0.0,0.010
0.0,0.010
0.0,0.010
0.0,0.010
0.0,0.010
0.0,0.010
0.0,0.010
0.0,0.010
0.0,0.010
0.0,0.010
0.0,0.010
0.0,0.010
0.0,0.010
0.0,0.010
0.0,0.010
0.0,0.010
0.0,0.010
0.0,0.010
0.0,0.010
0.0,0.010
0.0,0.010
0.0,0.010
0.0,0.010
0.0,0.010
0.0,0.010
0.0,0.010
0.0,0.010
0.0,0.010
0.0,0.010
0.0,0.010
0.0,0.010
0.0,0.010
0.0,0.010
0.0,0.010
0.0,0.010
0.0,0.010
0.0,0.010
0.0,0.010
0.0,0.010
0.0,0.010
0.0,0.010
0.0,0.010
0.0,0.010
0.0,0.010
0.0,0.010
0.0,0.010
0.0,0.010
0.0,0.010
0.0,0.010
0.0,0.010
0.0,0.010
0.0,0.010
0.0,0.010
0.0,0.010
0.0,0.010
0.0,0.010
0.0,0.010
0.0,0.010
0.0,0.010
0.0,0.010
0.0,0.010
0.0,0.010
0.0,0.010
0.0,0.010
0.0,0.010
0.0,0.010
0.0,0.010
0.0,0.010
0.0,0.010
0.0,0.010
0.0,0.010
0.0,0.010
0.0,0.010
0.0,0.010
0.0,0.010
0.0,0.010
0.0,0.010
0.0,0.010
0.0,0.010
0.0,0.010
0.0,0.010
0.0,0.010
0.0,0.010
0.0,0.010
0.0,0.010
0.0,0.010
0.0,0.010
0.0,0.010
0.0,0.010
0.0,0.010
0.0,0.010
0.0,0.010
0.0,0.010
0.0,0.010
0.0,0.010
0.0,0.010
0.0,0.010
0.0,0.010
0.0,0.010
0.0,0.010
0.0,0.010
0.0,0.010
0.0,0.010
0.0,0.010
0.0,0.010
0.0,0.010
0.0,0.010
0.0,0.010
0.0,0.010
0.0,0.010
0.0,0.010
0.0,0.010
0.0,0.010
0.0,0.010
0.0,0.010
0.0,0.010
0.0,0.010
0.0,0.010
0.0,0.010
0.0,0.010
0.0,0.010
0.0,0.010
0.0,0.010
0.0,0.010
0.0,0.010
0.0,0.010
0.0,0.010
0.0,0.010
0.0,0.010
0.0,0.015
0.0,0.015
0.0,0.015
0.0,0.015
0.0,0.015
0.0,0.015
0.0,0.015
0.0,0.015
0.0,0.015
0.0,0.015
0.0,0.015
0.0,0.015
0.0,0.015
0.0,0.015
0.0,0.015
0.0,0.015
0.0,0.015
0.0,0.015
0.0,0.015
0.0,0.015
0.0,0.015
0.0,0.015
0.0,0.015
0.0,0.015
0.0,0.015
0.0,0.015
0.0,0.015
0.0,0.015
0.0,0.015
0.0,0.015
0.0,0.015
0.0,0.015
0.0,0.015
0.0,0.015
0.0,0.015
0.0,0.015
0.0,0.015
0.0,0.015
0.0,0.015
0.0,0.015
0.0,0.015
0.0,0.015
0.0,0.015
0.0,0.015
0.0,0.015
0.0,0.015
0.0,0.015
0.0,0.015
0.0,0.015
0.0,0.015
0.0,0.015
0.0,0.015
0.0,0.015
0.0,0.015
0.0,0.015
0.0,0.015
0.0,0.015
0.0,0.015
0.0,0.015
0.0,0.015
0.0,0.015
0.0,0.015
0.0,0.015
0.0,0.015
0.0,0.015
0.0,0.015
0.0,0.015
0.0,0.015
0.0,0.015
0.0,0.015
0.0,0.015
0.0,0.015
0.0,0.015
0.0,0.015
0.0,0.015
0.0,0.015
0.0,0.015
0.0,0.015
0.0,0.015
0.0,0.015
0.0,0.015
0.0,0.015
0.0,0.015
0.0,0.015
0.0,0.015
0.0,0.015
0.0,0.015
0.0,0.015
0.0,0.015
0.0,0.015
0.0,0.015
0.0,0.015
0.0,0.015
0.0,0.015
0.0,0.015
0.0,0.015
0.0,0.015
0.0,0.015
0.0,0.015
0.0,0.015
0.0,0.015
0.0,0.015
0.0,0.015
0.0,0.015
0.0,0.015
0.0,0.015
0.0,0.015
0.0,0.015
0.0,0.015
0.0,0.015
0.0,0.015
0.0,0.015
0.0,0.015
0.0,0.015
0.0,0.015
0.0,0.015
0.0,0.015
0.0,0.015
0.0,0.015
0.0,0.015
0.0,0.015
0.0,0.015
0.0,0.015
0.0,0.015
0.0,0.015
0.0,0.015
0.0,0.015
0.0,0.015
0.0,0.015
0.0,0.015
0.0,0.015
0.0,0.015
0.0,0.015
0.0,0.015
0.0,0.015
0.0,0.015
0.0,0.015
0.0,0.015
0.0,0.015
0.0,0.015
0.0,0.015
0.0,0.015
0.0,0.015
0.0,0.015
0.0,0.015
0.0,0.015
0.0,0.015
0.0,0.015
0.0,0.015
0.0,0.015
0.0,0.015
0.0,0.015
0.0,0.015
0.0,0.015
0.0,0.015
0.0,0.015
0.0,0.015
0.0,0.015
0.0,0.015
0.0,0.015
0.0,0.015
0.0,0.015
0.0,0.015
0.0,0.015
0.0,0.015
0.0,0.015
0.0,0.015
0.0,0.015
0.0,0.015
0.0,0.015
0.0,0.015
0.0,0.015
0.0,0.015
0.0,0.015
0.0,0.015
0.0,0.015
0.0,0.015
0.0,0.015
0.0,0.015
0.0,0.015
0.0,0.015
0.0,0.015
0.0,0.015
0.0,0.015
0.0,0.015
0.0,0.015
0.0,0.015
0.0,0.015
0.0,0.015
0.0,0.015
0.0,0.015
0.0,0.015
0.0,0.015
0.0,0.015
0.0,0.015
0.0,0.015
0.0,0.015
0.0,0.015
0.0,0.015
0.0,0.015
0.0,0.015
0.0,0.015
0.0,0.015
0.0,0.015
0.0,0.015
0.0,0.015
0.0,0.015
0.0,0.015
0.0,0.015
0.0,0.015
0.0,0.015
0.0,0.015
0.0,0.015
0.0,0.015
0.0,0.015
0.0,0.015
0.0,0.015
0.0,0.015
0.0,0.015
0.0,0.015
0.0,0.015
0.0,0.015
0.0,0.015
0.0,0.015
0.0,0.015
0.0,0.015
0.0,0.015
0.0,0.015
0.0,0.015
0.0,0.015
0.0,0.015
0.0,0.015
0.0,0.015
0.0,0.015
0.0,0.015
0.0,0.015
0.0,0.015
0.0,0.015
0.0,0.015
0.0,0.015
0.0,0.015
0.0,0.015
0.0,0.015
0.0,0.015
0.0,0.015
0.0,0.015
0.0,0.015
0.0,0.015
0.0,0.015
0.0,0.015
0.0,0.015
0.0,0.015
0.0,0.015
0.0,0.015
0.0,0.015
0.0,0.015
0.0,0.015
0.0,0.015
0.0,0.015
0.0,0.015
0.0,0.015
0.0,0.015
0.0,0.015
0.0,0.015
0.0,0.015
0.0,0.015
0.0,0.015
0.0,0.015
0.0,0.015
0.0,0.015
0.0,0.015
0.0,0.015
0.0,0.015
0.0,0.015
0.0,0.015
0.0,0.015
0.0,0.015
0.0,0.015
0.0,0.015
0.0,0.015
0.0,0.015
0.0,0.015
0.0,0.015
0.0,0.015
0.0,0.015
0.0,0.015
0.0,0.015
0.0,0.015
0.0,0.015
0.0,0.015
0.0,0.015
0.0,0.015
0.0,0.015
0.0,0.015
0.0,0.015
0.0,0.015
0.0,0.015
0.0,0.015
0.0,0.015
0.0,0.015
0.0,0.015
0.0,0.015
0.0,0.015
0.0,0.015
0.0,0.015
0.0,0.015
0.0,0.015
0.0,0.015
0.0,0.020
0.0,0.020
0.0,0.020
0.0,0.020
0.0,0.020
0.0,0.020
0.0,0.020
0.0,0.020
0.0,0.020
0.0,0.020
0.0,0.020
0.0,0.020
0.0,0.020
0.0,0.020
0.0,0.020
0.0,0.020
0.0,0.020
0.0,0.020
0.0,0.020
0.0,0.020
0.0,0.020
0.0,0.020
0.0,0.020
0.0,0.020
0.0,0.020
0.0,0.020
0.0,0.020
0.0,0.020
0.0,0.020
0.0,0.020
0.0,0.020
0.0,0.020
0.0,0.020
0.0,0.020
0.0,0.020
0.0,0.020
0.0,0.020
0.0,0.020
0.0,0.020
0.0,0.020
0.0,0.020
0.0,0.020
0.0,0.020
0.0,0.020
0.0,0.020
0.0,0.020
0.0,0.020
0.0,0.020
0.0,0.020
0.0,0.020
0.0,0.020
0.0,0.020
0.0,0.020
0.0,0.020
0.0,0.020
0.0,0.020
0.0,0.020
0.0,0.020
0.0,0.020
0.0,0.020
0.0,0.020
0.0,0.020
0.0,0.020
0.0,0.020
0.0,0.020
0.0,0.020
0.0,0.020
0.0,0.020
0.0,0.020
0.0,0.020
0.0,0.020
0.0,0.020
0.0,0.020
0.0,0.020
0.0,0.020
0.0,0.020
0.0,0.020
0.0,0.020
0.0,0.020
0.0,0.020
0.0,0.020
0.0,0.020
0.0,0.020
0.0,0.020
0.0,0.020
0.0,0.020
0.0,0.020
0.0,0.020
0.0,0.020
0.0,0.020
0.0,0.020
0.0,0.020
0.0,0.020
0.0,0.020
0.0,0.020
0.0,0.020
0.0,0.020
0.0,0.020
0.0,0.020
0.0,0.020
0.0,0.020
0.0,0.020
0.0,0.020
0.0,0.020
0.0,0.020
0.0,0.020
0.0,0.020
0.0,0.020
0.0,0.020
0.0,0.020
0.0,0.020
0.0,0.020
0.0,0.020
0.0,0.020
0.0,0.020
0.0,0.020
0.0,0.020
0.0,0.020
0.0,0.020
0.0,0.020
0.0,0.020
0.0,0.020
0.0,0.020
0.0,0.020
0.0,0.020
0.0,0.020
0.0,0.020
0.0,0.020
0.0,0.020
0.0,0.020
0.0,0.020
0.0,0.020
0.0,0.020
0.0,0.020
0.0,0.020
0.0,0.020
0.0,0.020
0.0,0.020
0.0,0.020
0.0,0.020
0.0,0.020
0.0,0.020
0.0,0.020
0.0,0.020
0.0,0.020
0.0,0.020
0.0,0.020
0.0,0.020
0.0,0.020
0.0,0.020
0.0,0.020
0.0,0.020
0.0,0.020
0.0,0.020
0.0,0.020
0.0,0.020
0.0,0.020
0.0,0.020
0.0,0.020
0.0,0.020
0.0,0.020
0.0,0.020
0.0,0.020
0.0,0.020
0.0,0.020
0.0,0.020
0.0,0.020
0.0,0.020
0.0,0.020
0.0,0.020
0.0,0.020
0.0,0.020
0.0,0.020
0.0,0.020
0.0,0.020
0.0,0.020
0.0,0.020
0.0,0.020
0.0,0.020
0.0,0.020
0.0,0.020
0.0,0.020
0.0,0.020
0.0,0.020
0.0,0.020
0.0,0.020
0.0,0.020
0.0,0.020
0.0,0.020
0.0,0.020
0.0,0.020
0.0,0.020
0.0,0.020
0.0,0.020
0.0,0.020
0.0,0.020
0.0,0.020
0.0,0.020
0.0,0.020
0.0,0.020
0.0,0.020
0.0,0.020
0.0,0.020
0.0,0.020
0.0,0.020
0.0,0.020
0.0,0.020
0.0,0.020
0.0,0.020
0.0,0.020
0.0,0.020
0.0,0.020
0.0,0.020
0.0,0.020
0.0,0.020
0.0,0.020
0.0,0.020
0.0,0.020
0.0,0.020
0.0,0.020
0.0,0.020
0.0,0.020
0.0,0.020
0.0,0.020
0.0,0.020
0.0,0.020
0.0,0.020
0.0,0.020
0.0,0.020
0.0,0.020
0.0,0.020
0.0,0.020
0.0,0.020
0.0,0.020
0.0,0.020
0.0,0.020
0.0,0.020
0.0,0.020
0.0,0.020
0.0,0.020
0.0,0.020
0.0,0.020
0.0,0.020
0.0,0.020
0.0,0.020
0.0,0.020
0.0,0.020
0.0,0.020
0.0,0.020
0.0,0.020
0.0,0.020
0.0,0.020
0.0,0.020
0.0,0.020
0.0,0.020
0.0,0.020
0.0,0.020
0.0,0.020
0.0,0.020
0.0,0.020
0.0,0.020
0.0,0.020
0.0,0.020
0.0,0.020
0.0,0.020
0.0,0.025
0.0,0.025
0.0,0.025
0.0,0.025
0.0,0.025
0.0,0.025
0.0,0.025
0.0,0.025
0.0,0.025
0.0,0.025
0.0,0.025
0.0,0.025
0.0,0.025
0.0,0.025
0.0,0.025
0.0,0.025
0.0,0.025
0.0,0.025
0.0,0.025
0.0,0.025
0.0,0.025
0.0,0.025
0.0,0.025
0.0,0.025
0.0,0.025
0.0,0.025
0.0,0.025
0.0,0.025
0.0,0.025
0.0,0.025
0.0,0.025
0.0,0.025
0.0,0.025
0.0,0.025
0.0,0.025
0.0,0.025
0.0,0.025
0.0,0.025
0.0,0.025
0.0,0.025
0.0,0.025
0.0,0.025
0.0,0.025
0.0,0.025
0.0,0.025
0.0,0.025
0.0,0.025
0.0,0.025
0.0,0.025
0.0,0.025
0.0,0.025
0.0,0.025
0.0,0.025
0.0,0.025
0.0,0.025
0.0,0.025
0.0,0.025
0.0,0.025
0.0,0.025
0.0,0.025
0.0,0.025
0.0,0.025
0.0,0.025
0.0,0.025
0.0,0.025
0.0,0.025
0.0,0.025
0.0,0.025
0.0,0.025
0.0,0.025
0.0,0.025
0.0,0.025
0.0,0.025
0.0,0.025
0.0,0.025
0.0,0.025
0.0,0.025
0.0,0.025
0.0,0.025
0.0,0.025
0.0,0.025
0.0,0.025
0.0,0.025
0.0,0.025
0.0,0.025
0.0,0.025
0.0,0.025
0.0,0.025
0.0,0.025
0.0,0.025
0.0,0.025
0.0,0.025
0.0,0.025
0.0,0.025
0.0,0.025
0.0,0.025
0.0,0.025
0.0,0.025
0.0,0.025
0.0,0.025
0.0,0.025
0.0,0.025
0.0,0.025
0.0,0.025
0.0,0.025
0.0,0.025
0.0,0.025
0.0,0.025
0.0,0.025
0.0,0.025
0.0,0.025
0.0,0.025
0.0,0.025
0.0,0.025
0.0,0.025
0.0,0.025
0.0,0.025
0.0,0.025
0.0,0.025
0.0,0.025
0.0,0.025
0.0,0.025
0.0,0.025
0.0,0.025
0.0,0.025
0.0,0.025
0.0,0.025
0.0,0.025
0.0,0.025
0.0,0.025
0.0,0.025
0.0,0.025
0.0,0.025
0.0,0.025
0.0,0.025
0.0,0.025
0.0,0.025
0.0,0.025
0.0,0.025
0.0,0.025
0.0,0.025
0.0,0.025
0.0,0.025
0.0,0.025
0.0,0.025
0.0,0.025
0.0,0.025
0.0,0.025
0.0,0.025
0.0,0.025
0.0,0.025
0.0,0.025
0.0,0.025
0.0,0.025
0.0,0.025
0.0,0.025
0.0,0.025
0.0,0.025
0.0,0.025
0.0,0.025
0.0,0.025
0.0,0.025
0.0,0.025
0.0,0.025
0.0,0.025
0.0,0.025
0.0,0.025
0.0,0.025
0.0,0.025
0.0,0.025
0.0,0.025
0.0,0.025
0.0,0.025
0.0,0.025
0.0,0.025
0.0,0.025
0.0,0.025
0.0,0.025
0.0,0.025
0.0,0.025
0.0,0.025
0.0,0.025
0.0,0.030
0.0,0.030
0.0,0.030
0.0,0.030
0.0,0.030
0.0,0.030
0.0,0.030
0.0,0.030
0.0,0.030
0.0,0.030
0.0,0.030
0.0,0.030
0.0,0.030
0.0,0.030
0.0,0.030
0.0,0.030
0.0,0.030
0.0,0.030
0.0,0.030
0.0,0.030
0.0,0.030
0.0,0.030
0.0,0.030
0.0,0.030
0.0,0.030
0.0,0.030
0.0,0.030
0.0,0.030
0.0,0.030
0.0,0.030
0.0,0.030
0.0,0.030
0.0,0.030
0.0,0.030
0.0,0.030
0.0,0.030
0.0,0.030
0.0,0.030
0.0,0.030
0.0,0.030
0.0,0.030
0.0,0.030
0.0,0.030
0.0,0.030
0.0,0.030
0.0,0.030
0.0,0.030
0.0,0.030
0.0,0.030
0.0,0.030
0.0,0.030
0.0,0.030
0.0,0.030
0.0,0.030
0.0,0.030
0.0,0.030
0.0,0.030
0.0,0.030
0.0,0.030
0.0,0.030
0.0,0.030
0.0,0.030
0.0,0.030
0.0,0.030
0.0,0.030
0.0,0.030
0.0,0.030
0.0,0.030
0.0,0.030
0.0,0.030
0.0,0.030
0.0,0.030
0.0,0.030
0.0,0.030
0.0,0.030
0.0,0.030
0.0,0.030
0.0,0.030
0.0,0.030
0.0,0.030
0.0,0.030
0.0,0.030
0.0,0.030
0.0,0.030
0.0,0.030
0.0,0.030
0.0,0.030
0.0,0.030
0.0,0.030
0.0,0.030
0.0,0.030
0.0,0.030
0.0,0.030
0.0,0.030
0.0,0.030
0.0,0.030
0.0,0.030
0.0,0.030
0.0,0.030
0.0,0.030
0.0,0.030
0.0,0.030
0.0,0.030
0.0,0.030
0.0,0.030
0.0,0.030
0.0,0.030
0.0,0.030
0.0,0.030
0.0,0.030
0.0,0.030
0.0,0.030
0.0,0.030
0.0,0.030
0.0,0.030
0.0,0.030
0.0,0.030
0.0,0.030
0.0,0.030
0.0,0.030
0.0,0.030
0.0,0.030
0.0,0.030
0.0,0.030
0.0,0.030
0.0,0.030
0.0,0.030
0.0,0.030
0.0,0.030
0.0,0.030
0.0,0.030
0.0,0.030
0.0,0.030
0.0,0.030
0.0,0.030
0.0,0.030
0.0,0.030
0.0,0.030
0.0,0.030
0.0,0.030
0.0,0.030
0.0,0.030
0.0,0.030
0.0,0.030
0.0,0.030
0.0,0.030
0.0,0.030
0.0,0.030
0.0,0.030
0.0,0.030
0.0,0.030
0.0,0.030
0.0,0.030
0.0,0.030
0.0,0.030
0.0,0.030
0.0,0.030
0.0,0.030
0.0,0.030
0.0,0.030
0.0,0.030
0.0,0.030
0.0,0.035
0.0,0.035
0.0,0.035
0.0,0.035
0.0,0.035
0.0,0.035
0.0,0.035
0.0,0.035
0.0,0.035
0.0,0.035
0.0,0.035
0.0,0.035
0.0,0.035
0.0,0.035
0.0,0.035
0.0,0.035
0.0,0.035
0.0,0.035
0.0,0.035
0.0,0.035
0.0,0.035
0.0,0.035
0.0,0.035
0.0,0.035
0.0,0.035
0.0,0.035
0.0,0.035
0.0,0.035
0.0,0.035
0.0,0.035
0.0,0.035
0.0,0.035
0.0,0.035
0.0,0.035
0.0,0.035
0.0,0.035
0.0,0.035
0.0,0.035
0.0,0.035
0.0,0.035
0.0,0.035
0.0,0.035
0.0,0.035
0.0,0.035
0.0,0.035
0.0,0.035
0.0,0.035
0.0,0.035
0.0,0.035
0.0,0.035
0.0,0.035
0.0,0.035
0.0,0.035
0.0,0.035
0.0,0.035
0.0,0.035
0.0,0.035
0.0,0.035
0.0,0.035
0.0,0.035
0.0,0.035
0.0,0.035
0.0,0.035
0.0,0.035
0.0,0.035
0.0,0.035
0.0,0.035
0.0,0.035
0.0,0.035
0.0,0.035
0.0,0.035
0.0,0.035
0.0,0.035
0.0,0.035
0.0,0.035
0.0,0.035
0.0,0.035
0.0,0.035
0.0,0.035
0.0,0.035
0.0,0.035
0.0,0.035
0.0,0.035
0.0,0.035
0.0,0.035
0.0,0.035
0.0,0.035
0.0,0.035
0.0,0.035
0.0,0.035
0.0,0.035
0.0,0.035
0.0,0.035
0.0,0.035
0.0,0.035
0.0,0.035
0.0,0.035
0.0,0.035
0.0,0.035
0.0,0.035
0.0,0.035
0.0,0.035
0.0,0.035
0.0,0.035
0.0,0.035
0.0,0.035
0.0,0.035
0.0,0.035
0.0,0.035
0.0,0.035
0.0,0.035
0.0,0.035
0.0,0.035
0.0,0.035
0.0,0.035
0.0,0.035
0.0,0.035
0.0,0.035
0.0,0.035
0.0,0.035
0.0,0.035
0.0,0.035
0.0,0.035
0.0,0.035
0.0,0.035
0.0,0.035
0.0,0.035
0.0,0.035
0.0,0.035
0.0,0.035
0.0,0.035
0.0,0.035
0.0,0.035
0.0,0.035
0.0,0.035
0.0,0.035
0.0,0.035
0.0,0.035
0.0,0.040
0.0,0.040
0.0,0.040
0.0,0.040
0.0,0.040
0.0,0.040
0.0,0.040
0.0,0.040
0.0,0.040
0.0,0.040
0.0,0.040
0.0,0.040
0.0,0.040
0.0,0.040
0.0,0.040
0.0,0.040
0.0,0.040
0.0,0.040
0.0,0.040
0.0,0.040
0.0,0.040
0.0,0.040
0.0,0.040
0.0,0.040
0.0,0.040
0.0,0.040
0.0,0.040
0.0,0.040
0.0,0.040
0.0,0.040
0.0,0.040
0.0,0.040
0.0,0.040
0.0,0.040
0.0,0.040
0.0,0.040
0.0,0.040
0.0,0.040
0.0,0.040
0.0,0.040
0.0,0.040
0.0,0.040
0.0,0.040
0.0,0.040
0.0,0.040
0.0,0.040
0.0,0.040
0.0,0.040
0.0,0.040
0.0,0.040
0.0,0.040
0.0,0.040
0.0,0.040
0.0,0.040
0.0,0.040
0.0,0.040
0.0,0.040
0.0,0.040
0.0,0.040
0.0,0.040
0.0,0.040
0.0,0.040
0.0,0.040
0.0,0.040
0.0,0.040
0.0,0.040
0.0,0.040
0.0,0.040
0.0,0.040
0.0,0.040
0.0,0.040
0.0,0.040
0.0,0.040
0.0,0.040
0.0,0.040
0.0,0.040
0.0,0.040
0.0,0.040
0.0,0.040
0.0,0.040
0.0,0.040
0.0,0.040
0.0,0.040
0.0,0.040
0.0,0.040
0.0,0.040
0.0,0.040
0.0,0.040
0.0,0.040
0.0,0.040
0.0,0.040
0.0,0.040
0.0,0.040
0.0,0.040
0.0,0.040
0.0,0.040
0.0,0.040
0.0,0.040
0.0,0.040
0.0,0.045
0.0,0.045
0.0,0.045
0.0,0.045
0.0,0.045
0.0,0.045
0.0,0.045
0.0,0.045
0.0,0.045
0.0,0.045
0.0,0.045
0.0,0.045
0.0,0.045
0.0,0.045
0.0,0.045
0.0,0.045
0.0,0.045
0.0,0.045
0.0,0.045
0.0,0.045
0.0,0.045
0.0,0.045
0.0,0.045
0.0,0.045
0.0,0.045
0.0,0.045
0.0,0.045
0.0,0.045
0.0,0.045
0.0,0.045
0.0,0.045
0.0,0.045
0.0,0.045
0.0,0.045
0.0,0.045
0.0,0.045
0.0,0.045
0.0,0.045
0.0,0.045
0.0,0.045
0.0,0.045
0.0,0.045
0.0,0.045
0.0,0.045
0.0,0.045
0.0,0.045
0.0,0.045
0.0,0.045
0.0,0.045
0.0,0.045
0.0,0.045
0.0,0.045
0.0,0.045
0.0,0.045
0.0,0.045
0.0,0.045
0.0,0.045
0.0,0.045
0.0,0.045
0.0,0.045
0.0,0.045
0.0,0.045
0.0,0.045
0.0,0.045
0.0,0.045
0.0,0.045
0.0,0.045
0.0,0.045
0.0,0.045
0.0,0.045
0.0,0.045
0.0,0.045
0.0,0.045
0.0,0.045
0.0,0.045
0.0,0.045
0.0,0.045
0.0,0.045
0.0,0.045
0.0,0.045
0.0,0.045
0.0,0.045
0.0,0.050
0.0,0.050
0.0,0.050
0.0,0.050
0.0,0.050
0.0,0.050
0.0,0.050
0.0,0.050
0.0,0.050
0.0,0.050
0.0,0.050
0.0,0.050
0.0,0.050
0.0,0.050
0.0,0.050
0.0,0.050
0.0,0.050
0.0,0.050
0.0,0.050
0.0,0.050
0.0,0.050
0.0,0.050
0.0,0.050
0.0,0.050
0.0,0.050
0.0,0.050
0.0,0.050
0.0,0.050
0.0,0.050
0.0,0.050
0.0,0.050
0.0,0.050
0.0,0.050
0.0,0.050
0.0,0.050
0.0,0.050
0.0,0.050
0.0,0.050
0.0,0.050
0.0,0.050
0.0,0.050
0.0,0.050
0.0,0.050
0.0,0.050
0.0,0.050
0.0,0.050
0.0,0.050
0.0,0.050
0.0,0.050
0.0,0.050
0.0,0.050
0.0,0.050
0.0,0.050
0.0,0.050
0.0,0.050
0.0,0.050
0.0,0.050
0.0,0.050
0.0,0.050
0.0,0.050
0.0,0.050
0.0,0.050
0.0,0.050
0.0,0.050
0.0,0.050
0.0,0.050
0.0,0.050
0.0,0.050
0.0,0.050
0.0,0.050
0.0,0.050
0.0,0.050
0.0,0.050
0.0,0.050
0.0,0.050
0.0,0.050
0.0,0.055
0.0,0.055
0.0,0.055
0.0,0.055
0.0,0.055
0.0,0.055
0.0,0.055
0.0,0.055
0.0,0.055
0.0,0.055
0.0,0.055
0.0,0.055
0.0,0.055
0.0,0.055
0.0,0.055
0.0,0.055
0.0,0.055
0.0,0.055
0.0,0.055
0.0,0.055
0.0,0.055
0.0,0.055
0.0,0.055
0.0,0.055
0.0,0.055
0.0,0.055
0.0,0.055
0.0,0.055
0.0,0.055
0.0,0.055
0.0,0.055
0.0,0.055
0.0,0.055
0.0,0.055
0.0,0.055
0.0,0.055
0.0,0.055
0.0,0.055
0.0,0.055
0.0,0.055
0.0,0.055
0.0,0.055
0.0,0.055
0.0,0.055
0.0,0.055
0.0,0.055
0.0,0.055
0.0,0.055
0.0,0.055
0.0,0.055
0.0,0.055
0.0,0.055
0.0,0.055
0.0,0.055
0.0,0.055
0.0,0.055
0.0,0.055
0.0,0.055
0.0,0.055
0.0,0.055
0.0,0.055
0.0,0.055
0.0,0.055
0.0,0.055
0.0,0.055
0.0,0.055
0.0,0.055
0.0,0.055
0.0,0.055
0.0,0.055
0.0,0.055
0.0,0.055
0.0,0.055
0.0,0.055
0.0,0.060
0.0,0.060
0.0,0.060
0.0,0.060
0.0,0.060
0.0,0.060
0.0,0.060
0.0,0.060
0.0,0.060
0.0,0.060
0.0,0.060
0.0,0.060
0.0,0.060
0.0,0.060
0.0,0.060
0.0,0.060
0.0,0.060
0.0,0.060
0.0,0.060
0.0,0.060
0.0,0.060
0.0,0.060
0.0,0.060
0.0,0.060
0.0,0.060
0.0,0.060
0.0,0.060
0.0,0.060
0.0,0.060
0.0,0.060
0.0,0.060
0.0,0.060
0.0,0.060
0.0,0.060
0.0,0.060
0.0,0.060
0.0,0.060
0.0,0.060
0.0,0.060
0.0,0.060
0.0,0.060
0.0,0.060
0.0,0.060
0.0,0.060
0.0,0.060
0.0,0.060
0.0,0.060
0.0,0.060
0.0,0.060
0.0,0.060
0.0,0.060
0.0,0.060
0.0,0.060
0.0,0.060
0.0,0.060
0.0,0.060
0.0,0.060
0.0,0.065
0.0,0.065
0.0,0.065
0.0,0.065
0.0,0.065
0.0,0.065
0.0,0.065
0.0,0.065
0.0,0.065
0.0,0.065
0.0,0.065
0.0,0.065
0.0,0.065
0.0,0.065
0.0,0.065
0.0,0.065
0.0,0.065
0.0,0.065
0.0,0.065
0.0,0.065
0.0,0.065
0.0,0.065
0.0,0.065
0.0,0.065
0.0,0.065
0.0,0.065
0.0,0.065
0.0,0.065
0.0,0.065
0.0,0.065
0.0,0.065
0.0,0.065
0.0,0.065
0.0,0.065
0.0,0.065
0.0,0.065
0.0,0.065
0.0,0.065
0.0,0.065
0.0,0.065
0.0,0.065
0.0,0.065
0.0,0.065
0.0,0.065
0.0,0.065
0.0,0.070
0.0,0.070
0.0,0.070
0.0,0.070
0.0,0.070
0.0,0.070
0.0,0.070
0.0,0.070
0.0,0.070
0.0,0.070
0.0,0.070
0.0,0.070
0.0,0.070
0.0,0.070
0.0,0.070
0.0,0.070
0.0,0.070
0.0,0.070
0.0,0.070
0.0,0.070
0.0,0.070
0.0,0.070
0.0,0.070
0.0,0.070
0.0,0.070
0.0,0.070
0.0,0.070
0.0,0.070
0.0,0.070
0.0,0.070
0.0,0.070
0.0,0.070
0.0,0.070
0.0,0.070
0.0,0.070
0.0,0.070
0.0,0.070
0.0,0.070
0.0,0.070
0.0,0.070
0.0,0.070
0.0,0.075
0.0,0.075
0.0,0.075
0.0,0.075
0.0,0.075
0.0,0.075
0.0,0.075
0.0,0.075
0.0,0.075
0.0,0.075
0.0,0.075
0.0,0.075
0.0,0.075
0.0,0.075
0.0,0.075
0.0,0.075
0.0,0.075
0.0,0.075
0.0,0.075
0.0,0.075
0.0,0.075
0.0,0.075
0.0,0.075
0.0,0.075
0.0,0.075
0.0,0.075
0.0,0.075
0.0,0.075
0.0,0.075
0.0,0.075
0.0,0.075
0.0,0.075
0.0,0.075
0.0,0.075
0.0,0.075
0.0,0.075
0.0,0.075
0.0,0.075
0.0,0.075
0.0,0.075
0.0,0.075
0.0,0.080
0.0,0.080
0.0,0.080
0.0,0.080
0.0,0.080
0.0,0.080
0.0,0.080
0.0,0.080
0.0,0.080
0.0,0.080
0.0,0.080
0.0,0.080
0.0,0.080
0.0,0.080
0.0,0.080
0.0,0.080
0.0,0.080
0.0,0.080
0.0,0.080
0.0,0.080
0.0,0.080
0.0,0.080
0.0,0.080
0.0,0.080
0.0,0.080
0.0,0.080
0.0,0.080
0.0,0.080
0.0,0.080
0.0,0.080
0.0,0.080
0.0,0.080
0.0,0.080
0.0,0.080
0.0,0.080
0.0,0.080
0.0,0.080
0.0,0.080
0.0,0.080
0.0,0.080
0.0,0.085
0.0,0.085
0.0,0.085
0.0,0.085
0.0,0.085
0.0,0.085
0.0,0.085
0.0,0.085
0.0,0.085
0.0,0.085
0.0,0.085
0.0,0.085
0.0,0.085
0.0,0.085
0.0,0.085
0.0,0.085
0.0,0.085
0.0,0.085
0.0,0.085
0.0,0.085
0.0,0.085
0.0,0.085
0.0,0.085
0.0,0.085
0.0,0.085
0.0,0.085
0.0,0.085
0.0,0.085
0.0,0.085
0.0,0.085
0.0,0.085
0.0,0.085
0.0,0.085
0.0,0.085
0.0,0.085
0.0,0.085
0.0,0.090
0.0,0.090
0.0,0.090
0.0,0.090
0.0,0.090
0.0,0.090
0.0,0.090
0.0,0.090
0.0,0.090
0.0,0.090
0.0,0.090
0.0,0.090
0.0,0.090
0.0,0.090
0.0,0.090
0.0,0.090
0.0,0.090
0.0,0.090
0.0,0.090
0.0,0.090
0.0,0.090
0.0,0.090
0.0,0.090
0.0,0.090
0.0,0.090
0.0,0.090
0.0,0.090
0.0,0.090
0.0,0.090
0.0,0.090
0.0,0.090
0.0,0.090
0.0,0.090
0.0,0.090
0.0,0.090
0.0,0.090
0.0,0.095
0.0,0.095
0.0,0.095
0.0,0.095
0.0,0.095
0.0,0.095
0.0,0.095
0.0,0.095
0.0,0.095
0.0,0.095
0.0,0.095
0.0,0.095
0.0,0.095
0.0,0.095
0.0,0.095
0.0,0.095
0.0,0.095
0.0,0.095
0.0,0.095
0.0,0.095
0.0,0.095
0.0,0.095
0.0,0.095
0.0,0.095
0.0,0.095
0.0,0.095
0.0,0.095
0.0,0.095
0.0,0.095
0.0,0.095
0.0,0.095
0.0,0.095
0.0,0.095
0.0,0.100
0.0,0.100
0.0,0.100
0.0,0.100
0.0,0.100
0.0,0.100
0.0,0.100
0.0,0.100
0.0,0.100
0.0,0.100
0.0,0.100
0.0,0.100
0.0,0.100
0.0,0.100
0.0,0.100
0.0,0.100
0.0,0.100
0.0,0.100
0.0,0.100
0.0,0.100
0.0,0.100
0.0,0.100
0.0,0.100
0.0,0.100
0.0,0.100
0.0,0.100
0.0,0.100
0.0,0.100
0.0,0.100
0.0,0.100
0.0,0.100
0.0,0.105
0.0,0.105
0.0,0.105
0.0,0.105
0.0,0.105
0.0,0.105
0.0,0.105
0.0,0.105
0.0,0.105
0.0,0.105
0.0,0.105
0.0,0.105
0.0,0.105
0.0,0.105
0.0,0.105
0.0,0.105
0.0,0.105
0.0,0.105
0.0,0.105
0.0,0.105
0.0,0.105
0.0,0.105
0.0,0.105
0.0,0.105
0.0,0.105
0.0,0.105
0.0,0.105
0.0,0.105
0.0,0.110
0.0,0.110
0.0,0.110
0.0,0.110
0.0,0.110
0.0,0.110
0.0,0.110
0.0,0.110
0.0,0.110
0.0,0.110
0.0,0.110
0.0,0.110
0.0,0.110
0.0,0.110
0.0,0.110
0.0,0.110
0.0,0.110
0.0,0.110
0.0,0.110
0.0,0.110
0.0,0.110
0.0,0.110
0.0,0.110
0.0,0.110
0.0,0.110
0.0,0.110
0.0,0.110
0.0,0.115
0.0,0.115
0.0,0.115
0.0,0.115
0.0,0.115
0.0,0.115
0.0,0.115
0.0,0.115
0.0,0.115
0.0,0.115
0.0,0.115
0.0,0.115
0.0,0.115
0.0,0.115
0.0,0.115
0.0,0.115
0.0,0.115
0.0,0.115
0.0,0.115
0.0,0.115
0.0,0.115
0.0,0.115
0.0,0.115
0.0,0.115
0.0,0.115
0.0,0.115
0.0,0.115
0.0,0.115
0.0,0.120
0.0,0.120
0.0,0.120
0.0,0.120
0.0,0.120
0.0,0.120
0.0,0.120
0.0,0.120
0.0,0.120
0.0,0.120
0.0,0.120
0.0,0.120
0.0,0.120
0.0,0.120
0.0,0.120
0.0,0.120
0.0,0.120
0.0,0.120
0.0,0.120
0.0,0.120
0.0,0.120
0.0,0.120
0.0,0.120
0.0,0.120
0.0,0.120
0.0,0.120
0.0,0.120
0.0,0.120
0.0,0.125
0.0,0.125
0.0,0.125
0.0,0.125
0.0,0.125
0.0,0.125
0.0,0.125
0.0,0.125
0.0,0.125
0.0,0.125
0.0,0.125
0.0,0.125
0.0,0.125
0.0,0.125
0.0,0.125
0.0,0.125
0.0,0.125
0.0,0.125
0.0,0.125
0.0,0.125
0.0,0.125
0.0,0.125
0.0,0.125
0.0,0.125
0.0,0.125
0.0,0.125
0.0,0.125
0.0,0.125
0.0,0.130
0.0,0.130
0.0,0.130
0.0,0.130
0.0,0.130
0.0,0.130
0.0,0.130
0.0,0.130
0.0,0.130
0.0,0.130
0.0,0.130
0.0,0.130
0.0,0.130
0.0,0.130
0.0,0.130
0.0,0.130
0.0,0.130
0.0,0.130
0.0,0.130
0.0,0.130
0.0,0.130
0.0,0.130
0.0,0.130
0.0,0.130
0.0,0.130
0.0,0.130
0.0,0.135
0.0,0.135
0.0,0.135
0.0,0.135
0.0,0.135
0.0,0.135
0.0,0.135
0.0,0.135
0.0,0.135
0.0,0.135
0.0,0.135
0.0,0.135
0.0,0.135
0.0,0.135
0.0,0.135
0.0,0.135
0.0,0.135
0.0,0.135
0.0,0.135
0.0,0.135
0.0,0.135
0.0,0.135
0.0,0.135
0.0,0.135
0.0,0.135
0.0,0.135
0.0,0.135
0.0,0.135
0.0,0.135
0.0,0.140
0.0,0.140
0.0,0.140
0.0,0.140
0.0,0.140
0.0,0.140
0.0,0.140
0.0,0.140
0.0,0.140
0.0,0.140
0.0,0.140
0.0,0.140
0.0,0.140
0.0,0.140
0.0,0.140
0.0,0.140
0.0,0.140
0.0,0.140
0.0,0.140
0.0,0.140
0.0,0.140
0.0,0.140
0.0,0.140
0.0,0.140
0.0,0.140
0.0,0.140
0.0,0.140
0.0,0.140
0.0,0.145
0.0,0.145
0.0,0.145
0.0,0.145
0.0,0.145
0.0,0.145
0.0,0.145
0.0,0.145
0.0,0.145
0.0,0.145
0.0,0.145
0.0,0.145
0.0,0.145
0.0,0.145
0.0,0.145
0.0,0.145
0.0,0.145
0.0,0.145
0.0,0.145
0.0,0.145
0.0,0.145
0.0,0.145
0.0,0.145
0.0,0.145
0.0,0.145
0.0,0.145
0.0,0.145
0.0,0.145
0.0,0.150
0.0,0.150
0.0,0.150
0.0,0.150
0.0,0.150
0.0,0.150
0.0,0.150
0.0,0.150
0.0,0.150
0.0,0.150
0.0,0.150
0.0,0.150
0.0,0.150
0.0,0.150
0.0,0.150
0.0,0.150
0.0,0.150
0.0,0.150
0.0,0.150
0.0,0.150
0.0,0.150
0.0,0.150
0.0,0.150
0.0,0.150
0.0,0.150
0.0,0.150
0.0,0.150
0.0,0.155
0.0,0.155
0.0,0.155
0.0,0.155
0.0,0.155
0.0,0.155
0.0,0.155
0.0,0.155
0.0,0.155
0.0,0.155
0.0,0.155
0.0,0.155
0.0,0.155
0.0,0.155
0.0,0.155
0.0,0.155
0.0,0.155
0.0,0.155
0.0,0.155
0.0,0.155
0.0,0.155
0.0,0.155
0.0,0.155
0.0,0.155
0.0,0.155
0.0,0.155
0.0,0.155
0.0,0.155
0.0,0.155
0.0,0.155
0.0,0.155
0.0,0.160
0.0,0.160
0.0,0.160
0.0,0.160
0.0,0.160
0.0,0.160
0.0,0.160
0.0,0.160
0.0,0.160
0.0,0.160
0.0,0.160
0.0,0.160
0.0,0.160
0.0,0.160
0.0,0.160
0.0,0.160
0.0,0.160
0.0,0.160
0.0,0.160
0.0,0.160
0.0,0.160
0.0,0.160
0.0,0.160
0.0,0.160
0.0,0.160
0.0,0.160
0.0,0.160
0.0,0.160
0.0,0.160
0.0,0.160
0.0,0.160
0.0,0.160
0.0,0.165
0.0,0.165
0.0,0.165
0.0,0.165
0.0,0.165
0.0,0.165
0.0,0.165
0.0,0.165
0.0,0.165
0.0,0.165
0.0,0.165
0.0,0.165
0.0,0.165
0.0,0.165
0.0,0.165
0.0,0.165
0.0,0.165
0.0,0.165
0.0,0.165
0.0,0.165
0.0,0.165
0.0,0.165
0.0,0.165
0.0,0.165
0.0,0.165
0.0,0.165
0.0,0.165
0.0,0.165
0.0,0.165
0.0,0.165
0.0,0.165
0.0,0.165
0.0,0.170
0.0,0.170
0.0,0.170
0.0,0.170
0.0,0.170
0.0,0.170
0.0,0.170
0.0,0.170
0.0,0.170
0.0,0.170
0.0,0.170
0.0,0.170
0.0,0.170
0.0,0.170
0.0,0.170
0.0,0.170
0.0,0.170
0.0,0.170
0.0,0.170
0.0,0.170
0.0,0.170
0.0,0.170
0.0,0.170
0.0,0.170
0.0,0.170
0.0,0.170
0.0,0.170
0.0,0.170
0.0,0.170
0.0,0.170
0.0,0.170
0.0,0.170
0.0,0.170
0.0,0.170
0.0,0.170
0.0,0.170
0.1,0.175
0.3,0.175
0.4,0.175
0.5,0.175
0.7,0.175
0.8,0.175
0.9,0.175
1.0,0.175
1.1,0.175
1.3,0.175
1.4,0.175
1.5,0.175
1.6,0.175
1.8,0.175
1.9,0.175
2.0,0.175
2.1,0.175
2.2,0.175
2.3,0.175
2.5,0.175
2.6,0.175
2.7,0.175
2.8,0.175
3.0,0.175
3.1,0.175
3.2,0.175
3.4,0.175
3.5,0.175
3.6,0.175
3.8,0.175
3.9,0.175
4.0,0.175
4.1,0.175
4.2,0.175
4.3,0.175
4.5,0.175
4.6,0.175
4.7,0.175
4.9,0.180
5.0,0.180
5.1,0.180
5.2,0.180
5.4,0.180
5.5,0.180
5.6,0.180
5.7,0.180
5.8,0.180
6.0,0.180
6.1,0.180
6.2,0.180
6.4,0.180
6.5,0.180
6.6,0.180
6.7,0.180
6.8,0.180
7.0,0.180
7.1,0.180
7.2,0.180
7.4,0.180
7.5,0.180
7.6,0.180
7.7,0.180
7.9,0.180
8.0,0.180
8.1,0.180
8.2,0.180
8.4,0.180
8.5,0.180
8.6,0.180
8.7,0.180
8.9,0.180
9.0,0.180
9.1,0.180
9.3,0.180
9.4,0.180
9.5,0.180
9.7,0.180
9.8,0.180
9.9,0.180
10.0,0.185
10.2,0.185
10.3,0.185
10.4,0.185
10.5,0.185
10.7,0.185
10.8,0.185
10.9,0.185
11.0,0.185
11.1,0.185
11.3,0.185
11.4,0.185
11.5,0.185
11.6,0.185
11.7,0.185
11.9,0.185
12.0,0.185
12.1,0.185
12.3,0.185
12.4,0.185
12.5,0.185
12.7,0.185
12.8,0.185
12.9,0.185
13.1,0.185
13.2,0.185
13.3,0.185
13.4,0.185
13.6,0.185
13.7,0.185
13.8,0.185
13.9,0.185
14.0,0.185
14.2,0.185
14.3,0.185
14.4,0.185
14.5,0.185
14.7,0.185
14.8,0.185
14.9,0.190
15.1,0.190
15.2,0.190
15.3,0.190
15.4,0.190
15.6,0.190
15.7,0.190
15.8,0.190
15.9,0.190
16.1,0.190
16.2,0.190
16.3,0.190
16.5,0.190
16.6,0.190
16.7,0.190
16.8,0.190
17.0,0.190
17.1,0.190
17.2,0.190
17.3,0.190
17.4,0.190
17.6,0.190
17.7,0.190
17.8,0.190
17.9,0.190
18.1,0.190
18.2,0.190
18.3,0.190
18.5,0.190
18.6,0.190
18.8,0.190
18.9,0.190
19.0,0.190
19.1,0.190
19.2,0.190
19.3,0.190
19.4,0.190
19.6,0.195
19.7,0.195
19.8,0.195
19.9,0.195
20.1,0.195
20.2,0.195
20.3,0.195
20.4,0.195
20.5,0.195
20.6,0.195
20.8,0.195
20.9,0.195
21.0,0.195
21.2,0.195
21.3,0.195
21.5,0.195
21.6,0.195
21.7,0.195
21.8,0.195
22.0,0.195
22.1,0.195
22.2,0.195
22.3,0.195
22.5,0.195
22.6,0.195
22.7,0.195
22.8,0.195
22.9,0.195
23.0,0.195
23.1,0.195
23.2,0.195
23.3,0.195
23.5,0.195
23.6,0.195
23.7,0.195
23.8,0.195
23.9,0.195
24.1,0.195
24.2,0.195
24.3,0.195
24.4,0.195
24.6,0.195
24.7,0.200
24.8,0.200
24.9,0.200
25.0,0.200
25.1,0.200
25.2,0.200
25.3,0.200
25.4,0.200
25.6,0.200
25.7,0.200
25.8,0.200
25.9,0.200
26.0,0.200
26.1,0.200
26.2,0.200
26.3,0.200
26.4,0.200
26.5,0.200
26.6,0.200
26.8,0.200
26.9,0.200
27.0,0.200
27.1,0.200
27.2,0.200
27.3,0.200
27.4,0.200
27.5,0.200
27.6,0.200
27.7,0.200
27.8,0.200
27.9,0.200
28.0,0.200
28.1,0.200
28.2,0.200
28.3,0.200
28.4,0.200
28.5,0.200
28.6,0.200
28.7,0.200
28.8,0.200
28.9,0.200
29.0,0.200
29.0,0.200
29.1,0.205
29.2,0.205
29.3,0.205
29.4,0.205
29.5,0.205
29.6,0.205
29.7,0.205
29.8,0.205
29.9,0.205
29.9,0.205
30.0,0.205
30.1,0.205
30.2,0.205
30.3,0.205
30.4,0.205
30.4,0.205
30.5,0.205
30.6,0.205
30.6,0.205
30.7,0.205
30.8,0.205
30.9,0.205
30.9,0.205
31.0,0.205
31.1,0.205
31.1,0.205
31.2,0.205
31.3,0.205
31.4,0.205
31.5,0.205
31.5,0.205
31.6,0.205
31.7,0.205
31.8,0.205
31.8,0.205
31.9,0.205
31.9,0.205
32.0,0.205
32.1,0.205
32.2,0.205
32.2,0.205
32.3,0.205
32.4,0.205
32.5,0.205
32.6,0.205
32.7,0.210
32.7,0.210
32.8,0.210
32.9,0.210
32.9,0.210
33.0,0.210
33.0,0.210
33.1,0.210
33.2,0.210
33.2,0.210
33.3,0.210
33.4,0.210
33.5,0.210
33.5,0.210
33.6,0.210
33.7,0.210
33.8,0.210
33.8,0.210
33.9,0.210
34.0,0.210
34.1,0.210
34.1,0.210
34.2,0.210
34.2,0.210
34.3,0.210
34.3,0.210
34.4,0.210
34.5,0.210
34.6,0.210
34.6,0.210
34.7,0.210
34.7,0.210
34.8,0.210
34.9,0.210
34.9,0.210
35.0,0.210
35.0,0.210
35.1,0.210
35.2,0.210
35.2,0.210
35.2,0.210
35.3,0.210
35.3,0.210
35.4,0.215
35.4,0.215
35.4,0.215
35.5,0.215
35.5,0.215
35.5,0.215
35.6,0.215
35.6,0.215
35.7,0.215
35.7,0.215
35.8,0.215
35.8,0.215
35.8,0.215
35.8,0.215
35.9,0.215
35.9,0.215
35.9,0.215
35.9,0.215
35.9,0.215
35.9,0.215
35.9,0.215
35.9,0.215
35.9,0.215
35.9,0.215
35.9,0.215
36.0,0.215
36.0,0.215
35.9,0.215
35.9,0.215
35.9,0.215
35.9,0.215
35.8,0.215
35.8,0.215
35.7,0.215
35.7,0.215
35.7,0.215
35.6,0.215
35.6,0.215
35.5,0.215
35.5,0.215
35.4,0.215
35.3,0.215
35.2,0.215
35.1,0.215
35.1,0.215
35.0,0.215
34.9,0.220
34.9,0.220
34.8,0.220
34.7,0.220
34.7,0.220
34.6,0.220
34.6,0.220
34.6,0.220
34.6,0.220
34.6,0.220
34.6,0.220
34.6,0.220
34.6,0.220
34.6,0.220
34.6,0.220
34.6,0.220
34.6,0.220
34.6,0.220
34.7,0.220
34.7,0.220
34.7,0.220
34.7,0.220
34.7,0.220
34.7,0.220
34.7,0.220
34.8,0.220
34.9,0.220
34.8,0.220
34.8,0.220
34.8,0.220
34.8,0.220
34.9,0.220
34.9,0.220
34.9,0.220
35.0,0.220
35.0,0.220
35.0,0.220
35.0,0.220
35.1,0.220
35.1,0.220
35.1,0.220
35.1,0.220
35.1,0.220
35.2,0.220
35.2,0.220
35.2,0.225
35.2,0.225
35.2,0.225
35.2,0.225
35.2,0.225
35.2,0.225
35.3,0.225
35.3,0.225
35.4,0.225
35.4,0.225
35.4,0.225
35.4,0.225
35.4,0.225
35.4,0.225
35.4,0.225
35.5,0.225
35.5,0.225
35.6,0.225
35.6,0.225
35.6,0.225
35.6,0.225
35.6,0.225
35.6,0.225
35.6,0.225
35.6,0.225
35.6,0.225
35.7,0.225
35.7,0.225
35.8,0.225
35.8,0.225
35.8,0.225
35.8,0.225
35.8,0.225
35.9,0.225
35.8,0.225
35.8,0.225
35.8,0.225
35.9,0.225
35.9,0.225
35.9,0.225
35.9,0.225
36.0,0.225
36.0,0.225
36.1,0.230
36.1,0.230
36.1,0.230
36.1,0.230
36.1,0.230
36.1,0.230
36.1,0.230
36.1,0.230
36.1,0.230
36.1,0.230
36.2,0.230
36.2,0.230
36.3,0.230
36.3,0.230
36.3,0.230
36.3,0.230
36.3,0.230
36.3,0.230
36.3,0.230
36.3,0.230
36.3,0.230
36.3,0.230
36.3,0.230
36.3,0.230
36.3,0.230
36.3,0.230
36.4,0.230
36.4,0.230
36.5,0.230
36.5,0.230
36.5,0.230
36.5,0.230
36.5,0.230
36.6,0.230
36.6,0.230
36.6,0.230
36.6,0.230
36.6,0.230
36.6,0.230
36.6,0.230
36.6,0.230
36.6,0.230
36.6,0.230
36.7,0.235
36.7,0.235
36.7,0.235
36.7,0.235
36.7,0.235
36.7,0.235
36.8,0.235
36.8,0.235
36.8,0.235
36.8,0.235
36.8,0.235
36.8,0.235
36.8,0.235
36.9,0.235
36.9,0.235
36.9,0.235
36.9,0.235
36.9,0.235
37.0,0.235
37.0,0.235
37.0,0.235
37.0,0.235
37.0,0.235
37.0,0.235
37.0,0.235
37.1,0.235
37.1,0.235
37.1,0.235
37.1,0.235
37.1,0.235
37.1,0.235
37.1,0.235
37.1,0.235
37.1,0.235
37.1,0.235
37.1,0.235
37.1,0.235
37.1,0.235
37.1,0.235
37.1,0.235
37.1,0.235
37.1,0.235
37.1,0.235
37.1,0.235
37.1,0.235
37.1,0.235
37.1,0.235
37.1,0.235
37.1,0.235
37.1,0.240
37.1,0.240
37.1,0.240
37.1,0.240
37.1,0.240
37.1,0.240
37.1,0.240
37.1,0.240
37.1,0.240
37.1,0.240
37.1,0.240
37.1,0.240
37.0,0.240
37.0,0.240
37.0,0.240
37.0,0.240
37.0,0.240
37.0,0.240
37.0,0.240
37.0,0.240
37.0,0.240
37.0,0.240
37.0,0.240
37.0,0.240
37.0,0.240
37.0,0.240
37.0,0.240
36.9,0.240
36.9,0.240
36.9,0.240
36.9,0.240
36.9,0.240
36.9,0.240
36.9,0.240
36.9,0.240
36.9,0.240
36.9,0.240
36.9,0.240
36.8,0.240
36.8,0.240
36.8,0.240
36.8,0.240
36.8,0.240
36.8,0.240
36.8,0.240
36.8,0.240
36.8,0.240
36.8,0.240
36.8,0.240
36.8,0.240
36.8,0.240
36.8,0.245
36.8,0.245
36.8,0.245
36.8,0.245
36.8,0.245
36.8,0.245
36.7,0.245
36.7,0.245
36.7,0.245
36.7,0.245
36.7,0.245
36.7,0.245
36.7,0.245
36.7,0.245
36.7,0.245
36.7,0.245
36.7,0.245
36.7,0.245
36.7,0.245
36.7,0.245
36.7,0.245
36.7,0.245
36.7,0.245
36.7,0.245
36.7,0.245
36.7,0.245
36.7,0.245
36.7,0.245
36.7,0.245
36.7,0.245
36.7,0.245
36.7,0.245
36.7,0.245
36.7,0.245
36.7,0.245
36.7,0.245
36.7,0.245
36.7,0.245
36.7,0.245
36.7,0.245
36.7,0.245
36.7,0.245
36.7,0.245
36.7,0.245
36.6,0.250
36.6,0.250
36.6,0.250
36.6,0.250
36.6,0.250
36.6,0.250
36.6,0.250
36.6,0.250
36.6,0.250
36.6,0.250
36.6,0.250
36.6,0.250
36.6,0.250
36.6,0.250
36.6,0.250
36.6,0.250
36.6,0.250
36.5,0.250
36.5,0.250
36.5,0.250
36.5,0.250
36.5,0.250
36.5,0.250
36.5,0.250
36.5,0.250
36.5,0.250
36.5,0.250
36.5,0.250
36.5,0.250
36.5,0.250
36.5,0.250
36.5,0.250
36.5,0.250
36.5,0.250
36.5,0.250
36.5,0.250
36.5,0.250
36.5,0.250
36.5,0.250
36.5,0.250
36.5,0.250
36.5,0.250
36.5,0.250
36.5,0.250
36.5,0.255
36.5,0.255
36.5,0.255
36.5,0.255
36.5,0.255
36.5,0.255
36.5,0.255
36.5,0.255
36.5,0.255
36.5,0.255
36.5,0.255
36.5,0.255
36.5,0.255
36.5,0.255
36.5,0.255
36.5,0.255
36.5,0.255
36.5,0.255
36.5,0.255
36.5,0.255
36.5,0.255
36.5,0.255
36.5,0.255
36.5,0.255
36.5,0.255
36.5,0.255
36.5,0.255
36.5,0.255
36.5,0.255
36.5,0.255
36.5,0.255
36.5,0.255
36.5,0.255
36.5,0.255
36.5,0.255
36.5,0.255
36.5,0.255
36.5,0.255
36.5,0.255
36.5,0.255
36.4,0.255
36.4,0.255
36.4,0.255
36.4,0.260
36.4,0.260
36.4,0.260
36.4,0.260
36.4,0.260
36.4,0.260
36.4,0.260
36.5,0.260
36.5,0.260
36.5,0.260
36.5,0.260
36.5,0.260
36.5,0.260
36.5,0.260
36.5,0.260
36.5,0.260
36.5,0.260
36.5,0.260
36.5,0.260
36.5,0.260
36.5,0.260
36.5,0.260
36.5,0.260
36.5,0.260
36.5,0.260
36.5,0.260
36.5,0.260
36.5,0.260
36.5,0.260
36.5,0.260
36.5,0.260
36.5,0.260
36.5,0.260
36.5,0.260
36.5,0.260
36.5,0.260
36.5,0.260
36.5,0.260
36.5,0.260
36.5,0.260
36.5,0.260
36.5,0.260
36.5,0.265
36.5,0.265
36.5,0.265
36.5,0.265
36.5,0.265
36.5,0.265
36.5,0.265
36.5,0.265
36.5,0.265
36.5,0.265
36.5,0.265
36.5,0.265
36.5,0.265
36.5,0.265
36.4,0.265
36.4,0.265
36.4,0.265
36.4,0.265
36.4,0.265
36.4,0.265
36.4,0.265
36.4,0.265
36.4,0.265
36.4,0.265
36.4,0.265
36.4,0.265
36.4,0.265
36.4,0.265
36.4,0.265
36.5,0.265
36.5,0.265
36.5,0.265
36.5,0.265
36.5,0.265
36.5,0.265
36.5,0.265
36.5,0.265
36.5,0.265
36.5,0.265
36.5,0.270
36.5,0.270
36.5,0.270
36.5,0.270
36.5,0.270
36.5,0.270
36.5,0.270
36.5,0.270
36.5,0.270
36.5,0.270
36.5,0.270
36.5,0.270
36.5,0.270
36.5,0.270
36.5,0.270
36.5,0.270
36.5,0.270
36.5,0.270
36.5,0.270
36.5,0.270
36.5,0.270
36.5,0.270
36.5,0.270
36.5,0.270
36.5,0.270
36.5,0.270
36.5,0.270
36.5,0.270
36.5,0.270
36.5,0.270
36.5,0.270
36.5,0.270
36.5,0.270
36.5,0.270
36.5,0.270
36.5,0.270
36.5,0.270
36.5,0.270
36.5,0.275
36.5,0.275
36.5,0.275
36.4,0.275
36.4,0.275
36.4,0.275
36.4,0.275
36.4,0.275
36.4,0.275
36.4,0.275
36.4,0.275
36.4,0.275
36.4,0.275
36.4,0.275
36.4,0.275
36.4,0.275
36.3,0.275
36.3,0.275
36.3,0.275
36.3,0.275
36.3,0.275
36.3,0.275
36.3,0.275
36.3,0.275
36.3,0.275
36.3,0.275
36.3,0.275
36.3,0.275
36.3,0.275
36.3,0.275
36.3,0.275
36.3,0.275
36.3,0.275
36.3,0.275
36.2,0.275
36.2,0.275
36.2,0.275
36.2,0.275
36.2,0.275
36.2,0.275
36.2,0.275
36.2,0.280
36.2,0.280
36.2,0.280
36.2,0.280
36.2,0.280
36.2,0.280
36.2,0.280
36.2,0.280
36.2,0.280
36.2,0.280
36.2,0.280
36.2,0.280
36.2,0.280
36.2,0.280
36.2,0.280
36.2,0.280
36.2,0.280
36.2,0.280
36.2,0.280
36.2,0.280
36.2,0.280
36.2,0.280
36.2,0.280
36.2,0.280
36.2,0.280
36.2,0.280
36.2,0.280
36.2,0.280
36.2,0.280
36.2,0.280
36.2,0.280
36.2,0.280
36.2,0.280
36.2,0.280
36.2,0.280
36.2,0.280
36.2,0.280
36.2,0.280
36.2,0.280
36.2,0.285
36.2,0.285
36.2,0.285
36.2,0.285
36.2,0.285
36.2,0.285
36.2,0.285
36.2,0.285
36.2,0.285
36.2,0.285
36.2,0.285
36.2,0.285
36.2,0.285
36.2,0.285
36.2,0.285
36.2,0.285
36.2,0.285
36.2,0.285
36.2,0.285
36.2,0.285
36.2,0.285
36.2,0.285
36.2,0.285
36.1,0.285
36.1,0.285
36.1,0.285
36.1,0.285
36.1,0.285
36.1,0.285
36.1,0.285
36.1,0.285
36.1,0.285
36.1,0.285
36.1,0.285
36.1,0.285
36.1,0.285
36.1,0.285
36.1,0.290
36.1,0.290
36.1,0.290
36.1,0.290
36.1,0.290
36.1,0.290
36.1,0.290
36.1,0.290
36.1,0.290
36.1,0.290
36.1,0.290
36.1,0.290
36.1,0.290
36.1,0.290
36.1,0.290
36.1,0.290
36.1,0.290
36.1,0.290
36.1,0.290
36.1,0.290
36.1,0.290
36.1,0.290
36.1,0.290
36.1,0.290
36.1,0.290
36.1,0.290
36.1,0.290
36.1,0.290
36.1,0.290
36.1,0.290
36.1,0.290
36.1,0.290
36.1,0.290
36.1,0.295
36.1,0.295
36.1,0.295
36.1,0.295
36.1,0.295
36.1,0.295
36.1,0.295
36.1,0.295
36.1,0.295
36.1,0.295
36.1,0.295
36.1,0.295
36.1,0.295
36.1,0.295
36.1,0.295
36.1,0.295
36.1,0.295
36.1,0.295
36.1,0.295
36.1,0.295
36.1,0.295
36.1,0.295
36.1,0.295
36.1,0.295
36.1,0.295
36.1,0.295
36.1,0.295
36.1,0.295
36.1,0.295
36.1,0.295
36.1,0.295
36.1,0.295
36.1,0.295
36.1,0.295
36.1,0.295
36.1,0.295
36.1,0.295
36.1,0.300
36.1,0.300
36.1,0.300
36.1,0.300
36.0,0.300
36.0,0.300
36.0,0.300
36.0,0.300
36.0,0.300
36.0,0.300
36.0,0.300
36.0,0.300
36.0,0.300
36.0,0.300
36.0,0.300
36.0,0.300
36.0,0.300
36.0,0.300
36.0,0.300
36.0,0.300
36.0,0.300
36.0,0.300
36.0,0.300
36.0,0.300
36.0,0.300
36.0,0.300
36.0,0.300
36.0,0.300
36.0,0.300
36.0,0.300
36.0,0.300
36.0,0.300
36.0,0.300
36.0,0.300
36.0,0.300
36.0,0.300
36.0,0.305
36.0,0.305
36.0,0.305
36.0,0.305
36.0,0.305
36.0,0.305
36.0,0.305
36.0,0.305
36.0,0.305
36.0,0.305
36.0,0.305
36.0,0.305
36.0,0.305
36.0,0.305
36.0,0.305
36.0,0.305
36.0,0.305
36.0,0.305
36.0,0.305
36.0,0.305
36.0,0.305
36.0,0.305
36.0,0.305
36.0,0.305
36.0,0.305
36.0,0.305
36.0,0.305
36.0,0.305
36.0,0.305
36.0,0.305
36.0,0.305
36.0,0.305
36.0,0.305
36.0,0.305
36.0,0.310
36.0,0.310
36.0,0.310
36.0,0.310
36.0,0.310
36.0,0.310
36.0,0.310
36.0,0.310
36.0,0.310
36.0,0.310
36.0,0.310
36.0,0.310
36.0,0.310
36.0,0.310
36.0,0.310
36.0,0.310
36.0,0.310
36.0,0.310
36.0,0.310
36.0,0.310
36.0,0.310
36.0,0.310
36.0,0.310
36.0,0.310
36.0,0.310
36.0,0.310
36.0,0.310
36.0,0.310
36.0,0.310
36.0,0.310
36.0,0.310
36.0,0.310
36.0,0.310
36.0,0.310
36.0,0.310
36.0,0.315
36.0,0.315
36.0,0.315
36.0,0.315
36.0,0.315
36.0,0.315
36.0,0.315
36.0,0.315
36.0,0.315
36.0,0.315
36.0,0.315
36.0,0.315
35.9,0.315
35.9,0.315
35.9,0.315
35.9,0.315
35.9,0.315
35.9,0.315
35.9,0.315
35.9,0.315
35.9,0.315
35.9,0.315
35.9,0.315
35.9,0.315
35.9,0.315
35.9,0.315
35.9,0.315
35.9,0.315
35.9,0.315
35.9,0.315
35.9,0.315
35.9,0.315
35.9,0.315
35.9,0.315
35.9,0.315
35.9,0.315
35.9,0.315
35.9,0.320
35.9,0.320
35.9,0.320
35.9,0.320
35.9,0.320
35.9,0.320
35.9,0.320
35.9,0.320
35.8,0.320
35.8,0.320
35.8,0.320
35.8,0.320
35.8,0.320
35.8,0.320
35.8,0.320
35.8,0.320
35.8,0.320
35.8,0.320
35.8,0.320
35.7,0.320
35.7,0.320
35.7,0.320
35.7,0.320
35.7,0.320
35.7,0.320
35.7,0.320
35.7,0.320
35.7,0.320
35.7,0.320
35.7,0.320
35.7,0.320
35.7,0.320
35.7,0.320
35.7,0.320
35.7,0.320
35.7,0.320
35.7,0.320
35.7,0.325
35.7,0.325
35.7,0.325
35.7,0.325
35.7,0.325
35.7,0.325
35.7,0.325
35.7,0.325
35.7,0.325
35.7,0.325
35.7,0.325
35.7,0.325
35.7,0.325
35.7,0.325
35.7,0.325
35.7,0.325
35.7,0.325
35.7,0.325
35.7,0.325
35.7,0.325
35.7,0.325
35.7,0.325
35.7,0.325
35.7,0.325
35.7,0.325
35.7,0.325
35.7,0.325
35.7,0.325
35.7,0.325
35.7,0.325
35.7,0.325
35.7,0.325
35.7,0.325
35.7,0.325
35.7,0.330
35.7,0.330
35.7,0.330
35.7,0.330
35.7,0.330
35.6,0.330
35.6,0.330
35.6,0.330
35.6,0.330
35.6,0.330
35.6,0.330
35.6,0.330
35.6,0.330
35.6,0.330
35.6,0.330
35.6,0.330
35.6,0.330
35.6,0.330
35.6,0.330
35.6,0.330
35.6,0.330
35.6,0.330
35.6,0.330
35.6,0.330
35.6,0.330
35.6,0.330
35.6,0.330
35.6,0.330
35.6,0.330
35.6,0.330
35.6,0.330
35.6,0.330
35.6,0.330
35.6,0.330
35.6,0.330
35.6,0.330
35.6,0.330
35.6,0.330
35.6,0.330
35.6,0.335
35.6,0.335
35.6,0.335
35.6,0.335
35.6,0.335
35.6,0.335
35.6,0.335
35.6,0.335
35.6,0.335
35.6,0.335
35.6,0.335
35.6,0.335
35.6,0.335
35.6,0.335
35.6,0.335
35.6,0.335
35.6,0.335
35.7,0.335
35.7,0.335
35.7,0.335
35.7,0.335
35.7,0.335
35.7,0.335
35.7,0.335
35.7,0.335
35.7,0.335
35.7,0.335
35.7,0.335
35.7,0.335
35.7,0.335
35.7,0.335
35.7,0.335
35.7,0.335
35.7,0.335
35.7,0.335
35.7,0.335
35.7,0.335
35.7,0.335
35.7,0.335
35.7,0.335
35.7,0.335
35.7,0.340
35.7,0.340
35.7,0.340
35.7,0.340
35.7,0.340
35.6,0.340
35.6,0.340
35.6,0.340
35.6,0.340
35.6,0.340
35.6,0.340
35.6,0.340
35.6,0.340
35.6,0.340
35.6,0.340
35.6,0.340
35.6,0.340
35.6,0.340
35.6,0.340
35.6,0.340
35.6,0.340
35.6,0.340
35.6,0.340
35.6,0.340
35.6,0.340
35.6,0.340
35.6,0.340
35.6,0.340
35.6,0.340
35.6,0.340
35.6,0.340
35.6,0.340
35.6,0.340
35.6,0.340
35.6,0.340
35.6,0.340
35.6,0.340
35.6,0.340
35.6,0.340
35.6,0.340
35.6,0.340
35.6,0.340
35.6,0.340
35.6,0.340
35.6,0.340
35.7,0.345
35.7,0.345
35.7,0.345
35.7,0.345
35.7,0.345
35.7,0.345
35.7,0.345
35.7,0.345
35.7,0.345
35.7,0.345
35.7,0.345
35.7,0.345
35.7,0.345
35.7,0.345
35.7,0.345
35.7,0.345
35.7,0.345
35.7,0.345
35.7,0.345
35.7,0.345
35.7,0.345
35.7,0.345
35.7,0.345
35.7,0.345
35.7,0.345
35.7,0.345
35.7,0.345
35.7,0.345
35.7,0.345
35.7,0.345
35.7,0.345
35.7,0.345
35.7,0.345
35.7,0.345
35.7,0.345
35.7,0.345
35.7,0.345
35.7,0.345
35.7,0.345
35.7,0.345
35.7,0.345
35.7,0.350
35.7,0.350
35.7,0.350
35.6,0.350
35.6,0.350
35.6,0.350
35.6,0.350
35.6,0.350
35.6,0.350
35.6,0.350
35.6,0.350
35.5,0.350
35.5,0.350
35.5,0.350
35.5,0.350
35.5,0.350
35.5,0.350
35.5,0.350
35.5,0.350
35.5,0.350
35.5,0.350
35.5,0.350
35.5,0.350
35.5,0.350
35.5,0.350
35.5,0.350
35.5,0.350
35.5,0.350
35.5,0.350
35.5,0.350
35.5,0.350
35.5,0.350
35.5,0.350
35.5,0.350
35.5,0.350
35.5,0.350
35.5,0.350
35.5,0.350
35.5,0.350
35.5,0.355
35.5,0.355
35.5,0.355
35.5,0.355
35.5,0.355
35.5,0.355
35.5,0.355
35.5,0.355
35.4,0.355
35.4,0.355
35.4,0.355
35.4,0.355
35.4,0.355
35.4,0.355
35.4,0.355
35.4,0.355
35.4,0.355
35.4,0.355
35.4,0.355
35.4,0.355
35.4,0.355
35.4,0.355
35.4,0.355
35.4,0.355
35.4,0.355
35.4,0.355
35.4,0.355
35.4,0.355
35.4,0.355
35.4,0.355
35.4,0.355
35.4,0.355
35.4,0.355
35.4,0.355
35.4,0.355
35.4,0.355
35.4,0.355
35.4,0.355
35.4,0.355
35.4,0.360
35.4,0.360
35.4,0.360
35.4,0.360
35.4,0.360
35.4,0.360
35.4,0.360
35.4,0.360
35.4,0.360
35.4,0.360
35.4,0.360
35.4,0.360
35.4,0.360
35.4,0.360
35.5,0.360
35.5,0.360
35.5,0.360
35.5,0.360
35.5,0.360
35.5,0.360
35.5,0.360
35.5,0.360
35.5,0.360
35.5,0.360
35.5,0.360
35.5,0.360
35.5,0.360
35.6,0.360
35.6,0.360
35.6,0.360
35.6,0.360
35.6,0.360
35.6,0.360
35.6,0.360
35.6,0.360
35.6,0.360
35.6,0.360
35.6,0.360
35.6,0.365
35.6,0.365
35.6,0.365
35.6,0.365
35.6,0.365
35.6,0.365
35.6,0.365
35.6,0.365
35.6,0.365
35.6,0.365
35.6,0.365
35.6,0.365
35.6,0.365
35.6,0.365
35.6,0.365
35.6,0.365
35.6,0.365
35.6,0.365
35.6,0.365
35.6,0.365
35.6,0.365
35.6,0.365
35.6,0.365
35.6,0.365
35.6,0.365
35.6,0.365
35.6,0.365
35.6,0.365
35.6,0.365
35.6,0.365
35.6,0.365
35.6,0.365
35.6,0.365
35.6,0.365
35.6,0.365
35.6,0.365
35.6,0.365
35.6,0.370
35.6,0.370
35.5,0.370
35.5,0.370
35.5,0.370
35.5,0.370
35.5,0.370
35.5,0.370
35.5,0.370
35.6,0.370
35.6,0.370
35.6,0.370
35.6,0.370
35.6,0.370
35.6,0.370
35.6,0.370
35.6,0.370
35.6,0.370
35.6,0.370
35.6,0.370
35.6,0.370
35.6,0.370
35.6,0.370
35.5,0.370
35.5,0.370
35.4,0.370
35.5,0.370
35.5,0.370
35.5,0.370
35.5,0.370
35.5,0.370
35.4,0.370
35.4,0.370
35.4,0.370
35.4,0.375
35.4,0.375
35.4,0.375
35.4,0.375
35.4,0.375
35.4,0.375
35.4,0.375
35.4,0.375
35.4,0.375
35.4,0.375
35.4,0.375
35.4,0.375
35.4,0.375
35.4,0.375
35.4,0.375
35.4,0.375
35.4,0.375
35.4,0.375
35.4,0.375
35.4,0.375
35.5,0.375
35.5,0.375
35.5,0.375
35.5,0.375
35.5,0.375
35.5,0.375
35.5,0.375
35.5,0.375
35.5,0.375
35.5,0.375
35.5,0.375
35.5,0.375
35.5,0.375
35.5,0.375
35.5,0.375
35.5,0.375
35.5,0.375
35.5,0.375
35.5,0.375
35.5,0.380
35.5,0.380
35.5,0.380
35.5,0.380
35.5,0.380
35.5,0.380
35.5,0.380
35.5,0.380
35.5,0.380
35.5,0.380
35.5,0.380
35.5,0.380
35.5,0.380
35.5,0.380
35.5,0.380
35.5,0.380
35.5,0.380
35.5,0.380
35.5,0.380
35.5,0.380
35.5,0.380
35.5,0.380
35.5,0.380
35.5,0.380
35.5,0.380
35.5,0.380
35.5,0.380
35.5,0.380
35.5,0.380
35.5,0.380
35.5,0.380
35.5,0.380
35.6,0.380
35.6,0.380
35.6,0.380
35.6,0.380
35.6,0.380
35.6,0.380
35.6,0.380
35.6,0.380
35.6,0.380
35.6,0.385
35.6,0.385
35.6,0.385
35.6,0.385
35.6,0.385
35.6,0.385
35.6,0.385
35.6,0.385
35.6,0.385
35.6,0.385
35.6,0.385
35.6,0.385
35.6,0.385
35.6,0.385
35.6,0.385
35.6,0.385
35.6,0.385
35.5,0.385
35.5,0.385
35.5,0.385
35.5,0.385
35.5,0.385
35.5,0.385
35.5,0.385
35.5,0.385
35.5,0.385
35.5,0.385
35.5,0.385
35.5,0.385
35.5,0.385
35.5,0.385
35.5,0.385
35.5,0.385
35.5,0.385
35.6,0.385
35.6,0.385
35.6,0.385
35.6,0.385
35.6,0.385
35.6,0.390
35.6,0.390
35.6,0.390
35.6,0.390
35.6,0.390
35.6,0.390
35.6,0.390
35.6,0.390
35.6,0.390
35.6,0.390
35.6,0.390
35.6,0.390
35.6,0.390
35.6,0.390
35.6,0.390
35.6,0.390
35.6,0.390
35.6,0.390
35.6,0.390
35.6,0.390
35.6,0.390
35.6,0.390
35.6,0.390
35.6,0.390
35.6,0.390
35.5,0.390
35.5,0.390
35.5,0.390
35.5,0.390
35.5,0.390
35.5,0.390
35.5,0.390
35.5,0.390
35.5,0.390
35.5,0.390
35.5,0.390
35.5,0.390
35.5,0.390
35.5,0.395
35.5,0.395
35.5,0.395
35.5,0.395
35.5,0.395
35.5,0.395
35.5,0.395
35.5,0.395
35.5,0.395
35.5,0.395
35.5,0.395
35.5,0.395
35.5,0.395
35.5,0.395
35.5,0.395
35.5,0.395
35.5,0.395
35.5,0.395
35.5,0.395
35.5,0.395
35.5,0.395
35.5,0.395
35.5,0.395
35.5,0.395
35.5,0.395
35.5,0.395
35.5,0.395
35.5,0.395
35.5,0.395
35.5,0.395
35.5,0.395
35.5,0.395
35.5,0.395
35.5,0.395
35.5,0.395
35.5,0.395
35.5,0.395
35.5,0.395
35.5,0.395
35.5,0.395
35.5,0.400
35.5,0.400
35.4,0.400
35.4,0.400
35.4,0.400
35.4,0.400
35.4,0.400
35.4,0.400
35.4,0.400
35.4,0.400
35.4,0.400
35.4,0.400
35.4,0.400
35.4,0.400
35.4,0.400
35.4,0.400
35.4,0.400
35.4,0.400
35.4,0.400
35.4,0.400
35.4,0.400
35.4,0.400
35.4,0.400
35.4,0.400
35.4,0.400
35.4,0.400
35.4,0.400
35.4,0.400
35.4,0.400
35.4,0.400
35.4,0.400
35.4,0.400
35.4,0.400
35.3,0.400
35.3,0.400
35.3,0.400
35.3,0.400
35.3,0.400
35.3,0.400
35.3,0.400
35.3,0.405
35.3,0.405
35.3,0.405
35.3,0.405
35.3,0.405
35.3,0.405
35.3,0.405
35.3,0.405
35.3,0.405
35.3,0.405
35.3,0.405
35.3,0.405
35.3,0.405
35.3,0.405
35.3,0.405
35.3,0.405
35.3,0.405
35.3,0.405
35.3,0.405
35.3,0.405
35.3,0.405
35.3,0.405
35.3,0.405
35.3,0.405
35.3,0.405
35.3,0.405
35.3,0.405
35.3,0.405
35.3,0.405
35.3,0.405
35.4,0.405
35.4,0.405
35.4,0.405
35.4,0.405
35.4,0.405
35.4,0.410
35.4,0.410
35.4,0.410
35.3,0.410
35.3,0.410
35.3,0.410
35.3,0.410
35.3,0.410
35.3,0.410
35.3,0.410
35.3,0.410
35.3,0.410
35.3,0.410
35.3,0.410
35.4,0.410
35.4,0.410
35.4,0.410
35.4,0.410
35.4,0.410
35.4,0.410
35.4,0.410
35.4,0.410
35.4,0.410
35.4,0.410
35.4,0.410
35.4,0.410
35.4,0.410
35.4,0.410
35.4,0.410
35.4,0.410
35.4,0.410
35.4,0.410
35.4,0.410
35.4,0.410
35.4,0.410
35.4,0.410
35.4,0.410
35.4,0.410
35.4,0.415
35.4,0.415
35.4,0.415
35.4,0.415
35.4,0.415
35.4,0.415
35.4,0.415
35.4,0.415
35.4,0.415
35.4,0.415
35.4,0.415
35.4,0.415
35.4,0.415
35.4,0.415
35.4,0.415
35.4,0.415
35.4,0.415
35.4,0.415
35.4,0.415
35.4,0.415
35.4,0.415
35.4,0.415
35.4,0.415
35.4,0.415
35.4,0.415
35.4,0.415
35.4,0.415
35.4,0.415
35.4,0.415
35.4,0.415
35.4,0.415
35.4,0.415
35.4,0.415
35.4,0.415
35.4,0.415
35.4,0.415
35.4,0.415
35.4,0.420
35.4,0.420
35.4,0.420
35.4,0.420
35.4,0.420
35.4,0.420
35.4,0.420
35.4,0.420
35.4,0.420
35.4,0.420
35.4,0.420
35.4,0.420
35.4,0.420
35.4,0.420
35.4,0.420
35.4,0.420
35.4,0.420
35.4,0.420
35.4,0.420
35.4,0.420
35.4,0.420
35.4,0.420
35.4,0.420
35.4,0.420
35.4,0.420
35.4,0.420
35.4,0.420
35.4,0.420
35.4,0.420
35.4,0.420
35.4,0.420
35.4,0.420
35.4,0.420
35.4,0.420
35.4,0.420
35.4,0.420
35.4,0.420
35.4,0.425
35.4,0.425
35.4,0.425
35.4,0.425
35.4,0.425
35.4,0.425
35.4,0.425
35.4,0.425
35.4,0.425
35.4,0.425
35.4,0.425
35.4,0.425
35.4,0.425
35.4,0.425
35.4,0.425
35.4,0.425
35.4,0.425
35.4,0.425
35.4,0.425
35.4,0.425
35.4,0.425
35.4,0.425
35.4,0.425
35.4,0.425
35.4,0.425
35.4,0.425
35.4,0.425
35.4,0.425
35.4,0.425
35.4,0.425
35.4,0.425
35.4,0.425
35.4,0.425
35.4,0.430
35.3,0.430
35.3,0.430
35.3,0.430
35.3,0.430
35.3,0.430
35.3,0.430
35.3,0.430
35.3,0.430
35.3,0.430
35.3,0.430
35.4,0.430
35.4,0.430
35.4,0.430
35.4,0.430
35.4,0.430
35.4,0.430
35.4,0.430
35.4,0.430
35.4,0.430
35.4,0.430
35.4,0.430
35.4,0.430
35.4,0.430
35.4,0.430
35.4,0.430
35.4,0.430
35.4,0.430
35.4,0.430
35.4,0.430
35.3,0.430
35.3,0.435
35.3,0.435
35.3,0.435
35.3,0.435
35.3,0.435
35.3,0.435
35.3,0.435
35.3,0.435
35.3,0.435
35.3,0.435
35.3,0.435
35.3,0.435
35.3,0.435
35.3,0.435
35.4,0.435
35.4,0.435
35.4,0.435
35.4,0.435
35.4,0.435
35.4,0.435
35.4,0.435
35.4,0.435
35.4,0.435
35.4,0.435
35.4,0.435
35.4,0.435
35.3,0.435
35.3,0.435
35.3,0.435
35.3,0.435
35.3,0.435
35.3,0.435
35.3,0.435
35.3,0.440
35.3,0.440
35.3,0.440
35.3,0.440
35.3,0.440
35.3,0.440
35.3,0.440
35.3,0.440
35.3,0.440
35.3,0.440
35.3,0.440
35.3,0.440
35.3,0.440
35.3,0.440
35.3,0.440
35.3,0.440
35.3,0.440
35.3,0.440
35.3,0.440
35.3,0.440
35.3,0.440
35.3,0.440
35.3,0.440
35.3,0.440
35.3,0.440
35.3,0.440
35.3,0.440
35.3,0.440
35.3,0.440
35.2,0.440
35.2,0.440
35.2,0.440
35.2,0.440
35.2,0.445
35.2,0.445
35.2,0.445
35.2,0.445
35.2,0.445
35.2,0.445
35.2,0.445
35.2,0.445
35.2,0.445
35.2,0.445
35.2,0.445
35.2,0.445
35.2,0.445
35.2,0.445
35.2,0.445
35.2,0.445
35.2,0.445
35.2,0.445
35.2,0.445
35.2,0.445
35.2,0.445
35.2,0.445
35.1,0.445
35.1,0.445
35.1,0.445
35.1,0.445
35.1,0.445
35.1,0.445
35.1,0.445
35.1,0.445
35.1,0.445
35.1,0.445
35.1,0.445
35.1,0.450
35.1,0.450
35.1,0.450
35.1,0.450
35.1,0.450
35.1,0.450
35.1,0.450
35.1,0.450
35.1,0.450
35.1,0.450
35.2,0.450
35.2,0.450
35.2,0.450
35.2,0.450
35.2,0.450
35.2,0.450
35.2,0.450
35.2,0.450
35.2,0.450
35.2,0.450
35.2,0.450
35.2,0.450
35.2,0.450
35.2,0.450
35.2,0.450
35.2,0.450
35.2,0.450
35.2,0.450
35.2,0.450
35.2,0.455
35.2,0.455
35.3,0.455
35.3,0.455
35.3,0.455
35.3,0.455
35.3,0.455
35.3,0.455
35.3,0.455
35.3,0.455
35.3,0.455
35.3,0.455
35.3,0.455
35.3,0.455
35.3,0.455
35.3,0.455
35.3,0.455
35.3,0.455
35.3,0.455
35.2,0.455
35.2,0.455
35.2,0.455
35.2,0.455
35.2,0.455
35.2,0.455
35.2,0.455
35.2,0.455
35.2,0.455
35.2,0.455
35.2,0.455
35.2,0.455
35.2,0.455
35.2,0.460
35.2,0.460
35.2,0.460
35.2,0.460
35.2,0.460
35.2,0.460
35.2,0.460
35.2,0.460
35.2,0.460
35.2,0.460
35.2,0.460
35.2,0.460
35.2,0.460
35.2,0.460
35.2,0.460
35.2,0.460
35.2,0.460
35.2,0.460
35.2,0.460
35.2,0.460
35.2,0.460
35.2,0.460
35.2,0.460
35.2,0.460
35.2,0.460
35.2,0.460
35.2,0.460
35.2,0.460
35.2,0.460
35.2,0.460
35.2,0.460
35.1,0.465
35.1,0.465
35.1,0.465
35.1,0.465
35.1,0.465
35.1,0.465
35.1,0.465
35.1,0.465
35.1,0.465
35.1,0.465
35.1,0.465
35.1,0.465
35.1,0.465
35.1,0.465
35.1,0.465
35.1,0.465
35.1,0.465
35.1,0.465
35.1,0.465
35.1,0.465
35.1,0.465
35.1,0.465
35.1,0.465
35.1,0.465
35.1,0.465
35.1,0.465
35.1,0.465
35.1,0.465
35.1,0.470
35.1,0.470
35.1,0.470
35.1,0.470
35.2,0.470
35.2,0.470
35.2,0.470
35.2,0.470
35.2,0.470
35.2,0.470
35.2,0.470
35.2,0.470
35.2,0.470
35.2,0.470
35.2,0.470
35.2,0.470
35.2,0.470
35.2,0.470
35.2,0.470
35.2,0.470
35.2,0.470
35.2,0.470
35.2,0.470
35.2,0.470
35.2,0.470
35.2,0.470
35.2,0.470
35.2,0.470
35.2,0.470
35.2,0.475
35.2,0.475
35.2,0.475
35.2,0.475
35.2,0.475
35.2,0.475
35.1,0.475
35.1,0.475
35.1,0.475
35.1,0.475
35.1,0.475
35.1,0.475
35.1,0.475
35.1,0.475
35.1,0.475
35.1,0.475
35.1,0.475
35.1,0.475
35.1,0.475
35.1,0.475
35.1,0.475
35.1,0.475
35.1,0.475
35.1,0.475
35.1,0.475
35.1,0.475
35.1,0.475
35.1,0.475
35.1,0.475
35.1,0.475
35.2,0.480
35.2,0.480
35.2,0.480
35.2,0.480
35.2,0.480
35.2,0.480
35.2,0.480
35.2,0.480
35.2,0.480
35.2,0.480
35.2,0.480
35.2,0.480
35.2,0.480
35.2,0.480
35.2,0.480
35.2,0.480
35.2,0.480
35.2,0.480
35.2,0.480
35.2,0.480
35.2,0.480
35.2,0.480
35.2,0.480
35.2,0.480
35.2,0.480
35.2,0.480
35.2,0.480
35.2,0.480
35.2,0.485
35.2,0.485
35.2,0.485
35.2,0.485
35.2,0.485
35.2,0.485
35.2,0.485
35.2,0.485
35.2,0.485
35.2,0.485
35.2,0.485
35.2,0.485
35.2,0.485
35.2,0.485
35.2,0.485
35.2,0.485
35.2,0.485
35.2,0.485
35.2,0.485
35.2,0.485
35.2,0.485
35.2,0.485
35.2,0.485
35.2,0.485
35.2,0.485
35.2,0.485
35.2,0.485
35.2,0.490
35.2,0.490
35.2,0.490
35.2,0.490
35.2,0.490
35.2,0.490
35.2,0.490
35.2,0.490
35.2,0.490
35.2,0.490
35.2,0.490
35.2,0.490
35.2,0.490
35.2,0.490
35.2,0.490
35.2,0.490
35.2,0.490
35.2,0.490
35.2,0.490
35.2,0.490
35.2,0.490
35.2,0.490
35.2,0.490
35.2,0.490
35.2,0.490
35.2,0.490
35.2,0.490
35.2,0.490
35.2,0.495
35.2,0.495
35.2,0.495
35.2,0.495
35.2,0.495
35.2,0.495
35.3,0.495
35.3,0.495
35.3,0.495
35.3,0.495
35.3,0.495
35.3,0.495
35.3,0.495
35.3,0.495
35.3,0.495
35.3,0.495
35.3,0.495
35.3,0.495
35.3,0.495
35.3,0.495
35.3,0.495
35.3,0.495
35.3,0.495
35.3,0.495
35.3,0.495
35.3,0.495
35.3,0.495
35.3,0.495
35.3,0.500
35.3,0.500
35.3,0.500
35.3,0.500
35.3,0.500
35.3,0.500
35.3,0.500
35.3,0.500
35.3,0.500
35.3,0.500
35.3,0.500
35.3,0.500
35.3,0.500
35.3,0.500
35.3,0.500
35.3,0.500
35.3,0.500
35.3,0.500
35.3,0.500
35.3,0.500
35.3,0.500
35.3,0.500
35.3,0.500
35.3,0.500
35.3,0.500
35.3,0.500
35.3,0.500
35.3,0.500
35.3,0.500
35.3,0.500
35.3,0.505
35.3,0.505
35.3,0.505
35.3,0.505
35.3,0.505
35.3,0.505
35.3,0.505
35.3,0.505
35.3,0.505
35.3,0.505
35.3,0.505
35.3,0.505
35.3,0.505
35.3,0.505
35.3,0.505
35.3,0.505
35.3,0.505
35.3,0.505
35.3,0.505
35.3,0.505
35.3,0.505
35.3,0.505
35.3,0.505
35.3,0.505
35.3,0.505
35.3,0.505
35.3,0.505
35.3,0.505
35.3,0.510
35.3,0.510
35.3,0.510
35.3,0.510
35.3,0.510
35.3,0.510
35.3,0.510
35.3,0.510
35.3,0.510
35.3,0.510
35.3,0.510
35.3,0.510
35.3,0.510
35.3,0.510
35.3,0.510
35.3,0.510
35.3,0.510
35.3,0.510
35.3,0.510
35.3,0.510
35.3,0.510
35.3,0.510
35.3,0.510
35.3,0.510
35.3,0.510
35.3,0.510
35.3,0.510
35.3,0.515
35.3,0.515
35.3,0.515
35.3,0.515
35.3,0.515
35.3,0.515
35.3,0.515
35.3,0.515
35.3,0.515
35.3,0.515
35.3,0.515
35.3,0.515
35.3,0.515
35.3,0.515
35.3,0.515
35.3,0.515
35.3,0.515
35.3,0.515
35.3,0.515
35.3,0.515
35.3,0.515
35.3,0.515
35.4,0.515
35.4,0.515
35.4,0.515
35.4,0.515
35.4,0.520
35.4,0.520
35.4,0.520
35.4,0.520
35.4,0.520
35.4,0.520
35.4,0.520
35.4,0.520
35.4,0.520
35.4,0.520
35.4,0.520
35.4,0.520
35.4,0.520
35.4,0.520
35.4,0.520
35.4,0.520
35.4,0.520
35.4,0.520
35.4,0.520
35.4,0.520
35.4,0.520
35.4,0.520
35.4,0.520
35.3,0.520
35.3,0.520
35.3,0.520
35.3,0.525
35.3,0.525
35.3,0.525
35.3,0.525
35.3,0.525
35.3,0.525
35.3,0.525
35.3,0.525
35.3,0.525
35.3,0.525
35.3,0.525
35.3,0.525
35.3,0.525
35.3,0.525
35.3,0.525
35.3,0.525
35.3,0.525
35.3,0.525
35.3,0.525
35.3,0.525
35.3,0.525
35.3,0.525
35.3,0.525
35.3,0.525
35.3,0.525
35.3,0.530
35.3,0.530
35.3,0.530
35.3,0.530
35.3,0.530
35.3,0.530
35.4,0.530
35.4,0.530
35.4,0.530
35.4,0.530
35.4,0.530
35.4,0.530
35.4,0.530
35.4,0.530
35.4,0.530
35.4,0.530
35.4,0.530
35.4,0.530
35.4,0.530
35.5,0.530
35.5,0.530
35.5,0.530
35.5,0.535
35.5,0.535
35.5,0.535
35.5,0.535
35.5,0.535
35.5,0.535
35.5,0.535
35.5,0.535
35.5,0.535
35.5,0.535
35.5,0.535
35.5,0.535
35.5,0.535
35.5,0.535
35.5,0.535
35.5,0.535
35.5,0.535
35.6,0.535
35.6,0.535
35.6,0.535
35.6,0.535
35.6,0.535
35.6,0.535
35.5,0.535
35.5,0.535
35.5,0.540
35.5,0.540
35.5,0.540
35.5,0.540
35.5,0.540
35.5,0.540
35.5,0.540
35.5,0.540
35.5,0.540
35.5,0.540
35.5,0.540
35.5,0.540
35.5,0.540
35.5,0.540
35.5,0.540
35.5,0.540
35.5,0.540
35.5,0.540
35.5,0.540
35.6,0.540
35.6,0.540
35.6,0.540
35.6,0.540
35.6,0.540
35.6,0.540
35.6,0.545
35.6,0.545
35.6,0.545
35.6,0.545
35.6,0.545
35.6,0.545
35.6,0.545
35.6,0.545
35.6,0.545
35.6,0.545
35.6,0.545
35.6,0.545
35.6,0.545
35.6,0.545
35.6,0.545
35.6,0.545
35.6,0.545
35.6,0.545
35.5,0.545
35.5,0.545
35.5,0.545
35.5,0.545
35.5,0.550
35.5,0.550
35.5,0.550
35.5,0.550
35.5,0.550
35.5,0.550
35.5,0.550
35.5,0.550
35.5,0.550
35.5,0.550
35.5,0.550
35.5,0.550
35.5,0.550
35.5,0.550
35.5,0.550
35.5,0.550
35.5,0.550
35.5,0.550
35.5,0.550
35.5,0.550
35.5,0.550
35.5,0.550
35.5,0.550
35.5,0.550
35.5,0.555
35.5,0.555
35.5,0.555
35.5,0.555
35.5,0.555
35.5,0.555
35.5,0.555
35.6,0.555
35.6,0.555
35.6,0.555
35.6,0.555
35.6,0.555
35.6,0.555
35.6,0.555
35.6,0.555
35.6,0.555
35.6,0.555
35.6,0.555
35.6,0.555
35.6,0.555
35.6,0.555
35.6,0.555
35.6,0.555
35.6,0.555
35.6,0.560
35.6,0.560
35.6,0.560
35.6,0.560
35.6,0.560
35.6,0.560
35.6,0.560
35.6,0.560
35.6,0.560
35.6,0.560
35.6,0.560
35.6,0.560
35.6,0.560
35.6,0.560
35.6,0.560
35.6,0.560
35.6,0.560
35.6,0.560
35.6,0.560
35.6,0.560
35.6,0.560
35.6,0.560
35.6,0.560
35.6,0.565
35.6,0.565
35.6,0.565
35.6,0.565
35.6,0.565
35.5,0.565
35.5,0.565
35.5,0.565
35.5,0.565
35.5,0.565
35.5,0.565
35.5,0.565
35.5,0.565
35.5,0.565
35.5,0.565
35.5,0.565
35.5,0.565
35.5,0.565
35.6,0.565
35.6,0.565
35.6,0.565
35.6,0.570
35.6,0.570
35.6,0.570
35.6,0.570
35.6,0.570
35.6,0.570
35.6,0.570
35.6,0.570
35.6,0.570
35.6,0.570
35.6,0.570
35.6,0.570
35.6,0.570
35.6,0.570
35.6,0.570
35.6,0.570
35.6,0.570
35.6,0.570
35.6,0.570
35.6,0.570
35.6,0.570
35.6,0.570
35.6,0.575
35.6,0.575
35.6,0.575
35.6,0.575
35.6,0.575
35.6,0.575
35.6,0.575
35.6,0.575
35.6,0.575
35.6,0.575
35.6,0.575
35.6,0.575
35.6,0.575
35.6,0.575
35.6,0.575
35.6,0.575
35.6,0.575
35.6,0.575
35.6,0.575
35.6,0.575
35.6,0.575
35.7,0.580
35.7,0.580
35.7,0.580
35.7,0.580
35.7,0.580
35.7,0.580
35.7,0.580
35.7,0.580
35.7,0.580
35.7,0.580
35.7,0.580
35.7,0.580
35.7,0.580
35.7,0.580
35.7,0.580
35.7,0.580
35.7,0.580
35.7,0.580
35.7,0.580
35.7,0.580
35.7,0.585
35.7,0.585
35.7,0.585
35.7,0.585
35.7,0.585
35.7,0.585
35.7,0.585
35.7,0.585
35.6,0.585
35.6,0.585
35.6,0.585
35.6,0.585
35.6,0.585
35.6,0.585
35.6,0.585
35.6,0.585
35.6,0.585
35.6,0.585
35.6,0.585
35.6,0.590
35.6,0.590
35.6,0.590
35.6,0.590
35.6,0.590
35.6,0.590
35.6,0.590
35.6,0.590
35.6,0.590
35.6,0.590
35.6,0.590
35.6,0.590
35.6,0.590
35.6,0.590
35.6,0.590
35.6,0.590
35.6,0.590
35.6,0.590
35.7,0.595
35.7,0.595
35.7,0.595
35.7,0.595
35.7,0.595
35.7,0.595
35.7,0.595
35.7,0.595
35.7,0.595
35.7,0.595
35.7,0.595
35.7,0.595
35.7,0.595
35.7,0.595
35.7,0.595
35.7,0.595
35.7,0.595
35.7,0.595
35.7,0.600
35.7,0.600
35.7,0.600
35.7,0.600
35.7,0.600
35.8,0.600
35.8,0.600
35.8,0.600
35.8,0.600
35.8,0.600
35.8,0.600
35.8,0.600
35.8,0.600
35.8,0.600
35.8,0.600
35.8,0.600
35.8,0.600
35.8,0.605
35.8,0.605
35.8,0.605
35.7,0.605
35.7,0.605
35.7,0.605
35.7,0.605
35.7,0.605
35.7,0.605
35.7,0.605
35.7,0.605
35.7,0.605
35.7,0.605
35.7,0.605
35.7,0.605
35.7,0.605
35.7,0.605
35.7,0.610
35.7,0.610
35.8,0.610
35.8,0.610
35.8,0.610
35.8,0.610
35.8,0.610
35.8,0.610
35.8,0.610
35.8,0.610
35.8,0.610
35.8,0.610
35.8,0.610
35.8,0.610
35.8,0.610
35.8,0.615
35.8,0.615
35.8,0.615
35.8,0.615
35.8,0.615
35.8,0.615
35.8,0.615
35.8,0.615
35.8,0.615
35.8,0.615
35.8,0.615
35.8,0.615
35.8,0.615
35.8,0.615
35.8,0.615
35.8,0.615
35.8,0.620
35.8,0.620
35.8,0.620
35.8,0.620
35.8,0.620
35.8,0.620
35.8,0.620
35.8,0.620
35.8,0.620
35.7,0.620
35.7,0.620
35.7,0.620
35.7,0.620
35.6,0.620
35.6,0.620
35.6,0.620
35.6,0.625
35.6,0.625
35.6,0.625
35.6,0.625
35.6,0.625
35.6,0.625
35.6,0.625
35.6,0.625
35.6,0.625
35.6,0.625
35.6,0.625
35.7,0.625
35.7,0.625
35.7,0.625
35.7,0.625
35.7,0.625
35.7,0.630
35.7,0.630
35.7,0.630
35.7,0.630
35.7,0.630
35.7,0.630
35.7,0.630
35.7,0.630
35.7,0.630
35.7,0.630
35.7,0.630
35.7,0.630
35.7,0.630
35.7,0.630
35.7,0.630
35.7,0.630
35.7,0.635
35.8,0.635
35.8,0.635
35.8,0.635
35.8,0.635
35.8,0.635
35.8,0.635
35.8,0.635
35.8,0.635
35.8,0.635
35.8,0.635
35.8,0.635
35.8,0.635
35.8,0.635
35.8,0.635
35.8,0.635
35.8,0.635
35.8,0.640
35.8,0.640
35.8,0.640
35.9,0.640
35.9,0.640
35.9,0.640
35.9,0.640
35.9,0.640
35.9,0.640
35.9,0.640
35.9,0.640
35.9,0.640
35.9,0.640
35.9,0.640
35.9,0.640
35.9,0.640
35.9,0.640
35.9,0.645
35.9,0.645
35.9,0.645
35.9,0.645
35.9,0.645
35.9,0.645
35.9,0.645
35.9,0.645
35.9,0.645
35.9,0.645
35.9,0.645
35.9,0.645
35.8,0.645
35.8,0.645
35.8,0.645
35.8,0.645
35.8,0.650
35.8,0.650
35.8,0.650
35.8,0.650
35.8,0.650
35.8,0.650
35.8,0.650
35.8,0.650
35.8,0.650
35.8,0.650
35.8,0.650
35.8,0.650
35.8,0.650
35.8,0.650
35.8,0.650
35.9,0.650
35.9,0.650
35.9,0.655
35.9,0.655
35.9,0.655
35.9,0.655
35.9,0.655
35.9,0.655
35.9,0.655
35.9,0.655
35.9,0.655
35.9,0.655
35.9,0.655
35.9,0.655
35.9,0.655
35.9,0.655
35.9,0.655
35.9,0.655
35.9,0.655
35.9,0.660
36.0,0.660
36.0,0.660
35.9,0.660
35.9,0.660
35.9,0.660
35.9,0.660
35.9,0.660
35.9,0.660
35.9,0.660
35.9,0.660
35.9,0.660
35.9,0.660
35.9,0.660
35.9,0.660
35.9,0.660
35.9,0.660
35.9,0.665
35.9,0.665
35.9,0.665
35.9,0.665
35.9,0.665
35.9,0.665
35.9,0.665
35.9,0.665
35.9,0.665
35.9,0.665
35.9,0.665
35.9,0.665
35.9,0.665
35.9,0.665
35.9,0.665
35.9,0.670
35.9,0.670
35.9,0.670
35.9,0.670
35.9,0.670
35.9,0.670
35.9,0.670
35.9,0.670
35.9,0.670
35.9,0.670
35.9,0.670
35.9,0.670
35.9,0.670
35.9,0.670
35.9,0.675
35.9,0.675
35.9,0.675
35.9,0.675
35.9,0.675
35.9,0.675
35.9,0.675
35.9,0.675
35.9,0.675
35.9,0.675
35.9,0.675
35.9,0.675
35.9,0.675
35.9,0.675
35.9,0.675
35.9,0.680
35.9,0.680
35.9,0.680
35.9,0.680
35.9,0.680
35.9,0.680
35.9,0.680
35.9,0.680
35.9,0.680
35.9,0.680
35.9,0.680
35.9,0.680
35.9,0.680
35.9,0.680
35.9,0.685
35.9,0.685
36.0,0.685
36.0,0.685
36.0,0.685
36.0,0.685
36.0,0.685
36.0,0.685
36.0,0.685
35.9,0.685
35.9,0.685
35.9,0.685
35.9,0.685
35.9,0.685
35.9,0.690
35.9,0.690
35.9,0.690
35.9,0.690
35.9,0.690
35.9,0.690
35.9,0.690
35.9,0.690
35.9,0.690
35.9,0.690
35.9,0.690
35.9,0.690
35.9,0.695
35.9,0.695
35.9,0.695
35.9,0.695
35.9,0.695
35.9,0.695
35.9,0.695
35.9,0.695
35.9,0.695
35.9,0.695
35.9,0.695
35.9,0.695
35.9,0.695
35.9,0.695
35.9,0.700
35.8,0.700
35.8,0.700
35.8,0.700
35.8,0.700
35.8,0.700
35.8,0.700
35.8,0.700
35.8,0.700
35.8,0.700
35.7,0.700
35.7,0.700
35.7,0.700
35.7,0.705
35.7,0.705
35.7,0.705
35.7,0.705
35.7,0.705
35.7,0.705
35.7,0.705
35.8,0.705
35.8,0.705
35.8,0.705
35.8,0.705
35.8,0.705
35.8,0.705
35.8,0.710
35.8,0.710
35.8,0.710
35.8,0.710
35.8,0.710
35.8,0.710
35.8,0.710
35.8,0.710
35.8,0.710
35.8,0.710
35.8,0.710
35.8,0.710
35.8,0.710
35.8,0.715
35.8,0.715
35.8,0.715
35.8,0.715
35.8,0.715
35.8,0.715
35.8,0.715
35.8,0.715
35.8,0.715
35.8,0.715
35.8,0.715
35.8,0.715
35.8,0.715
35.8,0.715
35.8,0.720
35.8,0.720
35.8,0.720
35.8,0.720
35.8,0.720
35.8,0.720
35.8,0.720
35.8,0.720
35.8,0.720
35.8,0.720
35.8,0.720
35.8,0.720
35.8,0.720
35.8,0.720
35.8,0.720
35.8,0.725
35.8,0.725
35.8,0.725
35.8,0.725
35.8,0.725
35.8,0.725
35.8,0.725
35.8,0.725
35.8,0.725
35.8,0.725
35.9,0.725
35.9,0.725
35.9,0.725
35.9,0.725
35.9,0.730
35.9,0.730
35.9,0.730
35.9,0.730
35.9,0.730
35.9,0.730
35.9,0.730
35.9,0.730
36.0,0.730
36.0,0.730
36.0,0.730
36.0,0.730
36.0,0.730
36.0,0.730
36.0,0.730
36.0,0.735
36.0,0.735
36.0,0.735
36.0,0.735
36.0,0.735
36.0,0.735
36.0,0.735
36.0,0.735
36.0,0.735
36.0,0.735
36.0,0.735
36.0,0.735
36.0,0.735
36.0,0.735
36.0,0.735
36.0,0.740
36.0,0.740
36.0,0.740
36.0,0.740
36.0,0.740
36.0,0.740
36.0,0.740
36.0,0.740
36.0,0.740
36.0,0.740
36.0,0.740
36.0,0.740
36.0,0.740
36.0,0.740
36.0,0.740
36.0,0.740
36.0,0.745
36.1,0.745
36.0,0.745
36.0,0.745
36.0,0.745
36.0,0.745
36.1,0.745
36.1,0.745
36.1,0.745
36.1,0.745
36.1,0.745
36.1,0.745
36.1,0.745
36.1,0.745
36.1,0.745
36.1,0.750
36.1,0.750
36.2,0.750
36.2,0.750
36.2,0.750
36.2,0.750
36.2,0.750
36.2,0.750
36.2,0.750
36.2,0.750
36.2,0.750
36.2,0.750
36.2,0.750
36.2,0.750
36.2,0.750
36.2,0.755
36.2,0.755
36.2,0.755
36.2,0.755
36.2,0.755
36.2,0.755
36.2,0.755
36.1,0.755
36.1,0.755
36.1,0.755
36.1,0.755
36.1,0.755
36.1,0.755
36.1,0.755
36.1,0.755
36.1,0.760
36.1,0.760
36.1,0.760
36.1,0.760
36.1,0.760
36.1,0.760
36.1,0.760
36.1,0.760
36.1,0.760
36.1,0.760
36.1,0.760
36.1,0.760
36.1,0.760
36.1,0.760
36.1,0.760
36.1,0.765
36.1,0.765
36.1,0.765
36.1,0.765
36.1,0.765
36.0,0.765
36.0,0.765
36.0,0.765
36.0,0.765
36.0,0.765
36.0,0.765
36.0,0.765
36.0,0.765
36.1,0.765
36.1,0.765
36.1,0.765
36.1,0.770
36.1,0.770
36.1,0.770
36.1,0.770
36.1,0.770
36.1,0.770
36.1,0.770
36.1,0.770
36.1,0.770
36.1,0.770
36.1,0.770
36.1,0.770
36.1,0.770
36.0,0.770
36.0,0.775
36.0,0.775
36.0,0.775
36.0,0.775
36.0,0.775
36.0,0.775
36.0,0.775
36.0,0.775
36.0,0.775
36.0,0.775
36.0,0.775
36.0,0.775
36.0,0.775
36.0,0.775
36.1,0.775
36.1,0.775
36.1,0.780
36.1,0.780
36.1,0.780
36.1,0.780
36.1,0.780
36.1,0.780
36.1,0.780
36.1,0.780
36.1,0.780
36.1,0.780
36.1,0.780
36.1,0.780
36.1,0.780
36.1,0.780
36.1,0.780
36.1,0.780
36.1,0.780
36.1,0.785
36.1,0.785
36.1,0.785
36.1,0.785
36.1,0.785
36.1,0.785
36.2,0.785
36.2,0.785
36.2,0.785
36.2,0.785
36.2,0.785
36.2,0.785
36.2,0.785
36.2,0.785
36.2,0.785
36.2,0.785
36.2,0.790
36.2,0.790
36.2,0.790
36.2,0.790
36.2,0.790
36.2,0.790
36.2,0.790
36.2,0.790
36.2,0.790
36.2,0.790
36.2,0.790
36.2,0.790
36.2,0.790
36.2,0.790
36.2,0.790
36.2,0.790
36.2,0.790
36.2,0.795
36.2,0.795
36.2,0.795
36.2,0.795
36.2,0.795
36.2,0.795
36.2,0.795
36.2,0.795
36.2,0.795
36.2,0.795
36.2,0.795
36.2,0.795
36.2,0.795
36.2,0.795
36.2,0.795
36.2,0.795
36.2,0.795
36.2,0.795
36.2,0.795
36.2,0.800
36.2,0.800
36.2,0.800
36.2,0.800
36.2,0.800
36.2,0.800
36.2,0.800
36.2,0.800
36.2,0.800
36.2,0.800
36.2,0.800
36.2,0.800
36.2,0.800
36.2,0.800
36.2,0.800
36.1,0.800
36.1,0.800
36.1,0.800
36.1,0.800
36.1,0.805
36.1,0.805
36.1,0.805
36.1,0.805
36.1,0.805
36.1,0.805
36.1,0.805
36.1,0.805
36.1,0.805
36.1,0.805
36.1,0.805
36.1,0.805
36.1,0.805
36.1,0.805
36.1,0.805
36.1,0.805
36.1,0.805
36.1,0.805
36.1,0.810
36.1,0.810
36.1,0.810
36.1,0.810
36.1,0.810
36.2,0.810
36.2,0.810
36.2,0.810
36.2,0.810
36.2,0.810
36.2,0.810
36.2,0.810
36.2,0.810
36.2,0.810
36.2,0.810
36.2,0.810
36.2,0.810
36.1,0.810
36.1,0.810
36.1,0.810
36.1,0.810
36.1,0.815
36.1,0.815
36.1,0.815
36.1,0.815
36.1,0.815
36.1,0.815
36.1,0.815
36.2,0.815
36.2,0.815
36.2,0.815
36.2,0.815
36.2,0.815
36.2,0.815
36.2,0.815
36.2,0.815
36.2,0.815
36.2,0.815
36.2,0.815
36.2,0.815
36.2,0.815
36.2,0.815
36.2,0.820
36.2,0.820
36.2,0.820
36.2,0.820
36.2,0.820
36.2,0.820
36.2,0.820
36.2,0.820
36.2,0.820
36.2,0.820
36.2,0.820
36.2,0.820
36.2,0.820
36.2,0.820
36.2,0.820
36.2,0.820
36.2,0.820
36.2,0.820
36.2,0.820
36.2,0.820
36.2,0.820
36.2,0.825
36.2,0.825
36.2,0.825
36.2,0.825
36.2,0.825
36.2,0.825
36.2,0.825
36.2,0.825
36.2,0.825
36.2,0.825
36.2,0.825
36.2,0.825
36.2,0.825
36.2,0.825
36.2,0.825
36.2,0.825
36.2,0.825
36.2,0.825
36.2,0.825
36.2,0.825
36.2,0.825
36.2,0.830
36.2,0.830
36.2,0.830
36.2,0.830
36.2,0.830
36.2,0.830
36.3,0.830
36.3,0.830
36.3,0.830
36.3,0.830
36.3,0.830
36.3,0.830
36.3,0.830
36.3,0.830
36.3,0.830
36.3,0.830
36.3,0.830
36.3,0.830
36.3,0.830
36.3,0.830
36.3,0.830
36.3,0.835
36.3,0.835
36.3,0.835
36.3,0.835
36.3,0.835
36.3,0.835
36.3,0.835
36.4,0.835
36.4,0.835
36.4,0.835
36.4,0.835
36.4,0.835
36.4,0.835
36.4,0.835
36.4,0.835
36.4,0.835
36.4,0.835
36.4,0.835
36.4,0.835
36.4,0.835
36.4,0.835
36.4,0.840
36.4,0.840
36.4,0.840
36.4,0.840
36.4,0.840
36.4,0.840
36.4,0.840
36.4,0.840
36.4,0.840
36.4,0.840
36.4,0.840
36.4,0.840
36.4,0.840
36.4,0.840
36.5,0.840
36.5,0.840
36.5,0.840
36.5,0.840
36.5,0.840
36.5,0.840
36.5,0.840
36.5,0.845
36.5,0.845
36.5,0.845
36.5,0.845
36.5,0.845
36.5,0.845
36.5,0.845
36.5,0.845
36.5,0.845
36.5,0.845
36.5,0.845
36.5,0.845
36.5,0.845
36.5,0.845
36.5,0.845
36.5,0.845
36.5,0.845
36.5,0.845
36.5,0.845
36.5,0.845
36.5,0.850
36.5,0.850
36.5,0.850
36.5,0.850
36.5,0.850
36.5,0.850
36.5,0.850
36.5,0.850
36.5,0.850
36.5,0.850
36.5,0.850
36.5,0.850
36.5,0.850
36.5,0.850
36.5,0.850
36.5,0.850
36.5,0.850
36.5,0.850
36.5,0.855
36.5,0.855
36.5,0.855
36.5,0.855
36.5,0.855
36.5,0.855
36.5,0.855
36.5,0.855
36.5,0.855
36.5,0.855
36.5,0.855
36.5,0.855
36.5,0.855
36.5,0.855
36.5,0.855
36.5,0.855
36.5,0.855
36.6,0.855
36.6,0.855
36.6,0.855
36.6,0.860
36.6,0.860
36.6,0.860
36.6,0.860
36.6,0.860
36.6,0.860
36.6,0.860
36.6,0.860
36.6,0.860
36.6,0.860
36.6,0.860
36.6,0.860
36.6,0.860
36.6,0.860
36.6,0.860
36.6,0.860
36.6,0.860
36.6,0.860
36.6,0.860
36.6,0.860
36.6,0.865
36.6,0.865
36.6,0.865
36.6,0.865
36.6,0.865
36.6,0.865
36.6,0.865
36.6,0.865
36.6,0.865
36.6,0.865
36.6,0.865
36.6,0.865
36.6,0.865
36.6,0.865
36.6,0.865
36.6,0.865
36.6,0.865
36.6,0.865
36.6,0.870
36.6,0.870
36.6,0.870
36.6,0.870
36.6,0.870
36.6,0.870
36.6,0.870
36.6,0.870
36.6,0.870
36.6,0.870
36.6,0.870
36.6,0.870
36.6,0.870
36.6,0.870
36.6,0.870
36.6,0.870
36.6,0.870
36.6,0.870
36.6,0.875
36.6,0.875
36.6,0.875
36.6,0.875
36.6,0.875
36.6,0.875
36.6,0.875
36.6,0.875
36.6,0.875
36.6,0.875
36.6,0.875
36.6,0.875
36.6,0.875
36.6,0.875
36.6,0.875
36.6,0.875
36.6,0.875
36.6,0.875
36.6,0.880
36.6,0.880
36.6,0.880
36.6,0.880
36.6,0.880
36.7,0.880
36.7,0.880
36.7,0.880
36.7,0.880
36.7,0.880
36.7,0.880
36.7,0.880
36.7,0.880
36.7,0.880
36.7,0.880
36.7,0.880
36.7,0.880
36.7,0.885
36.7,0.885
36.7,0.885
36.8,0.885
36.7,0.885
36.7,0.885
36.7,0.885
36.7,0.885
36.7,0.885
36.7,0.885
36.7,0.885
36.7,0.885
36.7,0.885
36.7,0.885
36.7,0.885
36.7,0.885
36.7,0.890
36.7,0.890
36.7,0.890
36.7,0.890
36.7,0.890
36.7,0.890
36.7,0.890
36.7,0.890
36.7,0.890
36.7,0.890
36.7,0.890
36.7,0.890
36.7,0.890
36.7,0.890
36.7,0.890
36.7,0.890
36.7,0.890
36.7,0.890
36.7,0.895
36.7,0.895
36.7,0.895
36.7,0.895
36.7,0.895
36.7,0.895
36.7,0.895
36.7,0.895
36.7,0.895
36.7,0.895
36.7,0.895
36.7,0.895
36.7,0.895
36.7,0.895
36.7,0.895
36.7,0.895
36.7,0.895
36.7,0.900
36.7,0.900
36.7,0.900
36.7,0.900
36.7,0.900
36.7,0.900
36.7,0.900
36.7,0.900
36.7,0.900
36.7,0.900
36.7,0.900
36.7,0.900
36.7,0.900
36.7,0.900
36.7,0.900
36.7,0.900
36.7,0.900
36.7,0.905
36.7,0.905
36.7,0.905
36.7,0.905
36.7,0.905
36.7,0.905
36.7,0.905
36.7,0.905
36.7,0.905
36.7,0.905
36.7,0.905
36.7,0.905
36.7,0.905
36.7,0.905
36.7,0.905
36.7,0.905
36.7,0.905
36.7,0.910
36.7,0.910
36.7,0.910
36.7,0.910
36.7,0.910
36.7,0.910
36.7,0.910
36.7,0.910
36.7,0.910
36.7,0.910
36.7,0.910
36.7,0.910
36.7,0.910
36.7,0.910
36.7,0.910
36.7,0.910
36.7,0.915
36.7,0.915
36.7,0.915
36.7,0.915
36.7,0.915
36.7,0.915
36.7,0.915
36.7,0.915
36.7,0.915
36.7,0.915
36.7,0.915
36.7,0.915
36.7,0.915
36.7,0.915
36.7,0.915
36.7,0.915
36.7,0.915
36.7,0.920
36.7,0.920
36.7,0.920
36.7,0.920
36.7,0.920
36.7,0.920
36.7,0.920
36.7,0.920
36.7,0.920
36.7,0.920
36.7,0.920
36.7,0.920
36.7,0.920
36.7,0.920
36.7,0.920
36.7,0.920
36.7,0.920
36.7,0.925
36.7,0.925
36.7,0.925
36.7,0.925
36.7,0.925
36.7,0.925
36.7,0.925
36.7,0.925
36.7,0.925
36.7,0.925
36.7,0.925
36.7,0.925
36.7,0.925
36.7,0.925
36.7,0.925
36.7,0.925
36.7,0.925
36.7,0.930
36.8,0.930
36.8,0.930
36.8,0.930
36.8,0.930
36.8,0.930
36.8,0.930
36.8,0.930
36.8,0.930
36.8,0.930
36.8,0.930
36.8,0.930
36.8,0.930
36.8,0.930
36.8,0.930
36.8,0.935
36.8,0.935
36.8,0.935
36.8,0.935
36.8,0.935
36.8,0.935
36.8,0.935
36.8,0.935
36.8,0.935
36.8,0.935
36.8,0.935
36.8,0.935
36.8,0.935
36.8,0.935
36.9,0.935
36.9,0.935
36.9,0.935
36.9,0.940
36.9,0.940
36.9,0.940
36.9,0.940
36.9,0.940
37.0,0.940
37.0,0.940
37.0,0.940
37.0,0.940
37.0,0.940
37.0,0.940
37.0,0.940
37.0,0.940
37.0,0.940
37.0,0.940
37.0,0.940
37.0,0.940
37.0,0.945
37.0,0.945
37.0,0.945
37.0,0.945
37.0,0.945
37.0,0.945
37.0,0.945
37.0,0.945
37.0,0.945
37.0,0.945
37.0,0.945
37.0,0.945
37.0,0.945
37.0,0.945
37.0,0.945
37.0,0.945
37.0,0.945
37.0,0.950
37.0,0.950
37.0,0.950
37.0,0.950
37.0,0.950
37.0,0.950
37.0,0.950
37.0,0.950
37.0,0.950
37.0,0.950
37.0,0.950
37.0,0.950
37.0,0.950
37.0,0.950
37.0,0.950
37.0,0.950
37.0,0.950
37.0,0.955
37.0,0.955
37.0,0.955
37.0,0.955
37.0,0.955
36.9,0.955
36.9,0.955
36.9,0.955
36.9,0.955
36.9,0.955
36.9,0.955
36.9,0.955
36.9,0.955
36.9,0.955
36.9,0.955
36.9,0.955
36.9,0.955
36.9,0.955
37.0,0.955
37.0,0.960
37.0,0.960
37.0,0.960
37.0,0.960
37.0,0.960
37.0,0.960
37.0,0.960
37.0,0.960
37.0,0.960
37.0,0.960
37.0,0.960
37.0,0.960
37.0,0.960
37.0,0.960
37.0,0.960
37.0,0.960
37.1,0.960
37.1,0.960
37.1,0.960
37.1,0.965
37.1,0.965
37.1,0.965
37.1,0.965
37.1,0.965
37.1,0.965
37.1,0.965
37.1,0.965
37.1,0.965
37.0,0.965
37.0,0.965
37.0,0.965
37.0,0.965
37.0,0.965
37.0,0.965
37.0,0.965
37.0,0.965
37.0,0.965
36.9,0.970
36.9,0.970
36.9,0.970
36.9,0.970
36.9,0.970
36.9,0.970
36.9,0.970
36.9,0.970
36.9,0.970
36.9,0.970
36.9,0.970
36.9,0.970
36.9,0.970
36.9,0.970
36.9,0.970
36.9,0.970
36.9,0.970
36.9,0.970
36.9,0.970
36.9,0.970
36.9,0.975
36.9,0.975
36.9,0.975
36.9,0.975
36.9,0.975
36.9,0.975
36.9,0.975
36.9,0.975
36.9,0.975
36.9,0.975
36.9,0.975
36.9,0.975
36.9,0.975
36.9,0.975
36.9,0.975
36.9,0.975
36.9,0.975
36.9,0.975
37.0,0.975
37.0,0.975
37.0,0.980
37.0,0.980
37.0,0.980
37.0,0.980
37.0,0.980
37.0,0.980
37.0,0.980
37.0,0.980
37.0,0.980
37.0,0.980
37.0,0.980
37.0,0.980
37.0,0.980
37.0,0.980
37.0,0.980
37.0,0.980
37.0,0.980
37.0,0.980
37.0,0.980
37.0,0.980
37.0,0.980
37.0,0.985
37.0,0.985
37.0,0.985
37.0,0.985
37.0,0.985
37.0,0.985
37.0,0.985
37.0,0.985
37.0,0.985
37.0,0.985
37.0,0.985
36.9,0.985
36.9,0.985
36.9,0.985
36.9,0.985
36.9,0.985
36.9,0.985
36.9,0.985
36.9,0.985
36.9,0.985
36.9,0.990
36.9,0.990
36.9,0.990
36.9,0.990
36.9,0.990
36.9,0.990
36.9,0.990
36.9,0.990
36.9,0.990
36.9,0.990
36.9,0.990
36.9,0.990
36.9,0.990
36.9,0.990
36.9,0.990
36.9,0.990
36.9,0.990
36.9,0.990
36.9,0.990
36.9,0.995
36.9,0.995
36.9,0.995
36.9,0.995
36.9,0.995
36.9,0.995
36.9,0.995
37.0,0.995
37.0,0.995
37.0,0.995
37.0,0.995
37.0,0.995
37.0,0.995
37.0,0.995
37.0,0.995
37.0,0.995
37.0,0.995
37.0,0.995
37.0,0.995
37.0,0.995
37.0,1.000
37.0,1.000
37.0,1.000
37.0,1.000
37.0,1.000
37.0,1.000
37.0,1.000
37.0,1.000
37.0,1.000
37.0,1.000
37.0,1.000
37.0,1.000
37.0,1.000
37.0,1.000
37.0,1.000
37.0,1.000
37.0,1.000
37.0,1.000
37.0,1.000
37.0,1.000
37.0,1.005
37.0,1.005
37.1,1.005
37.1,1.005
37.1,1.005
37.1,1.005
37.1,1.005
37.1,1.005
37.1,1.005
37.1,1.005
37.1,1.005
37.1,1.005
37.1,1.005
37.1,1.005
37.1,1.005
37.1,1.005
37.1,1.005
37.1,1.005
37.1,1.005
37.1,1.005
37.1,1.010
37.1,1.010
37.1,1.010
37.1,1.010
37.1,1.010
37.1,1.010
37.1,1.010
37.1,1.010
37.0,1.010
37.0,1.010
37.0,1.010
37.0,1.010
37.0,1.010
37.0,1.010
37.0,1.010
37.0,1.010
37.0,1.010
37.0,1.010
37.1,1.010
37.1,1.015
37.1,1.015
37.1,1.015
37.1,1.015
37.1,1.015
37.1,1.015
37.1,1.015
37.1,1.015
37.1,1.015
37.1,1.015
37.1,1.015
37.1,1.015
37.1,1.015
37.1,1.015
37.1,1.015
37.1,1.015
37.1,1.015
37.1,1.015
37.1,1.015
37.1,1.020
37.1,1.020
37.1,1.020
37.1,1.020
37.1,1.020
37.1,1.020
37.1,1.020
37.0,1.020
37.0,1.020
37.0,1.020
37.0,1.020
37.0,1.020
37.0,1.020
37.0,1.020
37.0,1.020
37.0,1.020
37.0,1.020
37.0,1.020
37.0,1.020
37.0,1.025
37.0,1.025
37.0,1.025
37.0,1.025
37.1,1.025
37.1,1.025
37.1,1.025
37.1,1.025
37.1,1.025
37.1,1.025
37.1,1.025
37.1,1.025
37.1,1.025
37.1,1.025
37.1,1.025
37.1,1.025
37.1,1.025
37.1,1.025
37.1,1.030
37.1,1.030
37.1,1.030
37.1,1.030
37.1,1.030
37.1,1.030
37.1,1.030
37.1,1.030
37.1,1.030
37.1,1.030
37.1,1.030
37.1,1.030
37.1,1.030
37.1,1.030
37.1,1.030
37.2,1.030
37.2,1.030
37.2,1.030
37.2,1.035
37.2,1.035
37.2,1.035
37.2,1.035
37.2,1.035
37.2,1.035
37.2,1.035
37.2,1.035
37.2,1.035
37.2,1.035
37.2,1.035
37.2,1.035
37.2,1.035
37.2,1.035
37.2,1.035
37.2,1.035
37.2,1.035
37.2,1.035
37.2,1.035
37.2,1.040
37.2,1.040
37.2,1.040
37.2,1.040
37.2,1.040
37.2,1.040
37.2,1.040
37.2,1.040
37.2,1.040
37.2,1.040
37.2,1.040
37.2,1.040
37.2,1.040
37.2,1.040
37.2,1.040
37.2,1.040
37.2,1.040
37.2,1.040
37.2,1.040
37.2,1.045
37.2,1.045
37.2,1.045
37.2,1.045
37.2,1.045
37.2,1.045
37.2,1.045
37.2,1.045
37.2,1.045
37.2,1.045
37.2,1.045
37.2,1.045
37.2,1.045
37.2,1.045
37.2,1.045
37.2,1.045
37.2,1.045
37.2,1.045
37.2,1.050
37.2,1.050
37.2,1.050
37.2,1.050
37.2,1.050
37.2,1.050
37.2,1.050
37.2,1.050
37.2,1.050
37.2,1.050
37.2,1.050
37.2,1.050
37.2,1.050
37.2,1.050
37.2,1.050
37.2,1.050
37.2,1.050
37.2,1.050
37.2,1.050
37.2,1.050
37.2,1.055
37.2,1.055
37.2,1.055
37.2,1.055
37.2,1.055
37.2,1.055
37.2,1.055
37.2,1.055
37.2,1.055
37.2,1.055
37.2,1.055
37.2,1.055
37.2,1.055
37.2,1.055
37.2,1.055
37.2,1.055
37.2,1.055
37.2,1.055
37.2,1.055
37.2,1.055
37.2,1.055
37.2,1.060
37.2,1.060
37.2,1.060
37.2,1.060
37.2,1.060
37.2,1.060
37.2,1.060
37.2,1.060
37.2,1.060
37.2,1.060
37.2,1.060
37.2,1.060
37.2,1.060
37.2,1.060
37.2,1.060
37.2,1.060
37.2,1.060
37.2,1.060
37.2,1.060
37.2,1.060
37.2,1.060
37.2,1.065
37.2,1.065
37.2,1.065
37.2,1.065
37.2,1.065
37.2,1.065
37.2,1.065
37.2,1.065
37.2,1.065
37.2,1.065
37.2,1.065
37.2,1.065
37.2,1.065
37.2,1.065
37.2,1.065
37.2,1.065
37.2,1.065
37.2,1.065
37.2,1.065
37.2,1.065
37.2,1.070
37.2,1.070
37.2,1.070
37.2,1.070
37.2,1.070
37.2,1.070
37.2,1.070
37.2,1.070
37.2,1.070
37.2,1.070
37.2,1.070
37.2,1.070
37.2,1.070
37.2,1.070
37.2,1.070
37.2,1.070
37.3,1.070
37.3,1.070
37.3,1.075
37.3,1.075
37.3,1.075
37.3,1.075
37.3,1.075
37.3,1.075
37.3,1.075
37.3,1.075
37.2,1.075
37.2,1.075
37.2,1.075
37.2,1.075
37.2,1.075
37.2,1.075
37.2,1.075
37.2,1.075
37.2,1.075
37.2,1.075
37.2,1.075
37.2,1.075
37.2,1.080
37.2,1.080
37.2,1.080
37.2,1.080
37.3,1.080
37.3,1.080
37.3,1.080
37.3,1.080
37.3,1.080
37.3,1.080
37.3,1.080
37.3,1.080
37.3,1.080
37.3,1.080
37.3,1.080
37.3,1.080
37.3,1.080
37.3,1.080
37.3,1.080
37.3,1.080
37.3,1.085
37.3,1.085
37.3,1.085
37.3,1.085
37.3,1.085
37.3,1.085
37.3,1.085
37.3,1.085
37.3,1.085
37.3,1.085
37.4,1.085
37.4,1.085
37.4,1.085
37.3,1.085
37.3,1.085
37.3,1.085
37.3,1.085
37.3,1.085
37.3,1.090
37.3,1.090
37.3,1.090
37.3,1.090
37.3,1.090
37.3,1.090
37.3,1.090
37.3,1.090
37.3,1.090
37.3,1.090
37.3,1.090
37.3,1.090
37.3,1.090
37.3,1.090
37.3,1.090
37.3,1.090
37.3,1.090
37.3,1.095
37.3,1.095
37.3,1.095
37.3,1.095
37.3,1.095
37.3,1.095
37.3,1.095
37.3,1.095
37.3,1.095
37.3,1.095
37.3,1.095
37.3,1.095
37.3,1.095
37.3,1.095
37.3,1.095
37.3,1.095
37.3,1.095
37.3,1.095
37.3,1.095
37.3,1.095
37.3,1.100
37.3,1.100
37.3,1.100
37.3,1.100
37.3,1.100
37.3,1.100
37.3,1.100
37.3,1.100
37.3,1.100
37.3,1.100
37.3,1.100
37.3,1.100
37.3,1.100
37.3,1.100
37.3,1.100
37.3,1.100
37.3,1.100
37.3,1.100
37.3,1.100
37.3,1.105
37.3,1.105
37.3,1.105
37.3,1.105
37.3,1.105
37.3,1.105
37.3,1.105
37.3,1.105
37.3,1.105
37.3,1.105
37.3,1.105
37.3,1.105
37.3,1.105
37.3,1.105
37.3,1.105
37.3,1.105
37.3,1.105
37.3,1.105
37.3,1.110
37.3,1.110
37.3,1.110
37.3,1.110
37.3,1.110
37.3,1.110
37.3,1.110
37.3,1.110
37.3,1.110
37.3,1.110
37.3,1.110
37.3,1.110
37.3,1.110
37.3,1.110
37.3,1.110
37.3,1.110
37.3,1.110
37.3,1.110
37.3,1.115
37.3,1.115
37.3,1.115
37.3,1.115
37.3,1.115
37.3,1.115
37.3,1.115
37.3,1.115
37.3,1.115
37.3,1.115
37.3,1.115
37.4,1.115
37.4,1.115
37.4,1.115
37.4,1.115
37.4,1.115
37.4,1.115
37.4,1.115
37.4,1.115
37.4,1.120
37.4,1.120
37.4,1.120
37.4,1.120
37.4,1.120
37.4,1.120
37.4,1.120
37.4,1.120
37.4,1.120
37.4,1.120
37.4,1.120
37.4,1.120
37.4,1.120
37.4,1.120
37.4,1.120
37.4,1.120
37.4,1.120
37.5,1.120
37.5,1.120
37.5,1.120
37.5,1.120
37.5,1.125
37.5,1.125
37.5,1.125
37.5,1.125
37.5,1.125
37.4,1.125
37.4,1.125
37.4,1.125
37.4,1.125
37.4,1.125
37.4,1.125
37.4,1.125
37.4,1.125
37.4,1.125
37.4,1.125
37.4,1.125
37.4,1.125
37.4,1.125
37.4,1.125
37.4,1.130
37.4,1.130
37.4,1.130
37.4,1.130
37.4,1.130
37.4,1.130
37.4,1.130
37.4,1.130
37.4,1.130
37.4,1.130
37.4,1.130
37.4,1.130
37.4,1.130
37.4,1.130
37.4,1.130
37.4,1.130
37.4,1.130
37.4,1.130
37.4,1.130
37.4,1.130
37.4,1.130
37.4,1.135
37.4,1.135
37.4,1.135
37.4,1.135
37.4,1.135
37.4,1.135
37.4,1.135
37.4,1.135
37.4,1.135
37.4,1.135
37.4,1.135
37.4,1.135
37.4,1.135
37.4,1.135
37.4,1.135
37.4,1.135
37.4,1.135
37.4,1.135
37.4,1.135
37.4,1.135
37.4,1.135
37.4,1.140
37.4,1.140
37.4,1.140
37.4,1.140
37.4,1.140
37.4,1.140
37.4,1.140
37.4,1.140
37.4,1.140
37.4,1.140
37.4,1.140
37.4,1.140
37.4,1.140
37.4,1.140
37.4,1.140
37.4,1.140
37.4,1.140
37.4,1.140
37.4,1.140
37.4,1.140
37.4,1.140
37.4,1.145
37.4,1.145
37.4,1.145
37.4,1.145
37.4,1.145
37.4,1.145
37.4,1.145
37.4,1.145
37.4,1.145
37.4,1.145
37.4,1.145
37.4,1.145
37.4,1.145
37.4,1.145
37.4,1.145
37.4,1.145
37.4,1.145
37.5,1.145
37.5,1.145
37.5,1.145
37.5,1.145
37.5,1.150
37.5,1.150
37.5,1.150
37.5,1.150
37.5,1.150
37.5,1.150
37.5,1.150
37.5,1.150
37.4,1.150
37.4,1.150
37.4,1.150
37.4,1.150
37.4,1.150
37.4,1.150
37.4,1.150
37.4,1.150
37.4,1.150
37.4,1.150
37.4,1.150
37.4,1.150
37.4,1.150
37.4,1.155
37.4,1.155
37.4,1.155
37.4,1.155
37.4,1.155
37.4,1.155
37.5,1.155
37.5,1.155
37.5,1.155
37.5,1.155
37.5,1.155
37.5,1.155
37.5,1.155
37.5,1.155
37.5,1.155
37.5,1.155
37.5,1.155
37.5,1.155
37.5,1.155
37.5,1.155
37.5,1.155
37.5,1.155
37.5,1.155
37.5,1.160
37.4,1.160
37.4,1.160
37.4,1.160
37.4,1.160
37.4,1.160
37.4,1.160
37.4,1.160
37.4,1.160
37.4,1.160
37.4,1.160
37.5,1.160
37.5,1.160
37.5,1.160
37.5,1.160
37.5,1.160
37.5,1.160
37.5,1.160
37.5,1.160
37.5,1.160
37.6,1.160
37.6,1.160
37.6,1.160
37.6,1.165
37.6,1.165
37.6,1.165
37.6,1.165
37.6,1.165
37.6,1.165
37.6,1.165
37.6,1.165
37.6,1.165
37.6,1.165
37.6,1.165
37.6,1.165
37.6,1.165
37.6,1.165
37.6,1.165
37.6,1.165
37.6,1.165
37.6,1.165
37.6,1.165
37.6,1.165
37.6,1.165
37.6,1.165
37.6,1.170
37.6,1.170
37.6,1.170
37.6,1.170
37.6,1.170
37.7,1.170
37.7,1.170
37.7,1.170
37.7,1.170
37.7,1.170
37.7,1.170
37.7,1.170
37.7,1.170
37.7,1.170
37.7,1.170
37.7,1.170
37.7,1.170
37.7,1.170
37.7,1.170
37.7,1.170
37.7,1.170
37.7,1.175
37.7,1.175
37.7,1.175
37.7,1.175
37.7,1.175
37.7,1.175
37.7,1.175
37.7,1.175
37.7,1.175
37.7,1.175
37.7,1.175
37.7,1.175
37.7,1.175
37.7,1.175
37.7,1.175
37.7,1.175
37.7,1.175
37.7,1.175
37.7,1.175
37.7,1.175
37.7,1.175
37.7,1.175
37.7,1.175
37.7,1.180
37.7,1.180
37.7,1.180
37.7,1.180
37.7,1.180
37.7,1.180
37.7,1.180
37.7,1.180
37.7,1.180
37.7,1.180
37.7,1.180
37.7,1.180
37.7,1.180
37.7,1.180
37.7,1.180
37.7,1.180
37.7,1.180
37.7,1.180
37.7,1.180
37.7,1.180
37.7,1.180
37.7,1.180
37.7,1.180
37.7,1.185
37.7,1.185
37.7,1.185
37.7,1.185
37.7,1.185
37.7,1.185
37.7,1.185
37.7,1.185
37.7,1.185
37.7,1.185
37.7,1.185
37.7,1.185
37.7,1.185
37.7,1.185
37.7,1.185
37.7,1.185
37.7,1.185
37.7,1.185
37.7,1.185
37.7,1.185
37.7,1.185
37.7,1.185
37.7,1.185
37.7,1.190
37.7,1.190
37.7,1.190
37.7,1.190
37.7,1.190
37.7,1.190
37.7,1.190
37.7,1.190
37.7,1.190
37.7,1.190
37.7,1.190
37.7,1.190
37.7,1.190
37.7,1.190
37.7,1.190
37.7,1.190
37.7,1.190
37.7,1.190
37.7,1.190
37.7,1.190
37.7,1.190
37.7,1.190
37.7,1.190
37.7,1.190
37.7,1.195
37.7,1.195
37.7,1.195
37.7,1.195
37.7,1.195
37.7,1.195
37.7,1.195
37.7,1.195
37.7,1.195
37.7,1.195
37.7,1.195
37.7,1.195
37.7,1.195
37.7,1.195
37.7,1.195
37.7,1.195
37.7,1.195
37.7,1.195
37.7,1.195
37.7,1.195
37.7,1.195
37.7,1.195
37.7,1.195
37.7,1.195
37.7,1.195
37.7,1.200
37.7,1.200
37.7,1.200
37.7,1.200
37.7,1.200
37.8,1.200
37.8,1.200
37.8,1.200
37.8,1.200
37.8,1.200
37.8,1.200
37.8,1.200
37.8,1.200
37.8,1.200
37.8,1.200
37.8,1.200
37.8,1.200
37.8,1.200
37.8,1.200
37.8,1.200
37.8,1.200
37.8,1.200
37.8,1.200
37.8,1.200
37.8,1.200
37.8,1.200
37.8,1.205
37.8,1.205
37.8,1.205
37.8,1.205
37.8,1.205
37.8,1.205
37.8,1.205
37.8,1.205
37.8,1.205
37.8,1.205
37.8,1.205
37.8,1.205
37.8,1.205
37.8,1.205
37.8,1.205
37.8,1.205
37.8,1.205
37.8,1.205
37.8,1.205
37.8,1.205
37.8,1.205
37.8,1.205
37.8,1.205
37.8,1.205
37.8,1.210
37.8,1.210
37.8,1.210
37.8,1.210
37.8,1.210
37.8,1.210
37.8,1.210
37.8,1.210
37.8,1.210
37.8,1.210
37.8,1.210
37.9,1.210
37.9,1.210
37.9,1.210
37.9,1.210
37.9,1.210
37.9,1.210
37.9,1.210
37.9,1.210
37.9,1.210
37.9,1.210
37.9,1.210
37.9,1.210
37.9,1.210
37.9,1.210
37.9,1.215
37.9,1.215
37.9,1.215
37.9,1.215
37.9,1.215
37.9,1.215
37.9,1.215
37.9,1.215
37.9,1.215
37.9,1.215
37.9,1.215
37.9,1.215
37.9,1.215
37.9,1.215
37.9,1.215
37.9,1.215
37.9,1.215
37.9,1.215
37.9,1.215
37.9,1.215
37.9,1.215
37.9,1.215
37.9,1.215
37.9,1.215
37.9,1.215
37.9,1.215
37.9,1.220
37.9,1.220
37.9,1.220
37.9,1.220
37.9,1.220
37.9,1.220
37.9,1.220
37.9,1.220
37.9,1.220
37.9,1.220
37.9,1.220
37.9,1.220
37.9,1.220
37.9,1.220
37.9,1.220
37.9,1.220
37.9,1.220
37.9,1.220
37.9,1.220
37.9,1.220
37.9,1.220
37.9,1.220
37.9,1.220
37.9,1.220
37.9,1.220
37.9,1.220
37.9,1.225
37.9,1.225
37.9,1.225
37.9,1.225
37.9,1.225
37.9,1.225
37.9,1.225
38.0,1.225
38.0,1.225
38.0,1.225
38.0,1.225
38.0,1.225
38.0,1.225
38.0,1.225
38.0,1.225
38.0,1.225
38.0,1.225
37.9,1.225
37.9,1.225
37.9,1.225
37.9,1.225
37.9,1.225
37.9,1.225
37.9,1.225
37.9,1.225
37.9,1.230
38.0,1.230
37.9,1.230
37.9,1.230
37.9,1.230
37.9,1.230
37.9,1.230
37.9,1.230
37.9,1.230
37.9,1.230
37.9,1.230
37.9,1.230
37.9,1.230
37.9,1.230
37.9,1.230
37.9,1.230
37.9,1.230
37.9,1.230
37.9,1.230
37.9,1.230
37.9,1.230
37.9,1.230
37.9,1.230
37.9,1.230
37.9,1.235
37.9,1.235
37.9,1.235
37.9,1.235
37.9,1.235
37.9,1.235
37.9,1.235
37.9,1.235
37.9,1.235
37.9,1.235
37.9,1.235
37.9,1.235
37.9,1.235
37.9,1.235
37.9,1.235
37.9,1.235
37.9,1.235
37.9,1.235
37.9,1.235
37.9,1.235
37.9,1.235
37.9,1.235
37.9,1.235
37.9,1.235
37.9,1.235
37.9,1.235
37.9,1.235
37.9,1.240
38.0,1.240
38.0,1.240
38.0,1.240
38.0,1.240
38.0,1.240
38.0,1.240
38.0,1.240
38.0,1.240
38.0,1.240
38.0,1.240
38.0,1.240
38.0,1.240
38.0,1.240
38.0,1.240
38.0,1.240
38.0,1.240
38.0,1.240
38.0,1.240
38.0,1.240
38.0,1.240
38.0,1.240
38.0,1.240
38.0,1.240
38.0,1.240
38.0,1.245
38.0,1.245
38.0,1.245
38.0,1.245
38.0,1.245
38.0,1.245
38.0,1.245
38.0,1.245
38.1,1.245
38.1,1.245
38.1,1.245
38.1,1.245
38.1,1.245
38.1,1.245
38.1,1.245
38.1,1.245
38.1,1.245
38.1,1.245
38.1,1.245
38.1,1.245
38.1,1.245
38.1,1.245
38.1,1.245
38.1,1.245
38.1,1.245
38.1,1.250
38.1,1.250
38.1,1.250
38.1,1.250
38.1,1.250
38.1,1.250
38.1,1.250
38.1,1.250
38.1,1.250
38.1,1.250
38.1,1.250
38.1,1.250
38.1,1.250
38.1,1.250
38.1,1.250
38.1,1.250
38.1,1.250
38.1,1.250
38.1,1.250
38.1,1.250
38.1,1.250
38.1,1.250
38.1,1.250
38.1,1.255
38.1,1.255
38.1,1.255
38.1,1.255
38.1,1.255
38.1,1.255
38.1,1.255
38.1,1.255
38.1,1.255
38.1,1.255
38.1,1.255
38.1,1.255
38.1,1.255
38.1,1.255
38.1,1.255
38.2,1.255
38.2,1.255
38.2,1.255
38.2,1.255
38.2,1.255
38.2,1.255
38.2,1.255
38.2,1.255
38.2,1.255
38.2,1.260
38.2,1.260
38.2,1.260
38.2,1.260
38.2,1.260
38.2,1.260
38.2,1.260
38.2,1.260
38.2,1.260
38.2,1.260
38.2,1.260
38.2,1.260
38.2,1.260
38.2,1.260
38.2,1.260
38.2,1.260
38.2,1.260
38.2,1.260
38.2,1.260
38.2,1.260
38.2,1.260
38.2,1.260
38.2,1.260
38.2,1.260
38.3,1.265
38.3,1.265
38.3,1.265
38.3,1.265
38.3,1.265
38.3,1.265
38.3,1.265
38.3,1.265
38.3,1.265
38.3,1.265
38.3,1.265
38.3,1.265
38.3,1.265
38.3,1.265
38.3,1.265
38.3,1.265
38.3,1.265
38.3,1.265
38.3,1.265
38.3,1.265
38.3,1.265
38.3,1.265
38.3,1.265
38.3,1.270
38.3,1.270
38.3,1.270
38.3,1.270
38.3,1.270
38.2,1.270
38.2,1.270
38.2,1.270
38.2,1.270
38.2,1.270
38.2,1.270
38.2,1.270
38.2,1.270
38.2,1.270
38.2,1.270
38.2,1.270
38.2,1.270
38.2,1.270
38.2,1.270
38.2,1.270
38.2,1.270
38.2,1.270
38.2,1.275
38.2,1.275
38.2,1.275
38.2,1.275
38.2,1.275
38.3,1.275
38.3,1.275
38.3,1.275
38.3,1.275
38.3,1.275
38.3,1.275
38.3,1.275
38.3,1.275
38.3,1.275
38.3,1.275
38.3,1.275
38.3,1.275
38.3,1.275
38.3,1.275
38.3,1.275
38.3,1.275
38.3,1.275
38.3,1.280
38.3,1.280
38.3,1.280
38.3,1.280
38.3,1.280
38.3,1.280
38.3,1.280
38.3,1.280
38.3,1.280
38.3,1.280
38.3,1.280
38.3,1.280
38.3,1.280
38.3,1.280
38.3,1.280
38.3,1.280
38.3,1.280
38.3,1.280
38.3,1.280
38.3,1.280
38.3,1.285
38.3,1.285
38.3,1.285
38.3,1.285
38.3,1.285
38.3,1.285
38.3,1.285
38.3,1.285
38.3,1.285
38.3,1.285
38.3,1.285
38.3,1.285
38.3,1.285
38.3,1.285
38.3,1.285
38.3,1.285
38.3,1.285
38.3,1.285
38.3,1.290
38.3,1.290
38.3,1.290
38.3,1.290
38.3,1.290
38.3,1.290
38.3,1.290
38.3,1.290
38.3,1.290
38.3,1.290
38.3,1.290
38.3,1.290
38.3,1.290
38.3,1.290
38.3,1.290
38.3,1.290
38.3,1.290
38.3,1.290
38.3,1.290
38.3,1.295
38.3,1.295
38.3,1.295
38.3,1.295
38.3,1.295
38.3,1.295
38.3,1.295
38.3,1.295
38.3,1.295
38.3,1.295
38.3,1.295
38.3,1.295
38.3,1.295
38.3,1.295
38.3,1.295
38.3,1.295
38.4,1.295
38.4,1.295
38.4,1.300
38.4,1.300
38.4,1.300
38.4,1.300
38.4,1.300
38.4,1.300
38.4,1.300
38.4,1.300
38.4,1.300
38.4,1.300
38.4,1.300
38.4,1.300
38.4,1.300
38.4,1.300
38.4,1.300
38.4,1.300
38.4,1.300
38.4,1.300
38.4,1.305
38.4,1.305
38.4,1.305
38.4,1.305
38.4,1.305
38.4,1.305
38.4,1.305
38.4,1.305
38.3,1.305
38.3,1.305
38.3,1.305
38.3,1.305
38.3,1.305
38.3,1.305
38.3,1.305
38.3,1.305
38.4,1.305
38.4,1.305
38.4,1.310
38.4,1.310
38.4,1.310
38.4,1.310
38.4,1.310
38.4,1.310
38.4,1.310
38.4,1.310
38.4,1.310
38.4,1.310
38.4,1.310
38.4,1.310
38.4,1.310
38.4,1.310
38.4,1.310
38.4,1.310
38.4,1.310
38.4,1.315
38.4,1.315
38.4,1.315
38.4,1.315
38.4,1.315
38.4,1.315
38.4,1.315
38.4,1.315
38.4,1.315
38.4,1.315
38.4,1.315
38.4,1.315
38.4,1.315
38.4,1.315
38.4,1.315
38.4,1.315
38.4,1.315
38.4,1.315
38.4,1.320
38.4,1.320
38.4,1.320
38.4,1.320
38.4,1.320
38.4,1.320
38.4,1.320
38.4,1.320
38.4,1.320
38.4,1.320
38.4,1.320
38.4,1.320
38.4,1.320
38.4,1.320
38.4,1.320
38.4,1.320
38.4,1.320
38.4,1.325
38.4,1.325
38.4,1.325
38.4,1.325
38.4,1.325
38.4,1.325
38.4,1.325
38.4,1.325
38.4,1.325
38.4,1.325
38.4,1.325
38.5,1.325
38.5,1.325
38.5,1.325
38.5,1.325
38.5,1.325
38.5,1.325
38.5,1.330
38.5,1.330
38.5,1.330
38.5,1.330
38.5,1.330
38.5,1.330
38.5,1.330
38.5,1.330
38.4,1.330
38.4,1.330
38.4,1.330
38.4,1.330
38.4,1.330
38.4,1.330
38.4,1.330
38.4,1.335
38.4,1.335
38.4,1.335
38.4,1.335
38.4,1.335
38.4,1.335
38.4,1.335
38.4,1.335
38.4,1.335
38.4,1.335
38.4,1.335
38.4,1.335
38.4,1.335
38.4,1.335
38.4,1.335
38.4,1.335
38.4,1.335
38.4,1.340
38.4,1.340
38.4,1.340
38.4,1.340
38.4,1.340
38.4,1.340
38.4,1.340
38.4,1.340
38.4,1.340
38.4,1.340
38.4,1.340
38.4,1.340
38.4,1.340
38.4,1.340
38.4,1.340
38.4,1.340
38.4,1.345
38.4,1.345
38.4,1.345
38.4,1.345
38.4,1.345
38.4,1.345
38.4,1.345
38.4,1.345
38.4,1.345
38.5,1.345
38.5,1.345
38.5,1.345
38.5,1.345
38.5,1.345
38.5,1.345
38.5,1.345
38.5,1.350
38.5,1.350
38.5,1.350
38.5,1.350
38.5,1.350
38.5,1.350
38.5,1.350
38.5,1.350
38.5,1.350
38.5,1.350
38.5,1.350
38.5,1.350
38.5,1.350
38.5,1.350
38.5,1.350
38.5,1.350
38.5,1.355
38.5,1.355
38.5,1.355
38.5,1.355
38.4,1.355
38.4,1.355
38.4,1.355
38.4,1.355
38.4,1.355
38.4,1.355
38.4,1.355
38.4,1.355
38.4,1.355
38.4,1.355
38.4,1.355
38.4,1.355
38.4,1.355
38.4,1.360
38.4,1.360
38.4,1.360
38.5,1.360
38.5,1.360
38.5,1.360
38.5,1.360
38.5,1.360
38.5,1.360
38.5,1.360
38.5,1.360
38.5,1.360
38.5,1.360
38.5,1.360
38.5,1.360
38.5,1.360
38.5,1.360
38.5,1.360
38.5,1.365
38.5,1.365
38.5,1.365
38.5,1.365
38.5,1.365
38.5,1.365
38.5,1.365
38.5,1.365
38.5,1.365
38.5,1.365
38.5,1.365
38.5,1.365
38.5,1.365
38.5,1.365
38.5,1.365
38.5,1.365
38.5,1.370
38.5,1.370
38.5,1.370
38.5,1.370
38.5,1.370
38.5,1.370
38.5,1.370
38.5,1.370
38.5,1.370
38.5,1.370
38.5,1.370
38.5,1.370
38.5,1.370
38.5,1.370
38.5,1.370
38.6,1.370
38.6,1.370
38.6,1.370
38.6,1.375
38.6,1.375
38.6,1.375
38.6,1.375
38.6,1.375
38.6,1.375
38.6,1.375
38.6,1.375
38.6,1.375
38.6,1.375
38.6,1.375
38.5,1.375
38.5,1.375
38.5,1.375
38.5,1.375
38.5,1.375
38.5,1.375
38.5,1.380
38.5,1.380
38.5,1.380
38.5,1.380
38.5,1.380
38.5,1.380
38.5,1.380
38.5,1.380
38.5,1.380
38.5,1.380
38.5,1.380
38.5,1.380
38.5,1.380
38.5,1.380
38.5,1.380
38.5,1.380
38.5,1.380
38.5,1.380
38.5,1.385
38.5,1.385
38.5,1.385
38.5,1.385
38.5,1.385
38.5,1.385
38.5,1.385
38.5,1.385
38.5,1.385
38.5,1.385
38.5,1.385
38.5,1.385
38.5,1.385
38.5,1.385
38.6,1.385
38.6,1.385
38.6,1.385
38.6,1.390
38.6,1.390
38.6,1.390
38.6,1.390
38.6,1.390
38.6,1.390
38.6,1.390
38.6,1.390
38.6,1.390
38.6,1.390
38.6,1.390
38.6,1.390
38.6,1.390
38.6,1.390
38.6,1.390
38.6,1.390
38.6,1.390
38.6,1.395
38.6,1.395
38.6,1.395
38.6,1.395
38.6,1.395
38.6,1.395
38.6,1.395
38.6,1.395
38.6,1.395
38.6,1.395
38.6,1.395
38.6,1.395
38.6,1.395
38.6,1.395
38.6,1.395
38.6,1.395
38.6,1.395
38.7,1.400
38.7,1.400
38.7,1.400
38.7,1.400
38.7,1.400
38.7,1.400
38.7,1.400
38.7,1.400
38.7,1.400
38.7,1.400
38.7,1.400
38.7,1.400
38.7,1.400
38.7,1.400
38.7,1.400
38.7,1.400
38.7,1.400
38.7,1.400
38.7,1.405
38.7,1.405
38.7,1.405
38.7,1.405
38.7,1.405
38.7,1.405
38.7,1.405
38.7,1.405
38.7,1.405
38.7,1.405
38.7,1.405
38.7,1.405
38.7,1.405
38.7,1.405
38.7,1.405
38.7,1.405
38.7,1.405
38.7,1.410
38.7,1.410
38.7,1.410
38.7,1.410
38.7,1.410
38.7,1.410
38.8,1.410
38.8,1.410
38.8,1.410
38.8,1.410
38.8,1.410
38.8,1.410
38.8,1.410
38.8,1.410
38.8,1.410
38.8,1.410
38.8,1.415
38.8,1.415
38.8,1.415
38.8,1.415
38.8,1.415
38.8,1.415
38.8,1.415
38.8,1.415
38.8,1.415
38.8,1.415
38.8,1.415
38.8,1.415
38.8,1.415
38.8,1.415
38.8,1.415
38.8,1.415
38.8,1.415
38.8,1.415
38.8,1.420
38.8,1.420
38.8,1.420
38.7,1.420
38.7,1.420
38.7,1.420
38.7,1.420
38.7,1.420
38.6,1.420
38.6,1.420
38.6,1.420
38.6,1.420
38.6,1.420
38.6,1.420
38.6,1.420
38.6,1.420
38.6,1.420
38.6,1.420
38.6,1.425
38.6,1.425
38.6,1.425
38.6,1.425
38.6,1.425
38.6,1.425
38.6,1.425
38.6,1.425
38.6,1.425
38.6,1.425
38.6,1.425
38.6,1.425
38.6,1.425
38.6,1.425
38.6,1.425
38.6,1.425
38.6,1.430
38.6,1.430
38.7,1.430
38.7,1.430
38.7,1.430
38.7,1.430
38.7,1.430
38.7,1.430
38.7,1.430
38.7,1.430
38.7,1.430
38.7,1.430
38.7,1.430
38.7,1.430
38.7,1.430
38.7,1.430
38.7,1.435
38.7,1.435
38.7,1.435
38.7,1.435
38.7,1.435
38.7,1.435
38.7,1.435
38.7,1.435
38.7,1.435
38.7,1.435
38.7,1.435
38.7,1.435
38.7,1.435
38.7,1.435
38.7,1.435
38.7,1.435
38.7,1.435
38.7,1.440
38.7,1.440
38.7,1.440
38.7,1.440
38.7,1.440
38.7,1.440
38.7,1.440
38.7,1.440
38.7,1.440
38.7,1.440
38.7,1.440
38.7,1.440
38.7,1.440
38.7,1.440
38.7,1.440
38.7,1.440
38.7,1.440
38.7,1.445
38.7,1.445
38.7,1.445
38.7,1.445
38.7,1.445
38.7,1.445
38.7,1.445
38.7,1.445
38.7,1.445
38.7,1.445
38.6,1.445
38.6,1.445
38.6,1.445
38.6,1.445
38.6,1.445
38.6,1.445
38.6,1.450
38.6,1.450
38.6,1.450
38.6,1.450
38.7,1.450
38.7,1.450
38.7,1.450
38.7,1.450
38.7,1.450
38.7,1.450
38.7,1.450
38.7,1.450
38.7,1.450
38.7,1.450
38.7,1.450
38.7,1.450
38.7,1.455
38.7,1.455
38.7,1.455
38.7,1.455
38.7,1.455
38.7,1.455
38.7,1.455
38.7,1.455
38.7,1.455
38.7,1.455
38.7,1.455
38.7,1.455
38.7,1.455
38.7,1.455
38.7,1.455
38.7,1.455
38.7,1.460
38.7,1.460
38.7,1.460
38.7,1.460
38.7,1.460
38.8,1.460
38.8,1.460
38.8,1.460
38.8,1.460
38.8,1.460
38.8,1.460
38.8,1.460
38.8,1.460
38.8,1.460
38.8,1.460
38.8,1.465
38.8,1.465
38.8,1.465
38.8,1.465
38.8,1.465
38.8,1.465
38.8,1.465
38.8,1.465
38.8,1.465
38.8,1.465
38.8,1.465
38.8,1.465
38.8,1.465
38.8,1.465
38.8,1.465
38.8,1.470
38.9,1.470
38.9,1.470
38.9,1.470
38.9,1.470
38.9,1.470
38.9,1.470
38.9,1.470
38.9,1.470
38.9,1.470
38.9,1.470
38.9,1.470
38.9,1.470
38.9,1.475
38.9,1.475
38.9,1.475
38.9,1.475
38.9,1.475
38.9,1.475
38.9,1.475
38.9,1.475
38.8,1.475
38.8,1.475
38.8,1.475
38.8,1.475
38.8,1.475
38.8,1.475
38.8,1.480
38.8,1.480
38.8,1.480
38.8,1.480
38.8,1.480
38.8,1.480
38.8,1.480
38.8,1.480
38.8,1.480
38.8,1.480
38.8,1.480
38.8,1.480
38.9,1.480
38.9,1.480
38.9,1.485
38.9,1.485
38.9,1.485
38.9,1.485
38.9,1.485
38.9,1.485
38.9,1.485
38.9,1.485
38.9,1.485
38.9,1.485
39.0,1.485
39.0,1.485
39.0,1.485
39.0,1.490
39.0,1.490
39.0,1.490
39.0,1.490
39.0,1.490
39.0,1.490
39.0,1.490
39.0,1.490
39.0,1.490
39.0,1.490
39.0,1.490
39.0,1.495
39.0,1.495
39.0,1.495
39.0,1.495
39.0,1.495
39.0,1.495
39.0,1.495
39.0,1.495
39.0,1.495
39.0,1.495
39.0,1.495
39.0,1.495
39.0,1.495
39.0,1.500
39.0,1.500
39.0,1.500
39.0,1.500
39.0,1.500
39.0,1.500
39.0,1.500
39.0,1.500
39.0,1.500
39.0,1.500
39.0,1.500
39.0,1.500
39.0,1.500
39.1,1.505
39.1,1.505
39.1,1.505
39.1,1.505
39.1,1.505
39.1,1.505
39.1,1.505
39.1,1.505
39.1,1.505
39.1,1.505
39.1,1.505
39.1,1.505
39.1,1.510
39.1,1.510
39.1,1.510
39.1,1.510
39.1,1.510
39.1,1.510
39.1,1.510
39.1,1.510
39.1,1.510
39.1,1.510
39.1,1.510
39.1,1.515
39.1,1.515
39.1,1.515
39.1,1.515
39.1,1.515
39.1,1.515
39.1,1.515
39.1,1.515
39.1,1.515
39.1,1.515
39.1,1.515
39.1,1.515
39.1,1.515
39.1,1.520
39.1,1.520
39.1,1.520
39.1,1.520
39.1,1.520
39.1,1.520
39.1,1.520
39.1,1.520
39.1,1.520
39.1,1.520
39.1,1.520
39.1,1.520
39.1,1.525
39.1,1.525
39.1,1.525
39.1,1.525
39.1,1.525
39.1,1.525
39.1,1.525
39.1,1.525
39.1,1.525
39.1,1.525
39.1,1.525
39.1,1.530
39.1,1.530
39.1,1.530
39.1,1.530
39.1,1.530
39.1,1.530
39.1,1.530
39.1,1.530
39.1,1.530
39.1,1.530
39.1,1.530
39.1,1.530
39.1,1.530
39.1,1.535
39.1,1.535
39.1,1.535
39.1,1.535
39.1,1.535
39.1,1.535
39.1,1.535
39.1,1.535
39.1,1.535
39.1,1.535
39.1,1.535
39.1,1.535
39.1,1.540
39.1,1.540
39.1,1.540
39.1,1.540
39.1,1.540
39.1,1.540
39.1,1.540
39.1,1.540
39.1,1.540
39.1,1.540
39.1,1.540
39.1,1.540
39.1,1.545
39.1,1.545
39.1,1.545
39.1,1.545
39.1,1.545
39.1,1.545
39.1,1.545
39.1,1.545
39.1,1.545
39.1,1.545
39.1,1.545
39.1,1.545
39.1,1.545
39.1,1.550
39.1,1.550
39.1,1.550
39.1,1.550
39.1,1.550
39.1,1.550
39.1,1.550
39.1,1.550
39.2,1.550
39.2,1.550
39.2,1.550
39.2,1.555
39.2,1.555
39.2,1.555
39.2,1.555
39.2,1.555
39.2,1.555
39.2,1.555
39.2,1.555
39.2,1.555
39.2,1.555
39.2,1.555
39.3,1.555
39.3,1.555
39.3,1.560
39.3,1.560
39.3,1.560
39.3,1.560
39.3,1.560
39.3,1.560
39.3,1.560
39.3,1.560
39.3,1.560
39.3,1.560
39.3,1.560
39.3,1.560
39.3,1.560
39.3,1.565
39.3,1.565
39.3,1.565
39.3,1.565
39.3,1.565
39.3,1.565
39.3,1.565
39.3,1.565
39.3,1.565
39.3,1.565
39.3,1.565
39.3,1.565
39.3,1.570
39.3,1.570
39.3,1.570
39.3,1.570
39.3,1.570
39.3,1.570
39.3,1.570
39.3,1.570
39.3,1.570
39.3,1.570
39.3,1.570
39.3,1.570
39.3,1.575
39.3,1.575
39.3,1.575
39.3,1.575
39.3,1.575
39.3,1.575
39.3,1.575
39.3,1.575
39.3,1.575
39.3,1.575
39.3,1.575
39.3,1.575
39.3,1.580
39.3,1.580
39.3,1.580
39.3,1.580
39.3,1.580
39.3,1.580
39.3,1.580
39.3,1.580
39.3,1.580
39.3,1.580
39.3,1.580
39.3,1.580
39.3,1.580
39.3,1.585
39.3,1.585
39.3,1.585
39.3,1.585
39.3,1.585
39.3,1.585
39.3,1.585
39.3,1.585
39.3,1.585
39.3,1.585
39.3,1.585
39.4,1.585
39.4,1.585
39.4,1.590
39.4,1.590
39.4,1.590
39.4,1.590
39.4,1.590
39.4,1.590
39.4,1.590
39.4,1.590
39.4,1.590
39.4,1.590
39.4,1.590
39.4,1.590
39.3,1.590
39.3,1.595
39.3,1.595
39.3,1.595
39.3,1.595
39.3,1.595
39.3,1.595
39.3,1.595
39.3,1.595
39.3,1.595
39.3,1.595
39.3,1.595
39.3,1.595
39.3,1.595
39.4,1.600
39.4,1.600
39.4,1.600
39.4,1.600
39.4,1.600
39.4,1.600
39.4,1.600
39.4,1.600
39.4,1.600
39.4,1.600
39.3,1.600
39.3,1.600
39.3,1.600
39.3,1.600
39.3,1.600
39.3,1.605
39.3,1.605
39.3,1.605
39.3,1.605
39.3,1.605
39.3,1.605
39.3,1.605
39.3,1.605
39.3,1.605
39.3,1.605
39.3,1.605
39.3,1.605
39.3,1.605
39.3,1.610
39.3,1.610
39.3,1.610
39.3,1.610
39.3,1.610
39.3,1.610
39.3,1.610
39.3,1.610
39.3,1.610
39.3,1.610
39.3,1.610
39.4,1.610
39.4,1.610
39.4,1.610
39.4,1.610
39.4,1.615
39.4,1.615
39.4,1.615
39.4,1.615
39.4,1.615
39.4,1.615
39.4,1.615
39.4,1.615
39.4,1.615
39.4,1.615
39.4,1.615
39.4,1.615
39.4,1.615
39.4,1.615
39.4,1.615
39.4,1.620
39.4,1.620
39.4,1.620
39.4,1.620
39.4,1.620
39.4,1.620
39.4,1.620
39.4,1.620
39.4,1.620
39.4,1.620
39.4,1.620
39.4,1.620
39.4,1.620
39.4,1.620
39.4,1.620
39.4,1.620
39.4,1.625
39.5,1.625
39.5,1.625
39.5,1.625
39.5,1.625
39.5,1.625
39.5,1.625
39.5,1.625
39.5,1.625
39.5,1.625
39.5,1.625
39.5,1.625
39.5,1.625
39.5,1.625
39.5,1.625
39.5,1.630
39.5,1.630
39.5,1.630
39.5,1.630
39.5,1.630
39.5,1.630
39.5,1.630
39.5,1.630
39.5,1.630
39.5,1.630
39.5,1.630
39.5,1.630
39.5,1.630
39.5,1.630
39.5,1.630
39.5,1.635
39.5,1.635
39.5,1.635
39.5,1.635
39.5,1.635
39.5,1.635
39.5,1.635
39.5,1.635
39.5,1.635
39.5,1.635
39.5,1.635
39.5,1.635
39.5,1.635
39.5,1.635
39.5,1.635
39.5,1.635
39.5,1.640
39.5,1.640
39.5,1.640
39.5,1.640
39.5,1.640
39.5,1.640
39.5,1.640
39.5,1.640
39.5,1.640
39.5,1.640
39.5,1.640
39.5,1.640
39.5,1.640
39.5,1.640
39.5,1.640
39.6,1.640
39.6,1.645
39.6,1.645
39.6,1.645
39.6,1.645
39.6,1.645
39.6,1.645
39.5,1.645
39.5,1.645
39.5,1.645
39.5,1.645
39.5,1.645
39.5,1.645
39.5,1.645
39.5,1.645
39.5,1.645
39.5,1.645
39.5,1.650
39.5,1.650
39.5,1.650
39.5,1.650
39.5,1.650
39.5,1.650
39.5,1.650
39.5,1.650
39.5,1.650
39.5,1.650
39.5,1.650
39.5,1.650
39.5,1.650
39.5,1.650
39.5,1.650
39.5,1.655
39.5,1.655
39.5,1.655
39.5,1.655
39.5,1.655
39.5,1.655
39.5,1.655
39.5,1.655
39.5,1.655
39.5,1.655
39.5,1.655
39.5,1.655
39.5,1.655
39.5,1.655
39.5,1.655
39.5,1.655
39.5,1.655
39.5,1.655
39.5,1.660
39.5,1.660
39.5,1.660
39.5,1.660
39.5,1.660
39.5,1.660
39.5,1.660
39.5,1.660
39.5,1.660
39.5,1.660
39.5,1.660
39.5,1.660
39.5,1.660
39.5,1.660
39.5,1.660
39.5,1.660
39.5,1.660
39.5,1.660
39.5,1.665
39.5,1.665
39.6,1.665
39.6,1.665
39.6,1.665
39.6,1.665
39.6,1.665
39.6,1.665
39.6,1.665
39.6,1.665
39.6,1.665
39.6,1.665
39.6,1.665
39.6,1.665
39.6,1.665
39.6,1.665
39.6,1.665
39.6,1.665
39.6,1.670
39.6,1.670
39.6,1.670
39.6,1.670
39.6,1.670
39.6,1.670
39.6,1.670
39.6,1.670
39.6,1.670
39.6,1.670
39.5,1.670
39.5,1.670
39.5,1.670
39.5,1.670
39.5,1.670
39.5,1.670
39.5,1.670
39.5,1.670
39.5,1.675
39.6,1.675
39.6,1.675
39.6,1.675
39.6,1.675
39.6,1.675
39.6,1.675
39.6,1.675
39.6,1.675
39.6,1.675
39.6,1.675
39.6,1.675
39.6,1.675
39.6,1.675
39.6,1.675
39.6,1.675
39.6,1.675
39.6,1.675
39.6,1.675
39.6,1.675
39.6,1.675
39.6,1.680
39.6,1.680
39.6,1.680
39.6,1.680
39.6,1.680
39.6,1.680
39.6,1.680
39.6,1.680
39.6,1.680
39.6,1.680
39.6,1.680
39.6,1.680
39.6,1.680
39.6,1.680
39.6,1.680
39.6,1.680
39.6,1.680
39.6,1.680
39.6,1.680
39.6,1.680
39.6,1.680
39.7,1.685
39.7,1.685
39.7,1.685
39.7,1.685
39.7,1.685
39.7,1.685
39.7,1.685
39.7,1.685
39.7,1.685
39.7,1.685
39.7,1.685
39.7,1.685
39.7,1.685
39.7,1.685
39.7,1.685
39.7,1.685
39.7,1.685
39.7,1.685
39.7,1.685
39.7,1.685
39.7,1.690
39.7,1.690
39.7,1.690
39.7,1.690
39.7,1.690
39.7,1.690
39.7,1.690
39.7,1.690
39.7,1.690
39.7,1.690
39.7,1.690
39.7,1.690
39.7,1.690
39.7,1.690
39.7,1.690
39.7,1.690
39.7,1.690
39.7,1.690
39.7,1.690
39.7,1.690
39.7,1.690
39.7,1.690
39.7,1.695
39.7,1.695
39.7,1.695
39.7,1.695
39.7,1.695
39.7,1.695
39.7,1.695
39.8,1.695
39.8,1.695
39.8,1.695
39.8,1.695
39.8,1.695
39.8,1.695
39.8,1.695
39.8,1.695
39.8,1.695
39.8,1.695
39.8,1.695
39.8,1.695
39.8,1.695
39.8,1.695
39.8,1.695
39.8,1.695
39.8,1.700
39.8,1.700
39.8,1.700
39.8,1.700
39.8,1.700
39.8,1.700
39.8,1.700
39.8,1.700
39.8,1.700
39.8,1.700
39.8,1.700
39.8,1.700
39.8,1.700
39.8,1.700
39.8,1.700
39.8,1.700
39.8,1.700
39.8,1.700
39.8,1.700
39.8,1.700
39.8,1.700
39.8,1.700
39.8,1.700
39.8,1.700
39.8,1.705
39.8,1.705
39.8,1.705
39.8,1.705
39.8,1.705
39.8,1.705
39.8,1.705
39.8,1.705
39.8,1.705
39.8,1.705
39.8,1.705
39.8,1.705
39.8,1.705
39.8,1.705
39.8,1.705
39.8,1.705
39.8,1.705
39.8,1.705
39.8,1.705
39.8,1.705
39.8,1.705
39.8,1.705
39.8,1.705
39.8,1.710
39.8,1.710
39.8,1.710
39.8,1.710
39.8,1.710
39.8,1.710
39.8,1.710
39.8,1.710
39.8,1.710
39.7,1.710
39.7,1.710
39.7,1.710
39.7,1.710
39.7,1.710
39.7,1.710
39.7,1.710
39.7,1.710
39.7,1.710
39.7,1.710
39.7,1.710
39.7,1.710
39.7,1.710
39.7,1.715
39.7,1.715
39.7,1.715
39.8,1.715
39.8,1.715
39.8,1.715
39.8,1.715
39.8,1.715
39.8,1.715
39.8,1.715
39.8,1.715
39.8,1.715
39.8,1.715
39.8,1.715
39.8,1.715
39.8,1.715
39.8,1.715
39.8,1.715
39.8,1.715
39.8,1.715
39.8,1.715
39.8,1.715
39.8,1.715
39.8,1.715
39.8,1.720
39.8,1.720
39.8,1.720
39.8,1.720
39.8,1.720
39.8,1.720
39.8,1.720
39.8,1.720
39.8,1.720
39.8,1.720
39.8,1.720
39.8,1.720
39.8,1.720
39.8,1.720
39.8,1.720
39.8,1.720
39.8,1.720
39.8,1.720
39.8,1.720
39.8,1.720
39.8,1.720
39.8,1.720
39.8,1.720
39.9,1.720
39.9,1.725
39.9,1.725
39.9,1.725
39.9,1.725
39.9,1.725
39.9,1.725
39.9,1.725
39.9,1.725
39.9,1.725
39.9,1.725
39.9,1.725
39.9,1.725
39.9,1.725
39.9,1.725
39.9,1.725
39.9,1.725
39.9,1.725
39.9,1.725
39.9,1.725
39.9,1.725
39.9,1.725
39.9,1.725
39.9,1.725
39.9,1.725
39.9,1.730
39.9,1.730
39.9,1.730
39.9,1.730
39.9,1.730
39.9,1.730
39.9,1.730
39.8,1.730
39.8,1.730
39.8,1.730
39.8,1.730
39.8,1.730
39.8,1.730
39.8,1.730
39.8,1.730
39.8,1.730
39.8,1.730
39.8,1.730
39.8,1.730
39.8,1.730
39.8,1.730
39.8,1.730
39.8,1.735
39.8,1.735
39.8,1.735
39.9,1.735
39.9,1.735
39.9,1.735
39.9,1.735
39.9,1.735
39.9,1.735
39.9,1.735
39.9,1.735
39.9,1.735
39.9,1.735
39.9,1.735
39.9,1.735
39.9,1.735
39.9,1.735
39.9,1.735
39.9,1.735
39.9,1.735
39.9,1.735
39.9,1.735
39.9,1.735
39.9,1.735
39.9,1.740
39.9,1.740
40.0,1.740
40.0,1.740
40.0,1.740
40.0,1.740
40.0,1.740
40.0,1.740
40.0,1.740
40.0,1.740
40.0,1.740
40.0,1.740
40.0,1.740
40.0,1.740
40.0,1.740
39.9,1.740
39.9,1.740
39.9,1.740
39.9,1.740
39.9,1.740
39.9,1.740
39.9,1.740
39.9,1.740
39.9,1.745
39.9,1.745
39.9,1.745
39.9,1.745
39.9,1.745
39.9,1.745
39.9,1.745
39.9,1.745
39.9,1.745
39.9,1.745
39.9,1.745
39.9,1.745
40.0,1.745
40.0,1.745
40.0,1.745
40.0,1.745
40.0,1.745
40.0,1.745
40.0,1.745
40.0,1.745
40.0,1.745
40.0,1.750
40.0,1.750
40.0,1.750
40.0,1.750
40.0,1.750
40.0,1.750
40.0,1.750
40.0,1.750
40.0,1.750
40.0,1.750
40.0,1.750
40.0,1.750
40.0,1.750
39.9,1.750
39.9,1.750
39.9,1.750
39.9,1.750
39.9,1.750
39.9,1.750
39.9,1.750
39.9,1.750
39.9,1.750
39.9,1.755
39.9,1.755
39.9,1.755
39.9,1.755
39.9,1.755
39.9,1.755
39.9,1.755
39.9,1.755
39.9,1.755
39.9,1.755
39.9,1.755
39.9,1.755
39.9,1.755
39.9,1.755
39.9,1.755
39.9,1.755
39.9,1.755
39.9,1.755
39.9,1.755
39.9,1.755
39.9,1.755
39.9,1.755
39.9,1.755
39.9,1.755
39.9,1.760
39.9,1.760
39.9,1.760
39.9,1.760
39.9,1.760
39.9,1.760
39.9,1.760
39.9,1.760
39.9,1.760
39.9,1.760
39.9,1.760
39.9,1.760
39.9,1.760
39.9,1.760
39.9,1.760
39.9,1.760
39.9,1.760
39.9,1.760
39.9,1.760
39.9,1.760
39.9,1.760
39.9,1.760
39.9,1.760
39.9,1.760
39.9,1.765
39.9,1.765
39.9,1.765
39.9,1.765
39.9,1.765
39.9,1.765
39.9,1.765
39.9,1.765
39.9,1.765
39.9,1.765
39.9,1.765
39.9,1.765
39.9,1.765
39.9,1.765
39.9,1.765
39.9,1.765
40.0,1.765
40.0,1.765
40.0,1.765
40.0,1.765
40.0,1.765
40.0,1.765
40.0,1.770
40.0,1.770
40.0,1.770
40.0,1.770
39.9,1.770
39.9,1.770
39.9,1.770
39.9,1.770
39.9,1.770
39.9,1.770
39.9,1.770
39.9,1.770
39.9,1.770
39.9,1.770
39.9,1.770
39.9,1.770
39.9,1.770
39.9,1.770
39.9,1.770
39.9,1.770
39.9,1.770
39.9,1.770
39.9,1.770
39.9,1.770
39.9,1.770
39.9,1.770
39.9,1.775
39.9,1.775
39.9,1.775
39.9,1.775
39.9,1.775
39.9,1.775
39.9,1.775
39.9,1.775
39.9,1.775
39.9,1.775
39.9,1.775
39.9,1.775
39.9,1.775
39.9,1.775
39.9,1.775
39.9,1.775
39.9,1.775
39.9,1.775
39.9,1.775
39.9,1.775
39.9,1.775
39.9,1.775
39.9,1.775
39.9,1.775
39.9,1.775
39.9,1.775
39.9,1.780
39.9,1.780
39.9,1.780
39.9,1.780
39.9,1.780
39.9,1.780
39.9,1.780
39.9,1.780
39.9,1.780
39.9,1.780
39.9,1.780
39.9,1.780
39.9,1.780
39.9,1.780
39.9,1.780
39.9,1.780
39.9,1.780
39.9,1.780
39.9,1.780
39.9,1.780
39.9,1.780
39.9,1.780
39.9,1.780
39.9,1.780
39.9,1.780
39.9,1.780
39.9,1.780
39.9,1.780
39.9,1.780
39.9,1.785
39.9,1.785
39.9,1.785
39.9,1.785
39.9,1.785
39.9,1.785
39.9,1.785
39.9,1.785
39.9,1.785
39.9,1.785
39.9,1.785
39.9,1.785
39.9,1.785
39.9,1.785
39.9,1.785
39.9,1.785
39.9,1.785
39.9,1.785
39.9,1.785
39.9,1.785
39.9,1.785
39.9,1.785
39.9,1.785
39.9,1.785
39.9,1.785
39.9,1.785
39.9,1.785
39.9,1.785
39.9,1.785
39.9,1.785
39.9,1.790
39.9,1.790
39.9,1.790
39.9,1.790
39.9,1.790
39.9,1.790
39.9,1.790
39.9,1.790
39.9,1.790
39.9,1.790
39.9,1.790
39.9,1.790
39.9,1.790
39.9,1.790
39.9,1.790
39.9,1.790
39.9,1.790
39.9,1.790
39.9,1.790
39.9,1.790
39.9,1.790
39.9,1.790
39.9,1.790
39.9,1.790
39.9,1.790
39.9,1.790
39.9,1.790
39.9,1.790
39.9,1.795
39.9,1.795
39.9,1.795
40.0,1.795
40.0,1.795
40.0,1.795
40.0,1.795
40.0,1.795
40.0,1.795
40.0,1.795
40.0,1.795
40.0,1.795
40.0,1.795
40.0,1.795
40.0,1.795
40.0,1.795
40.0,1.795
40.0,1.795
40.0,1.795
40.0,1.795
40.0,1.795
40.0,1.795
40.0,1.795
40.0,1.795
40.0,1.795
40.0,1.795
40.0,1.795
40.0,1.795
40.0,1.795
40.0,1.795
40.0,1.800
40.0,1.800
40.0,1.800
40.0,1.800
40.0,1.800
40.0,1.800
40.0,1.800
40.0,1.800
40.0,1.800
40.0,1.800
40.0,1.800
40.0,1.800
40.0,1.800
40.0,1.800
40.0,1.800
40.0,1.800
40.0,1.800
40.0,1.800
40.0,1.800
40.0,1.800
40.0,1.800
40.0,1.800
40.0,1.800
40.0,1.800
40.0,1.800
40.0,1.800
40.0,1.800
40.1,1.800
40.1,1.800
40.1,1.805
40.1,1.805
40.1,1.805
40.1,1.805
40.1,1.805
40.1,1.805
40.1,1.805
40.1,1.805
40.1,1.805
40.1,1.805
40.1,1.805
40.1,1.805
40.1,1.805
40.1,1.805
40.1,1.805
40.1,1.805
40.1,1.805
40.1,1.805
40.1,1.805
40.1,1.805
40.1,1.805
40.1,1.805
40.1,1.805
40.1,1.805
40.1,1.805
40.1,1.805
40.1,1.805
40.1,1.805
40.1,1.810
40.1,1.810
40.1,1.810
40.1,1.810
40.1,1.810
40.1,1.810
40.1,1.810
40.2,1.810
40.2,1.810
40.2,1.810
40.2,1.810
40.2,1.810
40.2,1.810
40.1,1.810
40.1,1.810
40.1,1.810
40.1,1.810
40.1,1.810
40.1,1.810
40.1,1.810
40.1,1.810
40.1,1.810
40.1,1.810
40.1,1.810
40.1,1.810
40.1,1.815
40.1,1.815
40.1,1.815
40.1,1.815
40.1,1.815
40.1,1.815
40.1,1.815
40.1,1.815
40.1,1.815
40.1,1.815
40.1,1.815
40.1,1.815
40.1,1.815
40.1,1.815
40.1,1.815
40.1,1.815
40.1,1.815
40.1,1.815
40.1,1.815
40.2,1.815
40.2,1.815
40.2,1.815
40.2,1.815
40.2,1.815
40.2,1.815
40.2,1.815
40.2,1.815
40.2,1.815
40.2,1.820
40.2,1.820
40.2,1.820
40.2,1.820
40.2,1.820
40.2,1.820
40.2,1.820
40.2,1.820
40.2,1.820
40.2,1.820
40.2,1.820
40.2,1.820
40.2,1.820
40.2,1.820
40.2,1.820
40.2,1.820
40.2,1.820
40.2,1.820
40.2,1.820
40.2,1.820
40.3,1.820
40.2,1.820
40.2,1.820
40.2,1.820
40.2,1.820
40.2,1.820
40.2,1.820
40.2,1.820
40.2,1.820
40.2,1.825
40.2,1.825
40.2,1.825
40.2,1.825
40.2,1.825
40.2,1.825
40.2,1.825
40.2,1.825
40.2,1.825
40.2,1.825
40.2,1.825
40.2,1.825
40.2,1.825
40.2,1.825
40.2,1.825
40.2,1.825
40.2,1.825
40.2,1.825
40.2,1.825
40.2,1.825
40.2,1.825
40.2,1.825
40.2,1.825
40.2,1.825
40.2,1.825
40.2,1.825
40.2,1.825
40.2,1.825
40.3,1.830
40.3,1.830
40.3,1.830
40.3,1.830
40.3,1.830
40.3,1.830
40.3,1.830
40.3,1.830
40.3,1.830
40.3,1.830
40.3,1.830
40.3,1.830
40.3,1.830
40.3,1.830
40.3,1.830
40.3,1.830
40.3,1.830
40.3,1.830
40.3,1.830
40.3,1.830
40.3,1.830
40.3,1.830
40.3,1.830
40.3,1.830
40.3,1.830
40.3,1.830
40.3,1.830
40.3,1.830
40.3,1.830
40.3,1.835
40.3,1.835
40.3,1.835
40.3,1.835
40.3,1.835
40.3,1.835
40.3,1.835
40.3,1.835
40.3,1.835
40.3,1.835
40.3,1.835
40.3,1.835
40.3,1.835
40.3,1.835
40.3,1.835
40.3,1.835
40.3,1.835
40.3,1.835
40.3,1.835
40.3,1.835
40.3,1.835
40.3,1.835
40.3,1.835
40.3,1.835
40.3,1.835
40.3,1.835
40.3,1.835
40.3,1.835
40.3,1.835
40.3,1.835
40.3,1.840
40.3,1.840
40.3,1.840
40.3,1.840
40.3,1.840
40.3,1.840
40.3,1.840
40.3,1.840
40.3,1.840
40.3,1.840
40.3,1.840
40.3,1.840
40.3,1.840
40.3,1.840
40.3,1.840
40.3,1.840
40.3,1.840
40.3,1.840
40.3,1.840
40.3,1.840
40.3,1.840
40.3,1.840
40.3,1.840
40.3,1.840
40.3,1.840
40.3,1.840
40.3,1.840
40.3,1.840
40.2,1.840
40.2,1.845
40.2,1.845
40.2,1.845
40.2,1.845
40.2,1.845
40.2,1.845
40.2,1.845
40.2,1.845
40.2,1.845
40.2,1.845
40.2,1.845
40.2,1.845
40.2,1.845
40.2,1.845
40.2,1.845
40.2,1.845
40.2,1.845
40.2,1.845
40.2,1.845
40.3,1.845
40.3,1.845
40.3,1.845
40.3,1.845
40.3,1.845
40.3,1.845
40.3,1.845
40.3,1.845
40.3,1.845
40.3,1.850
40.3,1.850
40.3,1.850
40.3,1.850
40.3,1.850
40.3,1.850
40.3,1.850
40.3,1.850
40.3,1.850
40.3,1.850
40.3,1.850
40.3,1.850
40.3,1.850
40.3,1.850
40.3,1.850
40.3,1.850
40.3,1.850
40.3,1.850
40.3,1.850
40.3,1.850
40.3,1.850
40.3,1.850
40.3,1.850
40.3,1.850
40.3,1.850
40.3,1.850
40.3,1.850
40.3,1.850
40.3,1.850
40.3,1.850
40.3,1.855
40.2,1.855
40.2,1.855
40.2,1.855
40.2,1.855
40.2,1.855
40.2,1.855
40.2,1.855
40.2,1.855
40.2,1.855
40.2,1.855
40.2,1.855
40.2,1.855
40.2,1.855
40.2,1.855
40.2,1.855
40.2,1.855
40.2,1.855
40.2,1.855
40.2,1.855
40.2,1.855
40.2,1.855
40.2,1.855
40.2,1.855
40.2,1.855
40.2,1.855
40.2,1.855
40.2,1.855
40.2,1.855
40.2,1.855
40.2,1.855
40.2,1.860
40.2,1.860
40.2,1.860
40.2,1.860
40.2,1.860
40.2,1.860
40.2,1.860
40.2,1.860
40.2,1.860
40.2,1.860
40.2,1.860
40.2,1.860
40.2,1.860
40.2,1.860
40.2,1.860
40.2,1.860
40.2,1.860
40.2,1.860
40.2,1.860
40.2,1.860
40.2,1.860
40.2,1.860
40.2,1.860
40.2,1.860
40.2,1.860
40.2,1.860
40.2,1.860
40.2,1.860
40.2,1.860
40.2,1.860
40.2,1.860
40.2,1.860
40.2,1.865
40.2,1.865
40.2,1.865
40.2,1.865
40.2,1.865
40.2,1.865
40.2,1.865
40.2,1.865
40.2,1.865
40.2,1.865
40.2,1.865
40.2,1.865
40.2,1.865
40.2,1.865
40.2,1.865
40.2,1.865
40.2,1.865
40.2,1.865
40.2,1.865
40.2,1.865
40.2,1.865
40.2,1.865
40.2,1.865
40.2,1.865
40.2,1.865
40.2,1.865
40.2,1.865
40.2,1.865
40.2,1.865
40.2,1.865
40.2,1.865
40.2,1.870
40.2,1.870
40.2,1.870
40.2,1.870
40.2,1.870
40.2,1.870
40.2,1.870
40.2,1.870
40.2,1.870
40.2,1.870
40.2,1.870
40.2,1.870
40.2,1.870
40.2,1.870
40.2,1.870
40.2,1.870
40.2,1.870
40.2,1.870
40.2,1.870
40.2,1.870
40.2,1.870
40.2,1.870
40.2,1.870
40.2,1.870
40.2,1.870
40.2,1.870
40.2,1.870
40.2,1.870
40.2,1.870
40.2,1.870
40.2,1.870
40.2,1.875
40.2,1.875
40.2,1.875
40.2,1.875
40.2,1.875
40.2,1.875
40.2,1.875
40.2,1.875
40.2,1.875
40.2,1.875
40.2,1.875
40.2,1.875
40.2,1.875
40.2,1.875
40.2,1.875
40.2,1.875
40.2,1.875
40.2,1.875
40.2,1.875
40.2,1.875
40.2,1.875
40.2,1.875
40.2,1.875
40.2,1.875
40.2,1.875
40.2,1.875
40.2,1.875
40.2,1.875
40.2,1.875
40.2,1.875
40.2,1.875
40.2,1.875
40.2,1.880
40.2,1.880
40.2,1.880
40.2,1.880
40.2,1.880
40.2,1.880
40.2,1.880
40.2,1.880
40.2,1.880
40.2,1.880
40.2,1.880
40.2,1.880
40.2,1.880
40.2,1.880
40.2,1.880
40.2,1.880
40.2,1.880
40.2,1.880
40.2,1.880
40.2,1.880
40.2,1.880
40.2,1.880
40.2,1.880
40.2,1.880
40.2,1.880
40.2,1.880
40.2,1.880
40.2,1.880
40.2,1.880
40.2,1.880
40.2,1.880
40.2,1.885
40.2,1.885
40.2,1.885
40.2,1.885
40.2,1.885
40.2,1.885
40.2,1.885
40.2,1.885
40.2,1.885
40.2,1.885
40.2,1.885
40.2,1.885
40.2,1.885
40.2,1.885
40.2,1.885
40.2,1.885
40.3,1.885
40.3,1.885
40.3,1.885
40.3,1.885
40.3,1.885
40.3,1.885
40.3,1.885
40.3,1.885
40.3,1.885
40.3,1.885
40.3,1.885
40.3,1.885
40.2,1.885
40.2,1.890
40.2,1.890
40.2,1.890
40.2,1.890
40.2,1.890
40.3,1.890
40.3,1.890
40.3,1.890
40.3,1.890
40.3,1.890
40.3,1.890
40.3,1.890
40.3,1.890
40.3,1.890
40.3,1.890
40.3,1.890
40.3,1.890
40.3,1.890
40.3,1.890
40.3,1.890
40.3,1.890
40.3,1.890
40.3,1.890
40.3,1.890
40.3,1.890
40.3,1.890
40.3,1.895
40.3,1.895
40.3,1.895
40.3,1.895
40.3,1.895
40.3,1.895
40.3,1.895
40.3,1.895
40.3,1.895
40.3,1.895
40.3,1.895
40.3,1.895
40.3,1.895
40.3,1.895
40.3,1.895
40.3,1.895
40.3,1.895
40.4,1.895
40.4,1.895
40.4,1.895
40.4,1.895
40.4,1.895
40.4,1.895
40.4,1.895
40.4,1.895
40.4,1.895
40.4,1.900
40.4,1.900
40.4,1.900
40.4,1.900
40.4,1.900
40.4,1.900
40.4,1.900
40.4,1.900
40.4,1.900
40.4,1.900
40.4,1.900
40.4,1.900
40.4,1.900
40.4,1.900
40.4,1.900
40.4,1.900
40.4,1.900
40.3,1.900
40.3,1.900
40.3,1.900
40.3,1.900
40.3,1.900
40.3,1.900
40.3,1.900
40.3,1.900
40.3,1.900
40.3,1.905
40.3,1.905
40.3,1.905
40.3,1.905
40.3,1.905
40.3,1.905
40.3,1.905
40.3,1.905
40.3,1.905
40.3,1.905
40.3,1.905
40.3,1.905
40.3,1.905
40.3,1.905
40.3,1.905
40.3,1.905
40.3,1.905
40.3,1.905
40.3,1.905
40.3,1.905
40.3,1.905
40.3,1.905
40.3,1.905
40.3,1.905
40.3,1.910
40.4,1.910
40.4,1.910
40.4,1.910
40.4,1.910
40.4,1.910
40.4,1.910
40.4,1.910
40.4,1.910
40.4,1.910
40.4,1.910
40.4,1.910
40.4,1.910
40.4,1.910
40.4,1.910
40.4,1.910
40.4,1.910
40.4,1.910
40.4,1.910
40.4,1.910
40.4,1.910
40.4,1.910
40.4,1.910
40.4,1.910
40.4,1.915
40.4,1.915
40.4,1.915
40.4,1.915
40.4,1.915
40.4,1.915
40.4,1.915
40.4,1.915
40.4,1.915
40.4,1.915
40.4,1.915
40.4,1.915
40.4,1.915
40.4,1.915
40.4,1.915
40.4,1.915
40.4,1.915
40.4,1.915
40.4,1.915
40.4,1.915
40.4,1.915
40.5,1.915
40.5,1.915
40.5,1.915
40.5,1.915
40.5,1.920
40.5,1.920
40.5,1.920
40.5,1.920
40.5,1.920
40.5,1.920
40.5,1.920
40.5,1.920
40.4,1.920
40.4,1.920
40.4,1.920
40.4,1.920
40.4,1.920
40.4,1.920
40.4,1.920
40.4,1.920
40.4,1.920
40.4,1.920
40.4,1.920
40.4,1.920
40.4,1.920
40.4,1.920
40.4,1.920
40.4,1.920
40.4,1.920
40.4,1.925
40.4,1.925
40.4,1.925
40.4,1.925
40.4,1.925
40.4,1.925
40.4,1.925
40.4,1.925
40.4,1.925
40.4,1.925
40.4,1.925
40.4,1.925
40.4,1.925
40.4,1.925
40.4,1.925
40.4,1.925
40.4,1.925
40.4,1.925
40.4,1.925
40.4,1.925
40.4,1.925
40.4,1.925
40.4,1.925
40.4,1.930
40.4,1.930
40.4,1.930
40.4,1.930
40.4,1.930
40.4,1.930
40.4,1.930
40.5,1.930
40.5,1.930
40.5,1.930
40.5,1.930
40.5,1.930
40.5,1.930
40.5,1.930
40.5,1.930
40.5,1.930
40.5,1.930
40.5,1.930
40.5,1.930
40.5,1.930
40.5,1.930
40.5,1.930
40.5,1.930
40.5,1.930
40.5,1.930
40.5,1.935
40.5,1.935
40.5,1.935
40.5,1.935
40.5,1.935
40.5,1.935
40.5,1.935
40.5,1.935
40.5,1.935
40.5,1.935
40.4,1.935
40.4,1.935
40.4,1.935
40.4,1.935
40.4,1.935
40.4,1.935
40.4,1.935
40.4,1.935
40.4,1.935
40.4,1.935
40.4,1.935
40.4,1.935
40.4,1.935
40.4,1.935
40.4,1.935
40.4,1.940
40.4,1.940
40.4,1.940
40.4,1.940
40.4,1.940
40.4,1.940
40.4,1.940
40.4,1.940
40.4,1.940
40.4,1.940
40.4,1.940
40.4,1.940
40.4,1.940
40.4,1.940
40.4,1.940
40.4,1.940
40.4,1.940
40.4,1.940
40.4,1.940
40.4,1.940
40.4,1.940
40.4,1.940
40.4,1.940
40.4,1.940
40.4,1.945
40.4,1.945
40.4,1.945
40.4,1.945
40.4,1.945
40.4,1.945
40.4,1.945
40.4,1.945
40.4,1.945
40.4,1.945
40.4,1.945
40.4,1.945
40.4,1.945
40.4,1.945
40.4,1.945
40.4,1.945
40.4,1.945
40.4,1.945
40.4,1.945
40.4,1.945
40.4,1.945
40.4,1.945
40.4,1.945
40.4,1.950
40.4,1.950
40.4,1.950
40.4,1.950
40.4,1.950
40.4,1.950
40.4,1.950
40.4,1.950
40.4,1.950
40.4,1.950
40.4,1.950
40.4,1.950
40.4,1.950
40.4,1.950
40.4,1.950
40.4,1.950
40.4,1.950
40.4,1.950
40.4,1.950
40.4,1.950
40.4,1.950
40.4,1.950
40.4,1.955
40.4,1.955
40.4,1.955
40.4,1.955
40.4,1.955
40.4,1.955
40.4,1.955
40.4,1.955
40.4,1.955
40.4,1.955
40.4,1.955
40.4,1.955
40.4,1.955
40.4,1.955
40.4,1.955
40.4,1.955
40.4,1.955
40.4,1.955
40.4,1.955
40.4,1.955
40.4,1.955
40.4,1.955
40.4,1.955
40.4,1.960
40.4,1.960
40.4,1.960
40.4,1.960
40.4,1.960
40.4,1.960
40.4,1.960
40.4,1.960
40.4,1.960
40.4,1.960
40.4,1.960
40.4,1.960
40.4,1.960
40.4,1.960
40.4,1.960
40.4,1.960
40.4,1.960
40.4,1.960
40.4,1.960
40.4,1.960
40.4,1.960
40.4,1.960
40.4,1.965
40.4,1.965
40.4,1.965
40.4,1.965
40.4,1.965
40.4,1.965
40.4,1.965
40.4,1.965
40.4,1.965
40.4,1.965
40.4,1.965
40.4,1.965
40.4,1.965
40.4,1.965
40.4,1.965
40.4,1.965
40.4,1.965
40.4,1.965
40.4,1.965
40.4,1.965
40.4,1.970
40.4,1.970
40.4,1.970
40.4,1.970
40.4,1.970
40.4,1.970
40.4,1.970
40.4,1.970
40.5,1.970
40.5,1.970
40.5,1.970
40.5,1.970
40.5,1.970
40.5,1.970
40.5,1.970
40.5,1.970
40.5,1.970
40.5,1.970
40.5,1.970
40.5,1.975
40.5,1.975
40.5,1.975
40.5,1.975
40.5,1.975
40.5,1.975
40.5,1.975
40.5,1.975
40.5,1.975
40.5,1.975
40.5,1.975
40.5,1.975
40.5,1.975
40.5,1.975
40.5,1.975
40.5,1.975
40.4,1.975
40.4,1.975
40.4,1.975
40.4,1.975
40.4,1.975
40.4,1.980
40.4,1.980
40.5,1.980
40.5,1.980
40.5,1.980
40.5,1.980
40.5,1.980
40.5,1.980
40.5,1.980
40.5,1.980
40.5,1.980
40.5,1.980
40.5,1.980
40.5,1.980
40.5,1.980
40.5,1.980
40.5,1.980
40.5,1.980
40.5,1.980
40.5,1.980
40.5,1.985
40.5,1.985
40.5,1.985
40.5,1.985
40.5,1.985
40.5,1.985
40.5,1.985
40.5,1.985
40.5,1.985
40.5,1.985
40.5,1.985
40.5,1.985
40.5,1.985
40.5,1.985
40.5,1.985
40.5,1.985
40.5,1.985
40.5,1.985
40.5,1.985
40.5,1.990
40.5,1.990
40.5,1.990
40.5,1.990
40.5,1.990
40.5,1.990
40.5,1.990
40.5,1.990
40.5,1.990
40.5,1.990
40.5,1.990
40.5,1.990
40.5,1.990
40.5,1.990
40.5,1.990
40.5,1.990
40.5,1.990
40.5,1.990
40.5,1.990
40.5,1.990
40.5,1.995
40.5,1.995
40.5,1.995
40.5,1.995
40.5,1.995
40.5,1.995
40.5,1.995
40.5,1.995
40.6,1.995
40.6,1.995
40.6,1.995
40.6,1.995
40.6,1.995
40.6,1.995
40.6,1.995
40.6,1.995
40.6,1.995
40.6,1.995
40.6,1.995
40.6,1.995
40.6,2.000
40.6,2.000
40.6,2.000
40.6,2.000
40.6,2.000
40.6,2.000
40.6,2.000
40.6,2.000
40.6,2.000
40.6,2.000
40.6,2.000
40.6,2.000
40.6,2.000
40.6,2.000
40.5,2.000
40.5,2.000
40.5,2.000
40.5,2.000
40.5,2.000
40.5,2.000
40.5,2.000
40.5,2.005
40.5,2.005
40.5,2.005
40.5,2.005
40.5,2.005
40.5,2.005
40.5,2.005
40.5,2.005
40.5,2.005
40.5,2.005
40.5,2.005
40.5,2.005
40.5,2.005
40.5,2.005
40.5,2.005
40.5,2.005
40.5,2.005
40.5,2.005
40.5,2.005
40.5,2.005
40.5,2.010
40.5,2.010
40.5,2.010
40.5,2.010
40.5,2.010
40.5,2.010
40.5,2.010
40.5,2.010
40.5,2.010
40.5,2.010
40.5,2.010
40.5,2.010
40.5,2.010
40.5,2.010
40.5,2.010
40.5,2.010
40.5,2.010
40.5,2.010
40.5,2.010
40.5,2.010
40.5,2.010
40.5,2.015
40.5,2.015
40.5,2.015
40.5,2.015
40.5,2.015
40.5,2.015
40.5,2.015
40.5,2.015
40.5,2.015
40.5,2.015
40.5,2.015
40.5,2.015
40.5,2.015
40.5,2.015
40.5,2.015
40.5,2.015
40.5,2.015
40.5,2.015
40.5,2.015
40.5,2.015
40.5,2.015
40.5,2.015
40.5,2.020
40.5,2.020
40.5,2.020
40.5,2.020
40.5,2.020
40.5,2.020
40.5,2.020
40.5,2.020
40.5,2.020
40.5,2.020
40.5,2.020
40.5,2.020
40.5,2.020
40.5,2.020
40.5,2.020
40.5,2.020
40.5,2.020
40.5,2.020
40.5,2.020
40.5,2.020
40.5,2.020
40.5,2.025
40.5,2.025
40.5,2.025
40.5,2.025
40.5,2.025
40.5,2.025
40.5,2.025
40.5,2.025
40.5,2.025
40.5,2.025
40.5,2.025
40.5,2.025
40.5,2.025
40.5,2.025
40.5,2.025
40.5,2.025
40.5,2.025
40.5,2.025
40.5,2.025
40.5,2.025
40.5,2.025
40.5,2.030
40.5,2.030
40.5,2.030
40.5,2.030
40.6,2.030
40.6,2.030
40.6,2.030
40.6,2.030
40.6,2.030
40.6,2.030
40.6,2.030
40.6,2.030
40.6,2.030
40.6,2.030
40.6,2.030
40.6,2.030
40.6,2.030
40.6,2.030
40.6,2.030
40.6,2.030
40.6,2.030
40.6,2.035
40.6,2.035
40.6,2.035
40.6,2.035
40.6,2.035
40.6,2.035
40.6,2.035
40.6,2.035
40.6,2.035
40.6,2.035
40.6,2.035
40.6,2.035
40.6,2.035
40.6,2.035
40.6,2.035
40.6,2.035
40.6,2.035
40.6,2.035
40.6,2.035
40.6,2.035
40.6,2.035
40.6,2.035
40.6,2.040
40.6,2.040
40.6,2.040
40.6,2.040
40.6,2.040
40.6,2.040
40.6,2.040
40.6,2.040
40.6,2.040
40.6,2.040
40.6,2.040
40.6,2.040
40.6,2.040
40.6,2.040
40.6,2.040
40.6,2.040
40.6,2.040
40.6,2.040
40.7,2.040
40.7,2.040
40.7,2.040
40.7,2.045
40.7,2.045
40.7,2.045
40.7,2.045
40.7,2.045
40.7,2.045
40.7,2.045
40.7,2.045
40.7,2.045
40.7,2.045
40.7,2.045
40.7,2.045
40.7,2.045
40.7,2.045
40.7,2.045
40.7,2.045
40.7,2.045
40.7,2.045
40.7,2.045
40.7,2.045
40.7,2.045
40.7,2.050
40.7,2.050
40.7,2.050
40.7,2.050
40.7,2.050
40.7,2.050
40.7,2.050
40.7,2.050
40.7,2.050
40.7,2.050
40.7,2.050
40.7,2.050
40.7,2.050
40.7,2.050
40.7,2.050
40.7,2.050
40.7,2.050
40.7,2.050
40.7,2.050
40.7,2.055
40.7,2.055
40.7,2.055
40.7,2.055
40.7,2.055
40.7,2.055
40.7,2.055
40.7,2.055
40.7,2.055
40.8,2.055
40.8,2.055
40.8,2.055
40.8,2.055
40.8,2.055
40.8,2.055
40.8,2.055
40.8,2.055
40.8,2.055
40.8,2.055
40.8,2.055
40.8,2.055
40.8,2.055
40.8,2.060
40.8,2.060
40.8,2.060
40.8,2.060
40.8,2.060
40.8,2.060
40.8,2.060
40.8,2.060
40.8,2.060
40.8,2.060
40.8,2.060
40.8,2.060
40.8,2.060
40.8,2.060
40.8,2.060
40.8,2.060
40.8,2.060
40.8,2.060
40.8,2.060
40.8,2.060
40.8,2.060
40.8,2.065
40.8,2.065
40.8,2.065
40.8,2.065
40.8,2.065
40.8,2.065
40.8,2.065
40.8,2.065
40.7,2.065
40.7,2.065
40.8,2.065
40.8,2.065
40.8,2.065
40.8,2.065
40.8,2.065
40.8,2.065
40.8,2.065
40.8,2.065
40.8,2.065
40.8,2.065
40.8,2.065
40.8,2.070
40.8,2.070
40.8,2.070
40.8,2.070
40.8,2.070
40.9,2.070
40.9,2.070
40.9,2.070
40.9,2.070
40.9,2.070
40.9,2.070
40.9,2.070
40.8,2.070
40.8,2.070
40.8,2.070
40.8,2.070
40.8,2.070
40.8,2.070
40.8,2.070
40.8,2.070
40.8,2.070
40.8,2.070
40.8,2.075
40.8,2.075
40.9,2.075
40.9,2.075
40.9,2.075
40.9,2.075
40.9,2.075
40.9,2.075
40.9,2.075
40.9,2.075
40.9,2.075
40.9,2.075
40.9,2.075
40.9,2.075
40.9,2.075
40.9,2.075
40.9,2.075
40.9,2.075
40.9,2.075
40.9,2.075
40.9,2.075
40.9,2.075
40.9,2.075
40.9,2.080
40.9,2.080
40.9,2.080
40.9,2.080
40.9,2.080
40.9,2.080
40.9,2.080
40.9,2.080
40.9,2.080
40.9,2.080
40.9,2.080
40.9,2.080
40.9,2.080
40.9,2.080
40.9,2.080
40.9,2.080
40.9,2.080
40.9,2.080
40.9,2.080
40.9,2.080
40.9,2.080
40.9,2.080
40.9,2.085
40.9,2.085
40.9,2.085
40.9,2.085
40.9,2.085
40.9,2.085
40.9,2.085
40.9,2.085
40.9,2.085
40.9,2.085
40.9,2.085
40.9,2.085
40.9,2.085
40.9,2.085
40.9,2.085
40.9,2.085
40.9,2.085
40.9,2.085
40.9,2.085
40.9,2.085
40.9,2.085
40.9,2.090
40.9,2.090
40.9,2.090
40.9,2.090
40.9,2.090
40.9,2.090
41.0,2.090
41.0,2.090
41.0,2.090
41.0,2.090
41.0,2.090
41.0,2.090
41.0,2.090
41.0,2.090
41.0,2.090
41.0,2.090
41.0,2.090
41.0,2.090
41.0,2.090
41.0,2.090
41.0,2.090
41.0,2.090
41.0,2.095
41.0,2.095
41.0,2.095
41.0,2.095
41.0,2.095
41.0,2.095
41.0,2.095
41.0,2.095
41.1,2.095
41.1,2.095
41.1,2.095
41.1,2.095
41.1,2.095
41.1,2.095
41.1,2.095
41.1,2.095
41.1,2.095
41.1,2.095
41.1,2.095
41.1,2.095
41.1,2.095
41.1,2.095
41.1,2.100
41.1,2.100
41.1,2.100
41.1,2.100
41.1,2.100
41.1,2.100
41.1,2.100
41.1,2.100
41.1,2.100
41.1,2.100
41.1,2.100
41.1,2.100
41.1,2.100
41.1,2.100
41.1,2.100
41.1,2.100
41.1,2.100
41.1,2.100
41.1,2.100
41.1,2.100
41.1,2.100
41.1,2.105
41.1,2.105
41.1,2.105
41.1,2.105
41.1,2.105
41.1,2.105
41.1,2.105
41.1,2.105
41.1,2.105
41.1,2.105
41.1,2.105
41.1,2.105
41.1,2.105
41.1,2.105
41.1,2.105
41.1,2.105
41.1,2.105
41.1,2.105
41.1,2.105
41.2,2.105
41.2,2.110
41.2,2.110
41.2,2.110
41.2,2.110
41.2,2.110
41.2,2.110
41.2,2.110
41.2,2.110
41.2,2.110
41.2,2.110
41.2,2.110
41.2,2.110
41.2,2.110
41.2,2.110
41.2,2.110
41.2,2.110
41.2,2.110
41.2,2.110
41.2,2.115
41.2,2.115
41.2,2.115
41.2,2.115
41.2,2.115
41.2,2.115
41.2,2.115
41.2,2.115
41.2,2.115
41.2,2.115
41.2,2.115
41.2,2.115
41.2,2.115
41.2,2.115
41.2,2.115
41.2,2.115
41.2,2.115
41.2,2.115
41.2,2.115
41.2,2.115
41.2,2.115
41.2,2.120
41.2,2.120
41.2,2.120
41.2,2.120
41.2,2.120
41.2,2.120
41.2,2.120
41.2,2.120
41.2,2.120
41.2,2.120
41.2,2.120
41.2,2.120
41.2,2.120
41.2,2.120
41.2,2.120
41.2,2.120
41.2,2.120
41.2,2.120
41.2,2.120
41.2,2.120
41.2,2.125
41.2,2.125
41.2,2.125
41.2,2.125
41.2,2.125
41.2,2.125
41.2,2.125
41.2,2.125
41.2,2.125
41.2,2.125
41.2,2.125
41.3,2.125
41.3,2.125
41.3,2.125
41.3,2.125
41.3,2.125
41.3,2.125
41.3,2.125
41.3,2.125
41.3,2.125
41.3,2.130
41.3,2.130
41.3,2.130
41.3,2.130
41.3,2.130
41.3,2.130
41.3,2.130
41.3,2.130
41.3,2.130
41.3,2.130
41.3,2.130
41.3,2.130
41.3,2.130
41.3,2.130
41.3,2.130
41.3,2.130
41.3,2.130
41.3,2.130
41.3,2.130
41.3,2.135
41.3,2.135
41.3,2.135
41.3,2.135
41.4,2.135
41.4,2.135
41.4,2.135
41.4,2.135
41.4,2.135
41.4,2.135
41.4,2.135
41.4,2.135
41.4,2.135
41.4,2.135
41.4,2.135
41.4,2.135
41.4,2.135
41.4,2.135
41.4,2.135
41.4,2.135
41.4,2.135
41.4,2.140
41.4,2.140
41.4,2.140
41.4,2.140
41.4,2.140
41.4,2.140
41.4,2.140
41.4,2.140
41.4,2.140
41.4,2.140
41.4,2.140
41.4,2.140
41.4,2.140
41.4,2.140
41.4,2.140
41.4,2.140
41.4,2.140
41.4,2.140
41.4,2.140
41.3,2.140
41.3,2.140
41.3,2.145
41.3,2.145
41.3,2.145
41.3,2.145
41.3,2.145
41.4,2.145
41.4,2.145
41.4,2.145
41.4,2.145
41.4,2.145
41.4,2.145
41.4,2.145
41.4,2.145
41.4,2.145
41.4,2.145
41.4,2.145
41.4,2.145
41.4,2.145
41.5,2.145
41.5,2.145
41.5,2.145
41.5,2.150
41.5,2.150
41.5,2.150
41.5,2.150
41.5,2.150
41.5,2.150
41.5,2.150
41.5,2.150
41.5,2.150
41.5,2.150
41.5,2.150
41.6,2.150
41.6,2.150
41.6,2.150
41.6,2.150
41.6,2.150
41.6,2.150
41.6,2.150
41.6,2.150
41.6,2.150
41.6,2.150
41.6,2.155
41.5,2.155
41.5,2.155
41.5,2.155
41.5,2.155
41.5,2.155
41.5,2.155
41.5,2.155
41.5,2.155
41.5,2.155
41.5,2.155
41.5,2.155
41.5,2.155
41.5,2.155
41.5,2.155
41.6,2.155
41.6,2.155
41.6,2.155
41.6,2.155
41.6,2.155
41.6,2.155
41.6,2.155
41.6,2.160
41.6,2.160
41.6,2.160
41.6,2.160
41.6,2.160
41.6,2.160
41.6,2.160
41.6,2.160
41.6,2.160
41.6,2.160
41.6,2.160
41.6,2.160
41.6,2.160
41.6,2.160
41.6,2.160
41.6,2.160
41.6,2.160
41.6,2.160
41.6,2.160
41.6,2.160
41.6,2.160
41.6,2.165
41.6,2.165
41.6,2.165
41.6,2.165
41.6,2.165
41.6,2.165
41.6,2.165
41.6,2.165
41.6,2.165
41.6,2.165
41.6,2.165
41.6,2.165
41.6,2.165
41.6,2.165
41.6,2.165
41.6,2.165
41.6,2.165
41.6,2.165
41.6,2.165
41.6,2.165
41.6,2.170
41.6,2.170
41.6,2.170
41.6,2.170
41.6,2.170
41.6,2.170
41.7,2.170
41.7,2.170
41.7,2.170
41.7,2.170
41.7,2.170
41.7,2.170
41.7,2.170
41.7,2.170
41.7,2.170
41.7,2.170
41.7,2.170
41.7,2.170
41.7,2.170
41.7,2.170
41.7,2.170
41.7,2.170
41.7,2.175
41.7,2.175
41.7,2.175
41.7,2.175
41.7,2.175
41.7,2.175
41.7,2.175
41.7,2.175
41.7,2.175
41.7,2.175
41.7,2.175
41.7,2.175
41.7,2.175
41.7,2.175
41.7,2.175
41.7,2.175
41.7,2.175
41.7,2.175
41.7,2.175
41.7,2.175
41.7,2.175
41.7,2.180
41.7,2.180
41.7,2.180
41.7,2.180
41.7,2.180
41.8,2.180
41.8,2.180
41.8,2.180
41.8,2.180
41.8,2.180
41.8,2.180
41.8,2.180
41.8,2.180
41.8,2.180
41.8,2.180
41.8,2.180
41.8,2.180
41.8,2.180
41.8,2.180
41.8,2.180
41.8,2.180
41.8,2.180
41.8,2.185
41.8,2.185
41.8,2.185
41.8,2.185
41.8,2.185
41.8,2.185
41.8,2.185
41.8,2.185
41.8,2.185
41.8,2.185
41.8,2.185
41.8,2.185
41.8,2.185
41.8,2.185
41.8,2.185
41.8,2.185
41.8,2.185
41.8,2.185
41.8,2.185
41.8,2.185
41.8,2.190
41.8,2.190
41.8,2.190
41.8,2.190
41.8,2.190
41.8,2.190
41.8,2.190
41.8,2.190
41.8,2.190
41.8,2.190
41.8,2.190
41.8,2.190
41.8,2.190
41.8,2.190
41.8,2.190
41.8,2.190
41.8,2.190
41.8,2.190
41.8,2.190
41.8,2.190
41.8,2.195
41.8,2.195
41.8,2.195
41.8,2.195
41.8,2.195
41.8,2.195
41.8,2.195
41.8,2.195
41.8,2.195
41.8,2.195
41.8,2.195
41.8,2.195
41.8,2.195
41.8,2.195
41.8,2.195
41.8,2.195
41.8,2.195
41.8,2.195
41.8,2.195
41.8,2.195
41.8,2.195
41.8,2.200
41.8,2.200
41.8,2.200
41.8,2.200
41.8,2.200
41.8,2.200
41.8,2.200
41.8,2.200
41.8,2.200
41.8,2.200
41.8,2.200
41.8,2.200
41.8,2.200
41.8,2.200
41.8,2.200
41.8,2.200
41.8,2.200
41.8,2.200
41.8,2.200
41.8,2.200
41.8,2.200
41.8,2.205
41.8,2.205
41.8,2.205
41.8,2.205
41.8,2.205
41.9,2.205
41.9,2.205
41.9,2.205
41.9,2.205
41.9,2.205
41.9,2.205
41.9,2.205
41.9,2.205
41.9,2.205
41.9,2.205
41.9,2.205
41.9,2.205
41.9,2.205
41.9,2.205
41.9,2.205
41.9,2.205
41.9,2.210
41.9,2.210
41.9,2.210
41.9,2.210
41.9,2.210
41.9,2.210
41.9,2.210
41.9,2.210
41.9,2.210
41.9,2.210
41.9,2.210
41.9,2.210
41.9,2.210
41.9,2.210
41.9,2.210
41.9,2.210
41.9,2.210
41.9,2.210
41.9,2.210
41.9,2.215
41.9,2.215
42.0,2.215
42.0,2.215
42.0,2.215
42.0,2.215
42.0,2.215
42.0,2.215
42.0,2.215
42.0,2.215
42.0,2.215
42.0,2.215
42.0,2.215
42.0,2.215
42.0,2.215
42.0,2.215
42.0,2.215
42.0,2.215
42.0,2.215
42.0,2.215
42.0,2.215
42.0,2.220
42.0,2.220
42.0,2.220
42.0,2.220
42.0,2.220
42.0,2.220
42.0,2.220
42.0,2.220
42.0,2.220
42.0,2.220
42.0,2.220
42.0,2.220
42.0,2.220
42.0,2.220
42.0,2.220
42.0,2.220
42.0,2.220
42.0,2.220
42.0,2.220
42.0,2.220
42.0,2.220
42.0,2.220
42.0,2.225
42.0,2.225
42.0,2.225
42.0,2.225
42.0,2.225
42.0,2.225
42.0,2.225
42.0,2.225
42.0,2.225
42.0,2.225
42.0,2.225
42.0,2.225
42.0,2.225
42.0,2.225
42.0,2.225
42.0,2.225
42.0,2.225
42.0,2.225
42.0,2.225
42.0,2.225
42.0,2.225
42.0,2.225
42.0,2.230
42.0,2.230
42.0,2.230
42.0,2.230
42.0,2.230
42.0,2.230
42.0,2.230
42.0,2.230
42.1,2.230
42.1,2.230
42.1,2.230
42.1,2.230
42.1,2.230
42.1,2.230
42.1,2.230
42.1,2.230
42.1,2.230
42.1,2.230
42.1,2.230
42.1,2.230
42.1,2.230
42.1,2.230
42.1,2.235
42.1,2.235
42.1,2.235
42.1,2.235
42.1,2.235
42.1,2.235
42.1,2.235
42.1,2.235
42.1,2.235
42.1,2.235
42.1,2.235
42.1,2.235
42.1,2.235
42.1,2.235
42.1,2.235
42.1,2.235
42.1,2.235
42.1,2.235
42.1,2.235
42.1,2.235
42.0,2.235
42.0,2.235
42.1,2.235
42.1,2.235
42.1,2.240
42.1,2.240
42.1,2.240
42.1,2.240
42.1,2.240
42.1,2.240
42.1,2.240
42.1,2.240
42.1,2.240
42.1,2.240
42.1,2.240
42.1,2.240
42.1,2.240
42.1,2.240
42.1,2.240
42.1,2.240
42.1,2.240
42.1,2.240
42.1,2.240
42.1,2.240
42.1,2.240
42.1,2.240
42.1,2.240
42.1,2.240
42.2,2.245
42.2,2.245
42.2,2.245
42.2,2.245
42.2,2.245
42.2,2.245
42.2,2.245
42.2,2.245
42.2,2.245
42.2,2.245
42.2,2.245
42.2,2.245
42.2,2.245
42.1,2.245
42.1,2.245
42.1,2.245
42.1,2.245
42.1,2.245
42.1,2.245
42.1,2.245
42.1,2.245
42.1,2.245
42.1,2.245
42.1,2.250
42.1,2.250
42.1,2.250
42.1,2.250
42.1,2.250
42.1,2.250
42.1,2.250
42.1,2.250
42.1,2.250
42.1,2.250
42.1,2.250
42.1,2.250
42.1,2.250
42.1,2.250
42.1,2.250
42.1,2.250
42.1,2.250
42.1,2.250
42.1,2.250
42.1,2.250
42.1,2.250
42.1,2.250
42.1,2.250
42.1,2.250
42.1,2.250
42.1,2.255
42.1,2.255
42.1,2.255
42.1,2.255
42.1,2.255
42.1,2.255
42.1,2.255
42.1,2.255
42.1,2.255
42.1,2.255
42.1,2.255
42.1,2.255
42.1,2.255
42.1,2.255
42.1,2.255
42.1,2.255
42.1,2.255
42.1,2.255
42.1,2.255
42.1,2.255
42.1,2.255
42.1,2.255
42.1,2.255
42.1,2.255
42.1,2.255
42.1,2.260
42.1,2.260
42.1,2.260
42.1,2.260
42.1,2.260
42.1,2.260
42.1,2.260
42.1,2.260
42.1,2.260
42.1,2.260
42.1,2.260
42.1,2.260
42.1,2.260
42.1,2.260
42.1,2.260
42.1,2.260
42.1,2.260
42.1,2.260
42.1,2.260
42.1,2.260
42.1,2.260
42.1,2.260
42.1,2.260
42.1,2.260
42.1,2.260
42.1,2.260
42.1,2.265
42.1,2.265
42.1,2.265
42.1,2.265
42.1,2.265
42.1,2.265
42.1,2.265
42.1,2.265
42.1,2.265
42.1,2.265
42.1,2.265
42.1,2.265
42.1,2.265
42.1,2.265
42.1,2.265
42.1,2.265
42.1,2.265
42.1,2.265
42.1,2.265
42.1,2.265
42.1,2.265
42.1,2.265
42.1,2.265
42.1,2.265
42.1,2.265
42.1,2.265
42.1,2.270
42.1,2.270
42.1,2.270
42.1,2.270
42.1,2.270
42.1,2.270
42.1,2.270
42.1,2.270
42.1,2.270
42.1,2.270
42.1,2.270
42.1,2.270
42.1,2.270
42.1,2.270
42.1,2.270
42.1,2.270
42.1,2.270
42.1,2.270
42.1,2.270
42.1,2.270
42.1,2.270
42.1,2.270
42.1,2.270
42.1,2.270
42.1,2.275
42.1,2.275
42.1,2.275
42.1,2.275
42.1,2.275
42.1,2.275
42.1,2.275
42.1,2.275
42.1,2.275
42.1,2.275
42.1,2.275
42.1,2.275
42.1,2.275
42.1,2.275
42.1,2.275
42.1,2.275
42.1,2.275
42.1,2.275
42.1,2.275
42.1,2.275
42.1,2.275
42.1,2.275
42.1,2.275
42.1,2.275
42.1,2.275
42.1,2.275
42.1,2.275
42.1,2.280
42.1,2.280
42.1,2.280
42.1,2.280
42.1,2.280
42.1,2.280
42.1,2.280
42.1,2.280
42.1,2.280
42.1,2.280
42.1,2.280
42.1,2.280
42.1,2.280
42.1,2.280
42.1,2.280
42.1,2.280
42.1,2.280
42.1,2.280
42.1,2.280
42.1,2.280
42.1,2.280
42.1,2.280
42.1,2.280
42.1,2.280
42.1,2.280
42.1,2.280
42.1,2.280
42.1,2.285
42.1,2.285
42.1,2.285
42.1,2.285
42.1,2.285
42.1,2.285
42.1,2.285
42.1,2.285
42.1,2.285
42.1,2.285
42.1,2.285
42.1,2.285
42.1,2.285
42.1,2.285
42.1,2.285
42.1,2.285
42.1,2.285
42.1,2.285
42.1,2.285
42.1,2.285
42.1,2.285
42.1,2.285
42.1,2.285
42.1,2.285
42.1,2.285
42.1,2.290
42.1,2.290
42.1,2.290
42.1,2.290
42.1,2.290
42.1,2.290
42.1,2.290
42.1,2.290
42.1,2.290
42.1,2.290
42.1,2.290
42.1,2.290
42.1,2.290
42.1,2.290
42.1,2.290
42.1,2.290
42.1,2.290
42.1,2.290
42.1,2.290
42.1,2.290
42.1,2.290
42.1,2.290
42.1,2.290
42.1,2.290
42.1,2.295
42.1,2.295
42.1,2.295
42.1,2.295
42.1,2.295
42.1,2.295
42.1,2.295
42.1,2.295
42.1,2.295
42.1,2.295
42.1,2.295
42.1,2.295
42.1,2.295
42.1,2.295
42.1,2.295
42.1,2.295
42.1,2.295
42.2,2.295
42.2,2.295
42.2,2.295
42.2,2.295
42.2,2.295
42.2,2.295
42.2,2.295
42.2,2.295
42.2,2.295
42.2,2.295
42.2,2.295
42.2,2.300
42.2,2.300
42.2,2.300
42.2,2.300
42.2,2.300
42.2,2.300
42.2,2.300
42.2,2.300
42.2,2.300
42.2,2.300
42.2,2.300
42.2,2.300
42.2,2.300
42.2,2.300
42.2,2.300
42.2,2.300
42.2,2.300
42.2,2.300
42.2,2.300
42.2,2.300
42.2,2.300
42.2,2.300
42.2,2.300
42.2,2.300
42.2,2.300
42.2,2.300
42.2,2.300
42.2,2.305
42.2,2.305
42.2,2.305
42.2,2.305
42.2,2.305
42.2,2.305
42.2,2.305
42.2,2.305
42.3,2.305
42.3,2.305
42.3,2.305
42.3,2.305
42.3,2.305
42.3,2.305
42.3,2.305
42.3,2.305
42.2,2.305
42.2,2.305
42.2,2.305
42.2,2.305
42.2,2.305
42.2,2.305
42.2,2.305
42.2,2.305
42.2,2.305
42.2,2.305
42.2,2.310
42.2,2.310
42.2,2.310
42.2,2.310
42.2,2.310
42.2,2.310
42.2,2.310
42.2,2.310
42.2,2.310
42.2,2.310
42.2,2.310
42.2,2.310
42.2,2.310
42.2,2.310
42.2,2.310
42.2,2.310
42.2,2.310
42.2,2.310
42.2,2.310
42.2,2.310
42.2,2.310
42.2,2.310
42.2,2.310
42.2,2.310
42.2,2.310
42.2,2.310
42.2,2.310
42.2,2.310
42.2,2.315
42.2,2.315
42.2,2.315
42.2,2.315
42.2,2.315
42.2,2.315
42.2,2.315
42.2,2.315
42.3,2.315
42.3,2.315
42.3,2.315
42.3,2.315
42.3,2.315
42.3,2.315
42.3,2.315
42.3,2.315
42.3,2.315
42.3,2.315
42.3,2.315
42.3,2.315
42.3,2.315
42.3,2.315
42.3,2.315
42.3,2.315
42.3,2.315
42.3,2.315
42.3,2.315
42.3,2.315
42.3,2.320
42.3,2.320
42.3,2.320
42.3,2.320
42.3,2.320
42.3,2.320
42.3,2.320
42.3,2.320
42.3,2.320
42.3,2.320
42.3,2.320
42.3,2.320
42.3,2.320
42.3,2.320
42.3,2.320
42.3,2.320
42.3,2.320
42.3,2.320
42.3,2.320
42.3,2.320
42.3,2.320
42.3,2.320
42.3,2.320
42.3,2.320
42.3,2.320
42.3,2.320
42.3,2.320
42.3,2.320
42.3,2.325
42.3,2.325
42.3,2.325
42.3,2.325
42.3,2.325
42.3,2.325
42.3,2.325
42.3,2.325
42.3,2.325
42.3,2.325
42.3,2.325
42.3,2.325
42.3,2.325
42.3,2.325
42.3,2.325
42.3,2.325
42.3,2.325
42.3,2.325
42.3,2.325
42.3,2.325
42.3,2.325
42.3,2.325
42.3,2.325
42.3,2.325
42.4,2.325
42.4,2.325
42.4,2.330
42.4,2.330
42.4,2.330
42.4,2.330
42.4,2.330
42.4,2.330
42.4,2.330
42.4,2.330
42.4,2.330
42.4,2.330
42.4,2.330
42.4,2.330
42.4,2.330
42.4,2.330
42.4,2.330
42.4,2.330
42.4,2.330
42.4,2.330
42.4,2.330
42.4,2.330
42.4,2.330
42.4,2.330
42.4,2.330
42.4,2.330
42.4,2.330
42.4,2.330
42.4,2.330
42.4,2.335
42.4,2.335
42.4,2.335
42.4,2.335
42.4,2.335
42.4,2.335
42.4,2.335
42.4,2.335
42.4,2.335
42.4,2.335
42.4,2.335
42.4,2.335
42.4,2.335
42.4,2.335
42.4,2.335
42.4,2.335
42.4,2.335
42.4,2.335
42.4,2.335
42.4,2.335
42.4,2.335
42.4,2.335
42.4,2.335
42.4,2.335
42.4,2.335
42.4,2.340
42.5,2.340
42.5,2.340
42.5,2.340
42.5,2.340
42.5,2.340
42.5,2.340
42.5,2.340
42.5,2.340
42.5,2.340
42.5,2.340
42.5,2.340
42.5,2.340
42.5,2.340
42.5,2.340
42.5,2.340
42.6,2.340
42.6,2.340
42.6,2.340
42.6,2.340
42.6,2.340
42.6,2.340
42.6,2.340
42.6,2.340
42.6,2.340
42.6,2.340
42.6,2.345
42.6,2.345
42.6,2.345
42.6,2.345
42.6,2.345
42.6,2.345
42.6,2.345
42.6,2.345
42.6,2.345
42.6,2.345
42.6,2.345
42.6,2.345
42.6,2.345
42.6,2.345
42.6,2.345
42.6,2.345
42.6,2.345
42.6,2.345
42.6,2.345
42.6,2.345
42.6,2.345
42.6,2.345
42.6,2.345
42.6,2.345
42.6,2.345
42.6,2.350
42.6,2.350
42.6,2.350
42.6,2.350
42.6,2.350
42.6,2.350
42.6,2.350
42.6,2.350
42.6,2.350
42.7,2.350
42.7,2.350
42.7,2.350
42.7,2.350
42.7,2.350
42.7,2.350
42.7,2.350
42.7,2.350
42.7,2.350
42.7,2.350
42.7,2.350
42.7,2.350
42.6,2.350
42.5,2.350
42.5,2.350
42.5,2.355
42.5,2.355
42.5,2.355
42.5,2.355
42.5,2.355
42.5,2.355
42.5,2.355
42.5,2.355
42.5,2.355
42.5,2.355
42.5,2.355
42.5,2.355
42.5,2.355
42.5,2.355
42.5,2.355
42.5,2.355
42.5,2.355
42.5,2.355
42.5,2.355
42.4,2.355
42.4,2.355
42.4,2.355
42.4,2.355
42.4,2.355
42.4,2.355
42.4,2.360
42.4,2.360
42.4,2.360
42.4,2.360
42.4,2.360
42.4,2.360
42.4,2.360
42.4,2.360
42.4,2.360
42.4,2.360
42.4,2.360
42.4,2.360
42.4,2.360
42.4,2.360
42.4,2.360
42.4,2.360
42.4,2.360
42.4,2.360
42.4,2.360
42.4,2.360
42.4,2.360
42.4,2.360
42.4,2.360
42.5,2.360
42.5,2.360
42.5,2.365
42.5,2.365
42.5,2.365
42.5,2.365
42.5,2.365
42.5,2.365
42.5,2.365
42.5,2.365
42.5,2.365
42.5,2.365
42.5,2.365
42.5,2.365
42.5,2.365
42.4,2.365
42.4,2.365
42.4,2.365
42.4,2.365
42.4,2.365
42.4,2.365
42.4,2.365
42.4,2.365
42.4,2.365
42.4,2.365
42.4,2.370
42.4,2.370
42.4,2.370
42.4,2.370
42.4,2.370
42.4,2.370
42.4,2.370
42.4,2.370
42.4,2.370
42.4,2.370
42.4,2.370
42.4,2.370
42.4,2.370
42.4,2.370
42.4,2.370
42.4,2.370
42.4,2.370
42.4,2.370
42.4,2.370
42.4,2.370
42.4,2.375
42.4,2.375
42.4,2.375
42.4,2.375
42.4,2.375
42.4,2.375
42.4,2.375
42.4,2.375
42.4,2.375
42.4,2.375
42.4,2.375
42.4,2.375
42.4,2.375
42.4,2.375
42.4,2.375
42.4,2.375
42.4,2.375
42.4,2.375
42.4,2.375
42.5,2.375
42.5,2.375
42.5,2.375
42.5,2.375
42.5,2.375
42.5,2.380
42.5,2.380
42.5,2.380
42.5,2.380
42.5,2.380
42.5,2.380
42.5,2.380
42.5,2.380
42.5,2.380
42.5,2.380
42.5,2.380
42.5,2.380
42.5,2.380
42.5,2.380
42.5,2.380
42.5,2.380
42.5,2.380
42.5,2.380
42.5,2.380
42.5,2.380
42.5,2.380
42.5,2.380
42.5,2.380
42.5,2.380
42.5,2.385
42.5,2.385
42.5,2.385
42.5,2.385
42.5,2.385
42.5,2.385
42.5,2.385
42.5,2.385
42.5,2.385
42.5,2.385
42.5,2.385
42.5,2.385
42.5,2.385
42.5,2.385
42.5,2.385
42.5,2.385
42.5,2.385
42.5,2.385
42.5,2.385
42.5,2.385
42.5,2.385
42.5,2.385
42.5,2.385
42.5,2.390
42.5,2.390
42.5,2.390
42.5,2.390
42.5,2.390
42.5,2.390
42.5,2.390
42.5,2.390
42.5,2.390
42.5,2.390
42.5,2.390
42.5,2.390
42.5,2.390
42.5,2.390
42.5,2.390
42.5,2.390
42.5,2.390
42.5,2.390
42.5,2.390
42.5,2.390
42.5,2.390
42.5,2.390
42.5,2.390
42.5,2.390
42.5,2.390
42.5,2.395
42.5,2.395
42.5,2.395
42.5,2.395
42.5,2.395
42.5,2.395
42.5,2.395
42.5,2.395
42.5,2.395
42.5,2.395
42.5,2.395
42.5,2.395
42.5,2.395
42.5,2.395
42.5,2.395
42.5,2.395
42.5,2.395
42.5,2.395
42.6,2.395
42.6,2.395
42.6,2.395
42.6,2.395
42.6,2.395
42.6,2.395
42.6,2.395
42.6,2.395
42.6,2.395
42.6,2.400
42.6,2.400
42.6,2.400
42.6,2.400
42.6,2.400
42.6,2.400
42.5,2.400
42.5,2.400
42.5,2.400
42.5,2.400
42.5,2.400
42.5,2.400
42.5,2.400
42.5,2.400
42.5,2.400
42.5,2.400
42.5,2.400
42.5,2.400
42.5,2.400
42.5,2.400
42.5,2.400
42.5,2.400
42.5,2.400
42.5,2.400
42.5,2.400
42.5,2.400
42.5,2.400
42.5,2.400
42.6,2.405
42.6,2.405
42.6,2.405
42.6,2.405
42.6,2.405
42.6,2.405
42.6,2.405
42.6,2.405
42.6,2.405
42.6,2.405
42.6,2.405
42.6,2.405
42.6,2.405
42.6,2.405
42.6,2.405
42.6,2.405
42.6,2.405
42.6,2.405
42.6,2.405
42.6,2.405
42.6,2.405
42.6,2.405
42.6,2.405
42.6,2.405
42.6,2.405
42.6,2.405
42.6,2.405
42.6,2.410
42.6,2.410
42.6,2.410
42.6,2.410
42.6,2.410
42.6,2.410
42.7,2.410
42.7,2.410
42.7,2.410
42.7,2.410
42.7,2.410
42.7,2.410
42.7,2.410
42.7,2.410
42.7,2.410
42.7,2.410
42.7,2.410
42.7,2.410
42.7,2.410
42.7,2.410
42.7,2.410
42.7,2.410
42.7,2.410
42.7,2.410
42.7,2.410
42.7,2.410
42.7,2.410
42.7,2.410
42.7,2.410
42.7,2.415
42.7,2.415
42.7,2.415
42.7,2.415
42.7,2.415
42.7,2.415
42.7,2.415
42.7,2.415
42.7,2.415
42.7,2.415
42.7,2.415
42.7,2.415
42.7,2.415
42.7,2.415
42.7,2.415
42.7,2.415
42.7,2.415
42.7,2.415
42.7,2.415
42.7,2.415
42.7,2.415
42.7,2.415
42.7,2.415
42.7,2.415
42.7,2.415
42.7,2.415
42.7,2.415
42.7,2.415
42.7,2.415
42.7,2.420
42.7,2.420
42.7,2.420
42.7,2.420
42.7,2.420
42.7,2.420
42.7,2.420
42.7,2.420
42.7,2.420
42.6,2.420
42.6,2.420
42.6,2.420
42.6,2.420
42.6,2.420
42.6,2.420
42.6,2.420
42.6,2.420
42.7,2.420
42.7,2.420
42.7,2.420
42.7,2.420
42.7,2.420
42.7,2.420
42.7,2.420
42.7,2.420
42.7,2.420
42.7,2.420
42.7,2.420
42.7,2.420
42.7,2.425
42.7,2.425
42.7,2.425
42.7,2.425
42.7,2.425
42.7,2.425
42.7,2.425
42.7,2.425
42.7,2.425
42.7,2.425
42.7,2.425
42.8,2.425
42.8,2.425
42.8,2.425
42.8,2.425
42.8,2.425
42.8,2.425
42.8,2.425
42.8,2.425
42.8,2.425
42.8,2.425
42.8,2.425
42.8,2.425
42.8,2.425
42.8,2.425
42.7,2.425
42.7,2.430
42.7,2.430
42.7,2.430
42.7,2.430
42.7,2.430
42.7,2.430
42.7,2.430
42.8,2.430
42.8,2.430
42.8,2.430
42.8,2.430
42.8,2.430
42.8,2.430
42.8,2.430
42.8,2.430
42.8,2.430
42.8,2.430
42.8,2.430
42.8,2.430
42.8,2.430
42.8,2.430
42.8,2.430
42.8,2.430
42.8,2.430
42.8,2.430
42.8,2.430
42.8,2.435
42.8,2.435
42.8,2.435
42.8,2.435
42.8,2.435
42.8,2.435
42.9,2.435
42.9,2.435
42.9,2.435
42.9,2.435
42.8,2.435
42.8,2.435
42.8,2.435
42.8,2.435
42.8,2.435
42.8,2.435
42.8,2.435
42.8,2.435
42.8,2.435
42.8,2.435
42.8,2.435
42.8,2.435
42.8,2.435
42.8,2.435
42.8,2.435
42.8,2.435
42.8,2.435
42.8,2.435
42.8,2.440
42.8,2.440
42.8,2.440
42.8,2.440
42.8,2.440
42.8,2.440
42.8,2.440
42.8,2.440
42.8,2.440
42.8,2.440
42.8,2.440
42.8,2.440
42.8,2.440
42.8,2.440
42.8,2.440
42.8,2.440
42.8,2.440
42.8,2.440
42.8,2.440
42.8,2.440
42.8,2.440
42.8,2.440
42.8,2.440
42.8,2.440
42.8,2.440
42.8,2.440
42.8,2.440
42.8,2.440
42.8,2.440
42.8,2.445
42.8,2.445
42.8,2.445
42.8,2.445
42.8,2.445
42.8,2.445
42.8,2.445
42.8,2.445
42.8,2.445
42.8,2.445
42.8,2.445
42.8,2.445
42.8,2.445
42.8,2.445
42.8,2.445
42.8,2.445
42.8,2.445
42.8,2.445
42.9,2.445
42.9,2.445
42.9,2.445
42.9,2.445
42.9,2.445
42.8,2.445
42.8,2.445
42.8,2.445
42.8,2.445
42.8,2.445
42.8,2.445
42.8,2.445
42.8,2.450
42.8,2.450
42.8,2.450
42.8,2.450
42.8,2.450
42.8,2.450
42.8,2.450
42.8,2.450
42.8,2.450
42.8,2.450
42.8,2.450
42.8,2.450
42.8,2.450
42.8,2.450
42.9,2.450
42.9,2.450
42.9,2.450
42.9,2.450
42.9,2.450
42.9,2.450
42.9,2.450
42.9,2.450
42.9,2.450
42.9,2.450
42.9,2.450
42.9,2.450
42.9,2.450
42.9,2.450
42.9,2.455
42.9,2.455
42.9,2.455
42.9,2.455
42.9,2.455
42.9,2.455
42.9,2.455
42.9,2.455
42.9,2.455
42.9,2.455
42.9,2.455
42.9,2.455
42.9,2.455
42.9,2.455
42.9,2.455
42.9,2.455
42.9,2.455
42.9,2.455
42.9,2.455
42.9,2.455
42.9,2.455
42.9,2.455
42.9,2.455
43.0,2.455
43.0,2.455
43.0,2.455
43.0,2.455
43.0,2.455
43.0,2.455
43.0,2.455
43.0,2.455
43.0,2.460
43.0,2.460
43.0,2.460
43.0,2.460
42.9,2.460
42.9,2.460
42.9,2.460
42.9,2.460
42.9,2.460
42.9,2.460
42.9,2.460
42.9,2.460
43.0,2.460
43.0,2.460
43.0,2.460
43.0,2.460
43.0,2.460
43.0,2.460
43.0,2.460
43.0,2.460
43.0,2.460
43.0,2.460
43.0,2.460
43.0,2.460
43.0,2.460
43.0,2.460
43.0,2.460
43.0,2.460
43.0,2.460
43.0,2.460
43.0,2.465
43.0,2.465
43.0,2.465
43.0,2.465
43.0,2.465
43.0,2.465
43.0,2.465
43.0,2.465
43.0,2.465
43.0,2.465
43.0,2.465
43.0,2.465
43.0,2.465
43.0,2.465
43.0,2.465
43.0,2.465
43.0,2.465
43.0,2.465
43.0,2.465
43.0,2.465
43.0,2.465
43.0,2.465
43.0,2.465
43.0,2.465
43.0,2.465
43.1,2.465
43.1,2.465
43.1,2.465
43.1,2.470
43.1,2.470
43.1,2.470
43.1,2.470
43.1,2.470
43.1,2.470
43.1,2.470
43.1,2.470
43.1,2.470
43.1,2.470
43.1,2.470
43.1,2.470
43.1,2.470
43.1,2.470
43.1,2.470
43.1,2.470
43.1,2.470
43.1,2.470
43.1,2.470
43.1,2.470
43.1,2.470
43.1,2.470
43.1,2.470
43.1,2.470
43.1,2.470
43.1,2.470
43.1,2.470
43.1,2.470
43.2,2.475
43.2,2.475
43.2,2.475
43.2,2.475
43.2,2.475
43.2,2.475
43.2,2.475
43.2,2.475
43.2,2.475
43.2,2.475
43.2,2.475
43.2,2.475
43.2,2.475
43.2,2.475
43.2,2.475
43.2,2.475
43.2,2.475
43.2,2.475
43.2,2.475
43.2,2.475
43.2,2.475
43.2,2.475
43.2,2.475
43.2,2.475
43.2,2.475
43.2,2.475
43.2,2.475
43.2,2.475
43.2,2.475
43.2,2.480
43.2,2.480
43.2,2.480
43.2,2.480
43.2,2.480
43.1,2.480
43.1,2.480
43.1,2.480
43.1,2.480
43.1,2.480
43.1,2.480
43.1,2.480
43.1,2.480
43.1,2.480
43.1,2.480
43.1,2.480
43.1,2.480
43.1,2.480
43.1,2.480
43.1,2.480
43.1,2.480
43.1,2.480
43.1,2.480
43.1,2.480
43.1,2.480
43.1,2.480
43.1,2.480
43.1,2.480
43.1,2.480
43.1,2.480
43.1,2.485
43.1,2.485
43.1,2.485
43.1,2.485
43.1,2.485
43.1,2.485
43.1,2.485
43.1,2.485
43.1,2.485
43.1,2.485
43.1,2.485
43.1,2.485
43.1,2.485
43.1,2.485
43.1,2.485
43.1,2.485
43.1,2.485
43.1,2.485
43.1,2.485
43.1,2.485
43.1,2.485
43.1,2.485
43.1,2.485
43.1,2.485
43.1,2.485
43.1,2.485
43.1,2.485
43.1,2.485
43.1,2.485
43.1,2.490
43.1,2.490
43.1,2.490
43.1,2.490
43.1,2.490
43.1,2.490
43.1,2.490
43.1,2.490
43.1,2.490
43.1,2.490
43.1,2.490
43.1,2.490
43.1,2.490
43.1,2.490
43.2,2.490
43.2,2.490
43.2,2.490
43.2,2.490
43.2,2.490
43.2,2.490
43.2,2.490
43.2,2.490
43.2,2.490
43.2,2.490
43.2,2.490
43.2,2.490
43.2,2.490
43.2,2.490
43.2,2.490
43.2,2.490
43.2,2.490
43.2,2.495
43.2,2.495
43.2,2.495
43.2,2.495
43.2,2.495
43.2,2.495
43.2,2.495
43.2,2.495
43.2,2.495
43.2,2.495
43.2,2.495
43.2,2.495
43.2,2.495
43.2,2.495
43.2,2.495
43.2,2.495
43.2,2.495
43.2,2.495
43.2,2.495
43.2,2.495
43.2,2.495
43.2,2.495
43.2,2.495
43.2,2.495
43.2,2.495
43.2,2.495
43.2,2.495
43.2,2.495
43.2,2.495
43.2,2.495
43.2,2.495
43.2,2.495
43.2,2.500
43.2,2.500
43.2,2.500
43.2,2.500
43.2,2.500
43.2,2.500
43.2,2.500
43.2,2.500
43.2,2.500
43.2,2.500
43.1,2.500
43.1,2.500
43.1,2.500
43.1,2.500
43.1,2.500
43.1,2.500
43.1,2.500
43.1,2.500
43.1,2.500
43.1,2.500
43.1,2.500
43.1,2.500
43.1,2.500
43.1,2.500
43.1,2.500
43.1,2.500
43.1,2.500
43.1,2.500
43.1,2.500
43.1,2.500
43.1,2.500
43.1,2.500
43.1,2.500
43.1,2.505
43.1,2.505
43.1,2.505
43.1,2.505
43.1,2.505
43.1,2.505
43.1,2.505
43.1,2.505
43.1,2.505
43.1,2.505
43.1,2.505
43.1,2.505
43.1,2.505
43.1,2.505
43.1,2.505
43.1,2.505
43.1,2.505
43.1,2.505
43.1,2.505
43.1,2.505
43.1,2.505
43.1,2.505
43.1,2.505
43.1,2.505
43.1,2.505
43.1,2.505
43.1,2.505
43.1,2.505
43.2,2.505
43.2,2.505
43.2,2.505
43.2,2.505
43.2,2.510
43.2,2.510
43.2,2.510
43.2,2.510
43.2,2.510
43.2,2.510
43.2,2.510
43.2,2.510
43.2,2.510
43.2,2.510
43.2,2.510
43.2,2.510
43.2,2.510
43.1,2.510
43.1,2.510
43.1,2.510
43.1,2.510
43.1,2.510
43.1,2.510
43.1,2.510
43.1,2.510
43.1,2.510
43.1,2.510
43.1,2.510
43.1,2.510
43.1,2.510
43.1,2.510
43.1,2.510
43.1,2.510
43.1,2.510
43.1,2.510
43.1,2.515
43.1,2.515
43.1,2.515
43.1,2.515
43.1,2.515
43.1,2.515
43.1,2.515
43.1,2.515
43.1,2.515
43.1,2.515
43.1,2.515
43.1,2.515
43.1,2.515
43.1,2.515
43.1,2.515
43.1,2.515
43.1,2.515
43.1,2.515
43.1,2.515
43.1,2.515
43.1,2.515
43.1,2.515
43.1,2.515
43.1,2.515
43.1,2.515
43.1,2.515
43.1,2.515
43.1,2.515
43.1,2.515
43.1,2.515
43.1,2.515
43.1,2.515
43.1,2.520
43.1,2.520
43.1,2.520
43.1,2.520
43.1,2.520
43.1,2.520
43.1,2.520
43.1,2.520
43.1,2.520
43.0,2.520
43.0,2.520
43.0,2.520
43.0,2.520
43.0,2.520
43.0,2.520
43.0,2.520
43.0,2.520
43.0,2.520
43.0,2.520
43.0,2.520
43.0,2.520
43.0,2.520
43.0,2.520
43.0,2.520
43.0,2.520
43.0,2.520
43.0,2.520
43.0,2.520
43.0,2.520
43.0,2.520
43.0,2.520
43.0,2.520
43.0,2.525
43.0,2.525
43.0,2.525
43.0,2.525
43.0,2.525
43.0,2.525
43.0,2.525
43.0,2.525
43.0,2.525
43.0,2.525
43.0,2.525
43.0,2.525
43.0,2.525
43.0,2.525
43.0,2.525
43.0,2.525
43.0,2.525
43.0,2.525
43.0,2.525
43.0,2.525
43.0,2.525
43.0,2.525
43.0,2.525
43.0,2.525
43.0,2.525
43.0,2.525
43.0,2.525
43.0,2.525
43.0,2.525
43.0,2.525
43.0,2.530
43.0,2.530
43.1,2.530
43.1,2.530
43.1,2.530
43.1,2.530
43.1,2.530
43.1,2.530
43.1,2.530
43.1,2.530
43.1,2.530
43.1,2.530
43.1,2.530
43.1,2.530
43.1,2.530
43.1,2.530
43.1,2.530
43.1,2.530
43.1,2.530
43.1,2.530
43.1,2.530
43.1,2.530
43.1,2.530
43.1,2.530
43.1,2.530
43.1,2.530
43.1,2.530
43.1,2.530
43.1,2.535
43.1,2.535
43.1,2.535
43.1,2.535
43.1,2.535
43.1,2.535
43.1,2.535
43.1,2.535
43.1,2.535
43.1,2.535
43.1,2.535
43.1,2.535
43.1,2.535
43.1,2.535
43.1,2.535
43.1,2.535
43.1,2.535
43.1,2.535
43.1,2.535
43.1,2.535
43.1,2.535
43.1,2.535
43.2,2.535
43.2,2.535
43.2,2.535
43.2,2.535
43.2,2.535
43.2,2.535
43.2,2.535
43.2,2.535
43.2,2.535
43.2,2.540
43.2,2.540
43.1,2.540
43.1,2.540
43.1,2.540
43.1,2.540
43.1,2.540
43.1,2.540
43.1,2.540
43.1,2.540
43.1,2.540
43.1,2.540
43.1,2.540
43.1,2.540
43.1,2.540
43.1,2.540
43.1,2.540
43.1,2.540
43.1,2.540
43.1,2.540
43.1,2.540
43.1,2.540
43.1,2.540
43.1,2.540
43.1,2.540
43.1,2.540
43.1,2.540
43.1,2.540
43.1,2.540
43.1,2.540
43.1,2.540
43.1,2.545
43.1,2.545
43.1,2.545
43.1,2.545
43.1,2.545
43.2,2.545
43.2,2.545
43.2,2.545
43.2,2.545
43.2,2.545
43.2,2.545
43.2,2.545
43.2,2.545
43.2,2.545
43.2,2.545
43.2,2.545
43.2,2.545
43.2,2.545
43.2,2.545
43.2,2.545
43.2,2.545
43.1,2.545
43.1,2.545
43.1,2.545
43.1,2.545
43.1,2.545
43.1,2.545
43.1,2.545
43.1,2.545
43.1,2.545
43.1,2.545
43.1,2.550
43.1,2.550
43.1,2.550
43.1,2.550
43.1,2.550
43.1,2.550
43.1,2.550
43.1,2.550
43.1,2.550
43.1,2.550
43.1,2.550
43.1,2.550
43.1,2.550
43.1,2.550
43.1,2.550
43.1,2.550
43.1,2.550
43.1,2.550
43.1,2.550
43.1,2.550
43.1,2.550
43.1,2.550
43.1,2.550
43.1,2.550
43.1,2.550
43.1,2.550
43.1,2.550
43.1,2.550
43.1,2.550
43.1,2.550
43.1,2.550
43.1,2.550
43.1,2.550
43.1,2.555
43.1,2.555
43.1,2.555
43.1,2.555
43.1,2.555
43.1,2.555
43.1,2.555
43.1,2.555
43.1,2.555
43.1,2.555
43.1,2.555
43.1,2.555
43.1,2.555
43.1,2.555
43.1,2.555
43.1,2.555
43.2,2.555
43.2,2.555
43.2,2.555
43.2,2.555
43.2,2.555
43.2,2.555
43.2,2.555
43.2,2.555
43.2,2.555
43.2,2.555
43.2,2.555
43.2,2.555
43.2,2.555
43.2,2.555
43.2,2.555
43.2,2.555
43.2,2.555
43.2,2.555
43.2,2.560
43.2,2.560
43.2,2.560
43.2,2.560
43.2,2.560
43.2,2.560
43.2,2.560
43.2,2.560
43.2,2.560
43.2,2.560
43.2,2.560
43.2,2.560
43.2,2.560
43.2,2.560
43.2,2.560
43.2,2.560
43.2,2.560
43.2,2.560
43.2,2.560
43.2,2.560
43.2,2.560
43.2,2.560
43.2,2.560
43.2,2.560
43.2,2.560
43.3,2.560
43.3,2.560
43.3,2.560
43.3,2.560
43.3,2.560
43.3,2.560
43.3,2.560
43.3,2.560
43.3,2.560
43.3,2.565
43.3,2.565
43.3,2.565
43.3,2.565
43.3,2.565
43.3,2.565
43.3,2.565
43.3,2.565
43.3,2.565
43.3,2.565
43.3,2.565
43.3,2.565
43.3,2.565
43.3,2.565
43.3,2.565
43.3,2.565
43.3,2.565
43.3,2.565
43.3,2.565
43.3,2.565
43.3,2.565
43.3,2.565
43.3,2.565
43.3,2.565
43.3,2.565
43.3,2.565
43.3,2.565
43.3,2.565
43.3,2.565
43.3,2.565
43.3,2.565
43.3,2.570
43.3,2.570
43.3,2.570
43.3,2.570
43.3,2.570
43.3,2.570
43.3,2.570
43.3,2.570
43.3,2.570
43.3,2.570
43.2,2.570
43.2,2.570
43.2,2.570
43.2,2.570
43.2,2.570
43.2,2.570
43.2,2.570
43.3,2.570
43.3,2.570
43.3,2.570
43.3,2.570
43.3,2.570
43.3,2.570
43.3,2.570
43.3,2.570
43.3,2.570
43.3,2.570
43.3,2.570
43.3,2.570
43.3,2.570
43.3,2.570
43.3,2.570
43.3,2.570
43.3,2.575
43.3,2.575
43.3,2.575
43.3,2.575
43.3,2.575
43.3,2.575
43.3,2.575
43.3,2.575
43.3,2.575
43.3,2.575
43.3,2.575
43.4,2.575
43.4,2.575
43.4,2.575
43.4,2.575
43.3,2.575
43.3,2.575
43.3,2.575
43.3,2.575
43.3,2.575
43.3,2.575
43.3,2.575
43.3,2.575
43.3,2.575
43.3,2.575
43.3,2.575
43.3,2.575
43.3,2.575
43.3,2.575
43.3,2.575
43.3,2.575
43.3,2.575
43.3,2.575
43.3,2.580
43.3,2.580
43.3,2.580
43.3,2.580
43.3,2.580
43.3,2.580
43.3,2.580
43.3,2.580
43.3,2.580
43.3,2.580
43.3,2.580
43.3,2.580
43.3,2.580
43.3,2.580
43.3,2.580
43.3,2.580
43.3,2.580
43.3,2.580
43.3,2.580
43.3,2.580
43.3,2.580
43.3,2.580
43.3,2.580
43.3,2.580
43.3,2.580
43.3,2.580
43.3,2.580
43.3,2.580
43.3,2.580
43.3,2.580
43.4,2.580
43.4,2.580
43.4,2.580
43.4,2.580
43.4,2.580
43.4,2.585
43.4,2.585
43.4,2.585
43.4,2.585
43.4,2.585
43.4,2.585
43.4,2.585
43.4,2.585
43.4,2.585
43.4,2.585
43.4,2.585
43.4,2.585
43.4,2.585
43.4,2.585
43.4,2.585
43.4,2.585
43.4,2.585
43.4,2.585
43.4,2.585
43.4,2.585
43.4,2.585
43.4,2.585
43.4,2.585
43.4,2.585
43.4,2.585
43.4,2.585
43.4,2.585
43.4,2.585
43.4,2.585
43.4,2.585
43.4,2.585
43.4,2.585
43.4,2.590
43.4,2.590
43.4,2.590
43.4,2.590
43.4,2.590
43.4,2.590
43.4,2.590
43.4,2.590
43.4,2.590
43.4,2.590
43.4,2.590
43.4,2.590
43.4,2.590
43.4,2.590
43.4,2.590
43.4,2.590
43.4,2.590
43.4,2.590
43.4,2.590
43.4,2.590
43.4,2.590
43.4,2.590
43.4,2.590
43.4,2.590
43.4,2.590
43.4,2.590
43.4,2.590
43.4,2.590
43.4,2.590
43.4,2.590
43.4,2.595
43.4,2.595
43.4,2.595
43.4,2.595
43.4,2.595
43.4,2.595
43.4,2.595
43.4,2.595
43.4,2.595
43.4,2.595
43.4,2.595
43.4,2.595
43.4,2.595
43.4,2.595
43.4,2.595
43.4,2.595
43.4,2.595
43.4,2.595
43.4,2.595
43.4,2.595
43.4,2.595
43.4,2.595
43.4,2.595
43.4,2.595
43.5,2.595
43.5,2.595
43.5,2.595
43.5,2.595
43.5,2.595
43.5,2.595
43.5,2.595
43.5,2.600
43.5,2.600
43.5,2.600
43.5,2.600
43.5,2.600
43.5,2.600
43.5,2.600
43.5,2.600
43.5,2.600
43.5,2.600
43.5,2.600
43.5,2.600
43.5,2.600
43.5,2.600
43.5,2.600
43.5,2.600
43.5,2.600
43.5,2.600
43.5,2.600
43.5,2.600
43.5,2.600
43.5,2.600
43.5,2.600
43.5,2.600
43.5,2.600
43.5,2.600
43.5,2.600
43.5,2.600
43.5,2.600
43.5,2.600
43.5,2.600
43.5,2.605
43.5,2.605
43.5,2.605
43.5,2.605
43.5,2.605
43.5,2.605
43.4,2.605
43.4,2.605
43.4,2.605
43.4,2.605
43.4,2.605
43.4,2.605
43.4,2.605
43.4,2.605
43.5,2.605
43.5,2.605
43.5,2.605
43.5,2.605
43.5,2.605
43.5,2.605
43.5,2.605
43.5,2.605
43.5,2.605
43.5,2.605
43.5,2.605
43.5,2.605
43.5,2.605
43.5,2.605
43.5,2.605
43.5,2.605
43.4,2.610
43.4,2.610
43.4,2.610
43.4,2.610
43.4,2.610
43.4,2.610
43.4,2.610
43.4,2.610
43.4,2.610
43.4,2.610
43.4,2.610
43.4,2.610
43.4,2.610
43.4,2.610
43.4,2.610
43.4,2.610
43.4,2.610
43.4,2.610
43.5,2.610
43.5,2.610
43.5,2.610
43.5,2.610
43.5,2.610
43.5,2.610
43.5,2.610
43.5,2.610
43.5,2.610
43.5,2.610
43.5,2.610
43.5,2.615
43.5,2.615
43.5,2.615
43.5,2.615
43.5,2.615
43.5,2.615
43.5,2.615
43.5,2.615
43.5,2.615
43.5,2.615
43.5,2.615
43.5,2.615
43.6,2.615
43.6,2.615
43.6,2.615
43.6,2.615
43.6,2.615
43.6,2.615
43.6,2.615
43.5,2.615
43.5,2.615
43.5,2.615
43.5,2.615
43.5,2.615
43.5,2.615
43.5,2.615
43.5,2.615
43.5,2.615
43.5,2.615
43.5,2.615
43.5,2.615
43.5,2.615
43.5,2.620
43.5,2.620
43.5,2.620
43.5,2.620
43.5,2.620
43.5,2.620
43.5,2.620
43.5,2.620
43.5,2.620
43.5,2.620
43.5,2.620
43.5,2.620
43.5,2.620
43.5,2.620
43.6,2.620
43.6,2.620
43.6,2.620
43.6,2.620
43.6,2.620
43.6,2.620
43.6,2.620
43.6,2.620
43.6,2.620
43.6,2.620
43.6,2.620
43.6,2.620
43.6,2.620
43.6,2.620
43.6,2.620
43.6,2.620
43.6,2.620
43.6,2.620
43.6,2.620
43.6,2.625
43.6,2.625
43.6,2.625
43.6,2.625
43.6,2.625
43.6,2.625
43.6,2.625
43.6,2.625
43.6,2.625
43.6,2.625
43.6,2.625
43.6,2.625
43.6,2.625
43.6,2.625
43.6,2.625
43.6,2.625
43.6,2.625
43.6,2.625
43.6,2.625
43.6,2.625
43.6,2.625
43.6,2.625
43.6,2.625
43.6,2.625
43.6,2.625
43.6,2.625
43.6,2.625
43.6,2.625
43.6,2.625
43.6,2.625
43.6,2.625
43.6,2.625
43.6,2.625
43.6,2.630
43.6,2.630
43.6,2.630
43.6,2.630
43.6,2.630
43.6,2.630
43.6,2.630
43.6,2.630
43.6,2.630
43.6,2.630
43.6,2.630
43.6,2.630
43.6,2.630
43.6,2.630
43.6,2.630
43.6,2.630
43.6,2.630
43.6,2.630
43.6,2.630
43.6,2.630
43.6,2.630
43.6,2.630
43.6,2.630
43.6,2.630
43.6,2.630
43.6,2.630
43.6,2.630
43.5,2.630
43.5,2.630
43.5,2.630
43.5,2.630
43.5,2.630
43.5,2.630
43.5,2.630
43.5,2.630
43.5,2.635
43.5,2.635
43.6,2.635
43.6,2.635
43.6,2.635
43.6,2.635
43.6,2.635
43.6,2.635
43.6,2.635
43.6,2.635
43.6,2.635
43.6,2.635
43.6,2.635
43.6,2.635
43.6,2.635
43.6,2.635
43.6,2.635
43.6,2.635
43.6,2.635
43.6,2.635
43.6,2.635
43.6,2.635
43.6,2.635
43.6,2.635
43.6,2.635
43.6,2.635
43.6,2.635
43.6,2.635
43.6,2.635
43.6,2.635
43.6,2.635
43.6,2.635
43.6,2.635
43.6,2.635
43.6,2.635
43.6,2.635
43.6,2.635
43.6,2.635
43.6,2.635
43.6,2.635
43.6,2.640
43.6,2.640
43.6,2.640
43.6,2.640
43.6,2.640
43.6,2.640
43.6,2.640
43.6,2.640
43.6,2.640
43.6,2.640
43.6,2.640
43.6,2.640
43.6,2.640
43.6,2.640
43.6,2.640
43.6,2.640
43.6,2.640
43.6,2.640
43.6,2.640
43.6,2.640
43.6,2.640
43.6,2.640
43.6,2.640
43.6,2.640
43.6,2.640
43.6,2.640
43.6,2.640
43.6,2.640
43.6,2.640
43.6,2.640
43.6,2.640
43.6,2.640
43.6,2.640
43.6,2.640
43.6,2.640
43.6,2.640
43.6,2.640
43.6,2.640
43.6,2.640
43.6,2.640
43.6,2.645
43.6,2.645
43.6,2.645
43.6,2.645
43.6,2.645
43.6,2.645
43.6,2.645
43.6,2.645
43.6,2.645
43.6,2.645
43.6,2.645
43.6,2.645
43.6,2.645
43.6,2.645
43.6,2.645
43.6,2.645
43.6,2.645
43.6,2.645
43.6,2.645
43.6,2.645
43.6,2.645
43.6,2.645
43.6,2.645
43.6,2.645
43.6,2.645
43.6,2.645
43.6,2.645
43.6,2.645
43.6,2.645
43.6,2.645
43.6,2.645
43.6,2.645
43.6,2.645
43.6,2.645
43.6,2.645
43.6,2.645
43.6,2.645
43.6,2.645
43.6,2.645
43.6,2.650
43.6,2.650
43.6,2.650
43.6,2.650
43.6,2.650
43.6,2.650
43.6,2.650
43.6,2.650
43.6,2.650
43.6,2.650
43.6,2.650
43.6,2.650
43.6,2.650
43.6,2.650
43.6,2.650
43.6,2.650
43.6,2.650
43.6,2.650
43.6,2.650
43.6,2.650
43.6,2.650
43.6,2.650
43.6,2.650
43.6,2.650
43.6,2.650
43.6,2.650
43.6,2.650
43.6,2.650
43.6,2.650
43.6,2.650
43.6,2.650
43.6,2.650
43.6,2.650
43.7,2.650
43.7,2.650
43.7,2.650
43.7,2.650
43.7,2.650
43.7,2.650
43.7,2.650
43.7,2.650
43.7,2.650
43.7,2.650
43.7,2.655
43.7,2.655
43.7,2.655
43.7,2.655
43.7,2.655
43.7,2.655
43.7,2.655
43.6,2.655
43.6,2.655
43.6,2.655
43.6,2.655
43.6,2.655
43.6,2.655
43.6,2.655
43.6,2.655
43.6,2.655
43.6,2.655
43.6,2.655
43.6,2.655
43.6,2.655
43.6,2.655
43.6,2.655
43.6,2.655
43.6,2.655
43.6,2.655
43.6,2.655
43.6,2.655
43.6,2.655
43.6,2.655
43.6,2.655
43.6,2.655
43.6,2.655
43.6,2.655
43.6,2.655
43.6,2.655
43.6,2.655
43.6,2.655
43.6,2.655
43.6,2.655
43.6,2.655
43.6,2.655
43.6,2.655
43.6,2.660
43.6,2.660
43.6,2.660
43.6,2.660
43.6,2.660
43.6,2.660
43.6,2.660
43.6,2.660
43.6,2.660
43.6,2.660
43.6,2.660
43.6,2.660
43.6,2.660
43.6,2.660
43.6,2.660
43.7,2.660
43.7,2.660
43.7,2.660
43.7,2.660
43.7,2.660
43.7,2.660
43.7,2.660
43.7,2.660
43.7,2.660
43.7,2.660
43.7,2.660
43.7,2.660
43.7,2.660
43.7,2.660
43.7,2.660
43.7,2.660
43.7,2.660
43.7,2.660
43.7,2.660
43.7,2.660
43.7,2.660
43.7,2.660
43.7,2.660
43.7,2.660
43.7,2.660
43.7,2.665
43.7,2.665
43.7,2.665
43.7,2.665
43.8,2.665
43.8,2.665
43.8,2.665
43.8,2.665
43.8,2.665
43.8,2.665
43.8,2.665
43.8,2.665
43.8,2.665
43.8,2.665
43.8,2.665
43.8,2.665
43.8,2.665
43.8,2.665
43.8,2.665
43.8,2.665
43.8,2.665
43.8,2.665
43.8,2.665
43.8,2.665
43.8,2.665
43.8,2.665
43.8,2.665
43.8,2.665
43.8,2.665
43.8,2.665
43.8,2.665
43.8,2.665
43.8,2.665
43.8,2.665
43.8,2.665
43.8,2.670
43.8,2.670
43.8,2.670
43.8,2.670
43.8,2.670
43.8,2.670
43.8,2.670
43.8,2.670
43.8,2.670
43.8,2.670
43.8,2.670
43.8,2.670
43.8,2.670
43.8,2.670
43.8,2.670
43.8,2.670
43.8,2.670
43.8,2.670
43.8,2.670
43.8,2.670
43.8,2.670
43.8,2.670
43.8,2.670
43.8,2.670
43.8,2.670
43.8,2.670
43.7,2.670
43.7,2.670
43.7,2.670
43.7,2.670
43.7,2.670
43.7,2.670
43.7,2.670
43.6,2.670
43.6,2.675
43.6,2.675
43.6,2.675
43.6,2.675
43.6,2.675
43.6,2.675
43.6,2.675
43.6,2.675
43.6,2.675
43.6,2.675
43.6,2.675
43.6,2.675
43.6,2.675
43.6,2.675
43.6,2.675
43.6,2.675
43.6,2.675
43.6,2.675
43.6,2.675
43.6,2.675
43.6,2.675
43.6,2.675
43.6,2.675
43.6,2.675
43.6,2.675
43.6,2.675
43.6,2.675
43.6,2.675
43.6,2.675
43.6,2.675
43.6,2.675
43.6,2.675
43.6,2.675
43.6,2.675
43.6,2.675
43.6,2.675
43.5,2.675
43.5,2.680
43.5,2.680
43.5,2.680
43.5,2.680
43.6,2.680
43.6,2.680
43.6,2.680
43.6,2.680
43.6,2.680
43.6,2.680
43.6,2.680
43.6,2.680
43.6,2.680
43.6,2.680
43.6,2.680
43.6,2.680
43.6,2.680
43.6,2.680
43.6,2.680
43.6,2.680
43.6,2.680
43.6,2.680
43.6,2.680
43.6,2.680
43.6,2.680
43.7,2.680
43.7,2.680
43.7,2.680
43.7,2.680
43.7,2.680
43.7,2.680
43.7,2.680
43.7,2.680
43.7,2.680
43.7,2.680
43.7,2.680
43.7,2.680
43.7,2.680
43.7,2.680
43.7,2.680
43.7,2.685
43.7,2.685
43.7,2.685
43.7,2.685
43.7,2.685
43.7,2.685
43.7,2.685
43.7,2.685
43.7,2.685
43.7,2.685
43.7,2.685
43.7,2.685
43.7,2.685
43.7,2.685
43.7,2.685
43.7,2.685
43.7,2.685
43.7,2.685
43.7,2.685
43.7,2.685
43.7,2.685
43.7,2.685
43.7,2.685
43.7,2.685
43.7,2.685
43.7,2.685
43.7,2.685
43.7,2.685
43.7,2.685
43.7,2.685
43.7,2.685
43.7,2.685
43.7,2.685
43.7,2.685
43.7,2.685
43.7,2.685
43.7,2.685
43.7,2.685
43.7,2.685
43.7,2.685
43.7,2.685
43.7,2.690
43.7,2.690
43.7,2.690
43.7,2.690
43.7,2.690
43.7,2.690
43.7,2.690
43.7,2.690
43.7,2.690
43.7,2.690
43.7,2.690
43.7,2.690
43.7,2.690
43.8,2.690
43.8,2.690
43.8,2.690
43.8,2.690
43.8,2.690
43.8,2.690
43.8,2.690
43.8,2.690
43.8,2.690
43.8,2.690
43.8,2.690
43.8,2.690
43.8,2.690
43.8,2.690
43.8,2.690
43.8,2.690
43.8,2.690
43.8,2.690
43.8,2.690
43.8,2.690
43.8,2.690
43.8,2.690
43.8,2.690
43.8,2.690
43.8,2.690
43.8,2.695
43.8,2.695
43.8,2.695
43.8,2.695
43.8,2.695
43.8,2.695
43.8,2.695
43.8,2.695
43.8,2.695
43.8,2.695
43.8,2.695
43.8,2.695
43.8,2.695
43.8,2.695
43.8,2.695
43.8,2.695
43.7,2.695
43.7,2.695
43.7,2.695
43.7,2.695
43.7,2.695
43.7,2.695
43.7,2.695
43.7,2.695
43.7,2.695
43.7,2.695
43.7,2.695
43.7,2.695
43.7,2.695
43.7,2.695
43.7,2.695
43.7,2.695
43.7,2.695
43.7,2.695
43.7,2.695
43.7,2.695
43.7,2.695
43.7,2.695
43.7,2.695
43.7,2.695
43.7,2.695
43.7,2.695
43.7,2.700
43.7,2.700
43.7,2.700
43.7,2.700
43.7,2.700
43.7,2.700
43.7,2.700
43.7,2.700
43.7,2.700
43.7,2.700
43.7,2.700
43.7,2.700
43.7,2.700
43.7,2.700
43.7,2.700
43.7,2.700
43.7,2.700
43.7,2.700
43.7,2.700
43.7,2.700
43.7,2.700
43.7,2.700
43.7,2.700
43.7,2.700
43.7,2.700
43.7,2.700
43.7,2.700
43.7,2.700
43.7,2.700
43.7,2.700
43.7,2.700
43.7,2.700
43.7,2.700
43.7,2.700
43.7,2.700
43.7,2.700
43.7,2.700
43.7,2.700
43.7,2.700
43.7,2.700
43.7,2.700
43.7,2.700
43.7,2.700
43.6,2.705
43.6,2.705
43.6,2.705
43.6,2.705
43.6,2.705
43.6,2.705
43.6,2.705
43.6,2.705
43.6,2.705
43.6,2.705
43.6,2.705
43.6,2.705
43.6,2.705
43.6,2.705
43.6,2.705
43.6,2.705
43.6,2.705
43.6,2.705
43.6,2.705
43.6,2.705
43.6,2.705
43.6,2.705
43.6,2.705
43.6,2.705
43.6,2.705
43.6,2.705
43.6,2.705
43.6,2.705
43.6,2.705
43.6,2.705
43.6,2.705
43.6,2.705
43.6,2.705
43.6,2.705
43.6,2.705
43.6,2.705
43.6,2.705
43.6,2.705
43.7,2.705
43.7,2.705
43.7,2.705
43.7,2.705
43.7,2.710
43.7,2.710
43.7,2.710
43.7,2.710
43.7,2.710
43.7,2.710
43.7,2.710
43.7,2.710
43.7,2.710
43.7,2.710
43.7,2.710
43.7,2.710
43.7,2.710
43.7,2.710
43.7,2.710
43.7,2.710
43.7,2.710
43.7,2.710
43.7,2.710
43.7,2.710
43.7,2.710
43.7,2.710
43.7,2.710
43.7,2.710
43.7,2.710
43.7,2.710
43.8,2.710
43.8,2.710
43.8,2.710
43.8,2.710
43.8,2.710
43.8,2.710
43.8,2.710
43.8,2.710
43.8,2.710
43.8,2.710
43.8,2.710
43.8,2.710
43.8,2.710
43.8,2.710
43.8,2.710
43.8,2.710
43.8,2.715
43.7,2.715
43.7,2.715
43.7,2.715
43.7,2.715
43.7,2.715
43.7,2.715
43.7,2.715
43.7,2.715
43.7,2.715
43.7,2.715
43.8,2.715
43.8,2.715
43.8,2.715
43.8,2.715
43.8,2.715
43.8,2.715
43.8,2.715
43.8,2.715
43.8,2.715
43.8,2.715
43.8,2.715
43.8,2.715
43.8,2.715
43.8,2.715
43.8,2.715
43.8,2.715
43.8,2.715
43.8,2.715
43.8,2.715
43.8,2.715
43.8,2.715
43.8,2.715
43.8,2.715
43.8,2.715
43.8,2.715
43.8,2.715
43.8,2.715
43.8,2.715
43.8,2.715
43.8,2.715
43.8,2.715
43.8,2.715
43.7,2.715
43.7,2.715
43.7,2.720
43.7,2.720
43.7,2.720
43.7,2.720
43.7,2.720
43.7,2.720
43.7,2.720
43.7,2.720
43.7,2.720
43.7,2.720
43.7,2.720
43.8,2.720
43.8,2.720
43.8,2.720
43.7,2.720
43.7,2.720
43.7,2.720
43.7,2.720
43.7,2.720
43.7,2.720
43.7,2.720
43.7,2.720
43.7,2.720
43.7,2.720
43.7,2.720
43.7,2.720
43.7,2.720
43.7,2.720
43.7,2.720
43.7,2.720
43.7,2.720
43.7,2.720
43.7,2.720
43.7,2.720
43.7,2.720
43.7,2.720
43.7,2.720
43.7,2.720
43.7,2.720
43.7,2.720
43.7,2.720
43.7,2.720
43.7,2.720
43.7,2.720
43.7,2.720
43.7,2.720
43.7,2.720
43.7,2.720
43.7,2.725
43.7,2.725
43.7,2.725
43.7,2.725
43.8,2.725
43.8,2.725
43.8,2.725
43.8,2.725
43.8,2.725
43.8,2.725
43.8,2.725
43.8,2.725
43.8,2.725
43.8,2.725
43.8,2.725
43.8,2.725
43.8,2.725
43.8,2.725
43.8,2.725
43.8,2.725
43.8,2.725
43.8,2.725
43.8,2.725
43.8,2.725
43.8,2.725
43.8,2.725
43.8,2.725
43.8,2.725
43.8,2.725
43.8,2.725
43.8,2.725
43.8,2.725
43.8,2.725
43.8,2.725
43.8,2.725
43.8,2.725
43.8,2.725
43.8,2.725
43.8,2.725
43.8,2.725
43.8,2.725
43.8,2.725
43.8,2.725
43.8,2.725
43.8,2.725
43.8,2.725
43.8,2.730
43.8,2.730
43.8,2.730
43.8,2.730
43.8,2.730
43.8,2.730
43.8,2.730
43.8,2.730
43.8,2.730
43.8,2.730
43.8,2.730
43.8,2.730
43.8,2.730
43.8,2.730
43.8,2.730
43.8,2.730
43.8,2.730
43.8,2.730
43.8,2.730
43.8,2.730
43.8,2.730
43.8,2.730
43.8,2.730
43.8,2.730
43.8,2.730
43.8,2.730
43.8,2.730
43.8,2.730
43.8,2.730
43.8,2.730
43.8,2.730
43.8,2.730
43.8,2.730
43.8,2.730
43.8,2.730
43.8,2.730
43.8,2.730
43.8,2.730
43.8,2.730
43.8,2.730
43.8,2.730
43.8,2.730
43.8,2.730
43.8,2.730
43.8,2.730
43.8,2.730
43.8,2.730
43.8,2.730
43.7,2.730
43.7,2.730
43.7,2.735
43.7,2.735
43.7,2.735
43.7,2.735
43.7,2.735
43.7,2.735
43.7,2.735
43.7,2.735
43.7,2.735
43.7,2.735
43.7,2.735
43.7,2.735
43.7,2.735
43.7,2.735
43.7,2.735
43.7,2.735
43.7,2.735
43.7,2.735
43.7,2.735
43.7,2.735
43.7,2.735
43.7,2.735
43.7,2.735
43.7,2.735
43.7,2.735
43.7,2.735
43.7,2.735
43.7,2.735
43.7,2.735
43.7,2.735
43.7,2.735
43.7,2.735
43.7,2.735
43.7,2.735
43.7,2.735
43.7,2.735
43.7,2.735
43.7,2.735
43.7,2.735
43.7,2.735
43.7,2.735
43.7,2.735
43.7,2.735
43.7,2.735
43.7,2.735
43.7,2.735
43.7,2.735
43.7,2.735
43.7,2.735
43.7,2.735
43.7,2.735
43.7,2.740
43.7,2.740
43.7,2.740
43.7,2.740
43.7,2.740
43.7,2.740
43.7,2.740
43.7,2.740
43.7,2.740
43.7,2.740
43.7,2.740
43.7,2.740
43.7,2.740
43.7,2.740
43.7,2.740
43.7,2.740
43.7,2.740
43.7,2.740
43.7,2.740
43.7,2.740
43.7,2.740
43.8,2.740
43.8,2.740
43.8,2.740
43.8,2.740
43.8,2.740
43.8,2.740
43.8,2.740
43.8,2.740
43.8,2.740
43.8,2.740
43.8,2.740
43.8,2.740
43.8,2.740
43.8,2.740
43.8,2.740
43.8,2.740
43.8,2.740
43.8,2.740
43.8,2.740
43.8,2.740
43.8,2.740
43.8,2.740
43.8,2.740
43.8,2.740
43.8,2.740
43.8,2.740
43.8,2.740
43.8,2.740
43.8,2.740
43.8,2.740
43.8,2.740
43.8,2.745
43.8,2.745
43.8,2.745
43.8,2.745
43.8,2.745
43.8,2.745
43.8,2.745
43.8,2.745
43.8,2.745
43.8,2.745
43.8,2.745
43.8,2.745
43.8,2.745
43.8,2.745
43.8,2.745
43.8,2.745
43.8,2.745
43.8,2.745
43.8,2.745
43.8,2.745
43.8,2.745
43.8,2.745
43.8,2.745
43.8,2.745
43.8,2.745
43.8,2.745
43.8,2.745
43.8,2.745
43.9,2.745
43.9,2.745
43.9,2.745
43.9,2.745
43.9,2.745
43.9,2.745
43.9,2.745
43.9,2.745
43.9,2.745
43.9,2.745
43.9,2.745
43.9,2.745
43.9,2.745
43.9,2.745
43.9,2.745
43.9,2.745
43.9,2.745
43.9,2.745
43.9,2.745
43.9,2.745
43.9,2.745
43.9,2.745
43.9,2.745
43.9,2.745
43.9,2.745
43.9,2.745
43.9,2.750
43.9,2.750
43.9,2.750
43.9,2.750
43.9,2.750
43.9,2.750
43.9,2.750
43.9,2.750
43.9,2.750
43.9,2.750
43.9,2.750
43.9,2.750
43.9,2.750
43.9,2.750
43.9,2.750
43.9,2.750
43.9,2.750
43.9,2.750
43.9,2.750
43.9,2.750
43.9,2.750
43.9,2.750
43.9,2.750
43.9,2.750
43.9,2.750
43.9,2.750
43.9,2.750
43.9,2.750
43.9,2.750
43.9,2.750
43.9,2.750
43.9,2.750
43.9,2.750
43.9,2.750
43.9,2.750
43.9,2.750
43.9,2.750
43.9,2.750
43.9,2.750
43.9,2.750
43.9,2.750
43.9,2.750
43.9,2.750
43.9,2.750
43.9,2.750
43.9,2.750
43.9,2.750
43.9,2.750
43.9,2.750
43.9,2.750
43.9,2.750
43.9,2.750
43.9,2.750
43.9,2.750
43.9,2.755
43.9,2.755
43.9,2.755
43.9,2.755
43.9,2.755
43.9,2.755
43.9,2.755
43.9,2.755
43.9,2.755
43.9,2.755
43.9,2.755
43.9,2.755
43.9,2.755
43.9,2.755
43.9,2.755
43.9,2.755
43.9,2.755
43.9,2.755
43.9,2.755
43.9,2.755
43.9,2.755
43.9,2.755
43.9,2.755
43.9,2.755
43.9,2.755
43.9,2.755
43.9,2.755
43.9,2.755
43.9,2.755
43.9,2.755
43.9,2.755
43.9,2.755
43.9,2.755
43.9,2.755
43.9,2.755
43.9,2.755
43.9,2.755
43.9,2.755
43.9,2.755
43.9,2.755
43.9,2.755
43.9,2.755
43.9,2.755
43.9,2.755
43.9,2.755
43.9,2.755
43.9,2.755
43.9,2.755
43.9,2.755
43.9,2.755
43.9,2.755
43.9,2.755
43.9,2.755
43.9,2.755
43.9,2.755
43.9,2.755
43.9,2.755
43.9,2.755
43.9,2.755
43.9,2.755
43.9,2.755
43.9,2.755
43.9,2.755
43.9,2.755
43.9,2.755
43.9,2.755
43.9,2.755
43.9,2.755
43.9,2.755
43.9,2.755
43.9,2.755
43.9,2.760
43.9,2.760
43.9,2.760
43.9,2.760
43.9,2.760
43.9,2.760
43.9,2.760
43.9,2.760
43.9,2.760
43.9,2.760
43.9,2.760
43.9,2.760
43.9,2.760
43.9,2.760
43.9,2.760
43.9,2.760
43.9,2.760
43.9,2.760
43.9,2.760
43.9,2.760
43.9,2.760
43.9,2.760
43.9,2.760
43.9,2.760
43.9,2.760
43.9,2.760
43.9,2.760
43.9,2.760
43.9,2.760
43.9,2.760
43.9,2.760
43.9,2.760
43.9,2.760
43.9,2.760
43.9,2.760
43.9,2.760
43.9,2.760
43.9,2.760
43.9,2.760
43.9,2.760
43.9,2.760
43.9,2.760
43.9,2.760
43.9,2.760
43.8,2.760
43.8,2.760
43.8,2.760
43.8,2.760
43.8,2.760
43.8,2.760
43.8,2.760
43.8,2.760
43.8,2.760
43.9,2.760
43.9,2.760
43.9,2.760
43.9,2.760
43.9,2.760
43.9,2.760
43.9,2.760
43.9,2.760
43.9,2.760
43.9,2.760
43.9,2.765
43.9,2.765
43.9,2.765
43.9,2.765
43.9,2.765
43.9,2.765
43.9,2.765
43.9,2.765
43.9,2.765
43.9,2.765
43.9,2.765
43.9,2.765
43.9,2.765
43.9,2.765
43.9,2.765
43.9,2.765
43.9,2.765
43.9,2.765
43.9,2.765
43.9,2.765
43.9,2.765
43.9,2.765
43.9,2.765
43.9,2.765
43.9,2.765
43.9,2.765
43.9,2.765
43.9,2.765
43.9,2.765
43.9,2.765
43.9,2.765
43.9,2.765
43.9,2.765
43.9,2.765
43.9,2.765
43.9,2.765
43.9,2.765
44.0,2.765
44.0,2.765
44.0,2.765
44.0,2.765
44.0,2.765
44.0,2.765
44.0,2.765
44.0,2.765
44.0,2.765
44.0,2.765
44.0,2.770
44.0,2.770
44.0,2.770
44.0,2.770
44.0,2.770
44.0,2.770
44.0,2.770
44.0,2.770
44.0,2.770
44.0,2.770
44.0,2.770
44.0,2.770
44.0,2.770
44.0,2.770
44.0,2.770
44.0,2.770
44.0,2.770
44.0,2.770
44.0,2.770
44.0,2.770
44.0,2.770
44.0,2.770
44.0,2.770
44.0,2.770
44.0,2.770
44.0,2.770
44.0,2.770
44.0,2.770
44.0,2.770
44.0,2.770
44.0,2.770
44.0,2.770
44.0,2.770
44.0,2.770
43.9,2.770
43.9,2.770
43.9,2.770
43.9,2.770
43.9,2.770
43.9,2.775
43.9,2.775
43.9,2.775
43.9,2.775
43.9,2.775
43.9,2.775
43.9,2.775
43.9,2.775
43.9,2.775
43.9,2.775
43.9,2.775
43.9,2.775
43.9,2.775
43.9,2.775
43.9,2.775
43.9,2.775
43.9,2.775
44.0,2.775
44.0,2.775
44.0,2.775
44.0,2.775
44.0,2.775
44.0,2.775
44.0,2.775
44.0,2.775
44.0,2.775
44.0,2.775
44.0,2.775
44.0,2.775
44.0,2.775
44.0,2.775
44.0,2.775
44.0,2.775
44.0,2.775
44.0,2.775
44.0,2.775
44.0,2.775
44.0,2.775
44.0,2.775
44.0,2.775
44.0,2.775
44.0,2.780
44.0,2.780
44.0,2.780
44.0,2.780
44.0,2.780
44.0,2.780
44.0,2.780
44.0,2.780
44.0,2.780
44.0,2.780
44.0,2.780
44.0,2.780
44.0,2.780
44.0,2.780
44.0,2.780
44.0,2.780
44.0,2.780
44.0,2.780
44.1,2.780
44.1,2.780
44.1,2.780
44.1,2.780
44.1,2.780
44.1,2.780
44.1,2.780
44.1,2.780
44.1,2.780
44.1,2.780
44.1,2.780
44.1,2.780
44.1,2.780
44.1,2.780
44.1,2.780
44.1,2.780
44.1,2.780
44.1,2.780
44.1,2.780
44.1,2.780
44.1,2.780
44.1,2.780
44.1,2.785
44.1,2.785
44.1,2.785
44.0,2.785
44.0,2.785
44.0,2.785
44.0,2.785
44.0,2.785
44.0,2.785
44.0,2.785
44.0,2.785
44.0,2.785
44.0,2.785
44.0,2.785
44.0,2.785
44.0,2.785
44.0,2.785
44.0,2.785
44.0,2.785
44.0,2.785
44.0,2.785
44.0,2.785
44.0,2.785
44.0,2.785
44.0,2.785
44.0,2.785
44.0,2.785
44.0,2.785
44.0,2.785
44.0,2.785
44.0,2.785
44.0,2.785
44.0,2.785
44.0,2.785
44.0,2.785
44.0,2.785
44.0,2.790
44.0,2.790
44.0,2.790
44.0,2.790
44.0,2.790
44.0,2.790
44.0,2.790
44.0,2.790
44.0,2.790
44.0,2.790
44.0,2.790
44.0,2.790
44.0,2.790
44.0,2.790
44.0,2.790
44.0,2.790
44.0,2.790
44.0,2.790
44.0,2.790
44.0,2.790
44.0,2.790
44.0,2.790
44.0,2.790
44.0,2.790
44.0,2.790
44.0,2.790
44.0,2.790
44.0,2.790
44.0,2.790
44.0,2.790
44.0,2.790
44.0,2.790
44.0,2.790
44.0,2.790
44.0,2.790
44.0,2.795
44.0,2.795
44.0,2.795
44.0,2.795
44.0,2.795
44.0,2.795
44.0,2.795
44.0,2.795
44.0,2.795
44.0,2.795
44.0,2.795
44.0,2.795
44.0,2.795
44.0,2.795
44.0,2.795
44.0,2.795
44.0,2.795
44.0,2.795
44.0,2.795
44.0,2.795
44.0,2.795
44.0,2.795
44.0,2.795
44.0,2.795
44.0,2.795
44.0,2.795
44.0,2.795
44.0,2.795
44.0,2.795
44.0,2.795
44.0,2.795
44.0,2.795
44.0,2.795
44.0,2.795
44.0,2.795
44.0,2.795
44.0,2.800
44.0,2.800
44.0,2.800
44.0,2.800
44.0,2.800
44.0,2.800
44.0,2.800
44.0,2.800
44.0,2.800
44.0,2.800
44.0,2.800
44.0,2.800
44.0,2.800
44.0,2.800
44.0,2.800
44.0,2.800
44.0,2.800
44.0,2.800
44.0,2.800
44.0,2.800
44.0,2.800
44.0,2.800
44.0,2.800
44.0,2.800
44.0,2.800
44.0,2.800
44.0,2.800
44.0,2.800
44.0,2.800
44.0,2.800
44.0,2.800
44.0,2.800
44.0,2.800
44.0,2.800
44.0,2.800
44.0,2.800
44.0,2.800
44.0,2.805
44.0,2.805
44.0,2.805
44.0,2.805
44.0,2.805
44.0,2.805
44.0,2.805
44.0,2.805
44.0,2.805
44.0,2.805
44.0,2.805
44.0,2.805
44.0,2.805
44.0,2.805
44.0,2.805
44.0,2.805
44.0,2.805
44.0,2.805
44.0,2.805
44.0,2.805
44.0,2.805
44.0,2.805
44.0,2.805
44.0,2.805
44.0,2.805
44.0,2.805
44.0,2.805
44.0,2.805
44.1,2.805
44.1,2.805
44.1,2.805
44.1,2.805
44.1,2.805
44.1,2.810
44.1,2.810
44.1,2.810
44.1,2.810
44.1,2.810
44.0,2.810
44.0,2.810
44.0,2.810
44.0,2.810
44.0,2.810
44.0,2.810
44.0,2.810
44.0,2.810
44.0,2.810
44.0,2.810
44.0,2.810
44.0,2.810
44.0,2.810
44.0,2.810
44.0,2.810
44.0,2.810
44.0,2.810
44.0,2.810
44.0,2.810
44.0,2.810
44.0,2.810
44.0,2.810
44.0,2.810
44.0,2.810
44.0,2.810
44.0,2.810
44.0,2.810
44.0,2.810
44.0,2.810
44.0,2.810
44.0,2.815
44.0,2.815
44.0,2.815
44.0,2.815
44.0,2.815
44.0,2.815
44.0,2.815
44.0,2.815
44.0,2.815
44.0,2.815
44.0,2.815
44.0,2.815
44.0,2.815
44.0,2.815
44.0,2.815
44.0,2.815
44.0,2.815
44.0,2.815
44.0,2.815
44.0,2.815
44.0,2.815
44.0,2.815
44.0,2.815
44.0,2.815
44.0,2.815
44.0,2.815
44.0,2.815
44.0,2.815
44.0,2.815
44.0,2.815
44.0,2.815
44.0,2.815
44.0,2.815
44.0,2.815
44.0,2.815
44.0,2.815
44.0,2.820
44.0,2.820
44.0,2.820
44.0,2.820
44.0,2.820
44.0,2.820
44.0,2.820
44.0,2.820
44.0,2.820
44.0,2.820
44.0,2.820
44.0,2.820
44.0,2.820
44.0,2.820
44.0,2.820
44.0,2.820
44.0,2.820
44.0,2.820
44.0,2.820
44.0,2.820
44.0,2.820
44.0,2.820
44.0,2.820
44.0,2.820
44.0,2.820
44.0,2.820
44.0,2.820
44.0,2.820
44.0,2.820
44.0,2.820
44.0,2.820
44.0,2.820
44.0,2.820
44.0,2.820
44.0,2.820
44.0,2.820
44.0,2.820
44.0,2.820
44.0,2.825
44.0,2.825
44.0,2.825
44.0,2.825
44.0,2.825
44.0,2.825
44.0,2.825
44.0,2.825
44.0,2.825
44.0,2.825
44.0,2.825
44.0,2.825
44.0,2.825
44.0,2.825
44.0,2.825
44.0,2.825
44.0,2.825
44.0,2.825
44.0,2.825
44.0,2.825
44.0,2.825
44.0,2.825
44.0,2.825
44.0,2.825
44.0,2.825
44.0,2.825
44.0,2.825
44.0,2.825
44.0,2.825
44.1,2.825
44.1,2.825
44.1,2.825
44.1,2.825
44.1,2.825
44.1,2.825
44.1,2.825
44.1,2.825
44.1,2.825
44.1,2.825
44.1,2.830
44.0,2.830
44.0,2.830
44.0,2.830
44.0,2.830
44.0,2.830
44.0,2.830
44.0,2.830
44.0,2.830
44.0,2.830
44.0,2.830
44.0,2.830
44.0,2.830
44.0,2.830
44.0,2.830
44.0,2.830
44.0,2.830
44.0,2.830
44.0,2.830
44.0,2.830
44.0,2.830
44.0,2.830
44.0,2.830
44.0,2.830
44.0,2.830
44.0,2.830
44.0,2.830
44.0,2.830
44.0,2.830
44.0,2.830
44.0,2.830
44.0,2.830
44.0,2.830
44.0,2.830
44.0,2.830
44.0,2.830
44.0,2.830
44.0,2.830
44.0,2.830
44.0,2.835
44.0,2.835
44.0,2.835
44.0,2.835
44.0,2.835
44.0,2.835
44.0,2.835
43.9,2.835
43.9,2.835
43.9,2.835
43.9,2.835
43.9,2.835
43.9,2.835
43.9,2.835
43.9,2.835
43.9,2.835
43.9,2.835
43.9,2.835
43.9,2.835
43.9,2.835
43.9,2.835
43.9,2.835
43.9,2.835
43.9,2.835
43.9,2.835
43.9,2.835
43.9,2.835
43.9,2.835
43.9,2.835
43.9,2.835
43.9,2.835
43.9,2.835
43.9,2.835
43.9,2.835
43.9,2.835
43.9,2.835
43.9,2.835
43.9,2.835
43.9,2.835
43.9,2.840
43.9,2.840
43.9,2.840
43.9,2.840
43.9,2.840
43.9,2.840
43.9,2.840
43.9,2.840
43.9,2.840
43.9,2.840
43.9,2.840
43.9,2.840
43.9,2.840
43.9,2.840
43.9,2.840
43.9,2.840
43.9,2.840
43.9,2.840
43.9,2.840
43.9,2.840
43.9,2.840
43.9,2.840
43.9,2.840
43.9,2.840
43.9,2.840
43.9,2.840
43.9,2.840
43.9,2.840
43.9,2.840
43.9,2.840
43.9,2.840
43.9,2.840
44.0,2.840
44.0,2.840
44.0,2.840
44.0,2.840
44.0,2.840
44.0,2.840
44.0,2.845
44.0,2.845
44.0,2.845
44.0,2.845
44.0,2.845
44.0,2.845
44.0,2.845
44.0,2.845
44.0,2.845
44.0,2.845
44.0,2.845
44.0,2.845
44.0,2.845
44.0,2.845
44.0,2.845
44.0,2.845
44.0,2.845
44.0,2.845
44.0,2.845
44.0,2.845
44.0,2.845
44.0,2.845
44.0,2.845
44.0,2.845
44.0,2.845
44.0,2.845
44.0,2.845
44.0,2.845
44.0,2.845
44.1,2.845
44.1,2.845
44.1,2.845
44.1,2.845
44.1,2.845
44.1,2.850
44.1,2.850
44.1,2.850
44.1,2.850
44.1,2.850
44.1,2.850
44.1,2.850
44.1,2.850
44.1,2.850
44.1,2.850
44.1,2.850
44.1,2.850
44.1,2.850
44.1,2.850
44.1,2.850
44.1,2.850
44.1,2.850
44.1,2.850
44.1,2.850
44.1,2.850
44.1,2.850
44.1,2.850
44.1,2.850
44.1,2.850
44.1,2.850
44.1,2.850
44.1,2.850
44.1,2.850
44.1,2.850
44.1,2.850
44.1,2.855
44.1,2.855
44.1,2.855
44.1,2.855
44.1,2.855
44.1,2.855
44.1,2.855
44.1,2.855
44.1,2.855
44.1,2.855
44.1,2.855
44.1,2.855
44.1,2.855
44.1,2.855
44.1,2.855
44.1,2.855
44.1,2.855
44.1,2.855
44.1,2.855
44.1,2.855
44.1,2.855
44.1,2.855
44.1,2.855
44.1,2.855
44.1,2.855
44.1,2.855
44.1,2.855
44.1,2.855
44.1,2.855
44.1,2.855
44.1,2.855
44.1,2.855
44.1,2.855
44.1,2.860
44.1,2.860
44.1,2.860
44.1,2.860
44.1,2.860
44.1,2.860
44.1,2.860
44.1,2.860
44.1,2.860
44.1,2.860
44.1,2.860
44.1,2.860
44.1,2.860
44.1,2.860
44.1,2.860
44.1,2.860
44.1,2.860
44.1,2.860
44.1,2.860
44.1,2.860
44.1,2.860
44.1,2.860
44.1,2.860
44.1,2.860
44.1,2.860
44.1,2.860
44.1,2.860
44.1,2.860
44.1,2.860
44.1,2.860
44.1,2.860
44.1,2.860
44.1,2.860
44.1,2.865
44.1,2.865
44.1,2.865
44.1,2.865
44.1,2.865
44.1,2.865
44.1,2.865
44.1,2.865
44.1,2.865
44.1,2.865
44.1,2.865
44.1,2.865
44.1,2.865
44.1,2.865
44.1,2.865
44.1,2.865
44.1,2.865
44.1,2.865
44.1,2.865
44.1,2.865
44.1,2.865
44.1,2.865
44.1,2.865
44.1,2.865
44.1,2.865
44.1,2.865
44.1,2.865
44.1,2.865
44.1,2.865
44.1,2.865
44.1,2.870
44.1,2.870
44.1,2.870
44.1,2.870
44.1,2.870
44.1,2.870
44.1,2.870
44.1,2.870
44.1,2.870
44.1,2.870
44.1,2.870
44.1,2.870
44.1,2.870
44.1,2.870
44.1,2.870
44.1,2.870
44.1,2.870
44.1,2.870
44.1,2.870
44.1,2.870
44.1,2.870
44.1,2.870
44.1,2.870
44.1,2.870
44.1,2.870
44.1,2.870
44.1,2.870
44.1,2.870
44.1,2.870
44.1,2.870
44.1,2.870
44.1,2.875
44.1,2.875
44.1,2.875
44.1,2.875
44.1,2.875
44.1,2.875
44.1,2.875
44.1,2.875
44.1,2.875
44.1,2.875
44.1,2.875
44.1,2.875
44.1,2.875
44.1,2.875
44.1,2.875
44.1,2.875
44.1,2.875
44.1,2.875
44.1,2.875
44.1,2.875
44.1,2.875
44.1,2.875
44.1,2.875
44.1,2.875
44.1,2.875
44.1,2.875
44.1,2.875
44.1,2.875
44.1,2.875
44.1,2.875
44.1,2.875
44.1,2.875
44.1,2.880
44.1,2.880
44.1,2.880
44.1,2.880
44.1,2.880
44.1,2.880
44.1,2.880
44.1,2.880
44.1,2.880
44.2,2.880
44.2,2.880
44.2,2.880
44.2,2.880
44.2,2.880
44.2,2.880
44.2,2.880
44.2,2.880
44.2,2.880
44.2,2.880
44.2,2.880
44.2,2.880
44.2,2.880
44.2,2.880
44.2,2.880
44.2,2.880
44.2,2.880
44.1,2.880
44.1,2.880
44.1,2.880
44.1,2.880
44.1,2.880
44.1,2.880
44.1,2.880
44.1,2.885
44.1,2.885
44.1,2.885
44.1,2.885
44.1,2.885
44.1,2.885
44.1,2.885
44.1,2.885
44.1,2.885
44.1,2.885
44.1,2.885
44.1,2.885
44.1,2.885
44.1,2.885
44.1,2.885
44.1,2.885
44.1,2.885
44.1,2.885
44.1,2.885
44.1,2.885
44.1,2.885
44.1,2.885
44.1,2.885
44.0,2.885
44.0,2.885
44.0,2.885
44.0,2.885
44.0,2.885
44.0,2.885
44.0,2.885
44.0,2.885
44.0,2.890
44.1,2.890
44.1,2.890
44.1,2.890
44.1,2.890
44.1,2.890
44.1,2.890
44.1,2.890
44.1,2.890
44.1,2.890
44.1,2.890
44.1,2.890
44.1,2.890
44.1,2.890
44.1,2.890
44.1,2.890
44.1,2.890
44.1,2.890
44.1,2.890
44.1,2.890
44.1,2.890
44.1,2.890
44.1,2.890
44.2,2.890
44.2,2.890
44.2,2.890
44.2,2.890
44.2,2.890
44.2,2.890
44.2,2.890
44.2,2.890
44.2,2.890
44.2,2.890
44.2,2.890
44.2,2.890
44.2,2.895
44.2,2.895
44.1,2.895
44.1,2.895
44.1,2.895
44.1,2.895
44.1,2.895
44.1,2.895
44.1,2.895
44.1,2.895
44.1,2.895
44.1,2.895
44.1,2.895
44.1,2.895
44.1,2.895
44.1,2.895
44.1,2.895
44.1,2.895
44.1,2.895
44.1,2.895
44.1,2.895
44.1,2.895
44.1,2.895
44.1,2.895
44.1,2.895
44.1,2.895
44.1,2.895
44.1,2.895
44.1,2.895
44.1,2.895
44.1,2.895
44.1,2.895
44.1,2.895
44.1,2.895
44.1,2.895
44.1,2.895
44.1,2.895
44.1,2.900
44.1,2.900
44.1,2.900
44.1,2.900
44.1,2.900
44.1,2.900
44.1,2.900
44.1,2.900
44.1,2.900
44.1,2.900
44.1,2.900
44.1,2.900
44.1,2.900
44.1,2.900
44.1,2.900
44.2,2.900
44.2,2.900
44.2,2.900
44.2,2.900
44.2,2.900
44.2,2.900
44.2,2.900
44.2,2.900
44.2,2.900
44.2,2.900
44.2,2.900
44.2,2.900
44.2,2.900
44.2,2.900
44.2,2.900
44.2,2.900
44.1,2.900
44.1,2.900
44.1,2.900
44.1,2.900
44.1,2.900
44.1,2.900
44.1,2.900
44.1,2.900
44.1,2.905
44.1,2.905
44.1,2.905
44.1,2.905
44.1,2.905
44.1,2.905
44.1,2.905
44.1,2.905
44.1,2.905
44.1,2.905
44.1,2.905
44.1,2.905
44.1,2.905
44.1,2.905
44.1,2.905
44.1,2.905
44.1,2.905
44.1,2.905
44.1,2.905
44.1,2.905
44.1,2.905
44.1,2.905
44.1,2.905
44.1,2.905
44.1,2.905
44.1,2.905
44.2,2.905
44.2,2.905
44.2,2.905
44.2,2.905
44.2,2.905
44.2,2.905
44.2,2.905
44.2,2.905
44.2,2.905
44.2,2.905
44.2,2.905
44.2,2.905
44.2,2.905
44.2,2.905
44.2,2.910
44.2,2.910
44.2,2.910
44.2,2.910
44.2,2.910
44.2,2.910
44.2,2.910
44.2,2.910
44.2,2.910
44.2,2.910
44.2,2.910
44.2,2.910
44.2,2.910
44.2,2.910
44.2,2.910
44.2,2.910
44.1,2.910
44.1,2.910
44.1,2.910
44.1,2.910
44.1,2.910
44.1,2.910
44.1,2.910
44.1,2.910
44.1,2.910
44.1,2.910
44.1,2.910
44.1,2.910
44.1,2.910
44.1,2.910
44.1,2.910
44.1,2.910
44.2,2.910
44.2,2.910
44.2,2.910
44.2,2.910
44.2,2.910
44.2,2.910
44.2,2.910
44.2,2.910
44.2,2.915
44.2,2.915
44.2,2.915
44.2,2.915
44.2,2.915
44.2,2.915
44.1,2.915
44.1,2.915
44.1,2.915
44.1,2.915
44.1,2.915
44.1,2.915
44.1,2.915
44.1,2.915
44.1,2.915
44.1,2.915
44.1,2.915
44.1,2.915
44.1,2.915
44.1,2.915
44.1,2.915
44.1,2.915
44.1,2.915
44.1,2.915
44.1,2.915
44.1,2.915
44.1,2.915
44.1,2.915
44.1,2.915
44.1,2.915
44.1,2.915
44.1,2.915
44.2,2.915
44.2,2.915
44.2,2.915
44.2,2.915
44.2,2.915
44.2,2.915
44.2,2.915
44.2,2.915
44.2,2.920
44.2,2.920
44.2,2.920
44.2,2.920
44.2,2.920
44.2,2.920
44.2,2.920
44.2,2.920
44.2,2.920
44.2,2.920
44.2,2.920
44.2,2.920
44.2,2.920
44.2,2.920
44.2,2.920
44.2,2.920
44.2,2.920
44.2,2.920
44.2,2.920
44.2,2.920
44.2,2.920
44.2,2.920
44.2,2.920
44.2,2.920
44.2,2.920
44.2,2.920
44.2,2.920
44.2,2.920
44.2,2.920
44.2,2.920
44.2,2.920
44.2,2.920
44.2,2.920
44.2,2.920
44.2,2.920
44.2,2.920
44.2,2.920
44.2,2.920
44.2,2.920
44.2,2.925
44.2,2.925
44.2,2.925
44.2,2.925
44.2,2.925
44.2,2.925
44.2,2.925
44.2,2.925
44.2,2.925
44.2,2.925
44.2,2.925
44.2,2.925
44.2,2.925
44.2,2.925
44.2,2.925
44.2,2.925
44.2,2.925
44.2,2.925
44.2,2.925
44.2,2.925
44.2,2.925
44.2,2.925
44.2,2.925
44.2,2.925
44.2,2.925
44.2,2.925
44.2,2.925
44.2,2.925
44.2,2.925
44.2,2.925
44.2,2.925
44.2,2.925
44.2,2.925
44.2,2.925
44.2,2.925
44.2,2.925
44.2,2.930
44.2,2.930
44.2,2.930
44.2,2.930
44.2,2.930
44.2,2.930
44.2,2.930
44.2,2.930
44.2,2.930
44.2,2.930
44.2,2.930
44.2,2.930
44.2,2.930
44.2,2.930
44.2,2.930
44.2,2.930
44.2,2.930
44.2,2.930
44.2,2.930
44.2,2.930
44.2,2.930
44.2,2.930
44.2,2.930
44.2,2.930
44.2,2.930
44.2,2.930
44.2,2.930
44.2,2.930
44.2,2.930
44.2,2.930
44.2,2.930
44.2,2.930
44.2,2.935
44.2,2.935
44.2,2.935
44.2,2.935
44.2,2.935
44.2,2.935
44.2,2.935
44.2,2.935
44.2,2.935
44.2,2.935
44.2,2.935
44.2,2.935
44.2,2.935
44.2,2.935
44.2,2.935
44.2,2.935
44.2,2.935
44.2,2.935
44.2,2.935
44.2,2.935
44.2,2.935
44.2,2.935
44.2,2.935
44.2,2.935
44.2,2.935
44.2,2.935
44.2,2.935
44.2,2.935
44.2,2.935
44.2,2.935
44.2,2.935
44.2,2.935
44.2,2.935
44.2,2.935
44.2,2.935
44.2,2.935
44.2,2.935
44.2,2.940
44.2,2.940
44.2,2.940
44.2,2.940
44.2,2.940
44.2,2.940
44.2,2.940
44.2,2.940
44.2,2.940
44.2,2.940
44.2,2.940
44.2,2.940
44.2,2.940
44.2,2.940
44.2,2.940
44.2,2.940
44.2,2.940
44.2,2.940
44.2,2.940
44.2,2.940
44.2,2.940
44.2,2.940
44.2,2.940
44.2,2.940
44.2,2.940
44.2,2.940
44.2,2.940
44.2,2.940
44.2,2.940
44.2,2.940
44.2,2.940
44.2,2.940
44.2,2.940
44.2,2.940
44.2,2.940
44.2,2.940
44.2,2.945
44.2,2.945
44.2,2.945
44.2,2.945
44.2,2.945
44.2,2.945
44.2,2.945
44.2,2.945
44.2,2.945
44.3,2.945
44.3,2.945
44.3,2.945
44.3,2.945
44.3,2.945
44.3,2.945
44.3,2.945
44.3,2.945
44.3,2.945
44.3,2.945
44.3,2.945
44.3,2.945
44.3,2.945
44.3,2.945
44.3,2.945
44.3,2.945
44.3,2.945
44.2,2.945
44.2,2.945
44.2,2.945
44.2,2.945
44.2,2.945
44.2,2.945
44.2,2.945
44.2,2.945
44.2,2.950
44.2,2.950
44.2,2.950
44.2,2.950
44.2,2.950
44.2,2.950
44.2,2.950
44.2,2.950
44.2,2.950
44.2,2.950
44.2,2.950
44.2,2.950
44.2,2.950
44.2,2.950
44.2,2.950
44.2,2.950
44.2,2.950
44.2,2.950
44.2,2.950
44.2,2.950
44.2,2.950
44.2,2.950
44.2,2.950
44.2,2.950
44.2,2.950
44.2,2.950
44.2,2.950
44.2,2.950
44.2,2.950
44.2,2.950
44.2,2.950
44.2,2.950
44.2,2.950
44.2,2.950
44.2,2.955
44.2,2.955
44.2,2.955
44.2,2.955
44.2,2.955
44.2,2.955
44.2,2.955
44.2,2.955
44.2,2.955
44.2,2.955
44.2,2.955
44.2,2.955
44.2,2.955
44.2,2.955
44.2,2.955
44.2,2.955
44.2,2.955
44.2,2.955
44.2,2.955
44.2,2.955
44.2,2.955
44.2,2.955
44.2,2.955
44.3,2.955
44.3,2.955
44.3,2.955
44.3,2.955
44.3,2.955
44.3,2.955
44.3,2.955
44.3,2.955
44.3,2.955
44.3,2.955
44.3,2.955
44.3,2.960
44.3,2.960
44.3,2.960
44.3,2.960
44.3,2.960
44.3,2.960
44.3,2.960
44.3,2.960
44.3,2.960
44.3,2.960
44.3,2.960
44.3,2.960
44.3,2.960
44.3,2.960
44.3,2.960
44.3,2.960
44.3,2.960
44.3,2.960
44.3,2.960
44.3,2.960
44.3,2.960
44.3,2.960
44.3,2.960
44.3,2.960
44.3,2.960
44.3,2.960
44.3,2.960
44.3,2.960
44.3,2.960
44.3,2.960
44.3,2.960
44.3,2.960
44.3,2.960
44.3,2.960
44.2,2.965
44.2,2.965
44.3,2.965
44.3,2.965
44.3,2.965
44.3,2.965
44.3,2.965
44.3,2.965
44.3,2.965
44.3,2.965
44.3,2.965
44.3,2.965
44.3,2.965
44.3,2.965
44.3,2.965
44.3,2.965
44.3,2.965
44.3,2.965
44.3,2.965
44.3,2.965
44.3,2.965
44.3,2.965
44.3,2.965
44.3,2.965
44.3,2.965
44.3,2.965
44.3,2.965
44.3,2.965
44.3,2.965
44.3,2.965
44.3,2.965
44.3,2.965
44.3,2.970
44.3,2.970
44.3,2.970
44.3,2.970
44.3,2.970
44.3,2.970
44.3,2.970
44.3,2.970
44.3,2.970
44.3,2.970
44.3,2.970
44.3,2.970
44.3,2.970
44.3,2.970
44.3,2.970
44.3,2.970
44.3,2.970
44.3,2.970
44.3,2.970
44.3,2.970
44.3,2.970
44.3,2.970
44.3,2.970
44.3,2.970
44.3,2.970
44.3,2.970
44.3,2.970
44.3,2.970
44.3,2.970
44.3,2.970
44.3,2.970
44.3,2.970
44.3,2.970
44.3,2.970
44.3,2.975
44.3,2.975
44.3,2.975
44.3,2.975
44.2,2.975
44.2,2.975
44.2,2.975
44.2,2.975
44.2,2.975
44.2,2.975
44.2,2.975
44.2,2.975
44.2,2.975
44.2,2.975
44.2,2.975
44.3,2.975
44.3,2.975
44.3,2.975
44.3,2.975
44.3,2.975
44.3,2.975
44.3,2.975
44.3,2.975
44.3,2.975
44.3,2.975
44.3,2.975
44.3,2.975
44.3,2.975
44.3,2.975
44.3,2.975
44.3,2.975
44.3,2.975
44.3,2.975
44.3,2.975
44.3,2.980
44.3,2.980
44.3,2.980
44.3,2.980
44.3,2.980
44.3,2.980
44.3,2.980
44.3,2.980
44.3,2.980
44.3,2.980
44.3,2.980
44.3,2.980
44.3,2.980
44.3,2.980
44.3,2.980
44.3,2.980
44.3,2.980
44.3,2.980
44.3,2.980
44.3,2.980
44.3,2.980
44.3,2.980
44.3,2.980
44.3,2.980
44.3,2.980
44.3,2.980
44.3,2.980
44.3,2.980
44.3,2.980
44.3,2.980
44.3,2.980
44.3,2.980
44.3,2.980
44.3,2.980
44.3,2.980
44.3,2.985
44.3,2.985
44.3,2.985
44.3,2.985
44.3,2.985
44.3,2.985
44.3,2.985
44.3,2.985
44.3,2.985
44.3,2.985
44.3,2.985
44.3,2.985
44.3,2.985
44.3,2.985
44.3,2.985
44.3,2.985
44.3,2.985
44.3,2.985
44.3,2.985
44.3,2.985
44.3,2.985
44.3,2.985
44.3,2.985
44.3,2.985
44.3,2.985
44.3,2.985
44.3,2.985
44.3,2.985
44.3,2.985
44.3,2.985
44.3,2.985
44.3,2.985
44.3,2.985
44.3,2.985
44.3,2.990
44.3,2.990
44.3,2.990
44.3,2.990
44.3,2.990
44.3,2.990
44.3,2.990
44.3,2.990
44.3,2.990
44.3,2.990
44.3,2.990
44.3,2.990
44.3,2.990
44.3,2.990
44.3,2.990
44.3,2.990
44.3,2.990
44.3,2.990
44.3,2.990
44.3,2.990
44.3,2.990
44.3,2.990
44.3,2.990
44.3,2.990
44.3,2.990
44.3,2.990
44.3,2.990
44.3,2.990
44.3,2.990
44.2,2.990
44.2,2.990
44.2,2.990
44.2,2.995
44.2,2.995
44.2,2.995
44.2,2.995
44.2,2.995
44.2,2.995
44.2,2.995
44.2,2.995
44.2,2.995
44.2,2.995
44.2,2.995
44.2,2.995
44.2,2.995
44.3,2.995
44.3,2.995
44.3,2.995
44.3,2.995
44.3,2.995
44.3,2.995
44.3,2.995
44.3,2.995
44.3,2.995
44.3,2.995
44.4,2.995
44.4,2.995
44.4,2.995
44.4,2.995
44.4,2.995
44.4,2.995
44.4,2.995
44.4,2.995
44.4,2.995
44.4,2.995
44.4,2.995
44.4,3.000
44.4,3.000
44.4,3.000
44.4,3.000
44.4,3.000
44.4,3.000
44.4,3.000
44.4,3.000
44.4,3.000
44.4,3.000
44.4,3.000
44.4,3.000
44.4,3.000
44.4,3.000
44.4,3.000
44.4,3.000
44.4,3.000
44.4,3.000
44.4,3.000
44.4,3.000
44.4,3.000
44.4,3.000
44.4,3.000
44.4,3.000
44.4,3.000
44.4,3.000
44.4,3.000
44.4,3.000
44.4,3.000
44.4,3.000
44.4,3.000
44.4,3.000
44.4,3.000
44.4,3.005
44.4,3.005
44.4,3.005
44.4,3.005
44.4,3.005
44.4,3.005
44.4,3.005
44.4,3.005
44.4,3.005
44.4,3.005
44.4,3.005
44.4,3.005
44.4,3.005
44.4,3.005
44.4,3.005
44.4,3.005
44.4,3.005
44.4,3.005
44.5,3.005
44.5,3.005
44.5,3.005
44.5,3.005
44.5,3.005
44.5,3.005
44.5,3.005
44.5,3.005
44.5,3.005
44.5,3.005
44.5,3.005
44.5,3.005
44.5,3.005
44.5,3.010
44.5,3.010
44.4,3.010
44.4,3.010
44.4,3.010
44.4,3.010
44.4,3.010
44.4,3.010
44.4,3.010
44.4,3.010
44.4,3.010
44.5,3.010
44.5,3.010
44.5,3.010
44.5,3.010
44.5,3.010
44.5,3.010
44.5,3.010
44.5,3.010
44.5,3.010
44.5,3.010
44.5,3.010
44.5,3.010
44.5,3.010
44.5,3.010
44.5,3.010
44.5,3.010
44.5,3.010
44.5,3.010
44.5,3.015
44.5,3.015
44.5,3.015
44.5,3.015
44.5,3.015
44.5,3.015
44.5,3.015
44.5,3.015
44.5,3.015
44.5,3.015
44.5,3.015
44.5,3.015
44.5,3.015
44.5,3.015
44.5,3.015
44.5,3.015
44.5,3.015
44.5,3.015
44.5,3.015
44.5,3.015
44.5,3.015
44.5,3.015
44.5,3.015
44.5,3.015
44.5,3.015
44.5,3.015
44.5,3.015
44.5,3.015
44.5,3.015
44.5,3.015
44.5,3.015
44.5,3.015
44.5,3.020
44.5,3.020
44.5,3.020
44.5,3.020
44.5,3.020
44.5,3.020
44.5,3.020
44.5,3.020
44.4,3.020
44.4,3.020
44.4,3.020
44.4,3.020
44.4,3.020
44.4,3.020
44.4,3.020
44.4,3.020
44.4,3.020
44.4,3.020
44.4,3.020
44.4,3.020
44.4,3.020
44.4,3.020
44.4,3.020
44.4,3.020
44.4,3.020
44.4,3.020
44.4,3.020
44.4,3.020
44.4,3.020
44.4,3.020
44.4,3.020
44.4,3.025
44.4,3.025
44.4,3.025
44.4,3.025
44.5,3.025
44.5,3.025
44.5,3.025
44.5,3.025
44.5,3.025
44.5,3.025
44.5,3.025
44.5,3.025
44.5,3.025
44.4,3.025
44.4,3.025
44.4,3.025
44.4,3.025
44.4,3.025
44.4,3.025
44.4,3.025
44.4,3.025
44.4,3.025
44.4,3.025
44.4,3.025
44.4,3.025
44.4,3.025
44.4,3.025
44.4,3.025
44.4,3.025
44.4,3.025
44.4,3.030
44.4,3.030
44.4,3.030
44.4,3.030
44.4,3.030
44.4,3.030
44.4,3.030
44.4,3.030
44.4,3.030
44.4,3.030
44.4,3.030
44.4,3.030
44.4,3.030
44.4,3.030
44.4,3.030
44.4,3.030
44.4,3.030
44.4,3.030
44.4,3.030
44.4,3.030
44.4,3.030
44.4,3.030
44.4,3.030
44.4,3.030
44.4,3.030
44.4,3.030
44.4,3.030
44.4,3.030
44.4,3.030
44.4,3.030
44.4,3.035
44.4,3.035
44.4,3.035
44.4,3.035
44.4,3.035
44.4,3.035
44.4,3.035
44.4,3.035
44.4,3.035
44.4,3.035
44.4,3.035
44.4,3.035
44.4,3.035
44.4,3.035
44.4,3.035
44.4,3.035
44.4,3.035
44.4,3.035
44.4,3.035
44.4,3.035
44.4,3.035
44.4,3.035
44.4,3.035
44.4,3.035
44.4,3.035
44.4,3.035
44.4,3.035
44.4,3.035
44.4,3.035
44.4,3.035
44.4,3.035
44.4,3.035
44.4,3.040
44.4,3.040
44.4,3.040
44.4,3.040
44.4,3.040
44.4,3.040
44.4,3.040
44.4,3.040
44.4,3.040
44.4,3.040
44.4,3.040
44.4,3.040
44.4,3.040
44.4,3.040
44.4,3.040
44.4,3.040
44.4,3.040
44.4,3.040
44.4,3.040
44.4,3.040
44.4,3.040
44.4,3.040
44.4,3.040
44.4,3.040
44.4,3.040
44.4,3.040
44.4,3.040
44.4,3.040
44.4,3.040
44.4,3.040
44.4,3.040
44.4,3.045
44.4,3.045
44.4,3.045
44.4,3.045
44.4,3.045
44.4,3.045
44.4,3.045
44.4,3.045
44.4,3.045
44.5,3.045
44.5,3.045
44.5,3.045
44.5,3.045
44.5,3.045
44.5,3.045
44.5,3.045
44.5,3.045
44.5,3.045
44.5,3.045
44.5,3.045
44.5,3.045
44.4,3.045
44.4,3.045
44.4,3.045
44.4,3.045
44.4,3.045
44.4,3.045
44.4,3.045
44.4,3.045
44.4,3.050
44.4,3.050
44.4,3.050
44.4,3.050
44.4,3.050
44.4,3.050
44.4,3.050
44.4,3.050
44.4,3.050
44.4,3.050
44.4,3.050
44.4,3.050
44.4,3.050
44.4,3.050
44.4,3.050
44.4,3.050
44.4,3.050
44.4,3.050
44.4,3.050
44.4,3.050
44.4,3.050
44.4,3.050
44.4,3.050
44.4,3.050
44.4,3.050
44.4,3.050
44.4,3.050
44.4,3.050
44.4,3.050
44.4,3.050
44.4,3.050
44.4,3.050
44.4,3.055
44.4,3.055
44.4,3.055
44.4,3.055
44.4,3.055
44.4,3.055
44.4,3.055
44.4,3.055
44.4,3.055
44.4,3.055
44.4,3.055
44.4,3.055
44.5,3.055
44.5,3.055
44.5,3.055
44.5,3.055
44.5,3.055
44.5,3.055
44.5,3.055
44.5,3.055
44.5,3.055
44.5,3.055
44.5,3.055
44.5,3.055
44.5,3.055
44.5,3.055
44.5,3.055
44.5,3.055
44.4,3.055
44.4,3.055
44.4,3.055
44.4,3.060
44.4,3.060
44.4,3.060
44.4,3.060
44.4,3.060
44.4,3.060
44.4,3.060
44.4,3.060
44.4,3.060
44.4,3.060
44.4,3.060
44.4,3.060
44.4,3.060
44.4,3.060
44.4,3.060
44.4,3.060
44.4,3.060
44.4,3.060
44.4,3.060
44.4,3.060
44.4,3.060
44.4,3.060
44.4,3.060
44.4,3.060
44.4,3.060
44.4,3.060
44.4,3.060
44.4,3.060
44.4,3.060
44.4,3.060
44.4,3.060
44.4,3.060
44.4,3.065
44.4,3.065
44.4,3.065
44.4,3.065
44.4,3.065
44.4,3.065
44.4,3.065
44.4,3.065
44.4,3.065
44.4,3.065
44.4,3.065
44.4,3.065
44.4,3.065
44.4,3.065
44.4,3.065
44.4,3.065
44.4,3.065
44.4,3.065
44.4,3.065
44.4,3.065
44.4,3.065
44.4,3.065
44.4,3.065
44.4,3.065
44.4,3.065
44.4,3.065
44.4,3.065
44.4,3.065
44.4,3.065
44.4,3.065
44.5,3.065
44.5,3.070
44.5,3.070
44.5,3.070
44.5,3.070
44.5,3.070
44.5,3.070
44.5,3.070
44.5,3.070
44.5,3.070
44.5,3.070
44.5,3.070
44.5,3.070
44.5,3.070
44.5,3.070
44.5,3.070
44.5,3.070
44.5,3.070
44.5,3.070
44.5,3.070
44.5,3.070
44.5,3.070
44.4,3.070
44.4,3.070
44.4,3.070
44.4,3.070
44.4,3.070
44.4,3.070
44.4,3.070
44.4,3.070
44.4,3.070
44.4,3.075
44.4,3.075
44.4,3.075
44.4,3.075
44.5,3.075
44.5,3.075
44.5,3.075
44.5,3.075
44.5,3.075
44.5,3.075
44.5,3.075
44.5,3.075
44.4,3.075
44.4,3.075
44.4,3.075
44.4,3.075
44.4,3.075
44.4,3.075
44.4,3.075
44.4,3.075
44.4,3.075
44.4,3.075
44.4,3.075
44.4,3.075
44.4,3.075
44.4,3.075
44.4,3.075
44.4,3.075
44.4,3.075
44.4,3.075
44.4,3.075
44.4,3.080
44.4,3.080
44.4,3.080
44.4,3.080
44.4,3.080
44.4,3.080
44.4,3.080
44.4,3.080
44.4,3.080
44.4,3.080
44.4,3.080
44.4,3.080
44.4,3.080
44.4,3.080
44.4,3.080
44.5,3.080
44.5,3.080
44.5,3.080
44.5,3.080
44.5,3.080
44.5,3.080
44.5,3.080
44.5,3.080
44.5,3.080
44.5,3.080
44.5,3.080
44.5,3.080
44.5,3.080
44.5,3.080
44.5,3.080
44.5,3.085
44.5,3.085
44.5,3.085
44.5,3.085
44.5,3.085
44.5,3.085
44.5,3.085
44.5,3.085
44.5,3.085
44.5,3.085
44.5,3.085
44.5,3.085
44.5,3.085
44.5,3.085
44.5,3.085
44.5,3.085
44.5,3.085
44.5,3.085
44.5,3.085
44.5,3.085
44.5,3.085
44.5,3.085
44.5,3.085
44.5,3.085
44.5,3.085
44.5,3.085
44.5,3.085
44.5,3.085
44.5,3.085
44.5,3.090
44.5,3.090
44.5,3.090
44.5,3.090
44.5,3.090
44.5,3.090
44.5,3.090
44.5,3.090
44.5,3.090
44.5,3.090
44.5,3.090
44.5,3.090
44.5,3.090
44.4,3.090
44.4,3.090
44.4,3.090
44.4,3.090
44.4,3.090
44.4,3.090
44.4,3.090
44.4,3.090
44.4,3.090
44.4,3.090
44.4,3.090
44.4,3.090
44.4,3.090
44.4,3.095
44.4,3.095
44.4,3.095
44.4,3.095
44.4,3.095
44.4,3.095
44.4,3.095
44.4,3.095
44.4,3.095
44.4,3.095
44.5,3.095
44.5,3.095
44.5,3.095
44.5,3.095
44.5,3.095
44.5,3.095
44.5,3.095
44.5,3.095
44.5,3.095
44.5,3.095
44.5,3.095
44.5,3.095
44.5,3.095
44.5,3.095
44.4,3.095
44.4,3.095
44.4,3.095
44.4,3.095
44.4,3.095
44.4,3.095
44.4,3.100
44.4,3.100
44.4,3.100
44.4,3.100
44.4,3.100
44.4,3.100
44.4,3.100
44.4,3.100
44.4,3.100
44.5,3.100
44.5,3.100
44.5,3.100
44.5,3.100
44.5,3.100
44.5,3.100
44.5,3.100
44.5,3.100
44.5,3.100
44.5,3.100
44.5,3.100
44.5,3.100
44.5,3.100
44.5,3.100
44.5,3.100
44.5,3.100
44.5,3.100
44.5,3.100
44.5,3.100
44.5,3.100
44.5,3.100
44.5,3.105
44.5,3.105
44.5,3.105
44.5,3.105
44.5,3.105
44.5,3.105
44.5,3.105
44.5,3.105
44.5,3.105
44.5,3.105
44.5,3.105
44.5,3.105
44.5,3.105
44.5,3.105
44.5,3.105
44.5,3.105
44.5,3.105
44.5,3.105
44.5,3.105
44.5,3.105
44.5,3.105
44.5,3.105
44.5,3.105
44.5,3.105
44.5,3.105
44.5,3.105
44.5,3.105
44.5,3.105
44.5,3.105
44.5,3.110
44.5,3.110
44.5,3.110
44.5,3.110
44.5,3.110
44.5,3.110
44.5,3.110
44.5,3.110
44.5,3.110
44.5,3.110
44.5,3.110
44.5,3.110
44.5,3.110
44.5,3.110
44.5,3.110
44.5,3.110
44.5,3.110
44.5,3.110
44.5,3.110
44.5,3.110
44.5,3.110
44.5,3.110
44.5,3.110
44.5,3.110
44.5,3.110
44.5,3.110
44.5,3.110
44.5,3.110
44.5,3.110
44.5,3.110
44.5,3.115
44.5,3.115
44.5,3.115
44.5,3.115
44.5,3.115
44.5,3.115
44.5,3.115
44.5,3.115
44.5,3.115
44.5,3.115
44.5,3.115
44.5,3.115
44.5,3.115
44.5,3.115
44.5,3.115
44.5,3.115
44.5,3.115
44.5,3.115
44.5,3.115
44.5,3.115
44.5,3.115
44.5,3.115
44.5,3.115
44.5,3.115
44.5,3.115
44.5,3.115
44.5,3.115
44.6,3.115
44.6,3.115
44.6,3.115
44.6,3.115
44.6,3.115
44.6,3.120
44.6,3.120
44.6,3.120
44.6,3.120
44.6,3.120
44.6,3.120
44.6,3.120
44.6,3.120
44.6,3.120
44.6,3.120
44.6,3.120
44.6,3.120
44.6,3.120
44.6,3.120
44.6,3.120
44.6,3.120
44.6,3.120
44.6,3.120
44.6,3.120
44.6,3.120
44.6,3.120
44.6,3.120
44.6,3.120
44.6,3.120
44.6,3.120
44.6,3.120
44.6,3.120
44.6,3.120
44.6,3.120
44.6,3.120
44.6,3.120
44.6,3.120
44.6,3.120
44.6,3.125
44.6,3.125
44.6,3.125
44.6,3.125
44.6,3.125
44.6,3.125
44.6,3.125
44.6,3.125
44.6,3.125
44.6,3.125
44.6,3.125
44.6,3.125
44.6,3.125
44.6,3.125
44.6,3.125
44.6,3.125
44.6,3.125
44.6,3.125
44.6,3.125
44.6,3.125
44.6,3.125
44.6,3.125
44.6,3.125
44.6,3.125
44.6,3.125
44.5,3.125
44.5,3.125
44.5,3.125
44.5,3.125
44.5,3.125
44.5,3.125
44.5,3.125
44.5,3.130
44.5,3.130
44.5,3.130
44.5,3.130
44.5,3.130
44.5,3.130
44.5,3.130
44.5,3.130
44.5,3.130
44.5,3.130
44.6,3.130
44.6,3.130
44.6,3.130
44.6,3.130
44.6,3.130
44.6,3.130
44.6,3.130
44.6,3.130
44.6,3.130
44.6,3.130
44.6,3.130
44.6,3.130
44.6,3.130
44.6,3.130
44.6,3.130
44.6,3.130
44.6,3.130
44.6,3.130
44.6,3.130
44.6,3.130
44.6,3.130
44.6,3.130
44.6,3.130
44.6,3.130
44.6,3.135
44.6,3.135
44.6,3.135
44.6,3.135
44.5,3.135
44.5,3.135
44.5,3.135
44.5,3.135
44.5,3.135
44.5,3.135
44.5,3.135
44.5,3.135
44.5,3.135
44.5,3.135
44.5,3.135
44.5,3.135
44.5,3.135
44.5,3.135
44.5,3.135
44.5,3.135
44.5,3.135
44.5,3.135
44.5,3.135
44.5,3.135
44.5,3.135
44.5,3.135
44.5,3.135
44.5,3.135
44.5,3.135
44.5,3.135
44.5,3.135
44.5,3.135
44.5,3.135
44.5,3.135
44.5,3.135
44.5,3.140
44.5,3.140
44.5,3.140
44.5,3.140
44.6,3.140
44.6,3.140
44.6,3.140
44.6,3.140
44.6,3.140
44.6,3.140
44.6,3.140
44.6,3.140
44.6,3.140
44.6,3.140
44.6,3.140
44.6,3.140
44.6,3.140
44.6,3.140
44.6,3.140
44.6,3.140
44.6,3.140
44.6,3.140
44.6,3.140
44.6,3.140
44.6,3.140
44.6,3.140
44.6,3.140
44.6,3.140
44.6,3.140
44.6,3.140
44.6,3.140
44.6,3.140
44.6,3.140
44.6,3.140
44.6,3.140
44.6,3.140
44.6,3.145
44.6,3.145
44.6,3.145
44.6,3.145
44.6,3.145
44.6,3.145
44.6,3.145
44.6,3.145
44.6,3.145
44.6,3.145
44.6,3.145
44.6,3.145
44.6,3.145
44.6,3.145
44.6,3.145
44.6,3.145
44.6,3.145
44.6,3.145
44.6,3.145
44.6,3.145
44.6,3.145
44.6,3.145
44.6,3.145
44.6,3.145
44.6,3.145
44.6,3.145
44.6,3.145
44.6,3.145
44.6,3.145
44.6,3.145
44.6,3.145
44.6,3.145
44.6,3.145
44.6,3.145
44.6,3.145
44.6,3.145
44.6,3.150
44.6,3.150
44.6,3.150
44.6,3.150
44.6,3.150
44.6,3.150
44.5,3.150
44.5,3.150
44.5,3.150
44.5,3.150
44.5,3.150
44.5,3.150
44.5,3.150
44.5,3.150
44.5,3.150
44.5,3.150
44.5,3.150
44.5,3.150
44.5,3.150
44.5,3.150
44.5,3.150
44.5,3.150
44.5,3.150
44.5,3.150
44.5,3.150
44.5,3.150
44.5,3.150
44.5,3.150
44.5,3.150
44.5,3.150
44.5,3.150
44.5,3.150
44.5,3.150
44.5,3.150
44.5,3.150
44.5,3.155
44.5,3.155
44.5,3.155
44.5,3.155
44.6,3.155
44.6,3.155
44.6,3.155
44.6,3.155
44.6,3.155
44.6,3.155
44.6,3.155
44.6,3.155
44.6,3.155
44.6,3.155
44.6,3.155
44.6,3.155
44.6,3.155
44.6,3.155
44.6,3.155
44.6,3.155
44.6,3.155
44.6,3.155
44.6,3.155
44.6,3.155
44.6,3.155
44.6,3.155
44.6,3.155
44.6,3.155
44.6,3.155
44.6,3.155
44.6,3.155
44.6,3.155
44.6,3.155
44.6,3.155
44.6,3.155
44.6,3.155
44.6,3.155
44.6,3.160
44.6,3.160
44.6,3.160
44.6,3.160
44.6,3.160
44.6,3.160
44.6,3.160
44.6,3.160
44.6,3.160
44.6,3.160
44.6,3.160
44.6,3.160
44.6,3.160
44.6,3.160
44.6,3.160
44.6,3.160
44.6,3.160
44.6,3.160
44.6,3.160
44.6,3.160
44.6,3.160
44.6,3.160
44.6,3.160
44.6,3.160
44.6,3.160
44.6,3.160
44.6,3.160
44.6,3.160
44.6,3.160
44.6,3.160
44.6,3.160
44.6,3.160
44.6,3.160
44.6,3.160
44.6,3.160
44.6,3.160
44.6,3.160
44.6,3.160
44.6,3.165
44.6,3.165
44.6,3.165
44.6,3.165
44.6,3.165
44.6,3.165
44.6,3.165
44.6,3.165
44.6,3.165
44.6,3.165
44.6,3.165
44.6,3.165
44.6,3.165
44.6,3.165
44.6,3.165
44.6,3.165
44.6,3.165
44.6,3.165
44.6,3.165
44.6,3.165
44.6,3.165
44.6,3.165
44.6,3.165
44.6,3.165
44.6,3.165
44.6,3.165
44.6,3.165
44.6,3.165
44.6,3.165
44.6,3.165
44.6,3.165
44.6,3.165
44.6,3.165
44.6,3.165
44.6,3.165
44.6,3.165
44.6,3.165
44.6,3.170
44.6,3.170
44.6,3.170
44.6,3.170
44.6,3.170
44.6,3.170
44.6,3.170
44.6,3.170
44.6,3.170
44.6,3.170
44.6,3.170
44.6,3.170
44.6,3.170
44.6,3.170
44.6,3.170
44.6,3.170
44.6,3.170
44.6,3.170
44.6,3.170
44.7,3.170
44.7,3.170
44.7,3.170
44.7,3.170
44.7,3.170
44.7,3.170
44.7,3.170
44.7,3.170
44.7,3.170
44.6,3.170
44.6,3.170
44.6,3.170
44.6,3.170
44.6,3.170
44.6,3.170
44.6,3.175
44.6,3.175
44.6,3.175
44.6,3.175
44.6,3.175
44.6,3.175
44.6,3.175
44.6,3.175
44.6,3.175
44.6,3.175
44.6,3.175
44.6,3.175
44.6,3.175
44.6,3.175
44.6,3.175
44.6,3.175
44.6,3.175
44.6,3.175
44.6,3.175
44.6,3.175
44.6,3.175
44.6,3.175
44.6,3.175
44.6,3.175
44.6,3.175
44.6,3.175
44.6,3.175
44.6,3.175
44.6,3.175
44.6,3.175
44.6,3.175
44.6,3.175
44.6,3.175
44.6,3.175
44.6,3.175
44.6,3.175
44.6,3.175
44.7,3.180
44.7,3.180
44.7,3.180
44.7,3.180
44.7,3.180
44.7,3.180
44.7,3.180
44.7,3.180
44.7,3.180
44.7,3.180
44.7,3.180
44.7,3.180
44.7,3.180
44.7,3.180
44.7,3.180
44.7,3.180
44.7,3.180
44.7,3.180
44.7,3.180
44.7,3.180
44.7,3.180
44.7,3.180
44.7,3.180
44.6,3.180
44.6,3.180
44.6,3.180
44.6,3.180
44.6,3.180
44.6,3.180
44.6,3.180
44.6,3.180
44.6,3.180
44.6,3.180
44.6,3.180
44.6,3.180
44.6,3.180
44.6,3.180
44.6,3.180
44.6,3.180
44.6,3.185
44.6,3.185
44.6,3.185
44.6,3.185
44.6,3.185
44.6,3.185
44.6,3.185
44.6,3.185
44.6,3.185
44.6,3.185
44.6,3.185
44.6,3.185
44.6,3.185
44.6,3.185
44.6,3.185
44.6,3.185
44.6,3.185
44.6,3.185
44.6,3.185
44.6,3.185
44.6,3.185
44.6,3.185
44.6,3.185
44.6,3.185
44.6,3.185
44.6,3.185
44.6,3.185
44.6,3.185
44.6,3.185
44.6,3.185
44.6,3.185
44.6,3.185
44.6,3.185
44.6,3.185
44.6,3.185
44.6,3.185
44.6,3.185
44.6,3.190
44.6,3.190
44.6,3.190
44.6,3.190
44.6,3.190
44.6,3.190
44.6,3.190
44.6,3.190
44.6,3.190
44.7,3.190
44.7,3.190
44.7,3.190
44.7,3.190
44.7,3.190
44.7,3.190
44.7,3.190
44.7,3.190
44.7,3.190
44.6,3.190
44.6,3.190
44.6,3.190
44.6,3.190
44.6,3.190
44.6,3.190
44.6,3.190
44.6,3.190
44.6,3.190
44.6,3.190
44.6,3.190
44.6,3.190
44.6,3.190
44.6,3.190
44.6,3.190
44.6,3.190
44.6,3.190
44.6,3.190
44.6,3.190
44.6,3.190
44.6,3.190
44.7,3.190
44.7,3.190
44.7,3.195
44.7,3.195
44.7,3.195
44.7,3.195
44.7,3.195
44.7,3.195
44.7,3.195
44.7,3.195
44.7,3.195
44.7,3.195
44.6,3.195
44.6,3.195
44.6,3.195
44.6,3.195
44.6,3.195
44.6,3.195
44.6,3.195
44.6,3.195
44.6,3.195
44.6,3.195
44.6,3.195
44.6,3.195
44.6,3.195
44.6,3.195
44.6,3.195
44.6,3.195
44.6,3.195
44.6,3.195
44.6,3.195
44.6,3.195
44.6,3.195
44.6,3.195
44.6,3.195
44.6,3.195
44.6,3.195
44.7,3.195
44.7,3.195
44.7,3.195
44.7,3.195
44.7,3.195
44.7,3.195
44.7,3.195
44.7,3.195
44.7,3.195
44.7,3.195
44.7,3.200
44.7,3.200
44.7,3.200
44.7,3.200
44.7,3.200
44.7,3.200
44.7,3.200
44.7,3.200
44.7,3.200
44.7,3.200
44.7,3.200
44.7,3.200
44.7,3.200
44.7,3.200
44.7,3.200
44.7,3.200
44.7,3.200
44.7,3.200
44.7,3.200
44.7,3.200
44.7,3.200
44.7,3.200
44.7,3.200
44.7,3.200
44.7,3.200
44.7,3.200
44.7,3.200
44.7,3.200
44.7,3.200
44.7,3.200
44.7,3.200
44.7,3.200
44.7,3.200
44.7,3.200
44.7,3.200
44.7,3.200
44.7,3.200
44.7,3.200
44.7,3.200
44.7,3.200
44.7,3.200
44.7,3.200
44.7,3.200
44.7,3.200
44.7,3.200
44.7,3.200
44.7,3.205
44.7,3.205
44.7,3.205
44.7,3.205
44.7,3.205
44.7,3.205
44.7,3.205
44.7,3.205
44.7,3.205
44.7,3.205
44.7,3.205
44.7,3.205
44.7,3.205
44.7,3.205
44.7,3.205
44.7,3.205
44.7,3.205
44.7,3.205
44.7,3.205
44.7,3.205
44.7,3.205
44.7,3.205
44.7,3.205
44.7,3.205
44.7,3.205
44.7,3.205
44.7,3.205
44.7,3.205
44.7,3.205
44.7,3.205
44.7,3.205
44.7,3.205
44.7,3.205
44.7,3.205
44.7,3.205
44.7,3.205
44.7,3.205
44.7,3.205
44.7,3.205
44.7,3.205
44.7,3.205
44.7,3.205
44.7,3.205
44.7,3.205
44.7,3.205
44.7,3.205
44.7,3.205
44.7,3.210
44.7,3.210
44.7,3.210
44.7,3.210
44.7,3.210
44.7,3.210
44.7,3.210
44.7,3.210
44.7,3.210
44.7,3.210
44.7,3.210
44.7,3.210
44.7,3.210
44.7,3.210
44.7,3.210
44.7,3.210
44.7,3.210
44.7,3.210
44.7,3.210
44.7,3.210
44.7,3.210
44.7,3.210
44.7,3.210
44.7,3.210
44.7,3.210
44.7,3.210
44.7,3.210
44.7,3.210
44.7,3.210
44.7,3.210
44.7,3.210
44.7,3.210
44.7,3.210
44.7,3.210
44.7,3.210
44.7,3.210
44.7,3.210
44.7,3.210
44.7,3.210
44.7,3.210
44.7,3.210
44.7,3.210
44.7,3.210
44.7,3.210
44.7,3.210
44.7,3.210
44.7,3.210
44.7,3.210
44.7,3.210
44.7,3.210
44.7,3.210
44.7,3.210
44.7,3.210
44.7,3.215
44.7,3.215
44.7,3.215
44.7,3.215
44.7,3.215
44.7,3.215
44.7,3.215
44.7,3.215
44.7,3.215
44.7,3.215
44.7,3.215
44.7,3.215
44.7,3.215
44.7,3.215
44.7,3.215
44.7,3.215
44.7,3.215
44.7,3.215
44.7,3.215
44.7,3.215
44.7,3.215
44.7,3.215
44.7,3.215
44.7,3.215
44.7,3.215
44.7,3.215
44.7,3.215
44.7,3.215
44.7,3.215
44.7,3.215
44.7,3.215
44.7,3.215
44.7,3.215
44.7,3.215
44.7,3.215
44.7,3.215
44.7,3.215
44.7,3.215
44.7,3.215
44.7,3.215
44.7,3.215
44.7,3.215
44.7,3.215
44.7,3.215
44.7,3.215
44.7,3.215
44.7,3.215
44.7,3.215
44.7,3.215
44.7,3.215
44.7,3.215
44.7,3.215
44.7,3.215
44.7,3.215
44.7,3.215
44.7,3.220
44.7,3.220
44.7,3.220
44.7,3.220
44.7,3.220
44.7,3.220
44.7,3.220
44.7,3.220
44.7,3.220
44.7,3.220
44.7,3.220
44.7,3.220
44.7,3.220
44.7,3.220
44.7,3.220
44.7,3.220
44.7,3.220
44.7,3.220
44.7,3.220
44.7,3.220
44.7,3.220
44.7,3.220
44.7,3.220
44.7,3.220
44.7,3.220
44.7,3.220
44.7,3.220
44.7,3.220
44.7,3.220
44.7,3.220
44.7,3.220
44.7,3.220
44.7,3.220
44.7,3.220
44.7,3.220
44.7,3.220
44.7,3.220
44.7,3.220
44.7,3.220
44.7,3.220
44.7,3.220
44.7,3.220
44.7,3.220
44.7,3.220
44.7,3.220
44.7,3.220
44.7,3.220
44.7,3.220
44.7,3.220
44.7,3.220
44.7,3.220
44.7,3.220
44.7,3.220
44.7,3.220
44.7,3.220
44.7,3.220
44.7,3.220
44.7,3.225
44.7,3.225
44.7,3.225
44.7,3.225
44.7,3.225
44.7,3.225
44.7,3.225
44.7,3.225
44.7,3.225
44.7,3.225
44.7,3.225
44.7,3.225
44.7,3.225
44.7,3.225
44.7,3.225
44.7,3.225
44.7,3.225
44.7,3.225
44.7,3.225
44.7,3.225
44.7,3.225
44.7,3.225
44.7,3.225
44.7,3.225
44.7,3.225
44.7,3.225
44.7,3.225
44.7,3.225
44.7,3.225
44.7,3.225
44.7,3.225
44.7,3.225
44.7,3.225
44.7,3.225
44.7,3.225
44.7,3.225
44.7,3.225
44.7,3.225
44.7,3.225
44.7,3.225
44.7,3.225
44.7,3.225
44.7,3.225
44.7,3.225
44.7,3.225
44.7,3.225
44.7,3.225
44.7,3.225
44.7,3.225
44.7,3.225
44.7,3.225
44.7,3.225
44.7,3.225
44.7,3.225
44.7,3.225
44.7,3.225
44.7,3.230
44.7,3.230
44.7,3.230
44.7,3.230
44.7,3.230
44.7,3.230
44.7,3.230
44.7,3.230
44.7,3.230
44.7,3.230
44.7,3.230
44.7,3.230
44.8,3.230
44.8,3.230
44.8,3.230
44.8,3.230
44.8,3.230
44.8,3.230
44.8,3.230
44.8,3.230
44.8,3.230
44.8,3.230
44.7,3.230
44.7,3.230
44.7,3.230
44.7,3.230
44.7,3.230
44.7,3.230
44.7,3.230
44.7,3.230
44.7,3.230
44.7,3.230
44.7,3.230
44.7,3.230
44.7,3.230
44.7,3.230
44.7,3.230
44.7,3.230
44.7,3.230
44.7,3.230
44.7,3.230
44.7,3.230
44.7,3.230
44.7,3.230
44.7,3.230
44.7,3.230
44.7,3.230
44.7,3.230
44.7,3.230
44.7,3.230
44.7,3.230
44.7,3.230
44.7,3.230
44.7,3.235
44.7,3.235
44.7,3.235
44.7,3.235
44.7,3.235
44.7,3.235
44.7,3.235
44.7,3.235
44.7,3.235
44.7,3.235
44.7,3.235
44.7,3.235
44.7,3.235
44.7,3.235
44.7,3.235
44.7,3.235
44.7,3.235
44.7,3.235
44.7,3.235
44.7,3.235
44.7,3.235
44.7,3.235
44.7,3.235
44.7,3.235
44.7,3.235
44.8,3.235
44.8,3.235
44.8,3.235
44.8,3.235
44.8,3.235
44.8,3.235
44.8,3.235
44.8,3.235
44.8,3.235
44.8,3.235
44.8,3.235
44.8,3.235
44.8,3.235
44.8,3.235
44.8,3.235
44.8,3.235
44.8,3.235
44.8,3.235
44.8,3.235
44.8,3.235
44.8,3.235
44.8,3.235
44.8,3.235
44.8,3.235
44.8,3.235
44.8,3.235
44.8,3.235
44.8,3.235
44.8,3.240
44.8,3.240
44.8,3.240
44.8,3.240
44.8,3.240
44.8,3.240
44.8,3.240
44.8,3.240
44.8,3.240
44.8,3.240
44.8,3.240
44.8,3.240
44.8,3.240
44.8,3.240
44.8,3.240
44.8,3.240
44.8,3.240
44.8,3.240
44.8,3.240
44.8,3.240
44.8,3.240
44.8,3.240
44.8,3.240
44.8,3.240
44.8,3.240
44.8,3.240
44.8,3.240
44.8,3.240
44.8,3.240
44.8,3.240
44.8,3.240
44.8,3.240
44.8,3.240
44.8,3.240
44.8,3.240
44.8,3.240
44.8,3.240
44.8,3.240
44.8,3.240
44.8,3.240
44.8,3.240
44.8,3.240
44.8,3.240
44.8,3.240
44.8,3.240
44.8,3.240
44.8,3.240
44.8,3.240
44.8,3.240
44.8,3.240
44.8,3.240
44.8,3.240
44.8,3.240
44.8,3.245
44.8,3.245
44.8,3.245
44.8,3.245
44.8,3.245
44.8,3.245
44.8,3.245
44.8,3.245
44.8,3.245
44.8,3.245
44.8,3.245
44.8,3.245
44.8,3.245
44.8,3.245
44.8,3.245
44.8,3.245
44.8,3.245
44.8,3.245
44.8,3.245
44.8,3.245
44.8,3.245
44.8,3.245
44.8,3.245
44.8,3.245
44.8,3.245
44.8,3.245
44.8,3.245
44.8,3.245
44.8,3.245
44.8,3.245
44.8,3.245
44.8,3.245
44.8,3.245
44.8,3.245
44.8,3.245
44.8,3.245
44.8,3.245
44.8,3.245
44.8,3.245
44.8,3.245
44.8,3.245
44.7,3.245
44.7,3.245
44.7,3.245
44.7,3.245
44.7,3.245
44.7,3.245
44.7,3.245
44.7,3.245
44.7,3.245
44.7,3.250
44.7,3.250
44.8,3.250
44.8,3.250
44.8,3.250
44.8,3.250
44.8,3.250
44.8,3.250
44.8,3.250
44.8,3.250
44.8,3.250
44.8,3.250
44.8,3.250
44.8,3.250
44.8,3.250
44.8,3.250
44.8,3.250
44.8,3.250
44.8,3.250
44.8,3.250
44.8,3.250
44.8,3.250
44.8,3.250
44.8,3.250
44.7,3.250
44.7,3.250
44.7,3.250
44.7,3.250
44.8,3.250
44.8,3.250
44.8,3.250
44.8,3.250
44.8,3.250
44.8,3.250
44.8,3.250
44.8,3.250
44.8,3.250
44.8,3.250
44.8,3.250
44.8,3.250
44.8,3.250
44.8,3.250
44.8,3.250
44.8,3.250
44.8,3.250
44.8,3.250
44.8,3.255
44.8,3.255
44.8,3.255
44.8,3.255
44.8,3.255
44.8,3.255
44.8,3.255
44.7,3.255
44.7,3.255
44.8,3.255
44.8,3.255
44.7,3.255
44.7,3.255
44.7,3.255
44.7,3.255
44.7,3.255
44.8,3.255
44.8,3.255
44.8,3.255
44.8,3.255
44.8,3.255
44.8,3.255
44.8,3.255
44.8,3.255
44.8,3.255
44.8,3.255
44.8,3.255
44.8,3.255
44.8,3.255
44.8,3.255
44.8,3.255
44.8,3.255
44.8,3.255
44.8,3.255
44.8,3.255
44.8,3.255
44.8,3.255
44.8,3.255
44.8,3.255
44.8,3.255
44.8,3.255
44.8,3.255
44.8,3.255
44.8,3.255
44.8,3.255
44.8,3.255
44.8,3.255
44.8,3.255
44.8,3.255
44.8,3.255
44.8,3.255
44.8,3.255
44.8,3.260
44.8,3.260
44.8,3.260
44.8,3.260
44.8,3.260
44.8,3.260
44.8,3.260
44.8,3.260
44.8,3.260
44.8,3.260
44.8,3.260
44.8,3.260
44.8,3.260
44.8,3.260
44.8,3.260
44.8,3.260
44.8,3.260
44.8,3.260
44.8,3.260
44.8,3.260
44.8,3.260
44.8,3.260
44.8,3.260
44.8,3.260
44.8,3.260
44.8,3.260
44.8,3.260
44.8,3.260
44.8,3.260
44.8,3.260
44.8,3.260
44.8,3.260
44.8,3.260
44.8,3.260
44.8,3.260
44.8,3.260
44.8,3.260
44.8,3.260
44.8,3.260
44.8,3.260
44.8,3.260
44.8,3.260
44.8,3.260
44.8,3.260
44.8,3.260
44.8,3.260
44.8,3.260
44.8,3.260
44.8,3.260
44.8,3.260
44.8,3.260
44.8,3.260
44.8,3.265
44.8,3.265
44.8,3.265
44.8,3.265
44.8,3.265
44.8,3.265
44.8,3.265
44.8,3.265
44.8,3.265
44.8,3.265
44.8,3.265
44.8,3.265
44.8,3.265
44.8,3.265
44.8,3.265
44.8,3.265
44.8,3.265
44.8,3.265
44.8,3.265
44.8,3.265
44.8,3.265
44.8,3.265
44.8,3.265
44.8,3.265
44.8,3.265
44.9,3.265
44.9,3.265
44.9,3.265
44.9,3.265
44.9,3.265
44.9,3.265
44.9,3.265
44.9,3.265
44.9,3.265
44.9,3.265
44.9,3.265
44.9,3.265
44.8,3.265
44.8,3.265
44.8,3.265
44.8,3.265
44.8,3.265
44.8,3.265
44.8,3.265
44.8,3.265
44.8,3.265
44.8,3.270
44.8,3.270
44.8,3.270
44.8,3.270
44.8,3.270
44.8,3.270
44.8,3.270
44.8,3.270
44.8,3.270
44.8,3.270
44.8,3.270
44.8,3.270
44.8,3.270
44.8,3.270
44.8,3.270
44.8,3.270
44.8,3.270
44.8,3.270
44.8,3.270
44.8,3.270
44.8,3.270
44.8,3.270
44.8,3.270
44.8,3.270
44.8,3.270
44.9,3.270
44.9,3.270
44.9,3.270
44.9,3.270
44.9,3.270
44.9,3.270
44.9,3.270
44.9,3.270
44.9,3.270
44.9,3.270
44.9,3.270
44.9,3.270
44.9,3.270
44.9,3.270
44.9,3.270
44.9,3.270
44.9,3.270
44.9,3.270
44.9,3.270
44.9,3.270
44.9,3.270
44.9,3.275
44.9,3.275
44.9,3.275
44.9,3.275
44.9,3.275
44.9,3.275
44.9,3.275
44.9,3.275
44.9,3.275
44.9,3.275
44.9,3.275
44.9,3.275
44.9,3.275
44.9,3.275
44.9,3.275
44.9,3.275
44.9,3.275
44.9,3.275
44.9,3.275
44.9,3.275
44.9,3.275
44.9,3.275
44.9,3.275
44.9,3.275
44.9,3.275
44.9,3.275
44.9,3.275
44.9,3.275
44.9,3.275
44.9,3.275
44.9,3.275
44.9,3.275
44.9,3.275
44.9,3.275
44.9,3.275
44.9,3.275
44.9,3.275
44.9,3.275
44.9,3.275
44.9,3.275
44.9,3.275
44.9,3.275
44.9,3.275
44.9,3.275
44.9,3.275
44.9,3.275
44.9,3.280
44.9,3.280
44.9,3.280
44.9,3.280
44.9,3.280
44.9,3.280
44.9,3.280
44.9,3.280
44.9,3.280
44.9,3.280
44.9,3.280
44.9,3.280
44.9,3.280
44.9,3.280
44.9,3.280
44.9,3.280
44.9,3.280
44.9,3.280
44.9,3.280
44.9,3.280
44.9,3.280
44.9,3.280
44.9,3.280
44.9,3.280
44.9,3.280
44.9,3.280
44.9,3.280
44.9,3.280
44.9,3.280
44.9,3.280
44.9,3.280
44.9,3.280
44.9,3.280
44.9,3.280
44.9,3.280
44.9,3.280
44.9,3.280
44.9,3.280
44.9,3.280
44.9,3.280
44.9,3.280
44.9,3.280
44.9,3.280
44.9,3.280
44.9,3.280
44.9,3.285
44.9,3.285
44.9,3.285
44.9,3.285
44.9,3.285
44.9,3.285
44.9,3.285
44.9,3.285
44.9,3.285
44.9,3.285
44.9,3.285
44.9,3.285
44.9,3.285
44.9,3.285
44.9,3.285
44.9,3.285
44.9,3.285
44.9,3.285
44.9,3.285
44.9,3.285
44.9,3.285
44.9,3.285
44.9,3.285
44.9,3.285
44.9,3.285
44.9,3.285
44.9,3.285
44.9,3.285
44.9,3.285
44.9,3.285
44.9,3.285
44.9,3.285
44.9,3.285
44.9,3.285
44.9,3.285
44.9,3.285
44.9,3.285
44.9,3.285
44.9,3.285
44.9,3.285
44.9,3.285
44.9,3.290
44.9,3.290
44.9,3.290
44.9,3.290
44.9,3.290
44.9,3.290
44.9,3.290
44.9,3.290
44.9,3.290
44.9,3.290
44.9,3.290
44.9,3.290
44.9,3.290
44.9,3.290
44.9,3.290
44.9,3.290
44.9,3.290
44.9,3.290
44.9,3.290
44.9,3.290
44.9,3.290
44.9,3.290
44.9,3.290
44.9,3.290
44.9,3.290
44.9,3.290
44.9,3.290
44.9,3.290
44.9,3.290
44.9,3.290
44.9,3.290
44.9,3.290
44.9,3.290
44.9,3.290
44.9,3.290
44.9,3.290
44.9,3.290
44.9,3.290
44.9,3.290
44.9,3.290
44.9,3.290
44.9,3.290
44.9,3.290
44.9,3.290
44.9,3.290
44.9,3.290
44.9,3.295
44.9,3.295
44.9,3.295
44.9,3.295
44.9,3.295
44.9,3.295
44.9,3.295
44.9,3.295
44.9,3.295
44.9,3.295
44.9,3.295
44.9,3.295
44.9,3.295
44.9,3.295
44.9,3.295
44.9,3.295
44.9,3.295
44.9,3.295
44.9,3.295
44.9,3.295
44.9,3.295
44.9,3.295
44.9,3.295
44.9,3.295
44.9,3.295
44.9,3.295
44.9,3.295
44.9,3.295
44.9,3.295
44.9,3.295
44.9,3.295
44.9,3.295
44.9,3.295
44.9,3.295
44.9,3.295
44.9,3.295
44.9,3.295
44.9,3.295
44.9,3.295
44.9,3.295
44.9,3.295
44.9,3.295
44.9,3.295
44.9,3.295
44.9,3.295
44.9,3.295
44.9,3.295
44.9,3.300
44.9,3.300
44.9,3.300
44.9,3.300
44.9,3.300
44.9,3.300
44.9,3.300
44.9,3.300
44.9,3.300
44.9,3.300
44.9,3.300
44.9,3.300
44.9,3.300
44.9,3.300
44.9,3.300
44.9,3.300
44.9,3.300
44.9,3.300
44.9,3.300
44.9,3.300
44.9,3.300
44.9,3.300
44.9,3.300
44.9,3.300
44.9,3.300
44.9,3.300
44.9,3.300
44.9,3.300
44.9,3.300
44.9,3.300
44.9,3.300
44.9,3.300
44.9,3.300
44.9,3.300
44.9,3.300
44.9,3.300
44.9,3.300
44.9,3.300
44.9,3.300
44.9,3.300
44.9,3.300
44.9,3.300
44.9,3.300
44.9,3.300
44.9,3.300
45.0,3.300
45.0,3.300
45.0,3.305
45.0,3.305
45.0,3.305
45.0,3.305
45.0,3.305
45.0,3.305
45.0,3.305
45.0,3.305
45.0,3.305
45.0,3.305
45.0,3.305
45.0,3.305
45.0,3.305
45.0,3.305
45.0,3.305
45.0,3.305
45.0,3.305
45.0,3.305
45.0,3.305
45.0,3.305
45.0,3.305
45.0,3.305
45.0,3.305
45.0,3.305
45.0,3.305
45.0,3.305
45.0,3.305
45.0,3.305
45.0,3.305
45.0,3.305
45.0,3.305
45.0,3.305
45.0,3.305
45.0,3.305
45.0,3.305
45.0,3.305
45.0,3.305
45.0,3.305
45.0,3.305
45.0,3.305
45.0,3.305
45.0,3.305
45.0,3.305
45.0,3.305
45.0,3.305
45.0,3.305
45.0,3.310
45.0,3.310
45.0,3.310
45.0,3.310
45.0,3.310
45.0,3.310
45.0,3.310
45.0,3.310
45.0,3.310
45.0,3.310
45.0,3.310
45.0,3.310
45.0,3.310
45.0,3.310
45.0,3.310
45.0,3.310
45.0,3.310
45.0,3.310
45.0,3.310
45.0,3.310
45.0,3.310
45.0,3.310
45.0,3.310
45.0,3.310
45.0,3.310
45.0,3.310
45.0,3.310
45.0,3.310
45.0,3.310
45.0,3.310
45.0,3.310
45.0,3.310
45.0,3.310
45.0,3.310
45.0,3.310
45.0,3.310
45.0,3.310
45.0,3.310
45.0,3.310
45.0,3.310
45.0,3.310
45.0,3.310
45.0,3.310
45.0,3.310
45.0,3.310
45.0,3.310
45.0,3.310
45.0,3.315
45.0,3.315
45.0,3.315
45.0,3.315
45.0,3.315
45.0,3.315
45.0,3.315
45.0,3.315
45.0,3.315
45.0,3.315
45.0,3.315
45.0,3.315
45.0,3.315
45.0,3.315
45.0,3.315
45.0,3.315
45.0,3.315
45.0,3.315
45.0,3.315
45.0,3.315
45.0,3.315
45.0,3.315
45.0,3.315
45.0,3.315
45.0,3.315
45.0,3.315
45.0,3.315
45.0,3.315
45.0,3.315
45.0,3.315
45.0,3.315
45.0,3.315
45.0,3.315
45.0,3.315
45.0,3.315
45.0,3.315
45.0,3.315
45.0,3.315
45.0,3.315
45.0,3.315
45.0,3.315
45.0,3.315
45.0,3.315
45.0,3.315
45.0,3.315
45.0,3.315
45.0,3.315
45.0,3.315
45.1,3.315
45.1,3.315
45.1,3.315
45.1,3.320
45.1,3.320
45.1,3.320
45.0,3.320
45.0,3.320
45.0,3.320
45.0,3.320
45.0,3.320
45.0,3.320
45.0,3.320
45.0,3.320
45.0,3.320
45.0,3.320
45.0,3.320
45.0,3.320
45.0,3.320
45.0,3.320
45.0,3.320
45.0,3.320
45.0,3.320
45.0,3.320
45.0,3.320
45.0,3.320
45.0,3.320
45.0,3.320
45.0,3.320
45.0,3.320
45.0,3.320
45.0,3.320
45.0,3.320
45.0,3.320
45.0,3.320
45.0,3.320
45.0,3.320
45.0,3.320
45.0,3.320
45.0,3.320
45.0,3.320
45.0,3.320
45.0,3.320
45.0,3.320
45.0,3.320
45.0,3.320
45.0,3.320
45.0,3.320
45.0,3.320
45.0,3.320
45.0,3.320
45.0,3.320
45.0,3.325
45.0,3.325
45.0,3.325
45.0,3.325
45.0,3.325
45.0,3.325
45.1,3.325
45.1,3.325
45.1,3.325
45.1,3.325
45.1,3.325
45.1,3.325
45.1,3.325
45.1,3.325
45.1,3.325
45.1,3.325
45.1,3.325
45.1,3.325
45.1,3.325
45.1,3.325
45.1,3.325
45.1,3.325
45.1,3.325
45.1,3.325
45.1,3.325
45.1,3.325
45.1,3.325
45.1,3.325
45.1,3.325
45.1,3.325
45.1,3.325
45.1,3.325
45.1,3.325
45.1,3.325
45.1,3.325
45.1,3.325
45.1,3.325
45.1,3.325
45.1,3.325
45.1,3.325
45.1,3.325
45.1,3.325
45.1,3.325
45.1,3.325
45.1,3.325
45.1,3.330
45.1,3.330
45.1,3.330
45.1,3.330
45.1,3.330
45.1,3.330
45.1,3.330
45.1,3.330
45.1,3.330
45.1,3.330
45.1,3.330
45.1,3.330
45.1,3.330
45.1,3.330
45.0,3.330
45.0,3.330
45.0,3.330
45.0,3.330
45.0,3.330
45.0,3.330
45.0,3.330
45.0,3.330
45.0,3.330
45.0,3.330
45.1,3.330
45.1,3.330
45.1,3.330
45.1,3.330
45.1,3.330
45.1,3.330
45.1,3.330
45.1,3.330
45.1,3.330
45.1,3.330
45.1,3.330
45.1,3.330
45.1,3.330
45.1,3.330
45.1,3.330
45.1,3.330
45.1,3.330
45.1,3.330
45.1,3.330
45.1,3.335
45.1,3.335
45.1,3.335
45.1,3.335
45.1,3.335
45.1,3.335
45.1,3.335
45.1,3.335
45.1,3.335
45.1,3.335
45.1,3.335
45.1,3.335
45.1,3.335
45.1,3.335
45.1,3.335
45.1,3.335
45.1,3.335
45.1,3.335
45.1,3.335
45.0,3.335
45.0,3.335
45.0,3.335
45.0,3.335
45.0,3.335
45.0,3.335
45.0,3.335
45.0,3.335
45.1,3.335
45.1,3.335
45.1,3.335
45.1,3.335
45.1,3.335
45.1,3.335
45.1,3.335
45.1,3.335
45.1,3.335
45.1,3.335
45.1,3.335
45.1,3.335
45.0,3.335
45.0,3.335
45.0,3.335
45.0,3.335
45.0,3.335
45.0,3.335
45.0,3.335
45.0,3.335
45.0,3.335
45.0,3.335
45.0,3.340
45.0,3.340
45.0,3.340
45.0,3.340
45.0,3.340
45.0,3.340
45.0,3.340
45.0,3.340
45.0,3.340
45.0,3.340
45.0,3.340
45.0,3.340
45.0,3.340
45.0,3.340
45.1,3.340
45.1,3.340
45.1,3.340
45.1,3.340
45.1,3.340
45.1,3.340
45.1,3.340
45.1,3.340
45.1,3.340
45.1,3.340
45.1,3.340
45.1,3.340
45.1,3.340
45.1,3.340
45.1,3.340
45.1,3.340
45.1,3.340
45.1,3.340
45.1,3.340
45.1,3.340
45.1,3.340
45.1,3.340
45.1,3.340
45.1,3.340
45.1,3.340
45.1,3.340
45.1,3.340
45.1,3.340
45.1,3.340
45.1,3.340
45.1,3.340
45.1,3.340
45.1,3.340
45.1,3.340
45.1,3.340
45.1,3.345
45.1,3.345
45.1,3.345
45.1,3.345
45.1,3.345
45.1,3.345
45.1,3.345
45.1,3.345
45.1,3.345
45.1,3.345
45.1,3.345
45.1,3.345
45.1,3.345
45.1,3.345
45.1,3.345
45.1,3.345
45.1,3.345
45.1,3.345
45.1,3.345
45.1,3.345
45.1,3.345
45.1,3.345
45.1,3.345
45.1,3.345
45.1,3.345
45.1,3.345
45.1,3.345
45.1,3.345
45.1,3.345
45.1,3.345
45.1,3.345
45.1,3.345
45.1,3.345
45.1,3.345
45.1,3.345
45.1,3.345
45.1,3.345
45.1,3.345
45.1,3.345
45.1,3.345
45.1,3.345
45.1,3.345
45.1,3.345
45.1,3.345
45.1,3.345
45.1,3.345
45.1,3.345
45.1,3.345
45.1,3.345
45.1,3.350
45.1,3.350
45.1,3.350
45.1,3.350
45.1,3.350
45.1,3.350
45.1,3.350
45.1,3.350
45.1,3.350
45.1,3.350
45.1,3.350
45.1,3.350
45.1,3.350
45.2,3.350
45.2,3.350
45.2,3.350
45.2,3.350
45.2,3.350
45.2,3.350
45.2,3.350
45.2,3.350
45.2,3.350
45.2,3.350
45.2,3.350
45.2,3.350
45.2,3.350
45.2,3.350
45.2,3.350
45.2,3.350
45.2,3.350
45.2,3.350
45.2,3.350
45.2,3.350
45.2,3.350
45.2,3.350
45.2,3.350
45.2,3.350
45.2,3.350
45.2,3.350
45.2,3.350
45.2,3.350
45.2,3.350
45.2,3.350
45.2,3.350
45.2,3.350
45.2,3.350
45.2,3.350
45.2,3.350
45.2,3.350
45.2,3.350
45.2,3.350
45.2,3.350
45.2,3.350
45.2,3.350
45.2,3.350
45.2,3.350
45.2,3.350
45.2,3.350
45.2,3.355
45.2,3.355
45.2,3.355
45.2,3.355
45.2,3.355
45.2,3.355
45.2,3.355
45.2,3.355
45.2,3.355
45.2,3.355
45.2,3.355
45.2,3.355
45.2,3.355
45.2,3.355
45.2,3.355
45.2,3.355
45.2,3.355
45.2,3.355
45.2,3.355
45.2,3.355
45.2,3.355
45.2,3.355
45.2,3.355
45.2,3.355
45.2,3.355
45.2,3.355
45.2,3.355
45.2,3.355
45.2,3.355
45.2,3.355
45.2,3.355
45.2,3.355
45.2,3.355
45.2,3.355
45.2,3.355
45.2,3.355
45.2,3.355
45.2,3.355
45.2,3.355
45.2,3.355
45.2,3.355
45.2,3.355
45.2,3.355
45.2,3.355
45.2,3.355
45.2,3.355
45.2,3.355
45.2,3.355
45.2,3.355
45.2,3.355
45.2,3.355
45.2,3.355
45.2,3.355
45.2,3.355
45.2,3.355
45.2,3.355
45.2,3.355
45.2,3.355
45.2,3.355
45.2,3.355
45.2,3.355
45.2,3.355
45.2,3.355
45.2,3.355
45.2,3.355
45.2,3.355
45.2,3.355
45.2,3.355
45.2,3.355
45.2,3.355
45.2,3.355
45.2,3.360
45.2,3.360
45.2,3.360
45.2,3.360
45.2,3.360
45.2,3.360
45.2,3.360
45.2,3.360
45.2,3.360
45.2,3.360
45.2,3.360
45.2,3.360
45.2,3.360
45.2,3.360
45.2,3.360
45.2,3.360
45.2,3.360
45.2,3.360
45.2,3.360
45.2,3.360
45.2,3.360
45.2,3.360
45.2,3.360
45.2,3.360
45.3,3.360
45.3,3.360
45.3,3.360
45.3,3.360
45.3,3.360
45.3,3.360
45.2,3.360
45.2,3.360
45.2,3.360
45.2,3.360
45.2,3.360
45.2,3.360
45.2,3.360
45.2,3.360
45.2,3.360
45.2,3.360
45.2,3.360
45.2,3.360
45.2,3.360
45.2,3.360
45.2,3.360
45.2,3.360
45.2,3.360
45.2,3.360
45.2,3.360
45.2,3.360
45.2,3.360
45.2,3.360
45.2,3.360
45.2,3.360
45.2,3.360
45.2,3.360
45.2,3.360
45.2,3.360
45.2,3.360
45.2,3.360
45.2,3.360
45.2,3.360
45.2,3.360
45.2,3.360
45.2,3.360
45.2,3.360
45.2,3.360
45.2,3.360
45.2,3.360
45.2,3.360
45.2,3.360
45.2,3.360
45.2,3.360
45.2,3.360
45.2,3.360
45.2,3.360
45.2,3.365
45.2,3.365
45.2,3.365
45.2,3.365
45.2,3.365
45.2,3.365
45.2,3.365
45.2,3.365
45.2,3.365
45.2,3.365
45.2,3.365
45.2,3.365
45.2,3.365
45.2,3.365
45.2,3.365
45.2,3.365
45.2,3.365
45.2,3.365
45.2,3.365
45.2,3.365
45.2,3.365
45.2,3.365
45.2,3.365
45.2,3.365
45.2,3.365
45.2,3.365
45.2,3.365
45.2,3.365
45.2,3.365
45.2,3.365
45.2,3.365
45.2,3.365
45.2,3.365
45.2,3.365
45.2,3.365
45.2,3.365
45.2,3.365
45.2,3.365
45.2,3.365
45.2,3.365
45.2,3.365
45.2,3.365
45.2,3.365
45.2,3.365
45.2,3.365
45.2,3.365
45.2,3.365
45.2,3.365
45.2,3.365
45.2,3.365
45.2,3.365
45.2,3.365
45.2,3.365
45.2,3.365
45.2,3.365
45.2,3.365
45.2,3.365
45.2,3.365
45.2,3.365
45.2,3.365
45.2,3.365
45.2,3.365
45.2,3.365
45.2,3.365
45.2,3.365
45.2,3.365
45.2,3.365
45.2,3.365
45.2,3.365
45.2,3.365
45.2,3.365
45.2,3.365
45.2,3.365
45.2,3.365
45.2,3.370
45.2,3.370
45.2,3.370
45.2,3.370
45.2,3.370
45.2,3.370
45.2,3.370
45.2,3.370
45.2,3.370
45.2,3.370
45.2,3.370
45.2,3.370
45.2,3.370
45.2,3.370
45.2,3.370
45.2,3.370
45.2,3.370
45.2,3.370
45.2,3.370
45.2,3.370
45.2,3.370
45.2,3.370
45.2,3.370
45.2,3.370
45.2,3.370
45.2,3.370
45.2,3.370
45.2,3.370
45.2,3.370
45.2,3.370
45.2,3.370
45.2,3.370
45.2,3.370
45.3,3.370
45.3,3.370
45.3,3.370
45.3,3.370
45.3,3.370
45.3,3.370
45.3,3.370
45.3,3.370
45.3,3.370
45.3,3.370
45.3,3.370
45.3,3.370
45.3,3.370
45.3,3.370
45.3,3.370
45.3,3.370
45.3,3.370
45.3,3.370
45.3,3.370
45.3,3.370
45.3,3.370
45.3,3.370
45.3,3.370
45.3,3.370
45.3,3.370
45.3,3.370
45.3,3.370
45.3,3.370
45.3,3.370
45.3,3.370
45.3,3.370
45.3,3.370
45.3,3.370
45.3,3.370
45.3,3.370
45.2,3.370
45.2,3.370
45.2,3.370
45.2,3.370
45.2,3.370
45.2,3.370
45.2,3.370
45.2,3.370
45.3,3.370
45.3,3.375
45.3,3.375
45.3,3.375
45.3,3.375
45.3,3.375
45.3,3.375
45.3,3.375
45.3,3.375
45.3,3.375
45.3,3.375
45.3,3.375
45.3,3.375
45.2,3.375
45.2,3.375
45.2,3.375
45.2,3.375
45.2,3.375
45.2,3.375
45.2,3.375
45.2,3.375
45.2,3.375
45.2,3.375
45.2,3.375
45.2,3.375
45.2,3.375
45.3,3.375
45.3,3.375
45.3,3.375
45.3,3.375
45.3,3.375
45.3,3.375
45.2,3.375
45.2,3.375
45.2,3.375
45.2,3.375
45.2,3.375
45.2,3.375
45.3,3.375
45.3,3.375
45.3,3.375
45.3,3.375
45.3,3.375
45.3,3.375
45.3,3.375
45.3,3.375
45.3,3.375
45.3,3.375
45.3,3.375
45.3,3.375
45.3,3.375
45.3,3.375
45.3,3.375
45.3,3.375
45.2,3.375
45.2,3.375
45.2,3.375
45.2,3.375
45.2,3.375
45.2,3.375
45.2,3.375
45.2,3.375
45.2,3.375
45.2,3.375
45.2,3.375
45.2,3.375
45.2,3.375
45.2,3.375
45.2,3.375
45.2,3.375
45.2,3.375
45.2,3.375
45.2,3.375
45.3,3.375
45.3,3.380
45.3,3.380
45.3,3.380
45.3,3.380
45.3,3.380
45.3,3.380
45.3,3.380
45.3,3.380
45.3,3.380
45.3,3.380
45.3,3.380
45.3,3.380
45.3,3.380
45.3,3.380
45.3,3.380
45.3,3.380
45.3,3.380
45.3,3.380
45.3,3.380
45.3,3.380
45.3,3.380
45.3,3.380
45.3,3.380
45.3,3.380
45.3,3.380
45.3,3.380
45.3,3.380
45.3,3.380
45.3,3.380
45.3,3.380
45.3,3.380
45.3,3.380
45.3,3.380
45.3,3.380
45.3,3.380
45.3,3.380
45.3,3.380
45.3,3.380
45.3,3.380
45.3,3.380
45.3,3.380
45.3,3.380
45.3,3.380
45.3,3.380
45.3,3.380
45.3,3.380
45.3,3.380
45.3,3.380
45.3,3.380
45.3,3.380
45.3,3.380
45.3,3.380
45.3,3.380
45.3,3.380
45.3,3.380
45.3,3.380
45.3,3.380
45.3,3.380
45.3,3.380
45.3,3.380
45.3,3.380
45.3,3.380
45.3,3.380
45.3,3.380
45.3,3.380
45.3,3.380
45.3,3.380
45.3,3.380
45.3,3.380
45.3,3.380
45.3,3.380
45.3,3.380
45.3,3.385
45.3,3.385
45.3,3.385
45.3,3.385
45.3,3.385
45.3,3.385
45.3,3.385
45.3,3.385
45.3,3.385
45.3,3.385
45.3,3.385
45.3,3.385
45.3,3.385
45.3,3.385
45.3,3.385
45.3,3.385
45.3,3.385
45.3,3.385
45.3,3.385
45.3,3.385
45.3,3.385
45.3,3.385
45.3,3.385
45.3,3.385
45.3,3.385
45.3,3.385
45.3,3.385
45.3,3.385
45.3,3.385
45.3,3.385
45.3,3.385
45.3,3.385
45.3,3.385
45.3,3.385
45.3,3.385
45.3,3.385
45.3,3.385
45.3,3.385
45.3,3.385
45.3,3.385
45.3,3.385
45.3,3.385
45.3,3.385
45.3,3.385
45.3,3.385
45.3,3.385
45.3,3.385
45.3,3.385
45.3,3.385
45.3,3.385
45.3,3.385
45.3,3.385
45.3,3.385
45.3,3.385
45.3,3.385
45.3,3.385
45.3,3.385
45.3,3.385
45.3,3.385
45.3,3.385
45.3,3.385
45.3,3.385
45.3,3.385
45.3,3.385
45.3,3.385
45.3,3.385
45.3,3.385
45.3,3.385
45.3,3.385
45.3,3.390
45.3,3.390
45.3,3.390
45.3,3.390
45.3,3.390
45.3,3.390
45.3,3.390
45.3,3.390
45.3,3.390
45.3,3.390
45.3,3.390
45.3,3.390
45.3,3.390
45.3,3.390
45.3,3.390
45.3,3.390
45.3,3.390
45.3,3.390
45.3,3.390
45.3,3.390
45.3,3.390
45.3,3.390
45.3,3.390
45.3,3.390
45.3,3.390
45.3,3.390
45.3,3.390
45.4,3.390
45.4,3.390
45.4,3.390
45.4,3.390
45.4,3.390
45.4,3.390
45.3,3.390
45.3,3.390
45.3,3.390
45.3,3.390
45.3,3.390
45.3,3.390
45.3,3.390
45.3,3.390
45.3,3.390
45.3,3.390
45.3,3.390
45.3,3.390
45.3,3.390
45.3,3.390
45.3,3.390
45.3,3.390
45.3,3.390
45.3,3.390
45.3,3.390
45.3,3.390
45.3,3.390
45.3,3.390
45.3,3.390
45.3,3.390
45.3,3.390
45.3,3.390
45.3,3.390
45.3,3.390
45.3,3.390
45.3,3.390
45.3,3.390
45.3,3.395
45.3,3.395
45.3,3.395
45.3,3.395
45.3,3.395
45.3,3.395
45.3,3.395
45.3,3.395
45.3,3.395
45.3,3.395
45.3,3.395
45.3,3.395
45.3,3.395
45.3,3.395
45.3,3.395
45.3,3.395
45.3,3.395
45.3,3.395
45.3,3.395
45.3,3.395
45.3,3.395
45.3,3.395
45.3,3.395
45.3,3.395
45.3,3.395
45.4,3.395
45.4,3.395
45.4,3.395
45.4,3.395
45.4,3.395
45.4,3.395
45.4,3.395
45.4,3.395
45.4,3.395
45.4,3.395
45.4,3.395
45.3,3.395
45.3,3.395
45.3,3.395
45.3,3.395
45.3,3.395
45.3,3.395
45.3,3.395
45.3,3.395
45.3,3.395
45.3,3.395
45.3,3.395
45.3,3.395
45.3,3.395
45.3,3.395
45.3,3.395
45.3,3.395
45.3,3.395
45.3,3.395
45.3,3.395
45.3,3.395
45.3,3.395
45.3,3.395
45.3,3.395
45.3,3.395
45.3,3.395
45.3,3.395
45.3,3.395
45.3,3.395
45.3,3.395
45.3,3.395
45.3,3.395
45.3,3.395
45.3,3.400
45.3,3.400
45.3,3.400
45.3,3.400
45.3,3.400
45.3,3.400
45.3,3.400
45.3,3.400
45.3,3.400
45.3,3.400
45.3,3.400
45.3,3.400
45.3,3.400
45.3,3.400
45.3,3.400
45.3,3.400
45.3,3.400
45.3,3.400
45.3,3.400
45.3,3.400
45.3,3.400
45.3,3.400
45.3,3.400
45.3,3.400
45.3,3.400
45.3,3.400
45.3,3.400
45.3,3.400
45.4,3.400
45.4,3.400
45.4,3.400
45.4,3.400
45.4,3.400
45.4,3.400
45.4,3.400
45.4,3.400
45.4,3.400
45.4,3.400
45.4,3.400
45.4,3.400
45.4,3.400
45.4,3.400
45.4,3.400
45.4,3.400
45.4,3.400
45.4,3.400
45.4,3.400
45.4,3.400
45.4,3.400
45.4,3.400
45.4,3.400
45.4,3.400
45.4,3.400
45.4,3.400
45.4,3.400
45.4,3.400
45.4,3.400
45.4,3.400
45.4,3.400
45.4,3.400
45.4,3.400
45.4,3.400
45.4,3.400
45.4,3.400
45.4,3.400
45.4,3.400
45.4,3.400
45.4,3.405
45.4,3.405
45.4,3.405
45.4,3.405
45.4,3.405
45.4,3.405
45.4,3.405
45.4,3.405
45.4,3.405
45.4,3.405
45.4,3.405
45.4,3.405
45.4,3.405
45.4,3.405
45.4,3.405
45.4,3.405
45.4,3.405
45.4,3.405
45.4,3.405
45.4,3.405
45.4,3.405
45.3,3.405
45.3,3.405
45.3,3.405
45.3,3.405
45.3,3.405
45.3,3.405
45.3,3.405
45.3,3.405
45.3,3.405
45.4,3.405
45.4,3.405
45.4,3.405
45.4,3.405
45.4,3.405
45.4,3.405
45.4,3.405
45.4,3.405
45.4,3.405
45.4,3.405
45.4,3.405
45.4,3.405
45.4,3.405
45.4,3.405
45.4,3.405
45.4,3.405
45.4,3.405
45.4,3.405
45.4,3.405
45.4,3.405
45.4,3.405
45.4,3.405
45.4,3.405
45.4,3.405
45.4,3.405
45.4,3.405
45.4,3.405
45.4,3.405
45.4,3.405
45.4,3.405
45.4,3.405
45.4,3.405
45.4,3.405
45.4,3.405
45.4,3.405
45.4,3.410
45.4,3.410
45.4,3.410
45.4,3.410
45.4,3.410
45.4,3.410
45.4,3.410
45.4,3.410
45.4,3.410
45.4,3.410
45.4,3.410
45.4,3.410
45.4,3.410
45.4,3.410
45.4,3.410
45.4,3.410
45.4,3.410
45.4,3.410
45.4,3.410
45.4,3.410
45.4,3.410
45.4,3.410
45.4,3.410
45.4,3.410
45.4,3.410
45.4,3.410
45.4,3.410
45.4,3.410
45.4,3.410
45.4,3.410
45.4,3.410
45.4,3.410
45.4,3.410
45.4,3.410
45.4,3.410
45.4,3.410
45.4,3.410
45.4,3.410
45.4,3.410
45.4,3.410
45.4,3.410
45.4,3.410
45.4,3.410
45.4,3.410
45.4,3.410
45.4,3.410
45.4,3.410
45.4,3.410
45.4,3.410
45.4,3.410
45.4,3.410
45.4,3.410
45.4,3.410
45.4,3.410
45.4,3.410
45.4,3.410
45.4,3.410
45.4,3.410
45.4,3.410
45.4,3.410
45.4,3.415
45.4,3.415
45.4,3.415
45.4,3.415
45.4,3.415
45.4,3.415
45.4,3.415
45.4,3.415
45.4,3.415
45.4,3.415
45.4,3.415
45.4,3.415
45.4,3.415
45.4,3.415
45.4,3.415
45.4,3.415
45.4,3.415
45.4,3.415
45.4,3.415
45.4,3.415
45.4,3.415
45.4,3.415
45.4,3.415
45.4,3.415
45.4,3.415
45.4,3.415
45.4,3.415
45.4,3.415
45.4,3.415
45.4,3.415
45.4,3.415
45.4,3.415
45.4,3.415
45.4,3.415
45.4,3.415
45.4,3.415
45.4,3.415
45.4,3.415
45.4,3.415
45.4,3.415
45.4,3.415
45.4,3.415
45.4,3.415
45.4,3.415
45.4,3.415
45.4,3.415
45.4,3.415
45.4,3.415
45.4,3.415
45.4,3.415
45.4,3.415
45.4,3.415
45.4,3.415
45.4,3.415
45.4,3.415
45.4,3.415
45.4,3.415
45.4,3.415
45.4,3.415
45.4,3.415
45.4,3.415
45.4,3.415
45.4,3.415
45.4,3.415
45.4,3.415
45.4,3.420
45.4,3.420
45.4,3.420
45.4,3.420
45.4,3.420
45.4,3.420
45.4,3.420
45.4,3.420
45.4,3.420
45.4,3.420
45.4,3.420
45.4,3.420
45.4,3.420
45.4,3.420
45.4,3.420
45.4,3.420
45.4,3.420
45.4,3.420
45.4,3.420
45.4,3.420
45.4,3.420
45.4,3.420
45.4,3.420
45.4,3.420
45.4,3.420
45.4,3.420
45.4,3.420
45.4,3.420
45.4,3.420
45.4,3.420
45.4,3.420
45.4,3.420
45.4,3.420
45.4,3.420
45.4,3.420
45.4,3.420
45.4,3.420
45.4,3.420
45.4,3.420
45.4,3.420
45.4,3.420
45.4,3.420
45.4,3.420
45.4,3.420
45.4,3.420
45.4,3.420
45.4,3.420
45.4,3.420
45.4,3.420
45.4,3.420
45.4,3.420
45.4,3.420
45.4,3.420
45.4,3.420
45.4,3.420
45.4,3.420
45.4,3.420
45.4,3.420
45.4,3.420
45.4,3.420
45.4,3.420
45.4,3.420
45.4,3.425
45.4,3.425
45.4,3.425
45.4,3.425
45.4,3.425
45.4,3.425
45.4,3.425
45.4,3.425
45.4,3.425
45.4,3.425
45.4,3.425
45.4,3.425
45.4,3.425
45.4,3.425
45.4,3.425
45.4,3.425
45.4,3.425
45.4,3.425
45.4,3.425
45.4,3.425
45.4,3.425
45.4,3.425
45.4,3.425
45.4,3.425
45.4,3.425
45.4,3.425
45.4,3.425
45.4,3.425
45.4,3.425
45.4,3.425
45.4,3.425
45.4,3.425
45.4,3.425
45.4,3.425
45.4,3.425
45.4,3.425
45.4,3.425
45.4,3.425
45.4,3.425
45.4,3.425
45.4,3.425
45.4,3.425
45.4,3.425
45.4,3.425
45.4,3.425
45.4,3.425
45.4,3.425
45.4,3.425
45.4,3.425
45.4,3.425
45.4,3.425
45.4,3.425
45.4,3.425
45.4,3.425
45.4,3.425
45.4,3.425
45.4,3.425
45.4,3.425
45.4,3.425
45.4,3.425
45.4,3.430
45.4,3.430
45.4,3.430
45.4,3.430
45.4,3.430
45.4,3.430
45.4,3.430
45.4,3.430
45.4,3.430
45.4,3.430
45.4,3.430
45.4,3.430
45.4,3.430
45.4,3.430
45.4,3.430
45.4,3.430
45.4,3.430
45.4,3.430
45.4,3.430
45.4,3.430
45.4,3.430
45.4,3.430
45.4,3.430
45.4,3.430
45.4,3.430
45.4,3.430
45.4,3.430
45.4,3.430
45.4,3.430
45.4,3.430
45.4,3.430
45.4,3.430
45.4,3.430
45.4,3.430
45.4,3.430
45.4,3.430
45.4,3.430
45.4,3.430
45.4,3.430
45.4,3.430
45.4,3.430
45.4,3.430
45.4,3.430
45.4,3.430
45.4,3.430
45.4,3.430
45.4,3.430
45.4,3.430
45.4,3.430
45.4,3.430
45.4,3.430
45.4,3.430
45.4,3.430
45.4,3.430
45.4,3.430
45.4,3.430
45.4,3.430
45.4,3.430
45.4,3.435
45.4,3.435
45.4,3.435
45.4,3.435
45.4,3.435
45.4,3.435
45.4,3.435
45.4,3.435
45.4,3.435
45.4,3.435
45.4,3.435
45.4,3.435
45.4,3.435
45.4,3.435
45.4,3.435
45.4,3.435
45.4,3.435
45.4,3.435
45.4,3.435
45.4,3.435
45.4,3.435
45.4,3.435
45.4,3.435
45.4,3.435
45.4,3.435
45.4,3.435
45.4,3.435
45.4,3.435
45.4,3.435
45.4,3.435
45.4,3.435
45.4,3.435
45.4,3.435
45.4,3.435
45.4,3.435
45.4,3.435
45.4,3.435
45.4,3.435
45.4,3.435
45.4,3.435
45.4,3.435
45.4,3.435
45.4,3.435
45.4,3.435
45.4,3.435
45.4,3.435
45.4,3.435
45.4,3.435
45.4,3.435
45.4,3.435
45.4,3.435
45.4,3.435
45.4,3.435
45.4,3.435
45.4,3.435
45.4,3.435
45.4,3.435
45.4,3.435
45.4,3.435
45.4,3.435
45.4,3.440
45.4,3.440
45.4,3.440
45.4,3.440
45.4,3.440
45.4,3.440
45.4,3.440
45.4,3.440
45.4,3.440
45.4,3.440
45.4,3.440
45.4,3.440
45.4,3.440
45.4,3.440
45.4,3.440
45.4,3.440
45.4,3.440
45.4,3.440
45.4,3.440
45.4,3.440
45.4,3.440
45.4,3.440
45.4,3.440
45.4,3.440
45.4,3.440
45.4,3.440
45.4,3.440
45.4,3.440
45.4,3.440
45.4,3.440
45.4,3.440
45.4,3.440
45.4,3.440
45.4,3.440
45.4,3.440
45.5,3.440
45.5,3.440
45.5,3.440
45.5,3.440
45.5,3.440
45.5,3.440
45.5,3.440
45.5,3.440
45.5,3.440
45.5,3.440
45.5,3.440
45.5,3.440
45.5,3.440
45.5,3.440
45.5,3.440
45.5,3.440
45.5,3.440
45.5,3.440
45.5,3.440
45.5,3.440
45.5,3.440
45.5,3.440
45.5,3.440
45.5,3.440
45.5,3.440
45.5,3.445
45.5,3.445
45.5,3.445
45.5,3.445
45.5,3.445
45.5,3.445
45.5,3.445
45.5,3.445
45.5,3.445
45.5,3.445
45.5,3.445
45.5,3.445
45.5,3.445
45.5,3.445
45.5,3.445
45.5,3.445
45.5,3.445
45.5,3.445
45.5,3.445
45.5,3.445
45.5,3.445
45.5,3.445
45.5,3.445
45.5,3.445
45.5,3.445
45.5,3.445
45.5,3.445
45.5,3.445
45.5,3.445
45.5,3.445
45.5,3.445
45.5,3.445
45.5,3.445
45.5,3.445
45.5,3.445
45.5,3.445
45.5,3.445
45.5,3.445
45.5,3.445
45.5,3.445
45.5,3.445
45.5,3.445
45.5,3.445
45.5,3.445
45.5,3.445
45.5,3.445
45.5,3.445
45.5,3.445
45.5,3.445
45.5,3.445
45.5,3.445
45.5,3.445
45.5,3.445
45.5,3.445
45.5,3.445
45.5,3.445
45.5,3.445
45.5,3.450
45.5,3.450
45.5,3.450
45.5,3.450
45.5,3.450
45.5,3.450
45.5,3.450
45.5,3.450
45.5,3.450
45.5,3.450
45.5,3.450
45.5,3.450
45.5,3.450
45.5,3.450
45.5,3.450
45.5,3.450
45.5,3.450
45.5,3.450
45.5,3.450
45.5,3.450
45.5,3.450
45.5,3.450
45.5,3.450
45.5,3.450
45.5,3.450
45.5,3.450
45.5,3.450
45.5,3.450
45.5,3.450
45.5,3.450
45.5,3.450
45.5,3.450
45.5,3.450
45.5,3.450
45.5,3.450
45.5,3.450
45.5,3.450
45.5,3.450
45.5,3.450
45.5,3.450
45.5,3.450
45.5,3.450
45.5,3.450
45.5,3.450
45.5,3.450
45.5,3.450
45.5,3.450
45.5,3.450
45.5,3.450
45.5,3.450
45.5,3.450
45.5,3.450
45.6,3.450
45.6,3.450
45.6,3.450
45.6,3.450
45.6,3.450
45.6,3.450
45.6,3.450
45.6,3.450
45.6,3.450
45.6,3.450
45.6,3.455
45.6,3.455
45.6,3.455
45.6,3.455
45.6,3.455
45.5,3.455
45.5,3.455
45.5,3.455
45.5,3.455
45.5,3.455
45.5,3.455
45.5,3.455
45.5,3.455
45.5,3.455
45.5,3.455
45.5,3.455
45.5,3.455
45.5,3.455
45.5,3.455
45.5,3.455
45.5,3.455
45.5,3.455
45.5,3.455
45.5,3.455
45.5,3.455
45.5,3.455
45.5,3.455
45.5,3.455
45.5,3.455
45.5,3.455
45.5,3.455
45.5,3.455
45.5,3.455
45.5,3.455
45.5,3.455
45.5,3.455
45.5,3.455
45.5,3.455
45.5,3.455
45.5,3.455
45.5,3.455
45.5,3.455
45.5,3.455
45.5,3.455
45.5,3.455
45.5,3.455
45.5,3.455
45.5,3.455
45.5,3.455
45.5,3.455
45.5,3.455
45.5,3.455
45.5,3.455
45.5,3.455
45.5,3.455
45.5,3.455
45.5,3.455
45.5,3.455
45.5,3.455
45.5,3.455
45.6,3.455
45.6,3.455
45.6,3.455
45.6,3.460
45.6,3.460
45.6,3.460
45.6,3.460
45.6,3.460
45.5,3.460
45.5,3.460
45.5,3.460
45.5,3.460
45.5,3.460
45.5,3.460
45.5,3.460
45.5,3.460
45.5,3.460
45.5,3.460
45.5,3.460
45.5,3.460
45.5,3.460
45.5,3.460
45.5,3.460
45.5,3.460
45.5,3.460
45.5,3.460
45.5,3.460
45.5,3.460
45.5,3.460
45.5,3.460
45.5,3.460
45.5,3.460
45.5,3.460
45.5,3.460
45.5,3.460
45.5,3.460
45.5,3.460
45.5,3.460
45.5,3.460
45.5,3.460
45.6,3.460
45.6,3.460
45.6,3.460
45.6,3.460
45.6,3.460
45.6,3.460
45.6,3.460
45.6,3.460
45.6,3.460
45.5,3.460
45.5,3.460
45.5,3.460
45.5,3.460
45.5,3.460
45.5,3.460
45.5,3.460
45.5,3.460
45.5,3.460
45.5,3.460
45.5,3.460
45.5,3.460
45.5,3.460
45.5,3.460
45.5,3.460
45.5,3.460
45.5,3.460
45.5,3.460
45.5,3.465
45.5,3.465
45.5,3.465
45.5,3.465
45.5,3.465
45.5,3.465
45.5,3.465
45.5,3.465
45.5,3.465
45.5,3.465
45.5,3.465
45.5,3.465
45.5,3.465
45.5,3.465
45.5,3.465
45.5,3.465
45.5,3.465
45.5,3.465
45.5,3.465
45.5,3.465
45.5,3.465
45.5,3.465
45.5,3.465
45.5,3.465
45.5,3.465
45.5,3.465
45.5,3.465
45.5,3.465
45.5,3.465
45.5,3.465
45.5,3.465
45.5,3.465
45.5,3.465
45.5,3.465
45.5,3.465
45.5,3.465
45.5,3.465
45.5,3.465
45.5,3.465
45.5,3.465
45.5,3.465
45.5,3.465
45.5,3.465
45.5,3.465
45.5,3.465
45.5,3.465
45.5,3.465
45.5,3.465
45.5,3.465
45.5,3.465
45.5,3.465
45.5,3.465
45.5,3.465
45.5,3.465
45.5,3.465
45.5,3.465
45.5,3.465
45.5,3.465
45.5,3.465
45.5,3.465
45.5,3.465
45.5,3.465
45.5,3.465
45.5,3.465
45.5,3.470
45.5,3.470
45.5,3.470
45.5,3.470
45.5,3.470
45.5,3.470
45.5,3.470
45.5,3.470
45.5,3.470
45.5,3.470
45.5,3.470
45.5,3.470
45.5,3.470
45.5,3.470
45.5,3.470
45.5,3.470
45.5,3.470
45.5,3.470
45.5,3.470
45.5,3.470
45.5,3.470
45.5,3.470
45.5,3.470
45.5,3.470
45.5,3.470
45.5,3.470
45.5,3.470
45.5,3.470
45.5,3.470
45.5,3.470
45.5,3.470
45.5,3.470
45.5,3.470
45.5,3.470
45.5,3.470
45.5,3.470
45.5,3.470
45.5,3.470
45.5,3.470
45.5,3.470
45.5,3.470
45.5,3.470
45.5,3.470
45.5,3.470
45.5,3.470
45.5,3.470
45.5,3.470
45.5,3.470
45.5,3.470
45.5,3.470
45.5,3.470
45.5,3.470
45.5,3.470
45.5,3.470
45.5,3.470
45.5,3.470
45.5,3.470
45.5,3.470
45.5,3.470
45.5,3.470
45.5,3.470
45.5,3.470
45.5,3.475
45.5,3.475
45.5,3.475
45.5,3.475
45.5,3.475
45.5,3.475
45.5,3.475
45.5,3.475
45.5,3.475
45.5,3.475
45.5,3.475
45.5,3.475
45.5,3.475
45.5,3.475
45.5,3.475
45.5,3.475
45.5,3.475
45.5,3.475
45.5,3.475
45.5,3.475
45.5,3.475
45.5,3.475
45.5,3.475
45.5,3.475
45.5,3.475
45.5,3.475
45.5,3.475
45.5,3.475
45.5,3.475
45.5,3.475
45.5,3.475
45.5,3.475
45.5,3.475
45.5,3.475
45.5,3.475
45.5,3.475
45.5,3.475
45.5,3.475
45.5,3.475
45.5,3.475
45.5,3.475
45.5,3.475
45.5,3.475
45.5,3.475
45.5,3.475
45.5,3.475
45.5,3.475
45.5,3.475
45.5,3.475
45.5,3.475
45.5,3.475
45.5,3.475
45.5,3.475
45.5,3.475
45.5,3.475
45.5,3.475
45.5,3.475
45.5,3.475
45.5,3.475
45.5,3.475
45.5,3.475
45.5,3.475
45.5,3.475
45.5,3.475
45.5,3.480
45.5,3.480
45.5,3.480
45.5,3.480
45.5,3.480
45.5,3.480
45.5,3.480
45.5,3.480
45.5,3.480
45.5,3.480
45.5,3.480
45.5,3.480
45.5,3.480
45.5,3.480
45.6,3.480
45.6,3.480
45.6,3.480
45.6,3.480
45.6,3.480
45.6,3.480
45.6,3.480
45.6,3.480
45.6,3.480
45.6,3.480
45.6,3.480
45.6,3.480
45.6,3.480
45.6,3.480
45.6,3.480
45.6,3.480
45.6,3.480
45.6,3.480
45.6,3.480
45.6,3.480
45.6,3.480
45.6,3.480
45.6,3.480
45.6,3.480
45.6,3.480
45.6,3.480
45.6,3.480
45.6,3.480
45.6,3.480
45.6,3.480
45.6,3.480
45.6,3.480
45.6,3.480
45.6,3.480
45.6,3.480
45.6,3.480
45.6,3.480
45.6,3.480
45.6,3.480
45.6,3.480
45.6,3.480
45.6,3.480
45.6,3.480
45.6,3.480
45.6,3.480
45.6,3.480
45.6,3.480
45.6,3.480
45.6,3.480
45.6,3.480
45.6,3.480
45.6,3.485
45.6,3.485
45.6,3.485
45.6,3.485
45.6,3.485
45.6,3.485
45.6,3.485
45.6,3.485
45.6,3.485
45.6,3.485
45.5,3.485
45.5,3.485
45.5,3.485
45.5,3.485
45.5,3.485
45.5,3.485
45.6,3.485
45.6,3.485
45.6,3.485
45.6,3.485
45.6,3.485
45.6,3.485
45.6,3.485
45.6,3.485
45.6,3.485
45.6,3.485
45.6,3.485
45.6,3.485
45.6,3.485
45.6,3.485
45.6,3.485
45.6,3.485
45.6,3.485
45.6,3.485
45.6,3.485
45.6,3.485
45.6,3.485
45.6,3.485
45.6,3.485
45.6,3.485
45.6,3.485
45.6,3.485
45.6,3.485
45.6,3.485
45.6,3.485
45.6,3.485
45.6,3.485
45.6,3.485
45.6,3.485
45.6,3.485
45.6,3.485
45.6,3.485
45.6,3.485
45.6,3.485
45.6,3.485
45.6,3.485
45.6,3.485
45.6,3.485
45.6,3.485
45.6,3.485
45.6,3.485
45.6,3.485
45.6,3.485
45.6,3.485
45.6,3.485
45.6,3.490
45.6,3.490
45.6,3.490
45.6,3.490
45.6,3.490
45.5,3.490
45.5,3.490
45.5,3.490
45.5,3.490
45.5,3.490
45.5,3.490
45.5,3.490
45.5,3.490
45.5,3.490
45.6,3.490
45.6,3.490
45.6,3.490
45.6,3.490
45.6,3.490
45.6,3.490
45.6,3.490
45.6,3.490
45.6,3.490
45.6,3.490
45.6,3.490
45.6,3.490
45.6,3.490
45.6,3.490
45.6,3.490
45.6,3.490
45.6,3.490
45.6,3.490
45.6,3.490
45.6,3.490
45.6,3.490
45.6,3.490
45.6,3.490
45.6,3.490
45.6,3.490
45.6,3.490
45.6,3.490
45.6,3.490
45.6,3.490
45.6,3.490
45.6,3.490
45.6,3.490
45.6,3.490
45.6,3.490
45.6,3.490
45.6,3.490
45.6,3.490
45.6,3.490
45.6,3.490
45.6,3.490
45.6,3.490
45.6,3.490
45.6,3.490
45.6,3.490
45.6,3.490
45.6,3.495
45.6,3.495
45.6,3.495
45.6,3.495
45.6,3.495
45.6,3.495
45.6,3.495
45.6,3.495
45.6,3.495
45.6,3.495
45.6,3.495
45.6,3.495
45.6,3.495
45.6,3.495
45.6,3.495
45.6,3.495
45.6,3.495
45.6,3.495
45.6,3.495
45.6,3.495
45.6,3.495
45.6,3.495
45.6,3.495
45.6,3.495
45.6,3.495
45.7,3.495
45.7,3.495
45.7,3.495
45.7,3.495
45.7,3.495
45.7,3.495
45.7,3.495
45.7,3.495
45.7,3.495
45.7,3.495
45.7,3.495
45.6,3.495
45.6,3.495
45.6,3.495
45.6,3.495
45.6,3.495
45.6,3.495
45.6,3.495
45.6,3.495
45.6,3.495
45.6,3.495
45.6,3.495
45.6,3.495
45.6,3.495
45.6,3.495
45.6,3.495
45.6,3.495
45.6,3.495
45.6,3.495
45.6,3.495
45.6,3.495
45.6,3.495
45.6,3.495
45.6,3.495
45.6,3.495
45.6,3.495
45.6,3.500
45.7,3.500
45.7,3.500
45.7,3.500
45.7,3.500
45.7,3.500
45.7,3.500
45.7,3.500
45.7,3.500
45.7,3.500
45.7,3.500
45.7,3.500
45.7,3.500
45.7,3.500
45.7,3.500
45.7,3.500
45.7,3.500
45.7,3.500
45.7,3.500
45.6,3.500
45.6,3.500
45.6,3.500
45.6,3.500
45.6,3.500
45.6,3.500
45.6,3.500
45.6,3.500
45.6,3.500
45.7,3.500
45.7,3.500
45.7,3.500
45.7,3.500
45.7,3.500
45.7,3.500
45.7,3.500
45.7,3.500
45.7,3.500
45.7,3.500
45.7,3.500
45.7,3.500
45.7,3.500
45.6,3.500
45.6,3.500
45.6,3.500
45.6,3.500
45.6,3.500
45.6,3.500
45.6,3.500
45.6,3.500
45.6,3.500
45.6,3.500
45.6,3.500
45.6,3.500
45.6,3.500
45.6,3.500
45.6,3.500
45.6,3.500
45.6,3.500
45.6,3.500
45.6,3.500
45.6,3.500
45.6,3.500
45.6,3.505
45.6,3.505
45.6,3.505
45.6,3.505
45.6,3.505
45.6,3.505
45.6,3.505
45.6,3.505
45.6,3.505
45.6,3.505
45.7,3.505
45.7,3.505
45.7,3.505
45.7,3.505
45.7,3.505
45.7,3.505
45.7,3.505
45.7,3.505
45.7,3.505
45.7,3.505
45.7,3.505
45.7,3.505
45.7,3.505
45.7,3.505
45.7,3.505
45.7,3.505
45.7,3.505
45.7,3.505
45.7,3.505
45.7,3.505
45.7,3.505
45.7,3.505
45.7,3.505
45.7,3.505
45.7,3.505
45.7,3.505
45.7,3.505
45.7,3.505
45.7,3.505
45.7,3.505
45.7,3.505
45.7,3.505
45.7,3.505
45.7,3.505
45.7,3.505
45.6,3.505
45.6,3.505
45.6,3.505
45.7,3.505
45.7,3.505
45.7,3.505
45.7,3.505
45.7,3.505
45.7,3.505
45.7,3.505
45.7,3.505
45.7,3.505
45.7,3.510
45.7,3.510
45.7,3.510
45.7,3.510
45.7,3.510
45.7,3.510
45.7,3.510
45.7,3.510
45.7,3.510
45.6,3.510
45.6,3.510
45.6,3.510
45.6,3.510
45.6,3.510
45.6,3.510
45.6,3.510
45.6,3.510
45.7,3.510
45.7,3.510
45.7,3.510
45.7,3.510
45.7,3.510
45.7,3.510
45.7,3.510
45.7,3.510
45.7,3.510
45.7,3.510
45.7,3.510
45.7,3.510
45.7,3.510
45.7,3.510
45.7,3.510
45.7,3.510
45.7,3.510
45.7,3.510
45.7,3.510
45.7,3.510
45.7,3.510
45.7,3.510
45.7,3.510
45.7,3.510
45.7,3.510
45.7,3.510
45.7,3.510
45.7,3.510
45.7,3.510
45.7,3.510
45.7,3.510
45.7,3.510
45.7,3.510
45.7,3.510
45.7,3.510
45.7,3.510
45.7,3.510
45.7,3.510
45.7,3.510
45.7,3.510
45.7,3.510
45.7,3.515
45.7,3.515
45.7,3.515
45.7,3.515
45.7,3.515
45.7,3.515
45.7,3.515
45.7,3.515
45.7,3.515
45.7,3.515
45.7,3.515
45.7,3.515
45.7,3.515
45.7,3.515
45.7,3.515
45.7,3.515
45.7,3.515
45.7,3.515
45.7,3.515
45.7,3.515
45.7,3.515
45.7,3.515
45.7,3.515
45.7,3.515
45.7,3.515
45.7,3.515
45.7,3.515
45.7,3.515
45.7,3.515
45.7,3.515
45.7,3.515
45.7,3.515
45.7,3.515
45.7,3.515
45.7,3.515
45.7,3.515
45.7,3.515
45.7,3.515
45.7,3.515
45.7,3.515
45.7,3.515
45.7,3.515
45.7,3.515
45.7,3.515
45.7,3.515
45.7,3.515
45.7,3.515
45.7,3.515
45.7,3.515
45.7,3.515
45.7,3.515
45.7,3.515
45.7,3.515
45.7,3.515
45.7,3.515
45.7,3.515
45.7,3.515
45.7,3.515
45.7,3.515
45.7,3.515
45.7,3.515
45.7,3.515
45.7,3.515
45.7,3.515
45.7,3.520
45.7,3.520
45.8,3.520
45.8,3.520
45.8,3.520
45.8,3.520
45.8,3.520
45.8,3.520
45.8,3.520
45.8,3.520
45.8,3.520
45.8,3.520
45.8,3.520
45.8,3.520
45.8,3.520
45.8,3.520
45.8,3.520
45.8,3.520
45.7,3.520
45.7,3.520
45.7,3.520
45.7,3.520
45.7,3.520
45.7,3.520
45.7,3.520
45.7,3.520
45.7,3.520
45.7,3.520
45.8,3.520
45.8,3.520
45.8,3.520
45.8,3.520
45.8,3.520
45.8,3.520
45.8,3.520
45.8,3.520
45.8,3.520
45.8,3.520
45.8,3.520
45.8,3.520
45.8,3.520
45.8,3.520
45.8,3.520
45.8,3.520
45.8,3.520
45.8,3.520
45.8,3.520
45.8,3.520
45.8,3.520
45.8,3.520
45.8,3.520
45.8,3.520
45.8,3.520
45.8,3.520
45.8,3.520
45.8,3.520
45.8,3.520
45.8,3.520
45.8,3.520
45.8,3.520
45.8,3.520
45.8,3.525
45.8,3.525
45.8,3.525
45.8,3.525
45.8,3.525
45.8,3.525
45.8,3.525
45.8,3.525
45.8,3.525
45.8,3.525
45.8,3.525
45.8,3.525
45.8,3.525
45.8,3.525
45.8,3.525
45.8,3.525
45.8,3.525
45.8,3.525
45.8,3.525
45.8,3.525
45.8,3.525
45.8,3.525
45.8,3.525
45.8,3.525
45.8,3.525
45.8,3.525
45.8,3.525
45.8,3.525
45.8,3.525
45.8,3.525
45.8,3.525
45.8,3.525
45.8,3.525
45.8,3.525
45.8,3.525
45.8,3.525
45.8,3.525
45.8,3.525
45.8,3.525
45.8,3.525
45.8,3.525
45.8,3.525
45.8,3.525
45.8,3.525
45.8,3.525
45.8,3.525
45.8,3.525
45.8,3.525
45.8,3.525
45.8,3.525
45.8,3.525
45.8,3.525
45.8,3.525
45.8,3.525
45.8,3.525
45.8,3.525
45.8,3.530
45.8,3.530
45.8,3.530
45.8,3.530
45.8,3.530
45.8,3.530
45.8,3.530
45.8,3.530
45.8,3.530
45.8,3.530
45.8,3.530
45.8,3.530
45.8,3.530
45.8,3.530
45.8,3.530
45.8,3.530
45.8,3.530
45.8,3.530
45.8,3.530
45.8,3.530
45.8,3.530
45.8,3.530
45.8,3.530
45.8,3.530
45.8,3.530
45.8,3.530
45.8,3.530
45.8,3.530
45.8,3.530
45.8,3.530
45.8,3.530
45.8,3.530
45.8,3.530
45.8,3.530
45.8,3.530
45.8,3.530
45.8,3.530
45.8,3.530
45.8,3.530
45.8,3.530
45.8,3.530
45.8,3.530
45.8,3.530
45.8,3.530
45.8,3.530
45.8,3.530
45.8,3.530
45.8,3.530
45.8,3.530
45.8,3.530
45.8,3.530
45.8,3.530
45.8,3.530
45.8,3.530
45.8,3.530
45.8,3.530
45.8,3.530
45.8,3.530
45.8,3.530
45.8,3.530
45.8,3.535
45.8,3.535
45.8,3.535
45.8,3.535
45.8,3.535
45.8,3.535
45.8,3.535
45.8,3.535
45.8,3.535
45.8,3.535
45.8,3.535
45.8,3.535
45.8,3.535
45.8,3.535
45.8,3.535
45.8,3.535
45.8,3.535
45.8,3.535
45.8,3.535
45.8,3.535
45.8,3.535
45.8,3.535
45.8,3.535
45.8,3.535
45.8,3.535
45.8,3.535
45.8,3.535
45.8,3.535
45.8,3.535
45.8,3.535
45.8,3.535
45.8,3.535
45.8,3.535
45.8,3.535
45.8,3.535
45.8,3.535
45.8,3.535
45.8,3.535
45.8,3.535
45.8,3.535
45.8,3.535
45.8,3.535
45.8,3.535
45.8,3.535
45.8,3.535
45.8,3.535
45.8,3.535
45.8,3.535
45.8,3.535
45.8,3.535
45.8,3.535
45.8,3.535
45.8,3.535
45.8,3.535
45.8,3.535
45.8,3.535
45.8,3.535
45.8,3.540
45.8,3.540
45.9,3.540
45.9,3.540
45.9,3.540
45.9,3.540
45.9,3.540
45.9,3.540
45.9,3.540
45.9,3.540
45.9,3.540
45.9,3.540
45.9,3.540
45.9,3.540
45.9,3.540
45.9,3.540
45.9,3.540
45.8,3.540
45.8,3.540
45.8,3.540
45.8,3.540
45.8,3.540
45.8,3.540
45.8,3.540
45.8,3.540
45.8,3.540
45.8,3.540
45.8,3.540
45.8,3.540
45.8,3.540
45.8,3.540
45.8,3.540
45.8,3.540
45.8,3.540
45.8,3.540
45.8,3.540
45.8,3.540
45.8,3.540
45.8,3.540
45.8,3.540
45.8,3.540
45.8,3.540
45.8,3.540
45.8,3.540
45.8,3.540
45.9,3.540
45.9,3.540
45.9,3.540
45.9,3.540
45.9,3.540
45.9,3.540
45.9,3.540
45.9,3.540
45.9,3.540
45.9,3.540
45.9,3.540
45.9,3.540
45.9,3.540
45.9,3.540
45.9,3.545
45.9,3.545
45.9,3.545
45.9,3.545
45.9,3.545
45.9,3.545
45.9,3.545
45.9,3.545
45.9,3.545
45.9,3.545
45.9,3.545
45.9,3.545
45.9,3.545
45.9,3.545
45.9,3.545
45.9,3.545
45.9,3.545
45.9,3.545
45.9,3.545
45.9,3.545
45.9,3.545
45.9,3.545
45.9,3.545
45.9,3.545
45.9,3.545
45.8,3.545
45.8,3.545
45.8,3.545
45.8,3.545
45.8,3.545
45.8,3.545
45.8,3.545
45.8,3.545
45.8,3.545
45.8,3.545
45.8,3.545
45.8,3.545
45.8,3.545
45.8,3.545
45.8,3.545
45.8,3.545
45.9,3.545
45.9,3.545
45.9,3.545
45.9,3.545
45.9,3.545
45.9,3.545
45.9,3.545
45.9,3.545
45.9,3.545
45.9,3.545
45.9,3.545
45.9,3.545
45.9,3.545
45.9,3.550
45.9,3.550
45.9,3.550
45.9,3.550
45.9,3.550
45.9,3.550
45.9,3.550
45.9,3.550
45.9,3.550
45.9,3.550
45.9,3.550
45.9,3.550
45.9,3.550
45.9,3.550
45.9,3.550
45.9,3.550
45.9,3.550
45.9,3.550
45.9,3.550
45.9,3.550
45.9,3.550
45.9,3.550
45.9,3.550
45.9,3.550
45.9,3.550
45.9,3.550
45.9,3.550
45.9,3.550
45.9,3.550
45.9,3.550
45.9,3.550
45.9,3.550
45.9,3.550
45.9,3.550
45.9,3.550
45.9,3.550
45.9,3.550
45.9,3.550
45.9,3.550
45.9,3.550
45.9,3.550
45.9,3.550
45.9,3.550
45.9,3.550
45.9,3.550
45.9,3.550
45.9,3.550
45.9,3.550
45.9,3.550
45.9,3.550
45.9,3.550
45.9,3.555
45.9,3.555
45.9,3.555
45.9,3.555
45.9,3.555
45.9,3.555
45.9,3.555
45.9,3.555
45.9,3.555
45.9,3.555
45.9,3.555
45.9,3.555
45.9,3.555
45.9,3.555
45.9,3.555
45.9,3.555
45.9,3.555
45.9,3.555
45.9,3.555
45.9,3.555
45.9,3.555
45.9,3.555
45.9,3.555
45.9,3.555
45.9,3.555
45.9,3.555
45.9,3.555
45.9,3.555
45.9,3.555
46.0,3.555
45.9,3.555
46.0,3.555
45.9,3.555
45.9,3.555
45.9,3.555
45.9,3.555
45.9,3.555
45.9,3.555
45.9,3.555
45.9,3.555
45.9,3.555
45.9,3.555
45.9,3.555
45.9,3.555
45.9,3.555
45.9,3.555
45.9,3.555
45.9,3.555
45.9,3.555
45.9,3.555
45.9,3.555
45.9,3.555
45.9,3.555
45.9,3.555
45.9,3.560
45.9,3.560
45.9,3.560
45.9,3.560
45.9,3.560
45.9,3.560
45.9,3.560
45.9,3.560
45.9,3.560
45.9,3.560
45.9,3.560
45.9,3.560
45.9,3.560
45.9,3.560
45.9,3.560
45.9,3.560
45.9,3.560
45.9,3.560
45.9,3.560
45.9,3.560
45.9,3.560
45.9,3.560
45.9,3.560
45.9,3.560
45.9,3.560
45.9,3.560
45.9,3.560
45.9,3.560
45.9,3.560
46.0,3.560
46.0,3.560
46.0,3.560
46.0,3.560
46.0,3.560
46.0,3.560
46.0,3.560
46.0,3.560
46.0,3.560
46.0,3.560
46.0,3.560
46.0,3.560
46.0,3.560
46.0,3.560
46.0,3.560
46.0,3.560
46.0,3.560
46.0,3.560
46.0,3.560
46.0,3.560
46.0,3.560
46.0,3.560
46.0,3.560
46.0,3.560
46.0,3.565
46.0,3.565
46.0,3.565
46.0,3.565
46.0,3.565
46.0,3.565
46.0,3.565
46.0,3.565
46.0,3.565
46.0,3.565
46.0,3.565
46.0,3.565
46.0,3.565
46.0,3.565
46.0,3.565
46.0,3.565
46.0,3.565
45.9,3.565
46.0,3.565
46.0,3.565
46.0,3.565
46.0,3.565
46.0,3.565
46.0,3.565
46.0,3.565
46.0,3.565
46.0,3.565
46.0,3.565
46.0,3.565
46.0,3.565
45.9,3.565
45.9,3.565
45.9,3.565
45.9,3.565
45.9,3.565
45.9,3.565
45.9,3.565
45.9,3.565
45.9,3.565
45.9,3.565
45.9,3.565
45.9,3.565
45.9,3.565
45.9,3.565
46.0,3.565
46.0,3.565
46.0,3.565
46.0,3.565
46.0,3.565
46.0,3.565
46.0,3.565
46.0,3.565
46.0,3.570
46.0,3.570
46.0,3.570
46.0,3.570
46.0,3.570
46.0,3.570
46.0,3.570
46.0,3.570
46.0,3.570
46.0,3.570
46.0,3.570
46.0,3.570
46.0,3.570
46.0,3.570
46.0,3.570
46.0,3.570
46.0,3.570
46.0,3.570
46.0,3.570
46.0,3.570
46.0,3.570
46.0,3.570
46.0,3.570
46.0,3.570
45.9,3.570
45.9,3.570
45.9,3.570
45.9,3.570
45.9,3.570
45.9,3.570
45.9,3.570
45.9,3.570
45.9,3.570
45.9,3.570
45.9,3.570
45.9,3.570
45.9,3.570
45.9,3.570
45.9,3.570
45.9,3.570
45.9,3.570
45.9,3.570
45.9,3.570
45.9,3.570
45.9,3.570
45.9,3.570
45.9,3.570
45.9,3.570
45.9,3.570
45.9,3.570
45.9,3.570
45.9,3.570
45.9,3.575
45.9,3.575
45.9,3.575
45.9,3.575
45.9,3.575
45.9,3.575
45.9,3.575
45.9,3.575
45.9,3.575
45.9,3.575
45.9,3.575
45.9,3.575
45.9,3.575
45.9,3.575
45.9,3.575
45.9,3.575
45.9,3.575
45.9,3.575
45.9,3.575
45.9,3.575
45.9,3.575
45.9,3.575
45.9,3.575
45.9,3.575
45.9,3.575
45.9,3.575
45.9,3.575
45.9,3.575
45.9,3.575
45.9,3.575
45.9,3.575
45.9,3.575
45.9,3.575
45.9,3.575
45.9,3.575
45.9,3.575
45.9,3.575
45.9,3.575
45.9,3.575
45.9,3.575
45.9,3.575
45.9,3.575
45.9,3.575
45.9,3.575
45.9,3.575
45.9,3.575
45.9,3.575
45.9,3.575
45.9,3.575
45.9,3.575
45.9,3.575
45.9,3.575
45.9,3.575
45.9,3.575
45.9,3.575
45.9,3.575
45.9,3.575
45.9,3.575
45.9,3.575
45.9,3.575
45.9,3.575
45.9,3.575
45.9,3.575
45.9,3.575
45.9,3.575
45.9,3.580
45.9,3.580
45.9,3.580
45.9,3.580
45.9,3.580
45.9,3.580
45.9,3.580
45.9,3.580
45.9,3.580
45.9,3.580
45.9,3.580
45.9,3.580
45.9,3.580
45.9,3.580
45.9,3.580
45.9,3.580
45.9,3.580
45.9,3.580
45.9,3.580
45.9,3.580
45.9,3.580
45.9,3.580
45.9,3.580
45.9,3.580
45.9,3.580
45.9,3.580
45.9,3.580
45.9,3.580
45.9,3.580
45.9,3.580
45.9,3.580
45.9,3.580
45.9,3.580
45.9,3.580
45.9,3.580
45.9,3.580
45.9,3.580
45.9,3.580
45.9,3.580
45.9,3.580
45.9,3.580
45.9,3.580
45.9,3.580
45.9,3.580
45.9,3.580
45.9,3.580
45.9,3.580
45.9,3.580
45.9,3.580
45.9,3.580
45.9,3.580
45.9,3.580
45.9,3.580
45.9,3.580
45.9,3.580
45.9,3.580
45.9,3.580
45.9,3.580
45.9,3.580
45.9,3.580
45.9,3.580
45.9,3.580
45.9,3.580
45.9,3.580
45.9,3.580
45.9,3.580
45.9,3.580
45.9,3.580
45.9,3.580
45.9,3.585
45.9,3.585
45.9,3.585
45.9,3.585
45.9,3.585
45.9,3.585
45.9,3.585
45.9,3.585
45.9,3.585
45.9,3.585
45.9,3.585
45.9,3.585
45.9,3.585
45.9,3.585
45.9,3.585
45.9,3.585
45.9,3.585
45.9,3.585
45.9,3.585
45.9,3.585
45.9,3.585
45.9,3.585
45.9,3.585
45.9,3.585
45.9,3.585
45.9,3.585
45.9,3.585
45.9,3.585
45.9,3.585
45.9,3.585
45.9,3.585
45.9,3.585
45.9,3.585
45.9,3.585
45.9,3.585
45.9,3.585
45.9,3.585
45.9,3.585
45.9,3.585
45.9,3.585
45.9,3.585
46.0,3.585
46.0,3.585
46.0,3.585
46.0,3.585
46.0,3.585
46.0,3.585
46.0,3.585
46.0,3.585
46.0,3.585
46.0,3.585
46.0,3.585
46.0,3.585
46.0,3.585
46.0,3.585
46.0,3.585
46.0,3.585
46.0,3.585
46.0,3.585
46.0,3.585
46.0,3.585
46.0,3.585
46.0,3.585
46.0,3.585
46.0,3.585
46.0,3.585
46.0,3.585
46.0,3.585
46.0,3.590
46.0,3.590
46.0,3.590
46.0,3.590
46.0,3.590
46.0,3.590
46.0,3.590
46.0,3.590
46.0,3.590
46.0,3.590
46.0,3.590
46.0,3.590
46.0,3.590
46.0,3.590
46.0,3.590
46.0,3.590
46.0,3.590
46.0,3.590
46.0,3.590
46.0,3.590
46.0,3.590
46.0,3.590
46.0,3.590
46.0,3.590
46.0,3.590
46.0,3.590
46.0,3.590
46.0,3.590
46.0,3.590
46.0,3.590
46.0,3.590
46.0,3.590
46.0,3.590
46.0,3.590
46.0,3.590
46.0,3.590
46.0,3.590
46.0,3.590
46.0,3.590
46.0,3.590
46.0,3.590
46.0,3.590
46.0,3.590
46.0,3.590
46.0,3.590
46.0,3.590
46.0,3.590
46.0,3.590
46.0,3.590
46.0,3.590
46.0,3.590
46.0,3.590
46.0,3.590
46.0,3.590
46.0,3.590
46.0,3.590
46.0,3.590
46.0,3.590
46.0,3.590
46.0,3.590
46.0,3.590
46.0,3.590
46.0,3.590
46.0,3.590
46.0,3.590
46.0,3.590
46.0,3.590
46.0,3.590
46.0,3.590
46.0,3.590
46.0,3.595
46.0,3.595
46.0,3.595
46.0,3.595
46.0,3.595
46.0,3.595
46.0,3.595
46.0,3.595
46.0,3.595
46.0,3.595
46.0,3.595
46.0,3.595
46.0,3.595
46.0,3.595
46.0,3.595
46.0,3.595
46.0,3.595
46.0,3.595
46.0,3.595
46.0,3.595
46.0,3.595
46.0,3.595
46.0,3.595
46.0,3.595
46.0,3.595
46.0,3.595
46.0,3.595
46.0,3.595
46.0,3.595
46.0,3.595
46.0,3.595
46.0,3.595
46.0,3.595
46.0,3.595
46.0,3.595
46.0,3.595
46.0,3.595
46.0,3.595
46.1,3.595
46.1,3.595
46.1,3.595
46.1,3.595
46.1,3.595
46.1,3.595
46.1,3.595
46.1,3.595
46.1,3.595
46.1,3.595
46.1,3.595
46.1,3.595
46.1,3.595
46.1,3.595
46.1,3.595
46.1,3.595
46.1,3.595
46.1,3.595
46.1,3.595
46.1,3.595
46.1,3.595
46.1,3.595
46.1,3.595
46.1,3.595
46.1,3.595
46.1,3.595
46.1,3.595
46.1,3.595
46.1,3.595
46.1,3.595
46.1,3.595
46.1,3.595
46.1,3.595
46.1,3.595
46.1,3.595
46.1,3.595
46.1,3.595
46.1,3.600
46.1,3.600
46.1,3.600
46.1,3.600
46.1,3.600
46.1,3.600
46.1,3.600
46.1,3.600
46.1,3.600
46.1,3.600
46.1,3.600
46.1,3.600
46.1,3.600
46.1,3.600
46.1,3.600
46.1,3.600
46.1,3.600
46.1,3.600
46.1,3.600
46.1,3.600
46.1,3.600
46.1,3.600
46.1,3.600
46.1,3.600
46.1,3.600
46.1,3.600
46.1,3.600
46.1,3.600
46.1,3.600
46.1,3.600
46.1,3.600
46.1,3.600
46.1,3.600
46.1,3.600
46.1,3.600
46.1,3.600
46.1,3.600
46.1,3.600
46.1,3.600
46.1,3.600
46.1,3.600
46.1,3.600
46.1,3.600
46.1,3.600
46.1,3.600
46.1,3.600
46.1,3.600
46.1,3.600
46.1,3.600
46.1,3.600
46.1,3.600
46.1,3.600
46.1,3.600
46.1,3.600
46.1,3.600
46.1,3.600
46.1,3.600
46.1,3.600
46.1,3.600
46.1,3.600
46.1,3.600
46.1,3.600
46.1,3.600
46.1,3.600
46.1,3.600
46.1,3.600
46.1,3.600
46.1,3.600
46.1,3.600
46.1,3.600
46.1,3.600
46.1,3.600
46.1,3.600
46.1,3.600
46.1,3.600
46.1,3.600
46.1,3.605
46.1,3.605
46.1,3.605
46.1,3.605
46.1,3.605
46.1,3.605
46.1,3.605
46.1,3.605
46.1,3.605
46.1,3.605
46.1,3.605
46.1,3.605
46.1,3.605
46.1,3.605
46.1,3.605
46.1,3.605
46.1,3.605
46.1,3.605
46.1,3.605
46.1,3.605
46.1,3.605
46.1,3.605
46.1,3.605
46.1,3.605
46.1,3.605
46.1,3.605
46.1,3.605
46.1,3.605
46.1,3.605
46.1,3.605
46.1,3.605
46.1,3.605
46.1,3.605
46.1,3.605
46.1,3.605
46.1,3.605
46.1,3.605
46.1,3.605
46.1,3.605
46.1,3.605
46.1,3.605
46.1,3.605
46.1,3.605
46.1,3.605
46.1,3.605
46.1,3.605
46.1,3.605
46.1,3.605
46.1,3.605
46.1,3.605
46.1,3.605
46.1,3.605
46.1,3.605
46.1,3.605
46.1,3.605
46.1,3.605
46.1,3.605
46.1,3.605
46.1,3.605
46.1,3.605
46.1,3.605
46.1,3.605
46.1,3.605
46.1,3.605
46.1,3.605
46.1,3.605
46.1,3.605
46.1,3.605
46.1,3.605
46.1,3.605
46.1,3.605
46.1,3.610
46.1,3.610
46.1,3.610
46.1,3.610
46.1,3.610
46.1,3.610
46.1,3.610
46.1,3.610
46.1,3.610
46.1,3.610
46.1,3.610
46.1,3.610
46.1,3.610
46.1,3.610
46.1,3.610
46.1,3.610
46.1,3.610
46.1,3.610
46.1,3.610
46.1,3.610
46.1,3.610
46.1,3.610
46.1,3.610
46.1,3.610
46.1,3.610
46.1,3.610
46.1,3.610
46.1,3.610
46.1,3.610
46.1,3.610
46.1,3.610
46.1,3.610
46.1,3.610
46.1,3.610
46.1,3.610
46.1,3.610
46.1,3.610
46.1,3.610
46.1,3.610
46.1,3.610
46.1,3.610
46.1,3.610
46.1,3.610
46.1,3.610
46.1,3.610
46.1,3.610
46.1,3.610
46.1,3.610
46.1,3.610
46.1,3.610
46.1,3.610
46.2,3.610
46.2,3.610
46.2,3.610
46.2,3.610
46.2,3.610
46.2,3.610
46.2,3.610
46.2,3.610
46.2,3.610
46.2,3.610
46.2,3.610
46.2,3.610
46.2,3.610
46.2,3.610
46.2,3.610
46.2,3.610
46.2,3.610
46.2,3.610
46.2,3.610
46.2,3.610
46.1,3.610
46.1,3.615
46.1,3.615
46.1,3.615
46.1,3.615
46.1,3.615
46.1,3.615
46.1,3.615
46.1,3.615
46.2,3.615
46.2,3.615
46.2,3.615
46.2,3.615
46.2,3.615
46.2,3.615
46.2,3.615
46.2,3.615
46.2,3.615
46.2,3.615
46.2,3.615
46.2,3.615
46.2,3.615
46.2,3.615
46.2,3.615
46.2,3.615
46.2,3.615
46.2,3.615
46.2,3.615
46.2,3.615
46.2,3.615
46.2,3.615
46.2,3.615
46.2,3.615
46.2,3.615
46.1,3.615
46.1,3.615
46.1,3.615
46.1,3.615
46.1,3.615
46.2,3.615
46.2,3.615
46.2,3.615
46.2,3.615
46.2,3.615
46.2,3.615
46.2,3.615
46.2,3.615
46.2,3.615
46.2,3.615
46.2,3.615
46.2,3.615
46.2,3.615
46.2,3.615
46.2,3.615
46.2,3.615
46.2,3.615
46.2,3.615
46.2,3.615
46.2,3.615
46.2,3.615
46.2,3.615
46.2,3.615
46.2,3.615
46.2,3.615
46.2,3.615
46.2,3.615
46.2,3.615
46.2,3.615
46.2,3.615
46.2,3.615
46.2,3.615
46.2,3.615
46.2,3.620
46.2,3.620
46.2,3.620
46.2,3.620
46.2,3.620
46.2,3.620
46.2,3.620
46.2,3.620
46.2,3.620
46.2,3.620
46.2,3.620
46.2,3.620
46.2,3.620
46.2,3.620
46.2,3.620
46.2,3.620
46.2,3.620
46.2,3.620
46.1,3.620
46.1,3.620
46.1,3.620
46.1,3.620
46.1,3.620
46.1,3.620
46.1,3.620
46.1,3.620
46.1,3.620
46.1,3.620
46.1,3.620
46.1,3.620
46.1,3.620
46.1,3.620
46.1,3.620
46.1,3.620
46.1,3.620
46.1,3.620
46.1,3.620
46.1,3.620
46.1,3.620
46.1,3.620
46.1,3.620
46.1,3.620
46.1,3.620
46.1,3.620
46.1,3.620
46.1,3.620
46.1,3.620
46.1,3.620
46.1,3.620
46.1,3.620
46.1,3.620
46.1,3.620
46.1,3.620
46.1,3.620
46.1,3.620
46.1,3.620
46.1,3.620
46.1,3.620
46.1,3.620
46.1,3.620
46.1,3.620
46.1,3.620
46.1,3.620
46.1,3.620
46.1,3.620
46.1,3.620
46.1,3.620
46.1,3.620
46.1,3.620
46.1,3.620
46.1,3.625
46.1,3.625
46.1,3.625
46.1,3.625
46.1,3.625
46.1,3.625
46.1,3.625
46.1,3.625
46.1,3.625
46.1,3.625
46.1,3.625
46.1,3.625
46.1,3.625
46.1,3.625
46.1,3.625
46.1,3.625
46.1,3.625
46.1,3.625
46.1,3.625
46.1,3.625
46.1,3.625
46.1,3.625
46.1,3.625
46.1,3.625
46.1,3.625
46.1,3.625
46.1,3.625
46.1,3.625
46.1,3.625
46.1,3.625
46.1,3.625
46.1,3.625
46.1,3.625
46.1,3.625
46.1,3.625
46.1,3.625
46.1,3.625
46.1,3.625
46.1,3.625
46.1,3.625
46.1,3.625
46.1,3.625
46.1,3.625
46.1,3.625
46.1,3.625
46.1,3.625
46.1,3.625
46.1,3.625
46.1,3.625
46.1,3.625
46.1,3.625
46.1,3.625
46.1,3.625
46.1,3.625
46.1,3.625
46.1,3.625
46.1,3.625
46.1,3.625
46.1,3.625
46.1,3.625
46.1,3.625
46.1,3.625
46.1,3.625
46.1,3.625
46.1,3.625
46.1,3.625
46.1,3.625
46.1,3.630
46.1,3.630
46.1,3.630
46.1,3.630
46.1,3.630
46.1,3.630
46.1,3.630
46.1,3.630
46.1,3.630
46.1,3.630
46.1,3.630
46.1,3.630
46.1,3.630
46.1,3.630
46.1,3.630
46.1,3.630
46.1,3.630
46.1,3.630
46.1,3.630
46.1,3.630
46.1,3.630
46.1,3.630
46.1,3.630
46.1,3.630
46.1,3.630
46.1,3.630
46.1,3.630
46.1,3.630
46.1,3.630
46.1,3.630
46.1,3.630
46.1,3.630
46.1,3.630
46.1,3.630
46.1,3.630
46.1,3.630
46.1,3.630
46.1,3.630
46.1,3.630
46.1,3.630
46.1,3.630
46.1,3.630
46.1,3.630
46.1,3.630
46.1,3.630
46.1,3.630
46.2,3.630
46.2,3.630
46.2,3.630
46.2,3.630
46.2,3.630
46.2,3.630
46.2,3.630
46.2,3.630
46.2,3.630
46.2,3.630
46.2,3.630
46.2,3.630
46.2,3.630
46.2,3.630
46.2,3.630
46.2,3.630
46.2,3.630
46.2,3.630
46.2,3.630
46.2,3.630
46.2,3.630
46.2,3.635
46.2,3.635
46.2,3.635
46.2,3.635
46.2,3.635
46.2,3.635
46.2,3.635
46.2,3.635
46.2,3.635
46.2,3.635
46.2,3.635
46.2,3.635
46.2,3.635
46.2,3.635
46.2,3.635
46.2,3.635
46.2,3.635
46.2,3.635
46.2,3.635
46.2,3.635
46.2,3.635
46.2,3.635
46.2,3.635
46.2,3.635
46.2,3.635
46.2,3.635
46.2,3.635
46.2,3.635
46.2,3.635
46.2,3.635
46.2,3.635
46.2,3.635
46.2,3.635
46.2,3.635
46.2,3.635
46.2,3.635
46.2,3.635
46.2,3.635
46.2,3.635
46.2,3.635
46.2,3.635
46.2,3.635
46.2,3.635
46.2,3.635
46.2,3.635
46.2,3.635
46.2,3.635
46.2,3.635
46.2,3.635
46.2,3.635
46.2,3.635
46.2,3.635
46.2,3.635
46.2,3.635
46.2,3.635
46.2,3.635
46.2,3.635
46.2,3.635
46.2,3.635
46.2,3.635
46.2,3.635
46.2,3.635
46.2,3.635
46.2,3.635
46.2,3.635
46.2,3.635
46.2,3.635
46.2,3.635
46.2,3.635
46.2,3.635
46.2,3.635
46.2,3.635
46.2,3.635
46.2,3.635
46.2,3.635
46.2,3.635
46.2,3.640
46.2,3.640
46.2,3.640
46.2,3.640
46.2,3.640
46.2,3.640
46.2,3.640
46.2,3.640
46.2,3.640
46.2,3.640
46.2,3.640
46.2,3.640
46.2,3.640
46.2,3.640
46.2,3.640
46.2,3.640
46.2,3.640
46.2,3.640
46.2,3.640
46.2,3.640
46.2,3.640
46.2,3.640
46.2,3.640
46.2,3.640
46.2,3.640
46.2,3.640
46.2,3.640
46.2,3.640
46.2,3.640
46.2,3.640
46.2,3.640
46.2,3.640
46.2,3.640
46.2,3.640
46.2,3.640
46.2,3.640
46.2,3.640
46.2,3.640
46.2,3.640
46.2,3.640
46.2,3.640
46.2,3.640
46.2,3.640
46.2,3.640
46.2,3.640
46.2,3.640
46.2,3.640
46.2,3.640
46.2,3.640
46.2,3.640
46.2,3.640
46.2,3.640
46.2,3.640
46.2,3.640
46.2,3.640
46.2,3.640
46.2,3.640
46.2,3.640
46.2,3.640
46.2,3.640
46.2,3.640
46.2,3.640
46.2,3.640
46.2,3.640
46.2,3.640
46.2,3.640
46.2,3.640
46.2,3.640
46.2,3.640
46.2,3.640
46.2,3.640
46.2,3.640
46.2,3.640
46.2,3.640
46.2,3.640
46.2,3.645
46.2,3.645
46.2,3.645
46.2,3.645
46.2,3.645
46.2,3.645
46.2,3.645
46.2,3.645
46.2,3.645
46.2,3.645
46.2,3.645
46.2,3.645
46.2,3.645
46.2,3.645
46.2,3.645
46.2,3.645
46.2,3.645
46.2,3.645
46.2,3.645
46.2,3.645
46.2,3.645
46.2,3.645
46.2,3.645
46.2,3.645
46.2,3.645
46.2,3.645
46.2,3.645
46.2,3.645
46.2,3.645
46.2,3.645
46.2,3.645
46.2,3.645
46.2,3.645
46.2,3.645
46.2,3.645
46.2,3.645
46.2,3.645
46.2,3.645
46.2,3.645
46.2,3.645
46.2,3.645
46.2,3.645
46.2,3.645
46.2,3.645
46.2,3.645
46.2,3.645
46.2,3.645
46.2,3.645
46.2,3.645
46.2,3.645
46.2,3.645
46.2,3.645
46.2,3.645
46.2,3.645
46.2,3.645
46.2,3.645
46.2,3.645
46.2,3.645
46.2,3.645
46.2,3.645
46.2,3.645
46.2,3.645
46.2,3.645
46.2,3.645
46.2,3.645
46.2,3.645
46.2,3.645
46.2,3.645
46.2,3.645
46.2,3.645
46.2,3.645
46.2,3.645
46.2,3.650
46.2,3.650
46.2,3.650
46.2,3.650
46.2,3.650
46.2,3.650
46.2,3.650
46.2,3.650
46.2,3.650
46.2,3.650
46.2,3.650
46.2,3.650
46.2,3.650
46.2,3.650
46.2,3.650
46.2,3.650
46.2,3.650
46.2,3.650
46.2,3.650
46.2,3.650
46.2,3.650
46.2,3.650
46.2,3.650
46.2,3.650
46.2,3.650
46.2,3.650
46.2,3.650
46.2,3.650
46.2,3.650
46.2,3.650
46.2,3.650
46.2,3.650
46.2,3.650
46.2,3.650
46.2,3.650
46.2,3.650
46.2,3.650
46.2,3.650
46.2,3.650
46.2,3.650
46.2,3.650
46.2,3.650
46.2,3.650
46.2,3.650
46.2,3.650
46.2,3.650
46.2,3.650
46.2,3.650
46.2,3.650
46.2,3.650
46.2,3.650
46.2,3.650
46.2,3.650
46.2,3.650
46.2,3.650
46.2,3.650
46.2,3.650
46.2,3.650
46.2,3.650
46.2,3.650
46.2,3.650
46.2,3.650
46.2,3.650
46.2,3.650
46.2,3.650
46.2,3.650
46.2,3.650
46.2,3.655
46.2,3.655
46.2,3.655
46.2,3.655
46.2,3.655
46.2,3.655
46.2,3.655
46.2,3.655
46.2,3.655
46.2,3.655
46.2,3.655
46.2,3.655
46.2,3.655
46.2,3.655
46.2,3.655
46.2,3.655
46.2,3.655
46.2,3.655
46.2,3.655
46.2,3.655
46.2,3.655
46.2,3.655
46.2,3.655
46.2,3.655
46.2,3.655
46.2,3.655
46.2,3.655
46.2,3.655
46.2,3.655
46.2,3.655
46.2,3.655
46.2,3.655
46.2,3.655
46.2,3.655
46.2,3.655
46.2,3.655
46.2,3.655
46.2,3.655
46.2,3.655
46.2,3.655
46.2,3.655
46.2,3.655
46.2,3.655
46.2,3.655
46.2,3.655
46.2,3.655
46.2,3.655
46.2,3.655
46.2,3.655
46.2,3.655
46.2,3.655
46.2,3.655
46.2,3.655
46.2,3.655
46.2,3.655
46.2,3.655
46.2,3.655
46.2,3.655
46.2,3.655
46.2,3.655
46.2,3.655
46.2,3.655
46.2,3.655
46.2,3.655
46.2,3.655
46.2,3.655
46.2,3.655
46.2,3.655
46.2,3.655
46.2,3.655
46.2,3.655
46.2,3.655
46.2,3.655
46.2,3.660
46.2,3.660
46.2,3.660
46.2,3.660
46.2,3.660
46.2,3.660
46.2,3.660
46.2,3.660
46.2,3.660
46.2,3.660
46.2,3.660
46.2,3.660
46.2,3.660
46.2,3.660
46.2,3.660
46.2,3.660
46.2,3.660
46.2,3.660
46.2,3.660
46.2,3.660
46.2,3.660
46.2,3.660
46.2,3.660
46.2,3.660
46.2,3.660
46.2,3.660
46.2,3.660
46.2,3.660
46.2,3.660
46.2,3.660
46.2,3.660
46.2,3.660
46.2,3.660
46.2,3.660
46.2,3.660
46.2,3.660
46.2,3.660
46.2,3.660
46.2,3.660
46.2,3.660
46.2,3.660
46.2,3.660
46.2,3.660
46.2,3.660
46.2,3.660
46.2,3.660
46.2,3.660
46.2,3.660
46.2,3.660
46.2,3.660
46.2,3.660
46.2,3.660
46.2,3.660
46.2,3.660
46.2,3.660
46.2,3.660
46.2,3.660
46.2,3.660
46.2,3.660
46.2,3.660
46.2,3.660
46.2,3.660
46.2,3.660
46.2,3.660
46.2,3.660
46.2,3.660
46.2,3.660
46.2,3.660
46.2,3.660
46.2,3.660
46.2,3.660
46.2,3.660
46.2,3.660
46.2,3.660
46.2,3.660
46.2,3.660
46.2,3.660
46.2,3.665
46.2,3.665
46.2,3.665
46.2,3.665
46.2,3.665
46.2,3.665
46.2,3.665
46.2,3.665
46.2,3.665
46.2,3.665
46.2,3.665
46.2,3.665
46.2,3.665
46.2,3.665
46.2,3.665
46.2,3.665
46.2,3.665
46.2,3.665
46.2,3.665
46.2,3.665
46.2,3.665
46.2,3.665
46.2,3.665
46.2,3.665
46.2,3.665
46.2,3.665
46.2,3.665
46.2,3.665
46.2,3.665
46.2,3.665
46.2,3.665
46.2,3.665
46.2,3.665
46.2,3.665
46.2,3.665
46.2,3.665
46.2,3.665
46.2,3.665
46.2,3.665
46.2,3.665
46.2,3.665
46.2,3.665
46.2,3.665
46.2,3.665
46.2,3.665
46.2,3.665
46.2,3.665
46.2,3.665
46.2,3.665
46.2,3.665
46.2,3.665
46.2,3.665
46.2,3.665
46.2,3.665
46.2,3.665
46.2,3.665
46.2,3.665
46.2,3.665
46.2,3.665
46.2,3.665
46.2,3.665
46.2,3.665
46.2,3.665
46.2,3.665
46.2,3.665
46.2,3.665
46.2,3.665
46.2,3.665
46.2,3.665
46.2,3.665
46.2,3.665
46.2,3.665
46.2,3.665
46.2,3.665
46.2,3.665
46.2,3.665
46.2,3.670
46.3,3.670
46.3,3.670
46.3,3.670
46.3,3.670
46.3,3.670
46.3,3.670
46.3,3.670
46.3,3.670
46.3,3.670
46.3,3.670
46.3,3.670
46.2,3.670
46.2,3.670
46.2,3.670
46.2,3.670
46.2,3.670
46.2,3.670
46.2,3.670
46.2,3.670
46.3,3.670
46.3,3.670
46.3,3.670
46.3,3.670
46.3,3.670
46.3,3.670
46.3,3.670
46.3,3.670
46.3,3.670
46.3,3.670
46.3,3.670
46.3,3.670
46.3,3.670
46.3,3.670
46.3,3.670
46.3,3.670
46.3,3.670
46.3,3.670
46.3,3.670
46.3,3.670
46.3,3.670
46.3,3.670
46.3,3.670
46.3,3.670
46.3,3.670
46.3,3.670
46.3,3.670
46.3,3.670
46.3,3.670
46.3,3.670
46.3,3.670
46.3,3.670
46.3,3.670
46.3,3.670
46.3,3.670
46.3,3.670
46.3,3.670
46.3,3.670
46.3,3.670
46.3,3.670
46.3,3.670
46.3,3.670
46.3,3.670
46.3,3.670
46.3,3.670
46.3,3.670
46.3,3.670
46.3,3.670
46.3,3.670
46.3,3.670
46.3,3.670
46.3,3.670
46.3,3.670
46.3,3.675
46.3,3.675
46.3,3.675
46.3,3.675
46.3,3.675
46.2,3.675
46.2,3.675
46.2,3.675
46.2,3.675
46.3,3.675
46.3,3.675
46.3,3.675
46.3,3.675
46.3,3.675
46.3,3.675
46.3,3.675
46.3,3.675
46.3,3.675
46.3,3.675
46.3,3.675
46.3,3.675
46.3,3.675
46.3,3.675
46.3,3.675
46.3,3.675
46.3,3.675
46.3,3.675
46.3,3.675
46.3,3.675
46.3,3.675
46.3,3.675
46.3,3.675
46.3,3.675
46.3,3.675
46.3,3.675
46.3,3.675
46.3,3.675
46.3,3.675
46.3,3.675
46.3,3.675
46.3,3.675
46.3,3.675
46.3,3.675
46.3,3.675
46.3,3.675
46.3,3.675
46.3,3.675
46.3,3.675
46.3,3.675
46.3,3.675
46.3,3.675
46.3,3.675
46.3,3.675
46.3,3.675
46.3,3.675
46.3,3.675
46.3,3.675
46.3,3.675
46.3,3.675
46.3,3.675
46.3,3.675
46.3,3.675
46.3,3.675
46.3,3.675
46.3,3.675
46.3,3.675
46.3,3.675
46.3,3.675
46.3,3.675
46.3,3.675
46.3,3.675
46.3,3.680
46.3,3.680
46.3,3.680
46.3,3.680
46.3,3.680
46.3,3.680
46.3,3.680
46.3,3.680
46.3,3.680
46.3,3.680
46.3,3.680
46.3,3.680
46.3,3.680
46.3,3.680
46.3,3.680
46.3,3.680
46.3,3.680
46.3,3.680
46.3,3.680
46.3,3.680
46.3,3.680
46.3,3.680
46.3,3.680
46.3,3.680
46.3,3.680
46.3,3.680
46.3,3.680
46.3,3.680
46.3,3.680
46.3,3.680
46.3,3.680
46.3,3.680
46.3,3.680
46.3,3.680
46.3,3.680
46.3,3.680
46.3,3.680
46.3,3.680
46.3,3.680
46.3,3.680
46.3,3.680
46.3,3.680
46.3,3.680
46.3,3.680
46.3,3.680
46.3,3.680
46.3,3.680
46.3,3.680
46.3,3.680
46.3,3.680
46.3,3.680
46.4,3.680
46.4,3.680
46.4,3.680
46.4,3.680
46.4,3.680
46.4,3.680
46.4,3.680
46.4,3.680
46.4,3.680
46.4,3.680
46.4,3.680
46.4,3.680
46.4,3.680
46.4,3.680
46.4,3.680
46.4,3.680
46.3,3.680
46.3,3.680
46.3,3.680
46.3,3.685
46.3,3.685
46.3,3.685
46.3,3.685
46.3,3.685
46.3,3.685
46.3,3.685
46.3,3.685
46.3,3.685
46.3,3.685
46.3,3.685
46.3,3.685
46.3,3.685
46.3,3.685
46.3,3.685
46.3,3.685
46.3,3.685
46.3,3.685
46.3,3.685
46.3,3.685
46.3,3.685
46.3,3.685
46.3,3.685
46.3,3.685
46.3,3.685
46.3,3.685
46.3,3.685
46.3,3.685
46.3,3.685
46.3,3.685
46.4,3.685
46.4,3.685
46.4,3.685
46.4,3.685
46.4,3.685
46.4,3.685
46.4,3.685
46.4,3.685
46.4,3.685
46.4,3.685
46.3,3.685
46.3,3.685
46.3,3.685
46.3,3.685
46.3,3.685
46.3,3.685
46.3,3.685
46.3,3.685
46.3,3.685
46.4,3.685
46.4,3.685
46.4,3.685
46.4,3.685
46.4,3.685
46.4,3.685
46.4,3.685
46.4,3.685
46.4,3.685
46.4,3.685
46.4,3.685
46.4,3.685
46.4,3.685
46.4,3.685
46.4,3.685
46.4,3.685
46.4,3.690
46.4,3.690
46.4,3.690
46.4,3.690
46.4,3.690
46.4,3.690
46.4,3.690
46.4,3.690
46.4,3.690
46.4,3.690
46.4,3.690
46.4,3.690
46.4,3.690
46.4,3.690
46.4,3.690
46.4,3.690
46.4,3.690
46.4,3.690
46.4,3.690
46.4,3.690
46.4,3.690
46.4,3.690
46.4,3.690
46.4,3.690
46.4,3.690
46.4,3.690
46.4,3.690
46.4,3.690
46.4,3.690
46.4,3.690
46.4,3.690
46.4,3.690
46.4,3.690
46.4,3.690
46.4,3.690
46.4,3.690
46.4,3.690
46.4,3.690
46.4,3.690
46.4,3.690
46.4,3.690
46.4,3.690
46.4,3.690
46.4,3.690
46.4,3.690
46.4,3.690
46.4,3.690
46.4,3.690
46.4,3.690
46.4,3.690
46.4,3.690
46.4,3.690
46.4,3.690
46.4,3.690
46.4,3.690
46.4,3.690
46.4,3.690
46.4,3.690
46.4,3.690
46.4,3.690
46.4,3.690
46.4,3.690
46.4,3.690
46.4,3.690
46.4,3.690
46.4,3.690
46.4,3.695
46.4,3.695
46.4,3.695
46.4,3.695
46.4,3.695
46.4,3.695
46.4,3.695
46.4,3.695
46.4,3.695
46.4,3.695
46.4,3.695
46.4,3.695
46.4,3.695
46.4,3.695
46.4,3.695
46.4,3.695
46.4,3.695
46.4,3.695
46.4,3.695
46.4,3.695
46.4,3.695
46.4,3.695
46.4,3.695
46.4,3.695
46.4,3.695
46.4,3.695
46.4,3.695
46.4,3.695
46.4,3.695
46.4,3.695
46.3,3.695
46.3,3.695
46.3,3.695
46.3,3.695
46.3,3.695
46.3,3.695
46.4,3.695
46.4,3.695
46.4,3.695
46.4,3.695
46.4,3.695
46.3,3.695
46.3,3.695
46.3,3.695
46.3,3.695
46.3,3.695
46.3,3.695
46.3,3.695
46.3,3.695
46.3,3.695
46.3,3.695
46.3,3.695
46.3,3.695
46.3,3.695
46.3,3.695
46.3,3.695
46.3,3.695
46.3,3.695
46.3,3.695
46.3,3.695
46.3,3.695
46.3,3.695
46.3,3.695
46.3,3.695
46.3,3.695
46.3,3.700
46.3,3.700
46.3,3.700
46.3,3.700
46.3,3.700
46.3,3.700
46.3,3.700
46.3,3.700
46.3,3.700
46.3,3.700
46.3,3.700
46.3,3.700
46.3,3.700
46.3,3.700
46.3,3.700
46.3,3.700
46.3,3.700
46.3,3.700
46.3,3.700
46.3,3.700
46.3,3.700
46.3,3.700
46.3,3.700
46.3,3.700
46.3,3.700
46.3,3.700
46.3,3.700
46.3,3.700
46.3,3.700
46.3,3.700
46.3,3.700
46.3,3.700
46.3,3.700
46.3,3.700
46.3,3.700
46.3,3.700
46.3,3.700
46.3,3.700
46.3,3.700
46.3,3.700
46.3,3.700
46.3,3.700
46.3,3.700
46.3,3.700
46.3,3.700
46.3,3.700
46.3,3.700
46.3,3.700
46.3,3.700
46.3,3.700
46.3,3.700
46.3,3.700
46.3,3.700
46.3,3.700
46.3,3.700
46.3,3.700
46.3,3.700
46.3,3.700
46.3,3.700
46.3,3.700
46.3,3.700
46.3,3.700
46.3,3.700
46.3,3.700
46.3,3.700
46.3,3.700
46.3,3.700
46.3,3.700
46.3,3.705
46.3,3.705
46.3,3.705
46.3,3.705
46.3,3.705
46.3,3.705
46.3,3.705
46.3,3.705
46.3,3.705
46.3,3.705
46.3,3.705
46.3,3.705
46.3,3.705
46.3,3.705
46.3,3.705
46.3,3.705
46.3,3.705
46.3,3.705
46.3,3.705
46.3,3.705
46.3,3.705
46.3,3.705
46.3,3.705
46.3,3.705
46.3,3.705
46.3,3.705
46.3,3.705
46.3,3.705
46.3,3.705
46.3,3.705
46.3,3.705
46.3,3.705
46.3,3.705
46.3,3.705
46.3,3.705
46.3,3.705
46.3,3.705
46.3,3.705
46.3,3.705
46.3,3.705
46.3,3.705
46.3,3.705
46.3,3.705
46.3,3.705
46.3,3.705
46.3,3.705
46.3,3.705
46.3,3.705
46.3,3.705
46.3,3.705
46.3,3.705
46.3,3.705
46.3,3.705
46.3,3.705
46.3,3.705
46.3,3.705
46.3,3.705
46.3,3.705
46.3,3.705
46.3,3.705
46.3,3.705
46.3,3.705
46.3,3.705
46.3,3.705
46.3,3.710
46.3,3.710
46.3,3.710
46.3,3.710
46.3,3.710
46.3,3.710
46.3,3.710
46.3,3.710
46.3,3.710
46.3,3.710
46.3,3.710
46.3,3.710
46.3,3.710
46.3,3.710
46.3,3.710
46.3,3.710
46.3,3.710
46.3,3.710
46.3,3.710
46.3,3.710
46.3,3.710
46.3,3.710
46.3,3.710
46.3,3.710
46.3,3.710
46.3,3.710
46.3,3.710
46.3,3.710
46.3,3.710
46.3,3.710
46.3,3.710
46.3,3.710
46.3,3.710
46.3,3.710
46.3,3.710
46.3,3.710
46.3,3.710
46.3,3.710
46.3,3.710
46.3,3.710
46.3,3.710
46.3,3.710
46.3,3.710
46.3,3.710
46.3,3.710
46.3,3.710
46.3,3.710
46.3,3.710
46.3,3.710
46.3,3.710
46.3,3.710
46.3,3.710
46.3,3.710
46.3,3.710
46.3,3.710
46.3,3.710
46.3,3.710
46.3,3.710
46.3,3.710
46.3,3.710
46.3,3.710
46.3,3.710
46.3,3.715
46.3,3.715
46.3,3.715
46.3,3.715
46.3,3.715
46.3,3.715
46.3,3.715
46.3,3.715
46.3,3.715
46.3,3.715
46.3,3.715
46.3,3.715
46.3,3.715
46.3,3.715
46.3,3.715
46.3,3.715
46.3,3.715
46.3,3.715
46.3,3.715
46.3,3.715
46.3,3.715
46.3,3.715
46.3,3.715
46.3,3.715
46.3,3.715
46.3,3.715
46.3,3.715
46.3,3.715
46.3,3.715
46.3,3.715
46.3,3.715
46.3,3.715
46.3,3.715
46.3,3.715
46.3,3.715
46.3,3.715
46.3,3.715
46.3,3.715
46.3,3.715
46.3,3.715
46.3,3.715
46.3,3.715
46.3,3.715
46.3,3.715
46.3,3.715
46.3,3.715
46.3,3.715
46.3,3.715
46.3,3.715
46.3,3.715
46.3,3.715
46.3,3.715
46.3,3.715
46.3,3.715
46.3,3.715
46.3,3.715
46.3,3.715
46.3,3.715
46.3,3.715
46.3,3.715
46.3,3.715
46.3,3.715
46.3,3.715
46.3,3.715
46.3,3.715
46.3,3.715
46.3,3.715
46.3,3.715
46.3,3.720
46.3,3.720
46.3,3.720
46.3,3.720
46.3,3.720
46.3,3.720
46.3,3.720
46.3,3.720
46.3,3.720
46.3,3.720
46.3,3.720
46.3,3.720
46.3,3.720
46.3,3.720
46.3,3.720
46.3,3.720
46.3,3.720
46.3,3.720
46.3,3.720
46.3,3.720
46.3,3.720
46.3,3.720
46.3,3.720
46.3,3.720
46.3,3.720
46.3,3.720
46.3,3.720
46.3,3.720
46.3,3.720
46.3,3.720
46.3,3.720
46.3,3.720
46.3,3.720
46.3,3.720
46.3,3.720
46.3,3.720
46.3,3.720
46.3,3.720
46.3,3.720
46.3,3.720
46.3,3.720
46.3,3.720
46.3,3.720
46.3,3.720
46.3,3.720
46.3,3.720
46.3,3.720
46.3,3.720
46.3,3.720
46.3,3.720
46.3,3.720
46.3,3.720
46.3,3.720
46.3,3.720
46.3,3.720
46.3,3.720
46.3,3.720
46.3,3.720
46.3,3.720
46.3,3.720
46.3,3.720
46.3,3.720
46.3,3.720
46.3,3.720
46.3,3.720
46.3,3.720
46.3,3.720
46.3,3.720
46.3,3.720
46.3,3.720
46.3,3.725
46.3,3.725
46.3,3.725
46.3,3.725
46.3,3.725
46.3,3.725
46.3,3.725
46.3,3.725
46.3,3.725
46.3,3.725
46.3,3.725
46.3,3.725
46.3,3.725
46.3,3.725
46.3,3.725
46.3,3.725
46.3,3.725
46.3,3.725
46.3,3.725
46.3,3.725
46.3,3.725
46.3,3.725
46.3,3.725
46.3,3.725
46.3,3.725
46.3,3.725
46.3,3.725
46.3,3.725
46.3,3.725
46.3,3.725
46.3,3.725
46.3,3.725
46.3,3.725
46.3,3.725
46.3,3.725
46.3,3.725
46.3,3.725
46.3,3.725
46.3,3.725
46.3,3.725
46.3,3.725
46.3,3.725
46.3,3.725
46.3,3.725
46.3,3.725
46.3,3.725
46.3,3.725
46.3,3.725
46.3,3.725
46.3,3.725
46.3,3.725
46.3,3.725
46.3,3.725
46.3,3.725
46.3,3.725
46.3,3.725
46.3,3.725
46.3,3.725
46.3,3.725
46.3,3.725
46.3,3.725
46.3,3.725
46.3,3.725
46.3,3.725
46.3,3.730
46.3,3.730
46.3,3.730
46.3,3.730
46.3,3.730
46.3,3.730
46.3,3.730
46.3,3.730
46.3,3.730
46.3,3.730
46.3,3.730
46.3,3.730
46.3,3.730
46.3,3.730
46.3,3.730
46.3,3.730
46.3,3.730
46.3,3.730
46.3,3.730
46.3,3.730
46.3,3.730
46.3,3.730
46.3,3.730
46.3,3.730
46.3,3.730
46.3,3.730
46.3,3.730
46.3,3.730
46.3,3.730
46.3,3.730
46.3,3.730
46.3,3.730
46.3,3.730
46.3,3.730
46.3,3.730
46.3,3.730
46.3,3.730
46.3,3.730
46.3,3.730
46.3,3.730
46.3,3.730
46.3,3.730
46.3,3.730
46.3,3.730
46.3,3.730
46.3,3.730
46.3,3.730
46.3,3.730
46.3,3.730
46.4,3.730
46.4,3.730
46.4,3.730
46.4,3.730
46.4,3.730
46.4,3.730
46.4,3.730
46.4,3.730
46.4,3.735
46.4,3.735
46.4,3.735
46.4,3.735
46.4,3.735
46.4,3.735
46.4,3.735
46.4,3.735
46.4,3.735
46.4,3.735
46.4,3.735
46.4,3.735
46.4,3.735
46.4,3.735
46.4,3.735
46.4,3.735
46.4,3.735
46.4,3.735
46.4,3.735
46.4,3.735
46.4,3.735
46.4,3.735
46.4,3.735
46.4,3.735
46.4,3.735
46.4,3.735
46.4,3.735
46.4,3.735
46.4,3.735
46.4,3.735
46.4,3.735
46.4,3.735
46.4,3.735
46.4,3.735
46.4,3.735
46.4,3.735
46.4,3.735
46.4,3.735
46.4,3.735
46.4,3.735
46.4,3.735
46.4,3.735
46.4,3.735
46.4,3.735
46.4,3.735
46.4,3.735
46.4,3.735
46.4,3.735
46.4,3.735
46.4,3.735
46.4,3.735
46.4,3.735
46.4,3.735
46.4,3.735
46.4,3.735
46.4,3.735
46.4,3.735
46.4,3.735
46.4,3.735
46.4,3.735
46.4,3.735
46.4,3.735
46.4,3.735
46.4,3.735
46.4,3.735
46.4,3.735
46.4,3.735
46.4,3.735
46.4,3.735
46.4,3.735
46.4,3.740
46.4,3.740
46.4,3.740
46.4,3.740
46.4,3.740
46.4,3.740
46.4,3.740
46.4,3.740
46.4,3.740
46.4,3.740
46.4,3.740
46.4,3.740
46.4,3.740
46.4,3.740
46.4,3.740
46.4,3.740
46.4,3.740
46.4,3.740
46.4,3.740
46.4,3.740
46.4,3.740
46.4,3.740
46.4,3.740
46.4,3.740
46.4,3.740
46.4,3.740
46.4,3.740
46.4,3.740
46.4,3.740
46.4,3.740
46.4,3.740
46.4,3.740
46.4,3.740
46.4,3.740
46.4,3.740
46.4,3.740
46.4,3.740
46.4,3.740
46.4,3.740
46.4,3.740
46.4,3.740
46.4,3.740
46.4,3.740
46.4,3.740
46.4,3.740
46.4,3.740
46.4,3.740
46.4,3.740
46.4,3.740
46.4,3.740
46.4,3.740
46.4,3.740
46.4,3.740
46.4,3.740
46.4,3.740
46.4,3.740
46.4,3.740
46.4,3.740
46.4,3.740
46.4,3.740
46.4,3.740
46.4,3.740
46.4,3.740
46.4,3.740
46.4,3.740
46.4,3.740
46.4,3.740
46.4,3.740
46.4,3.740
46.4,3.740
46.4,3.745
46.4,3.745
46.4,3.745
46.4,3.745
46.4,3.745
46.4,3.745
46.4,3.745
46.4,3.745
46.4,3.745
46.4,3.745
46.4,3.745
46.4,3.745
46.4,3.745
46.4,3.745
46.4,3.745
46.4,3.745
46.4,3.745
46.4,3.745
46.4,3.745
46.4,3.745
46.4,3.745
46.4,3.745
46.4,3.745
46.4,3.745
46.4,3.745
46.4,3.745
46.4,3.745
46.4,3.745
46.4,3.745
46.4,3.745
46.4,3.745
46.4,3.745
46.4,3.745
46.4,3.745
46.4,3.745
46.4,3.745
46.4,3.745
46.4,3.745
46.4,3.745
46.4,3.745
46.4,3.745
46.4,3.745
46.4,3.745
46.4,3.745
46.4,3.745
46.4,3.745
46.4,3.745
46.4,3.745
46.4,3.745
46.4,3.745
46.4,3.745
46.4,3.745
46.4,3.745
46.4,3.745
46.4,3.745
46.4,3.745
46.4,3.745
46.4,3.745
46.4,3.745
46.4,3.745
46.4,3.745
46.4,3.745
46.4,3.745
46.4,3.750
46.4,3.750
46.4,3.750
46.4,3.750
46.4,3.750
46.4,3.750
46.4,3.750
46.4,3.750
46.4,3.750
46.4,3.750
46.4,3.750
46.4,3.750
46.4,3.750
46.4,3.750
46.4,3.750
46.4,3.750
46.5,3.750
46.5,3.750
46.5,3.750
46.5,3.750
46.5,3.750
46.5,3.750
46.5,3.750
46.5,3.750
46.5,3.750
46.5,3.750
46.5,3.750
46.5,3.750
46.5,3.750
46.4,3.750
46.4,3.750
46.4,3.750
46.4,3.750
46.4,3.750
46.4,3.750
46.4,3.750
46.4,3.750
46.4,3.750
46.5,3.750
46.5,3.750
46.5,3.750
46.5,3.750
46.5,3.750
46.5,3.750
46.5,3.750
46.5,3.750
46.5,3.750
46.5,3.750
46.5,3.750
46.5,3.750
46.5,3.750
46.5,3.750
46.5,3.750
46.5,3.750
46.5,3.750
46.5,3.750
46.5,3.750
46.5,3.750
46.5,3.750
46.5,3.750
46.5,3.750
46.5,3.750
46.5,3.750
46.5,3.750
46.5,3.750
46.5,3.750
46.5,3.755
46.5,3.755
46.5,3.755
46.5,3.755
46.5,3.755
46.5,3.755
46.5,3.755
46.5,3.755
46.5,3.755
46.5,3.755
46.5,3.755
46.5,3.755
46.5,3.755
46.5,3.755
46.5,3.755
46.5,3.755
46.5,3.755
46.5,3.755
46.5,3.755
46.5,3.755
46.5,3.755
46.5,3.755
46.5,3.755
46.5,3.755
46.5,3.755
46.5,3.755
46.5,3.755
46.5,3.755
46.5,3.755
46.5,3.755
46.5,3.755
46.5,3.755
46.5,3.755
46.5,3.755
46.5,3.755
46.5,3.755
46.5,3.755
46.5,3.755
46.5,3.755
46.5,3.755
46.5,3.755
46.5,3.755
46.5,3.755
46.5,3.755
46.5,3.755
46.5,3.755
46.5,3.755
46.5,3.755
46.5,3.755
46.5,3.755
46.5,3.755
46.5,3.755
46.5,3.755
46.5,3.755
46.5,3.755
46.5,3.755
46.5,3.755
46.5,3.755
46.5,3.755
46.5,3.755
46.5,3.755
46.5,3.755
46.5,3.755
46.5,3.755
46.5,3.755
46.5,3.755
46.5,3.755
46.5,3.760
46.5,3.760
46.5,3.760
46.5,3.760
46.5,3.760
46.5,3.760
46.5,3.760
46.5,3.760
46.5,3.760
46.5,3.760
46.5,3.760
46.5,3.760
46.5,3.760
46.5,3.760
46.5,3.760
46.5,3.760
46.5,3.760
46.5,3.760
46.5,3.760
46.5,3.760
46.5,3.760
46.5,3.760
46.5,3.760
46.5,3.760
46.5,3.760
46.5,3.760
46.5,3.760
46.5,3.760
46.5,3.760
46.5,3.760
46.5,3.760
46.5,3.760
46.5,3.760
46.5,3.760
46.5,3.760
46.5,3.760
46.5,3.760
46.5,3.760
46.5,3.760
46.5,3.760
46.5,3.760
46.5,3.760
46.5,3.760
46.5,3.760
46.5,3.760
46.5,3.760
46.5,3.760
46.5,3.760
46.5,3.760
46.5,3.760
46.5,3.760
46.5,3.760
46.5,3.760
46.6,3.760
46.6,3.760
46.6,3.760
46.6,3.760
46.6,3.760
46.6,3.760
46.6,3.760
46.6,3.760
46.6,3.760
46.6,3.760
46.6,3.760
46.6,3.760
46.6,3.760
46.6,3.765
46.6,3.765
46.6,3.765
46.6,3.765
46.6,3.765
46.6,3.765
46.6,3.765
46.6,3.765
46.6,3.765
46.6,3.765
46.6,3.765
46.6,3.765
46.6,3.765
46.6,3.765
46.6,3.765
46.6,3.765
46.6,3.765
46.6,3.765
46.6,3.765
46.6,3.765
46.6,3.765
46.6,3.765
46.6,3.765
46.6,3.765
46.6,3.765
46.6,3.765
46.6,3.765
46.6,3.765
46.6,3.765
46.6,3.765
46.6,3.765
46.6,3.765
46.6,3.765
46.6,3.765
46.6,3.765
46.6,3.765
46.6,3.765
46.6,3.765
46.6,3.765
46.6,3.765
46.6,3.765
46.6,3.765
46.6,3.765
46.6,3.765
46.6,3.765
46.6,3.765
46.6,3.765
46.6,3.765
46.6,3.765
46.6,3.765
46.6,3.765
46.6,3.765
46.6,3.765
46.6,3.765
46.6,3.765
46.6,3.765
46.6,3.765
46.6,3.765
46.6,3.765
46.6,3.770
46.6,3.770
46.6,3.770
46.6,3.770
46.6,3.770
46.6,3.770
46.6,3.770
46.6,3.770
46.6,3.770
46.6,3.770
46.6,3.770
46.6,3.770
46.6,3.770
46.6,3.770
46.6,3.770
46.6,3.770
46.6,3.770
46.6,3.770
46.6,3.770
46.6,3.770
46.6,3.770
46.6,3.770
46.6,3.770
46.6,3.770
46.6,3.770
46.6,3.770
46.6,3.770
46.6,3.770
46.6,3.770
46.6,3.770
46.6,3.770
46.6,3.770
46.6,3.770
46.6,3.770
46.6,3.770
46.6,3.770
46.6,3.770
46.6,3.770
46.6,3.770
46.6,3.770
46.6,3.770
46.6,3.770
46.6,3.770
46.6,3.770
46.6,3.770
46.6,3.770
46.6,3.770
46.6,3.770
46.6,3.770
46.6,3.770
46.6,3.770
46.6,3.770
46.6,3.770
46.6,3.770
46.6,3.770
46.6,3.770
46.6,3.770
46.6,3.770
46.6,3.770
46.6,3.770
46.6,3.770
46.6,3.775
46.6,3.775
46.6,3.775
46.6,3.775
46.6,3.775
46.6,3.775
46.6,3.775
46.6,3.775
46.6,3.775
46.6,3.775
46.6,3.775
46.6,3.775
46.6,3.775
46.6,3.775
46.6,3.775
46.6,3.775
46.6,3.775
46.6,3.775
46.6,3.775
46.6,3.775
46.6,3.775
46.6,3.775
46.6,3.775
46.6,3.775
46.6,3.775
46.6,3.775
46.6,3.775
46.6,3.775
46.6,3.775
46.6,3.775
46.6,3.775
46.6,3.775
46.6,3.775
46.6,3.775
46.6,3.775
46.6,3.775
46.6,3.775
46.7,3.775
46.7,3.775
46.7,3.775
46.7,3.775
46.7,3.775
46.7,3.775
46.7,3.775
46.7,3.775
46.7,3.775
46.7,3.775
46.7,3.775
46.7,3.775
46.7,3.775
46.7,3.775
46.7,3.775
46.7,3.775
46.7,3.775
46.7,3.775
46.7,3.775
46.7,3.775
46.7,3.780
46.7,3.780
46.7,3.780
46.7,3.780
46.7,3.780
46.7,3.780
46.7,3.780
46.7,3.780
46.7,3.780
46.7,3.780
46.7,3.780
46.7,3.780
46.7,3.780
46.7,3.780
46.7,3.780
46.7,3.780
46.7,3.780
46.7,3.780
46.7,3.780
46.7,3.780
46.7,3.780
46.7,3.780
46.7,3.780
46.7,3.780
46.7,3.780
46.7,3.780
46.7,3.780
46.7,3.780
46.7,3.780
46.7,3.780
46.7,3.780
46.7,3.780
46.7,3.780
46.7,3.780
46.7,3.780
46.7,3.780
46.7,3.780
46.7,3.780
46.7,3.780
46.7,3.780
46.7,3.780
46.7,3.780
46.7,3.780
46.7,3.780
46.7,3.780
46.7,3.780
46.7,3.780
46.7,3.780
46.7,3.780
46.7,3.780
46.7,3.780
46.7,3.780
46.7,3.780
46.7,3.780
46.7,3.780
46.7,3.780
46.7,3.785
46.7,3.785
46.7,3.785
46.7,3.785
46.7,3.785
46.7,3.785
46.7,3.785
46.7,3.785
46.7,3.785
46.7,3.785
46.7,3.785
46.7,3.785
46.7,3.785
46.7,3.785
46.7,3.785
46.7,3.785
46.7,3.785
46.7,3.785
46.7,3.785
46.7,3.785
46.7,3.785
46.7,3.785
46.7,3.785
46.7,3.785
46.7,3.785
46.7,3.785
46.7,3.785
46.7,3.785
46.7,3.785
46.6,3.785
46.6,3.785
46.6,3.785
46.6,3.785
46.6,3.785
46.6,3.785
46.6,3.785
46.6,3.785
46.6,3.785
46.6,3.785
46.6,3.785
46.6,3.785
46.6,3.785
46.6,3.785
46.6,3.785
46.6,3.785
46.6,3.785
46.6,3.785
46.6,3.785
46.6,3.785
46.6,3.785
46.6,3.785
46.6,3.785
46.6,3.785
46.6,3.790
46.6,3.790
46.6,3.790
46.6,3.790
46.6,3.790
46.6,3.790
46.6,3.790
46.6,3.790
46.6,3.790
46.6,3.790
46.6,3.790
46.6,3.790
46.6,3.790
46.6,3.790
46.6,3.790
46.6,3.790
46.6,3.790
46.6,3.790
46.6,3.790
46.6,3.790
46.6,3.790
46.6,3.790
46.6,3.790
46.6,3.790
46.6,3.790
46.6,3.790
46.6,3.790
46.6,3.790
46.6,3.790
46.6,3.790
46.6,3.790
46.6,3.790
46.6,3.790
46.6,3.790
46.6,3.790
46.6,3.790
46.6,3.790
46.6,3.790
46.6,3.790
46.6,3.790
46.6,3.790
46.6,3.790
46.6,3.790
46.6,3.790
46.6,3.790
46.6,3.790
46.6,3.790
46.6,3.790
46.6,3.790
46.6,3.790
46.6,3.790
46.6,3.795
46.6,3.795
46.6,3.795
46.6,3.795
46.6,3.795
46.6,3.795
46.6,3.795
46.6,3.795
46.6,3.795
46.6,3.795
46.6,3.795
46.6,3.795
46.6,3.795
46.6,3.795
46.6,3.795
46.6,3.795
46.6,3.795
46.6,3.795
46.6,3.795
46.6,3.795
46.6,3.795
46.6,3.795
46.6,3.795
46.6,3.795
46.7,3.795
46.7,3.795
46.7,3.795
46.7,3.795
46.7,3.795
46.7,3.795
46.7,3.795
46.7,3.795
46.7,3.795
46.7,3.795
46.7,3.795
46.7,3.795
46.7,3.795
46.7,3.795
46.7,3.795
46.7,3.795
46.7,3.795
46.7,3.795
46.7,3.795
46.7,3.795
46.7,3.795
46.7,3.795
46.7,3.795
46.7,3.795
46.7,3.795
46.7,3.795
46.7,3.795
46.7,3.795
46.7,3.795
46.7,3.795
46.7,3.795
46.7,3.795
46.7,3.795
46.7,3.800
46.7,3.800
46.7,3.800
46.7,3.800
46.7,3.800
46.7,3.800
46.7,3.800
46.7,3.800
46.7,3.800
46.7,3.800
46.7,3.800
46.7,3.800
46.7,3.800
46.7,3.800
46.7,3.800
46.7,3.800
46.7,3.800
46.7,3.800
46.7,3.800
46.7,3.800
46.7,3.800
46.7,3.800
46.7,3.800
46.7,3.800
46.7,3.800
46.7,3.800
46.7,3.800
46.7,3.800
46.7,3.800
46.7,3.800
46.7,3.800
46.7,3.800
46.7,3.800
46.7,3.800
46.7,3.800
46.7,3.800
46.7,3.800
46.7,3.800
46.7,3.800
46.7,3.800
46.7,3.800
46.7,3.800
46.7,3.800
46.7,3.800
46.7,3.800
46.7,3.800
46.7,3.800
46.7,3.800
46.7,3.800
46.7,3.800
46.7,3.800
46.7,3.800
46.7,3.800
46.7,3.800
46.7,3.800
46.7,3.800
46.7,3.800
46.7,3.800
46.7,3.805
46.7,3.805
46.7,3.805
46.7,3.805
46.7,3.805
46.7,3.805
46.7,3.805
46.7,3.805
46.7,3.805
46.8,3.805
46.8,3.805
46.8,3.805
46.8,3.805
46.8,3.805
46.8,3.805
46.8,3.805
46.8,3.805
46.8,3.805
46.8,3.805
46.8,3.805
46.7,3.805
46.7,3.805
46.7,3.805
46.7,3.805
46.7,3.805
46.7,3.805
46.7,3.805
46.7,3.805
46.7,3.805
46.7,3.805
46.7,3.805
46.7,3.805
46.7,3.805
46.7,3.805
46.7,3.805
46.7,3.805
46.7,3.805
46.7,3.805
46.7,3.805
46.7,3.805
46.7,3.805
46.7,3.805
46.7,3.805
46.7,3.805
46.7,3.805
46.7,3.805
46.7,3.805
46.7,3.805
46.7,3.805
46.7,3.805
46.7,3.805
46.7,3.805
46.7,3.805
46.7,3.805
46.7,3.805
46.7,3.805
46.7,3.805
46.7,3.810
46.7,3.810
46.7,3.810
46.7,3.810
46.7,3.810
46.7,3.810
46.7,3.810
46.7,3.810
46.7,3.810
46.7,3.810
46.7,3.810
46.7,3.810
46.7,3.810
46.7,3.810
46.7,3.810
46.7,3.810
46.7,3.810
46.7,3.810
46.7,3.810
46.7,3.810
46.7,3.810
46.7,3.810
46.7,3.810
46.7,3.810
46.7,3.810
46.7,3.810
46.7,3.810
46.7,3.810
46.7,3.810
46.7,3.810
46.7,3.810
46.7,3.810
46.7,3.810
46.7,3.810
46.7,3.810
46.7,3.810
46.7,3.810
46.8,3.810
46.8,3.810
46.8,3.810
46.8,3.810
46.8,3.810
46.8,3.810
46.8,3.810
46.8,3.810
46.8,3.810
46.8,3.810
46.7,3.810
46.7,3.810
46.7,3.810
46.7,3.810
46.7,3.810
46.7,3.810
46.7,3.815
46.7,3.815
46.7,3.815
46.7,3.815
46.7,3.815
46.7,3.815
46.7,3.815
46.7,3.815
46.7,3.815
46.7,3.815
46.7,3.815
46.7,3.815
46.7,3.815
46.7,3.815
46.7,3.815
46.7,3.815
46.7,3.815
46.7,3.815
46.7,3.815
46.7,3.815
46.7,3.815
46.7,3.815
46.7,3.815
46.7,3.815
46.7,3.815
46.7,3.815
46.7,3.815
46.7,3.815
46.7,3.815
46.7,3.815
46.7,3.815
46.7,3.815
46.7,3.815
46.7,3.815
46.7,3.815
46.7,3.815
46.8,3.815
46.8,3.815
46.8,3.815
46.8,3.815
46.8,3.815
46.8,3.815
46.8,3.815
46.8,3.815
46.8,3.815
46.8,3.815
46.8,3.815
46.8,3.815
46.8,3.815
46.8,3.815
46.8,3.815
46.8,3.815
46.8,3.815
46.8,3.815
46.8,3.815
46.8,3.820
46.8,3.820
46.8,3.820
46.8,3.820
46.8,3.820
46.8,3.820
46.8,3.820
46.8,3.820
46.8,3.820
46.8,3.820
46.8,3.820
46.8,3.820
46.8,3.820
46.8,3.820
46.8,3.820
46.8,3.820
46.8,3.820
46.8,3.820
46.8,3.820
46.8,3.820
46.8,3.820
46.8,3.820
46.8,3.820
46.8,3.820
46.8,3.820
46.8,3.820
46.8,3.820
46.8,3.820
46.8,3.820
46.8,3.820
46.8,3.820
46.8,3.820
46.8,3.820
46.8,3.820
46.8,3.820
46.8,3.820
46.8,3.820
46.8,3.820
46.8,3.820
46.8,3.820
46.8,3.820
46.8,3.820
46.8,3.820
46.8,3.820
46.8,3.820
46.8,3.820
46.8,3.820
46.8,3.825
46.8,3.825
46.8,3.825
46.8,3.825
46.8,3.825
46.8,3.825
46.8,3.825
46.8,3.825
46.8,3.825
46.8,3.825
46.8,3.825
46.8,3.825
46.8,3.825
46.8,3.825
46.8,3.825
46.8,3.825
46.8,3.825
46.8,3.825
46.8,3.825
46.8,3.825
46.8,3.825
46.8,3.825
46.8,3.825
46.8,3.825
46.8,3.825
46.8,3.825
46.8,3.825
46.8,3.825
46.8,3.825
46.8,3.825
46.8,3.825
46.8,3.825
46.8,3.825
46.8,3.825
46.8,3.825
46.8,3.825
46.8,3.825
46.8,3.825
46.8,3.825
46.8,3.825
46.8,3.825
46.8,3.825
46.8,3.830
46.8,3.830
46.8,3.830
46.8,3.830
46.8,3.830
46.8,3.830
46.8,3.830
46.8,3.830
46.8,3.830
46.8,3.830
46.8,3.830
46.8,3.830
46.9,3.830
46.9,3.830
47.0,3.830
47.1,3.830
47.1,3.830
47.2,3.830
47.3,3.830
47.4,3.830
47.5,3.830
47.5,3.830
47.6,3.830
47.7,3.830
47.7,3.830
47.8,3.830
47.9,3.830
48.0,3.830
48.0,3.830
48.1,3.830
48.2,3.830
48.3,3.830
48.4,3.830
48.4,3.830
48.5,3.830
48.6,3.830
48.7,3.830
48.8,3.830
48.9,3.830
49.0,3.830
49.0,3.830
49.1,3.830
49.2,3.830
49.3,3.830
49.4,3.835
49.5,3.835
49.6,3.835
49.6,3.835
49.7,3.835
49.8,3.835
49.9,3.835
50.0,3.835
50.1,3.835
50.2,3.835
50.2,3.835
50.3,3.835
50.4,3.835
50.5,3.835
50.6,3.835
50.6,3.835
50.7,3.835
50.8,3.835
50.8,3.835
50.9,3.835
51.0,3.835
51.1,3.835
51.2,3.835
51.3,3.835
51.4,3.835
51.5,3.835
51.5,3.835
51.6,3.835
51.7,3.835
51.8,3.835
51.9,3.835
52.0,3.835
52.0,3.835
52.1,3.835
52.2,3.835
52.3,3.835
52.4,3.835
52.5,3.835
52.5,3.835
52.6,3.835
52.7,3.835
52.8,3.835
52.8,3.835
52.9,3.835
53.0,3.835
53.1,3.835
53.2,3.835
53.2,3.835
53.3,3.835
53.4,3.835
53.5,3.835
53.6,3.835
53.7,3.835
53.7,3.835
53.8,3.835
53.9,3.840
54.0,3.840
54.1,3.840
54.2,3.840
54.2,3.840
54.3,3.840
54.4,3.840
54.5,3.840
54.6,3.840
54.7,3.840
54.8,3.840
54.8,3.840
54.9,3.840
55.0,3.840
55.0,3.840
55.1,3.840
55.2,3.840
55.3,3.840
55.4,3.840
55.4,3.840
55.5,3.840
55.6,3.840
55.7,3.840
55.8,3.840
55.9,3.840
55.9,3.840
56.0,3.840
56.1,3.840
56.2,3.840
56.3,3.840
56.3,3.840
56.4,3.840
56.5,3.840
56.6,3.840
56.7,3.840
56.7,3.840
56.8,3.840
56.9,3.840
57.0,3.840
57.1,3.840
57.2,3.840
57.2,3.840
57.3,3.840
57.4,3.840
57.5,3.840
57.5,3.840
57.6,3.840
57.7,3.840
57.8,3.840
57.8,3.840
57.9,3.840
58.0,3.840
58.1,3.840
58.2,3.840
58.2,3.840
58.3,3.840
58.4,3.840
58.4,3.840
58.5,3.840
58.6,3.845
58.7,3.845
58.8,3.845
58.9,3.845
59.0,3.845
59.1,3.845
59.2,3.845
59.3,3.845
59.3,3.845
59.4,3.845
59.5,3.845
59.6,3.845
59.7,3.845
59.8,3.845
59.9,3.845
59.9,3.845
60.0,3.845
60.1,3.845
60.1,3.845
60.2,3.845
60.3,3.845
60.4,3.845
60.5,3.845
60.6,3.845
60.7,3.845
60.8,3.845
60.8,3.845
60.9,3.845
61.0,3.845
61.1,3.845
61.2,3.845
61.2,3.845
61.3,3.845
61.4,3.845
61.5,3.845
61.6,3.845
61.7,3.845
61.8,3.845
61.8,3.845
61.9,3.845
62.0,3.845
62.1,3.845
62.2,3.845
62.3,3.845
62.3,3.845
62.4,3.845
62.5,3.845
62.6,3.845
62.7,3.845
62.8,3.845
62.9,3.845
62.9,3.845
63.0,3.845
63.1,3.845
63.2,3.845
63.3,3.850
63.4,3.850
63.4,3.850
63.5,3.850
63.6,3.850
63.7,3.850
63.8,3.850
63.9,3.850
64.0,3.850
64.1,3.850
64.2,3.850
64.3,3.850
64.4,3.850
64.4,3.850
64.5,3.850
64.6,3.850
64.7,3.850
64.8,3.850
64.9,3.850
65.0,3.850
65.1,3.850
65.2,3.850
65.2,3.850
65.3,3.850
65.4,3.850
65.5,3.850
65.6,3.850
65.7,3.850
65.7,3.850
65.8,3.850
65.9,3.850
66.0,3.850
66.1,3.850
66.2,3.850
66.3,3.850
66.4,3.850
66.5,3.850
66.6,3.850
66.7,3.850
66.7,3.850
66.8,3.850
66.9,3.850
67.0,3.850
67.1,3.850
67.2,3.850
67.3,3.850
67.4,3.850
67.5,3.850
67.5,3.850
67.6,3.850
67.7,3.850
67.8,3.850
67.9,3.850
68.0,3.850
68.1,3.850
68.2,3.850
68.3,3.855
68.4,3.855
68.5,3.855
68.6,3.855
68.7,3.855
68.8,3.855
68.9,3.855
69.0,3.855
69.1,3.855
69.1,3.855
69.2,3.855
69.3,3.855
69.4,3.855
69.5,3.855
69.6,3.855
69.6,3.855
69.7,3.855
69.8,3.855
69.9,3.855
70.0,3.855
70.1,3.855
70.2,3.855
70.3,3.855
70.4,3.855
70.5,3.855
70.6,3.855
70.7,3.855
70.8,3.855
70.9,3.855
71.0,3.855
71.0,3.855
71.1,3.855
71.2,3.855
71.3,3.855
71.4,3.855
71.5,3.855
71.6,3.855
71.7,3.855
71.8,3.855
71.9,3.855
72.0,3.855
72.1,3.855
72.2,3.855
72.3,3.855
72.4,3.855
72.5,3.855
72.5,3.855
72.6,3.855
72.7,3.855
72.8,3.855
72.9,3.855
73.0,3.855
73.1,3.855
73.2,3.855
73.3,3.855
73.3,3.855
73.4,3.860
73.5,3.860
73.6,3.860
73.7,3.860
73.8,3.860
73.9,3.860
74.0,3.860
74.1,3.860
74.1,3.860
74.2,3.860
74.3,3.860
74.4,3.860
74.5,3.860
74.6,3.860
74.7,3.860
74.8,3.860
74.9,3.860
74.9,3.860
75.0,3.860
75.1,3.860
75.2,3.860
75.3,3.860
75.4,3.860
75.5,3.860
75.6,3.860
75.7,3.860
75.8,3.860
75.9,3.860
76.0,3.860
76.0,3.860
76.1,3.860
76.2,3.860
76.3,3.860
76.4,3.860
76.4,3.860
76.5,3.860
76.6,3.860
76.7,3.860
76.8,3.860
76.9,3.860
77.0,3.860
77.1,3.860
77.2,3.860
77.2,3.860
77.3,3.860
77.4,3.860
77.5,3.860
77.5,3.860
77.6,3.860
77.7,3.860
77.8,3.860
77.9,3.860
78.0,3.860
78.1,3.860
78.2,3.860
78.3,3.860
78.3,3.860
78.4,3.860
78.5,3.860
78.6,3.865
78.7,3.865
78.8,3.865
78.9,3.865
79.0,3.865
79.1,3.865
79.2,3.865
79.2,3.865
79.3,3.865
79.4,3.865
79.4,3.865
79.5,3.865
79.6,3.865
79.7,3.865
79.8,3.865
79.9,3.865
80.0,3.865
80.1,3.865
80.2,3.865
80.2,3.865
80.3,3.865
80.4,3.865
80.5,3.865
80.5,3.865
80.6,3.865
80.7,3.865
80.8,3.865
80.9,3.865
81.0,3.865
81.1,3.865
81.2,3.865
81.3,3.865
81.4,3.865
81.5,3.865
81.6,3.865
81.6,3.865
81.7,3.865
81.8,3.865
81.9,3.865
82.0,3.865
82.1,3.865
82.1,3.865
82.2,3.865
82.3,3.865
82.4,3.865
82.5,3.865
82.6,3.865
82.6,3.865
82.7,3.865
82.8,3.865
82.8,3.865
82.9,3.865
83.0,3.865
83.1,3.865
83.2,3.865
83.3,3.865
83.4,3.865
83.5,3.865
83.5,3.865
83.6,3.870
83.7,3.870
83.8,3.870
83.9,3.870
84.0,3.870
84.0,3.870
84.1,3.870
84.2,3.870
84.3,3.870
84.4,3.870
84.5,3.870
84.5,3.870
84.6,3.870
84.7,3.870
84.8,3.870
84.9,3.870
85.0,3.870
85.1,3.870
85.1,3.870
85.2,3.870
85.3,3.870
85.4,3.870
85.4,3.870
85.5,3.870
85.6,3.870
85.7,3.870
85.8,3.870
85.9,3.870
85.9,3.870
86.0,3.870
86.1,3.870
86.2,3.870
86.3,3.870
86.3,3.870
86.4,3.870
86.5,3.870
86.6,3.870
86.6,3.870
86.7,3.870
86.8,3.870
86.8,3.870
86.9,3.870
87.0,3.870
87.1,3.870
87.2,3.870
87.2,3.870
87.3,3.870
87.4,3.870
87.5,3.870
87.6,3.870
87.6,3.870
87.7,3.870
87.8,3.870
87.8,3.870
87.9,3.870
88.0,3.870
88.1,3.870
88.1,3.870
88.2,3.870
88.3,3.870
88.4,3.870
88.5,3.870
88.5,3.870
88.6,3.875
88.7,3.875
88.7,3.875
88.8,3.875
88.8,3.875
88.9,3.875
89.0,3.875
89.0,3.875
89.1,3.875
89.2,3.875
89.2,3.875
89.3,3.875
89.4,3.875
89.5,3.875
89.6,3.875
89.6,3.875
89.7,3.875
89.8,3.875
89.9,3.875
89.9,3.875
89.9,3.875
90.0,3.875
90.1,3.875
90.1,3.875
90.2,3.875
90.3,3.875
90.3,3.875
90.4,3.875
90.5,3.875
90.6,3.875
90.7,3.875
90.7,3.875
90.8,3.875
90.9,3.875
90.9,3.875
91.0,3.875
91.0,3.875
91.1,3.875
91.2,3.875
91.3,3.875
91.3,3.875
91.4,3.875
91.4,3.875
91.5,3.875
91.6,3.875
91.6,3.875
91.7,3.875
91.8,3.875
91.8,3.875
91.9,3.875
91.9,3.875
92.0,3.875
92.1,3.875
92.1,3.875
92.2,3.875
92.3,3.875
92.4,3.875
92.4,3.875
92.5,3.875
92.6,3.875
92.6,3.875
92.7,3.875
92.7,3.875
92.8,3.875
92.9,3.875
92.9,3.875
93.0,3.875
93.0,3.875
93.1,3.875
93.1,3.875
93.2,3.875
93.3,3.875
93.3,3.875
93.4,3.875
93.5,3.875
93.5,3.875
93.6,3.875
93.7,3.875
93.7,3.880
93.8,3.880
93.9,3.880
93.9,3.880
94.0,3.880
94.0,3.880
94.1,3.880
94.2,3.880
94.2,3.880
94.3,3.880
94.4,3.880
94.4,3.880
94.5,3.880
94.5,3.880
94.6,3.880
94.6,3.880
94.7,3.880
94.8,3.880
94.8,3.880
94.9,3.880
94.9,3.880
94.9,3.880
95.0,3.880
95.1,3.880
95.1,3.880
95.2,3.880
95.3,3.880
95.3,3.880
95.4,3.880
95.5,3.880
95.5,3.880
95.6,3.880
95.7,3.880
95.7,3.880
95.8,3.880
95.8,3.880
95.9,3.880
95.9,3.880
96.0,3.880
96.1,3.880
96.1,3.880
96.1,3.880
96.2,3.880
96.3,3.880
96.3,3.880
96.4,3.880
96.4,3.880
96.5,3.880
96.5,3.880
96.6,3.880
96.7,3.880
96.7,3.880
96.7,3.880
96.8,3.880
96.9,3.880
96.9,3.880
96.9,3.880
97.0,3.880
97.1,3.880
97.1,3.880
97.2,3.880
97.2,3.880
97.3,3.880
97.4,3.880
97.4,3.880
97.5,3.880
97.5,3.880
97.6,3.880
97.6,3.880
97.6,3.880
97.7,3.880
97.7,3.880
97.8,3.880
97.8,3.880
97.9,3.880
97.9,3.880
98.0,3.880
98.1,3.880
98.1,3.880
98.2,3.880
98.2,3.880
98.3,3.880
98.3,3.880
98.3,3.880
98.4,3.880
98.5,3.880
98.5,3.880
98.6,3.880
98.6,3.880
98.7,3.880
98.8,3.880
98.8,3.880
98.8,3.885
98.9,3.885
98.9,3.885
99.0,3.885
99.0,3.885
99.1,3.885
99.1,3.885
99.2,3.885
99.3,3.885
99.3,3.885
99.4,3.885
99.4,3.885
99.5,3.885
99.5,3.885
99.6,3.885
99.6,3.885
99.7,3.885
99.7,3.885
99.8,3.885
99.8,3.885
99.9,3.885
99.9,3.885
99.9,3.885
99.9,3.885
100.0,3.885
100.0,3.885
100.1,3.885
100.1,3.885
100.2,3.885
100.2,3.885
100.3,3.885
100.3,3.885
100.4,3.885
100.5,3.885
100.5,3.885
100.6,3.885
100.6,3.885
100.6,3.885
100.7,3.885
100.7,3.885
100.8,3.885
100.8,3.885
100.8,3.885
100.9,3.885
100.9,3.885
100.9,3.885
101.0,3.885
101.1,3.885
101.1,3.885
101.2,3.885
101.3,3.885
101.3,3.885
101.4,3.885
101.4,3.885
101.5,3.885
101.5,3.885
101.6,3.885
101.6,3.885
101.6,3.885
101.6,3.885
101.7,3.885
101.7,3.885
101.8,3.885
101.9,3.885
101.9,3.885
102.0,3.885
102.0,3.885
102.1,3.885
102.1,3.885
102.1,3.885
102.2,3.885
102.2,3.885
102.3,3.885
102.3,3.885
102.3,3.885
102.4,3.885
102.4,3.885
102.5,3.885
102.5,3.885
102.5,3.885
102.6,3.885
102.7,3.885
102.7,3.885
102.8,3.885
102.9,3.885
102.9,3.885
102.9,3.885
103.0,3.885
103.1,3.885
103.1,3.885
103.1,3.885
103.2,3.885
103.2,3.885
103.2,3.885
103.3,3.885
103.3,3.885
103.4,3.885
103.4,3.885
103.5,3.885
103.5,3.885
103.5,3.885
103.6,3.885
103.6,3.885
103.7,3.885
103.7,3.885
103.7,3.890
103.8,3.890
103.9,3.890
103.9,3.890
104.0,3.890
104.0,3.890
104.1,3.890
104.1,3.890
104.1,3.890
104.2,3.890
104.2,3.890
104.3,3.890
104.3,3.890
104.4,3.890
104.4,3.890
104.5,3.890
104.5,3.890
104.6,3.890
104.6,3.890
104.7,3.890
104.7,3.890
104.8,3.890
104.8,3.890
104.9,3.890
104.9,3.890
105.0,3.890
105.0,3.890
105.0,3.890
105.0,3.890
105.1,3.890
105.1,3.890
105.2,3.890
105.2,3.890
105.3,3.890
105.3,3.890
105.4,3.890
105.4,3.890
105.5,3.890
105.5,3.890
105.5,3.890
105.5,3.890
105.6,3.890
105.6,3.890
105.7,3.890
105.7,3.890
105.8,3.890
105.9,3.890
105.9,3.890
105.9,3.890
106.0,3.890
106.0,3.890
106.1,3.890
106.1,3.890
106.1,3.890
106.2,3.890
106.2,3.890
106.3,3.890
106.3,3.890
106.3,3.890
106.4,3.890
106.4,3.890
106.5,3.890
106.5,3.890
106.5,3.890
106.6,3.890
106.6,3.890
106.7,3.890
106.7,3.890
106.8,3.890
106.8,3.890
106.9,3.890
106.9,3.890
107.0,3.890
107.0,3.890
107.0,3.890
107.0,3.890
107.1,3.890
107.1,3.890
107.2,3.890
107.2,3.890
107.2,3.890
107.2,3.890
107.3,3.890
107.4,3.890
107.4,3.890
107.4,3.890
107.5,3.890
107.6,3.890
107.6,3.890
107.6,3.890
107.7,3.890
107.7,3.890
107.8,3.890
107.8,3.890
107.9,3.890
107.9,3.890
108.0,3.890
108.0,3.890
108.0,3.890
108.0,3.890
108.1,3.890
108.1,3.890
108.2,3.890
108.2,3.890
108.3,3.890
108.3,3.890
108.4,3.890
108.4,3.895
108.4,3.895
108.5,3.895
108.5,3.895
108.6,3.895
108.6,3.895
108.7,3.895
108.7,3.895
108.8,3.895
108.8,3.895
108.8,3.895
108.8,3.895
108.9,3.895
108.9,3.895
109.0,3.895
109.0,3.895
109.1,3.895
109.1,3.895
109.1,3.895
109.2,3.895
109.3,3.895
109.3,3.895
109.3,3.895
109.4,3.895
109.4,3.895
109.5,3.895
109.5,3.895
109.5,3.895
109.5,3.895
109.6,3.895
109.6,3.895
109.6,3.895
109.7,3.895
109.8,3.895
109.8,3.895
109.9,3.895
109.9,3.895
109.9,3.895
110.0,3.895
110.0,3.895
110.0,3.895
110.0,3.895
110.1,3.895
110.1,3.895
110.2,3.895
110.2,3.895
110.3,3.895
110.3,3.895
110.4,3.895
110.4,3.895
110.5,3.895
110.5,3.895
110.6,3.895
110.6,3.895
110.6,3.895
110.7,3.895
110.7,3.895
110.7,3.895
110.8,3.895
110.8,3.895
110.8,3.895
110.9,3.895
110.9,3.895
111.0,3.895
111.0,3.895
111.0,3.895
111.1,3.895
111.1,3.895
111.1,3.895
111.2,3.895
111.2,3.895
111.2,3.895
111.3,3.895
111.3,3.895
111.4,3.895
111.4,3.895
111.5,3.895
111.5,3.895
111.6,3.895
111.6,3.895
111.6,3.895
111.7,3.895
111.8,3.895
111.8,3.895
111.8,3.895
111.8,3.895
111.9,3.895
111.9,3.895
112.0,3.895
112.0,3.895
112.0,3.895
112.1,3.895
112.1,3.895
112.2,3.895
112.2,3.895
112.3,3.895
112.3,3.895
112.4,3.895
112.4,3.895
112.5,3.895
112.5,3.895
112.5,3.895
112.5,3.895
112.6,3.895
112.6,3.895
112.7,3.895
112.7,3.895
112.8,3.895
112.8,3.895
112.8,3.895
112.8,3.895
112.9,3.895
113.0,3.895
113.0,3.895
113.0,3.895
113.1,3.895
113.1,3.895
113.2,3.895
113.2,3.895
113.2,3.895
113.3,3.895
113.3,3.895
113.3,3.895
113.4,3.895
113.4,3.895
113.5,3.895
113.5,3.895
113.5,3.900
113.6,3.900
113.7,3.900
113.7,3.900
113.7,3.900
113.7,3.900
113.8,3.900
113.8,3.900
113.8,3.900
113.9,3.900
113.9,3.900
114.0,3.900
114.1,3.900
114.1,3.900
114.2,3.900
114.2,3.900
114.3,3.900
114.3,3.900
114.4,3.900
114.4,3.900
114.4,3.900
114.5,3.900
114.5,3.900
114.5,3.900
114.6,3.900
114.6,3.900
114.7,3.900
114.7,3.900
114.7,3.900
114.8,3.900
114.8,3.900
114.8,3.900
114.9,3.900
114.9,3.900
115.0,3.900
115.0,3.900
115.0,3.900
115.1,3.900
115.1,3.900
115.1,3.900
115.2,3.900
115.2,3.900
115.3,3.900
115.4,3.900
115.4,3.900
115.5,3.900
115.5,3.900
115.6,3.900
115.6,3.900
115.7,3.900
115.7,3.900
115.8,3.900
115.8,3.900
115.8,3.900
115.8,3.900
115.9,3.900
115.9,3.900
116.0,3.900
116.0,3.900
116.0,3.900
116.1,3.900
116.1,3.900
116.2,3.900
116.2,3.900
116.3,3.900
116.3,3.900
116.3,3.900
116.4,3.900
116.4,3.900
116.5,3.900
116.5,3.900
116.6,3.900
116.7,3.900
116.7,3.900
116.7,3.900
116.8,3.900
116.8,3.900
116.8,3.900
116.8,3.900
116.9,3.900
116.9,3.900
117.0,3.900
117.0,3.900
117.0,3.900
117.1,3.900
117.1,3.900
117.2,3.900
117.2,3.900
117.3,3.900
117.3,3.900
117.3,3.900
117.4,3.900
117.4,3.900
117.5,3.900
117.5,3.900
117.6,3.900
117.6,3.900
117.6,3.900
117.6,3.900
117.7,3.900
117.7,3.900
117.7,3.900
117.7,3.900
117.8,3.900
117.9,3.900
117.9,3.900
117.9,3.900
118.0,3.900
118.1,3.900
118.1,3.900
118.1,3.900
118.2,3.900
118.2,3.900
118.3,3.900
118.3,3.900
118.4,3.900
118.4,3.900
118.4,3.900
118.4,3.900
118.5,3.900
118.5,3.900
118.6,3.905
118.6,3.905
118.6,3.905
118.7,3.905
118.7,3.905
118.8,3.905
118.9,3.905
118.9,3.905
118.9,3.905
119.0,3.905
119.0,3.905
119.1,3.905
119.1,3.905
119.1,3.905
119.1,3.905
119.2,3.905
119.2,3.905
119.3,3.905
119.3,3.905
119.3,3.905
119.3,3.905
119.3,3.905
119.4,3.905
119.4,3.905
119.5,3.905
119.5,3.905
119.6,3.905
119.6,3.905
119.6,3.905
119.7,3.905
119.7,3.905
119.8,3.905
119.8,3.905
119.8,3.905
119.8,3.905
119.9,3.905
119.9,3.905
120.0,3.905
120.0,3.905
120.1,3.905
120.1,3.905
120.1,3.905
120.2,3.905
120.2,3.905
120.2,3.905
120.3,3.905
120.4,3.905
120.4,3.905
120.4,3.905
120.4,3.905
120.5,3.905
120.5,3.905
120.5,3.905
120.6,3.905
120.6,3.905
120.6,3.905
120.7,3.905
120.7,3.905
120.7,3.905
120.7,3.905
120.8,3.905
120.9,3.905
120.9,3.905
121.0,3.905
121.0,3.905
121.1,3.905
121.1,3.905
121.1,3.905
121.1,3.905
121.1,3.905
121.2,3.905
121.2,3.905
121.2,3.905
121.3,3.905
121.3,3.905
121.4,3.905
121.4,3.905
121.5,3.905
121.5,3.905
121.6,3.905
121.6,3.905
121.6,3.905
121.7,3.905
121.7,3.905
121.7,3.905
121.8,3.905
121.8,3.905
121.9,3.905
121.9,3.905
121.9,3.905
122.0,3.905
122.0,3.905
122.1,3.905
122.1,3.905
122.2,3.905
122.2,3.905
122.3,3.905
122.3,3.905
122.3,3.905
122.3,3.905
122.4,3.905
122.4,3.905
122.4,3.905
122.4,3.905
122.5,3.905
122.6,3.905
122.6,3.905
122.6,3.905
122.6,3.905
122.6,3.905
122.7,3.905
122.7,3.905
122.8,3.905
122.8,3.905
122.9,3.905
122.9,3.905
123.0,3.905
123.0,3.905
123.1,3.905
123.1,3.905
123.1,3.905
123.1,3.905
123.2,3.905
123.2,3.905
123.3,3.905
123.3,3.905
123.4,3.905
123.4,3.910
123.4,3.910
123.4,3.910
123.4,3.910
123.5,3.910
123.5,3.910
123.6,3.910
123.6,3.910
123.6,3.910
123.7,3.910
123.8,3.910
123.8,3.910
123.8,3.910
123.8,3.910
123.9,3.910
124.0,3.910
124.0,3.910
124.0,3.910
124.1,3.910
124.1,3.910
124.1,3.910
124.2,3.910
124.2,3.910
124.3,3.910
124.3,3.910
124.3,3.910
124.4,3.910
124.4,3.910
124.4,3.910
124.5,3.910
124.5,3.910
124.6,3.910
124.6,3.910
124.7,3.910
124.7,3.910
124.8,3.910
124.8,3.910
124.8,3.910
124.8,3.910
124.9,3.910
124.9,3.910
125.0,3.910
125.0,3.910
125.0,3.910
125.1,3.910
125.1,3.910
125.1,3.910
125.2,3.910
125.2,3.910
125.2,3.910
125.2,3.910
125.2,3.910
125.3,3.910
125.3,3.910
125.4,3.910
125.4,3.910
125.5,3.910
125.5,3.910
125.6,3.910
125.6,3.910
125.6,3.910
125.7,3.910
125.7,3.910
125.8,3.910
125.8,3.910
125.9,3.910
125.9,3.910
125.9,3.910
125.9,3.910
126.0,3.910
126.0,3.910
126.0,3.910
126.0,3.910
126.1,3.910
126.1,3.910
126.2,3.910
126.2,3.910
126.3,3.910
126.3,3.910
126.4,3.910
126.4,3.910
126.4,3.910
126.4,3.910
126.5,3.910
126.5,3.910
126.6,3.910
126.6,3.910
126.6,3.910
126.7,3.910
126.7,3.910
126.7,3.910
126.7,3.910
126.8,3.910
126.8,3.910
126.8,3.910
126.9,3.910
126.9,3.910
127.0,3.910
127.0,3.910
127.1,3.910
127.1,3.910
127.2,3.910
127.2,3.910
127.2,3.910
127.2,3.910
127.3,3.910
127.4,3.910
127.4,3.910
127.4,3.910
127.4,3.910
127.4,3.910
127.5,3.910
127.5,3.910
127.6,3.910
127.6,3.910
127.6,3.910
127.6,3.910
127.7,3.910
127.7,3.910
127.7,3.910
127.7,3.910
127.8,3.910
127.9,3.910
127.9,3.910
128.0,3.910
128.0,3.910
128.0,3.910
128.1,3.910
128.1,3.910
128.1,3.910
128.2,3.910
128.2,3.910
128.2,3.915
128.3,3.915
128.3,3.915
128.4,3.915
128.4,3.915
128.4,3.915
128.5,3.915
128.5,3.915
128.5,3.915
128.5,3.915
128.6,3.915
128.6,3.915
128.7,3.915
128.7,3.915
128.7,3.915
128.8,3.915
128.8,3.915
128.8,3.915
128.9,3.915
128.9,3.915
129.0,3.915
129.0,3.915
129.0,3.915
129.0,3.915
129.1,3.915
129.1,3.915
129.1,3.915
129.1,3.915
129.2,3.915
129.3,3.915
129.3,3.915
129.3,3.915
129.4,3.915
129.4,3.915
129.5,3.915
129.5,3.915
129.5,3.915
129.6,3.915
129.6,3.915
129.7,3.915
129.7,3.915
129.8,3.915
129.8,3.915
129.8,3.915
129.9,3.915
129.9,3.915
130.0,3.915
130.0,3.915
130.0,3.915
130.1,3.915
130.1,3.915
130.2,3.915
130.2,3.915
130.2,3.915
130.3,3.915
130.3,3.915
130.3,3.915
130.4,3.915
130.4,3.915
130.5,3.915
130.5,3.915
130.5,3.915
130.5,3.915
130.6,3.915
130.6,3.915
130.7,3.915
130.7,3.915
130.8,3.915
130.8,3.915
130.9,3.915
130.9,3.915
131.0,3.915
131.0,3.915
131.0,3.915
131.0,3.915
131.1,3.915
131.1,3.915
131.2,3.915
131.2,3.915
131.2,3.915
131.3,3.915
131.3,3.915
131.4,3.915
131.4,3.915
131.4,3.915
131.5,3.915
131.6,3.915
131.6,3.915
131.6,3.915
131.6,3.915
131.7,3.915
131.7,3.915
131.8,3.915
131.8,3.915
131.9,3.915
131.9,3.915
131.9,3.915
132.0,3.915
132.0,3.915
132.0,3.915
132.1,3.915
132.1,3.915
132.2,3.915
132.2,3.915
132.2,3.915
132.2,3.915
132.3,3.915
132.3,3.915
132.3,3.915
132.4,3.915
132.4,3.915
132.5,3.915
132.5,3.915
132.6,3.915
132.6,3.915
132.6,3.915
132.6,3.915
132.7,3.915
132.7,3.915
132.8,3.915
132.8,3.915
132.8,3.915
132.9,3.915
132.9,3.915
133.0,3.915
133.0,3.915
133.0,3.915
133.0,3.915
133.1,3.915
133.2,3.915
133.2,3.915
133.2,3.915
133.3,3.915
133.3,3.915
133.4,3.915
133.4,3.915
133.4,3.920
133.4,3.920
133.5,3.920
133.5,3.920
133.5,3.920
133.6,3.920
133.6,3.920
133.7,3.920
133.7,3.920
133.7,3.920
133.7,3.920
133.8,3.920
133.8,3.920
133.9,3.920
133.9,3.920
134.0,3.920
134.0,3.920
134.0,3.920
134.1,3.920
134.1,3.920
134.1,3.920
134.1,3.920
134.1,3.920
134.2,3.920
134.2,3.920
134.3,3.920
134.3,3.920
134.3,3.920
134.4,3.920
134.5,3.920
134.5,3.920
134.5,3.920
134.6,3.920
134.6,3.920
134.6,3.920
134.7,3.920
134.7,3.920
134.7,3.920
134.7,3.920
134.8,3.920
134.8,3.920
134.9,3.920
134.9,3.920
134.9,3.920
134.9,3.920
135.0,3.920
135.0,3.920
135.1,3.920
135.1,3.920
135.1,3.920
135.2,3.920
135.3,3.920
135.3,3.920
135.3,3.920
135.3,3.920
135.3,3.920
135.4,3.920
135.4,3.920
135.4,3.920
135.5,3.920
135.6,3.920
135.6,3.920
135.7,3.920
135.7,3.920
135.7,3.920
135.8,3.920
135.8,3.920
135.8,3.920
135.8,3.920
135.8,3.920
135.9,3.920
135.9,3.920
136.0,3.920
136.0,3.920
136.1,3.920
136.1,3.920
136.1,3.920
136.1,3.920
136.2,3.920
136.2,3.920
136.2,3.920
136.2,3.920
136.3,3.920
136.4,3.920
136.4,3.920
136.4,3.920
136.5,3.920
136.5,3.920
136.5,3.920
136.6,3.920
136.6,3.920
136.6,3.920
136.6,3.920
136.7,3.920
136.7,3.920
136.7,3.920
136.7,3.920
136.8,3.920
136.8,3.920
136.8,3.920
136.9,3.920
136.9,3.920
137.0,3.920
137.0,3.920
137.0,3.920
137.1,3.920
137.1,3.920
137.2,3.920
137.2,3.920
137.2,3.920
137.3,3.920
137.3,3.920
137.3,3.920
137.4,3.920
137.4,3.920
137.4,3.920
137.5,3.920
137.5,3.920
137.5,3.920
137.5,3.920
137.5,3.920
137.6,3.920
137.6,3.920
137.6,3.920
137.7,3.920
137.8,3.920
137.8,3.920
137.8,3.920
137.9,3.920
137.9,3.920
137.9,3.920
137.9,3.920
138.0,3.920
138.0,3.920
138.0,3.920
138.0,3.920
138.1,3.920
138.1,3.920
138.2,3.920
138.2,3.920
138.2,3.920
138.3,3.920
138.3,3.920
138.3,3.920
138.4,3.920
138.4,3.920
138.4,3.920
138.5,3.920
138.6,3.920
138.6,3.925
138.6,3.925
138.6,3.925
138.7,3.925
138.7,3.925
138.7,3.925
138.7,3.925
138.8,3.925
138.8,3.925
138.9,3.925
138.9,3.925
138.9,3.925
139.0,3.925
139.0,3.925
139.0,3.925
139.1,3.925
139.1,3.925
139.1,3.925
139.1,3.925
139.2,3.925
139.2,3.925
139.3,3.925
139.3,3.925
139.3,3.925
139.4,3.925
139.5,3.925
139.5,3.925
139.5,3.925
139.5,3.925
139.5,3.925
139.6,3.925
139.6,3.925
139.6,3.925
139.7,3.925
139.7,3.925
139.7,3.925
139.8,3.925
139.9,3.925
139.9,3.925
139.9,3.925
139.9,3.925
140.0,3.925
140.0,3.925
140.0,3.925
140.0,3.925
140.1,3.925
140.1,3.925
140.2,3.925
140.2,3.925
140.3,3.925
140.3,3.925
140.4,3.925
140.4,3.925
140.4,3.925
140.4,3.925
140.4,3.925
140.5,3.925
140.5,3.925
140.6,3.925
140.6,3.925
140.6,3.925
140.7,3.925
140.7,3.925
140.7,3.925
140.8,3.925
140.8,3.925
140.8,3.925
140.9,3.925
140.9,3.925
140.9,3.925
140.9,3.925
141.0,3.925
141.0,3.925
141.1,3.925
141.1,3.925
141.1,3.925
141.1,3.925
141.2,3.925
141.2,3.925
141.2,3.925
141.3,3.925
141.3,3.925
141.4,3.925
141.4,3.925
141.4,3.925
141.4,3.925
141.5,3.925
141.5,3.925
141.5,3.925
141.6,3.925
141.6,3.925
141.7,3.925
141.7,3.925
141.7,3.925
141.8,3.925
141.8,3.925
141.8,3.925
141.9,3.925
141.9,3.925
141.9,3.925
141.9,3.925
142.0,3.925
142.0,3.925
142.1,3.925
142.1,3.925
142.1,3.925
142.2,3.925
142.2,3.925
142.2,3.925
142.2,3.925
142.3,3.925
142.3,3.925
142.4,3.925
142.4,3.925
142.4,3.925
142.5,3.925
142.5,3.925
142.5,3.925
142.6,3.925
142.6,3.925
142.6,3.925
142.6,3.925
142.7,3.925
142.7,3.925
142.7,3.925
142.7,3.925
142.8,3.925
142.9,3.925
142.9,3.925
142.9,3.925
143.0,3.925
143.0,3.925
143.0,3.925
143.0,3.925
143.1,3.925
143.1,3.925
143.1,3.925
143.1,3.925
143.2,3.925
143.2,3.925
143.2,3.925
143.2,3.925
143.3,3.925
143.3,3.925
143.4,3.925
143.4,3.925
143.5,3.930
143.5,3.930
143.5,3.930
143.5,3.930
143.6,3.930
143.6,3.930
143.7,3.930
143.7,3.930
143.8,3.930
143.8,3.930
143.8,3.930
143.8,3.930
143.9,3.930
143.9,3.930
143.9,3.930
143.9,3.930
144.0,3.930
144.0,3.930
144.1,3.930
144.1,3.930
144.1,3.930
144.2,3.930
144.2,3.930
144.2,3.930
144.2,3.930
144.3,3.930
144.3,3.930
144.3,3.930
144.4,3.930
144.4,3.930
144.5,3.930
144.5,3.930
144.5,3.930
144.6,3.930
144.6,3.930
144.6,3.930
144.6,3.930
144.6,3.930
144.7,3.930
144.7,3.930
144.7,3.930
144.8,3.930
144.8,3.930
144.9,3.930
144.9,3.930
144.9,3.930
145.0,3.930
145.0,3.930
145.0,3.930
145.1,3.930
145.2,3.930
145.2,3.930
145.2,3.930
145.3,3.930
145.3,3.930
145.3,3.930
145.4,3.930
145.4,3.930
145.4,3.930
145.5,3.930
145.5,3.930
145.5,3.930
145.5,3.930
145.6,3.930
145.6,3.930
145.6,3.930
145.6,3.930
145.6,3.930
145.7,3.930
145.7,3.930
145.8,3.930
145.8,3.930
145.9,3.930
145.9,3.930
145.9,3.930
146.0,3.930
146.0,3.930
146.0,3.930
146.1,3.930
146.1,3.930
146.2,3.930
146.2,3.930
146.2,3.930
146.3,3.930
146.3,3.930
146.4,3.930
146.4,3.930
146.5,3.930
146.5,3.930
146.5,3.930
146.6,3.930
146.6,3.930
146.6,3.930
146.6,3.930
146.6,3.930
146.6,3.930
146.7,3.930
146.7,3.930
146.8,3.930
146.8,3.930
146.8,3.930
146.9,3.930
146.9,3.930
146.9,3.930
147.0,3.930
147.0,3.930
147.0,3.930
147.0,3.930
147.1,3.930
147.1,3.930
147.1,3.930
147.2,3.930
147.2,3.930
147.3,3.930
147.3,3.930
147.4,3.930
147.4,3.930
147.4,3.930
147.5,3.930
147.5,3.930
147.5,3.930
147.5,3.930
147.6,3.930
147.6,3.930
147.7,3.930
147.7,3.930
147.7,3.930
147.7,3.930
147.8,3.930
147.8,3.930
147.8,3.930
147.8,3.930
147.9,3.930
147.9,3.930
148.0,3.930
148.0,3.930
148.1,3.930
148.1,3.930
148.1,3.930
148.2,3.930
148.2,3.930
148.3,3.930
148.3,3.930
148.3,3.930
148.3,3.930
148.3,3.930
148.4,3.930
148.4,3.930
148.4,3.930
148.5,3.930
148.5,3.930
148.6,3.930
148.6,3.930
148.6,3.930
148.7,3.930
148.7,3.930
148.7,3.930
148.8,3.935
148.8,3.935
148.8,3.935
148.9,3.935
148.9,3.935
148.9,3.935
148.9,3.935
148.9,3.935
148.9,3.935
149.0,3.935
149.0,3.935
149.1,3.935
149.1,3.935
149.1,3.935
149.2,3.935
149.2,3.935
149.2,3.935
149.3,3.935
149.3,3.935
149.4,3.935
149.4,3.935
149.4,3.935
149.4,3.935
149.5,3.935
149.5,3.935
149.6,3.935
149.6,3.935
149.6,3.935
149.6,3.935
149.7,3.935
149.7,3.935
149.7,3.935
149.7,3.935
149.8,3.935
149.8,3.935
149.9,3.935
149.9,3.935
149.9,3.935
149.9,3.935
150.0,3.935
150.0,3.935
150.1,3.935
150.1,3.935
150.1,3.935
150.1,3.935
150.1,3.935
150.2,3.935
150.2,3.935
150.2,3.935
150.2,3.935
150.3,3.935
150.3,3.935
150.4,3.935
150.4,3.935
150.4,3.935
150.5,3.935
150.5,3.935
150.5,3.935
150.6,3.935
150.6,3.935
150.6,3.935
150.6,3.935
150.7,3.935
150.7,3.935
150.8,3.935
150.8,3.935
150.8,3.935
150.8,3.935
150.8,3.935
150.9,3.935
150.9,3.935
150.9,3.935
151.0,3.935
151.0,3.935
151.0,3.935
151.1,3.935
151.1,3.935
151.1,3.935
151.1,3.935
151.1,3.935
151.2,3.935
151.2,3.935
151.2,3.935
151.3,3.935
151.3,3.935
151.4,3.935
151.4,3.935
151.4,3.935
151.4,3.935
151.5,3.935
151.5,3.935
151.5,3.935
151.6,3.935
151.6,3.935
151.6,3.935
151.6,3.935
151.6,3.935
151.7,3.935
151.7,3.935
151.7,3.935
151.7,3.935
151.8,3.935
151.8,3.935
151.9,3.935
151.9,3.935
151.9,3.935
151.9,3.935
152.0,3.935
152.0,3.935
152.0,3.935
152.1,3.935
152.1,3.935
152.1,3.935
152.1,3.935
152.1,3.935
152.2,3.935
152.2,3.935
152.3,3.935
152.3,3.935
152.3,3.935
152.4,3.935
152.4,3.935
152.4,3.935
152.4,3.935
152.4,3.935
152.4,3.935
152.4,3.935
152.4,3.935
152.4,3.935
152.5,3.935
152.5,3.935
152.6,3.935
152.7,3.935
152.7,3.935
152.7,3.935
152.7,3.935
152.8,3.935
152.8,3.935
152.8,3.935
152.8,3.935
152.8,3.935
152.8,3.935
152.9,3.935
152.9,3.935
153.0,3.935
153.0,3.935
153.0,3.935
153.1,3.935
153.1,3.935
153.1,3.935
153.2,3.935
153.2,3.935
153.2,3.935
153.3,3.935
153.3,3.935
153.3,3.935
153.3,3.935
153.3,3.935
153.4,3.935
153.4,3.935
153.4,3.935
153.5,3.935
153.5,3.935
153.5,3.935
153.5,3.935
153.5,3.935
153.6,3.935
153.6,3.935
153.6,3.935
153.7,3.935
153.7,3.935
153.8,3.935
153.8,3.935
153.8,3.935
153.8,3.935
153.9,3.935
153.9,3.935
154.0,3.935
154.0,3.935
154.0,3.935
154.0,3.935
154.1,3.940
154.1,3.940
154.1,3.940
154.1,3.940
154.1,3.940
154.1,3.940
154.1,3.940
154.1,3.940
154.1,3.940
154.1,3.940
154.3,3.940
154.3,3.940
154.3,3.940
154.4,3.940
154.4,3.940
154.4,3.940
154.4,3.940
154.4,3.940
154.5,3.940
154.5,3.940
154.5,3.940
154.5,3.940
154.6,3.940
154.6,3.940
154.6,3.940
154.6,3.940
154.6,3.940
154.6,3.940
154.6,3.940
154.7,3.940
154.8,3.940
154.8,3.940
154.8,3.940
154.8,3.940
154.9,3.940
154.9,3.940
154.9,3.940
154.9,3.940
155.0,3.940
154.9,3.940
155.0,3.940
155.1,3.940
155.1,3.940
155.1,3.940
155.1,3.940
155.2,3.940
155.2,3.940
155.2,3.940
155.2,3.940
155.3,3.940
155.3,3.940
155.3,3.940
155.3,3.940
155.3,3.940
155.4,3.940
155.4,3.940
155.4,3.940
155.4,3.940
155.4,3.940
155.5,3.940
155.5,3.940
155.5,3.940
155.5,3.940
155.6,3.940
155.6,3.940
155.5,3.940
155.6,3.940
155.6,3.940
155.6,3.940
155.6,3.940
155.6,3.940
155.6,3.940
155.6,3.940
155.7,3.940
155.8,3.940
155.8,3.940
155.8,3.940
155.9,3.940
155.9,3.940
155.9,3.940
155.9,3.940
155.9,3.940
156.0,3.940
156.0,3.940
156.0,3.940
156.0,3.940
156.1,3.940
156.1,3.940
156.1,3.940
156.1,3.940
156.1,3.940
156.1,3.940
156.1,3.940
156.1,3.940
156.1,3.940
156.2,3.940
156.2,3.940
156.3,3.940
156.3,3.940
156.3,3.940
156.4,3.940
156.4,3.940
156.4,3.940
156.4,3.940
156.4,3.940
156.4,3.940
156.4,3.940
156.4,3.940
156.4,3.940
156.4,3.940
156.5,3.940
156.6,3.940
156.5,3.940
156.6,3.940
156.6,3.940
156.6,3.940
156.6,3.940
156.6,3.940
156.6,3.940
156.7,3.940
156.7,3.940
156.8,3.940
156.7,3.940
156.8,3.940
156.8,3.940
156.8,3.940
156.8,3.940
156.8,3.940
156.9,3.940
156.9,3.940
156.9,3.940
156.9,3.940
157.0,3.940
157.0,3.940
157.0,3.940
157.0,3.940
157.0,3.940
157.0,3.940
157.0,3.940
157.1,3.940
157.1,3.940
157.1,3.940
157.1,3.940
157.1,3.940
157.2,3.940
157.2,3.940
157.2,3.940
157.3,3.940
157.2,3.940
157.3,3.940
157.3,3.940
157.4,3.940
157.3,3.940
157.3,3.940
157.3,3.940
157.4,3.940
157.4,3.940
157.4,3.940
157.5,3.940
157.5,3.940
157.5,3.940
157.6,3.940
157.5,3.940
157.6,3.940
157.6,3.940
157.6,3.940
157.6,3.940
157.6,3.940
157.6,3.940
157.6,3.940
157.6,3.940
157.7,3.940
157.7,3.940
157.7,3.940
157.8,3.940
157.8,3.940
157.8,3.940
157.8,3.940
157.8,3.940
157.8,3.940
157.8,3.940
157.8,3.940
157.8,3.940
157.8,3.940
158.0,3.940
158.0,3.940
158.0,3.940
158.0,3.940
158.1,3.940
158.1,3.940
158.1,3.940
158.1,3.940
158.2,3.940
158.2,3.940
158.2,3.940
158.2,3.940
158.2,3.940
158.2,3.940
158.2,3.940
158.2,3.940
158.3,3.940
158.3,3.940
158.3,3.940
158.3,3.940
158.3,3.940
158.4,3.940
158.4,3.940
158.4,3.940
158.4,3.940
158.4,3.940
158.4,3.940
158.4,3.940
158.4,3.940
158.5,3.940
158.5,3.940
158.5,3.940
158.6,3.940
158.6,3.940
158.6,3.940
158.6,3.940
158.6,3.940
158.7,3.940
158.7,3.940
158.8,3.940
158.8,3.940
158.8,3.940
158.8,3.940
158.9,3.940
158.9,3.940
158.9,3.940
158.9,3.940
159.0,3.940
159.0,3.940
159.0,3.940
159.0,3.940
159.0,3.940
159.0,3.940
159.0,3.940
159.1,3.940
159.1,3.940
159.2,3.940
159.2,3.940
159.2,3.940
159.2,3.940
159.2,3.940
159.2,3.940
159.3,3.940
159.2,3.940
159.2,3.940
159.2,3.940
159.4,3.940
159.4,3.940
159.4,3.945
159.4,3.945
159.5,3.945
159.5,3.945
159.5,3.945
159.5,3.945
159.5,3.945
159.5,3.945
159.5,3.945
159.5,3.945
159.5,3.945
159.6,3.945
159.6,3.945
159.7,3.945
159.7,3.945
159.7,3.945
159.7,3.945
159.8,3.945
159.8,3.945
159.8,3.945
159.8,3.945
159.8,3.945
159.8,3.945
159.8,3.945
159.9,3.945
159.9,3.945
159.9,3.945
159.9,3.945
159.9,3.945
160.0,3.945
160.0,3.945
160.1,3.945
160.0,3.945
160.1,3.945
160.1,3.945
160.1,3.945
160.1,3.945
160.2,3.945
160.2,3.945
160.2,3.945
160.3,3.945
160.2,3.945
160.2,3.945
160.2,3.945
160.2,3.945
160.3,3.945
160.3,3.945
160.4,3.945
160.4,3.945
160.4,3.945
160.5,3.945
160.5,3.945
160.5,3.945
160.5,3.945
160.5,3.945
160.5,3.945
160.5,3.945
160.6,3.945
160.6,3.945
160.7,3.945
160.7,3.945
160.7,3.945
160.7,3.945
160.7,3.945
160.8,3.945
160.8,3.945
160.8,3.945
160.8,3.945
160.8,3.945
160.9,3.945
160.9,3.945
160.9,3.945
161.0,3.945
161.0,3.945
161.0,3.945
161.0,3.945
161.0,3.945
161.0,3.945
161.0,3.945
161.0,3.945
161.1,3.945
161.1,3.945
161.1,3.945
161.2,3.945
161.2,3.945
161.2,3.945
161.2,3.945
161.2,3.945
161.2,3.945
161.2,3.945
161.2,3.945
161.3,3.945
161.3,3.945
161.3,3.945
161.3,3.945
161.4,3.945
161.4,3.945
161.4,3.945
161.4,3.945
161.4,3.945
161.4,3.945
161.5,3.945
161.5,3.945
161.6,3.945
161.6,3.945
161.6,3.945
161.6,3.945
161.7,3.945
161.7,3.945
161.7,3.945
161.7,3.945
161.8,3.945
161.7,3.945
161.7,3.945
161.7,3.945
161.7,3.945
161.9,3.945
161.9,3.945
161.9,3.945
161.9,3.945
161.9,3.945
162.0,3.945
162.0,3.945
162.0,3.945
162.0,3.945
162.1,3.945
162.1,3.945
162.2,3.945
162.2,3.945
162.2,3.945
162.2,3.945
162.2,3.945
162.2,3.945
162.2,3.945
162.2,3.945
162.2,3.945
162.3,3.945
162.3,3.945
162.3,3.945
162.3,3.945
162.4,3.945
162.4,3.945
162.4,3.945
162.4,3.945
162.4,3.945
162.4,3.945
162.5,3.945
162.5,3.945
162.5,3.945
162.6,3.945
162.6,3.945
162.6,3.945
162.7,3.945
162.7,3.945
162.7,3.945
162.7,3.945
162.7,3.945
162.7,3.945
162.7,3.945
162.7,3.945
162.7,3.945
162.8,3.945
162.8,3.945
162.9,3.945
162.9,3.945
162.9,3.945
162.9,3.945
163.0,3.945
163.0,3.945
163.0,3.945
163.0,3.945
163.0,3.945
163.0,3.945
163.0,3.945
163.0,3.945
163.0,3.945
163.2,3.945
163.2,3.945
163.2,3.945
163.2,3.945
163.2,3.945
163.2,3.945
163.2,3.945
163.2,3.945
163.2,3.945
163.3,3.945
163.3,3.945
163.3,3.945
163.3,3.945
163.4,3.945
163.4,3.945
163.4,3.945
163.5,3.945
163.5,3.945
163.5,3.945
163.6,3.945
163.6,3.945
163.6,3.945
163.6,3.945
163.6,3.945
163.6,3.945
163.6,3.945
163.7,3.945
163.7,3.945
163.7,3.945
163.8,3.945
163.8,3.945
163.8,3.945
163.8,3.945
163.8,3.945
163.8,3.945
163.8,3.945
163.9,3.945
163.9,3.945
164.0,3.945
164.0,3.945
164.0,3.945
164.1,3.945
164.1,3.945
164.1,3.945
164.1,3.945
164.1,3.945
164.1,3.945
164.1,3.945
164.1,3.945
164.1,3.945
164.2,3.945
164.2,3.945
164.2,3.945
164.2,3.945
164.2,3.945
164.2,3.945
164.3,3.945
164.4,3.945
164.4,3.945
164.4,3.945
164.4,3.945
164.5,3.945
164.5,3.950
164.5,3.950
164.6,3.950
164.6,3.950
164.6,3.950
164.6,3.950
164.6,3.950
164.6,3.950
164.6,3.950
164.6,3.950
164.7,3.950
164.7,3.950
164.7,3.950
164.7,3.950
164.7,3.950
164.7,3.950
164.7,3.950
164.7,3.950
164.8,3.950
164.9,3.950
164.9,3.950
164.9,3.950
165.0,3.950
165.0,3.950
165.0,3.950
165.0,3.950
165.1,3.950
165.1,3.950
165.1,3.950
165.1,3.950
165.1,3.950
165.2,3.950
165.2,3.950
165.2,3.950
165.2,3.950
165.3,3.950
165.3,3.950
165.3,3.950
165.3,3.950
165.3,3.950
165.4,3.950
165.4,3.950
165.4,3.950
165.4,3.950
165.5,3.950
165.5,3.950
165.5,3.950
165.6,3.950
165.6,3.950
165.6,3.950
165.6,3.950
165.6,3.950
165.6,3.950
165.6,3.950
165.6,3.950
165.6,3.950
165.7,3.950
165.7,3.950
165.8,3.950
165.8,3.950
165.8,3.950
165.8,3.950
165.9,3.950
165.9,3.950
165.9,3.950
166.0,3.950
166.0,3.950
166.0,3.950
166.0,3.950
166.1,3.950
166.1,3.950
166.1,3.950
166.1,3.950
166.1,3.950
166.2,3.950
166.2,3.950
166.2,3.950
166.3,3.950
166.3,3.950
166.3,3.950
166.3,3.950
166.4,3.950
166.4,3.950
166.4,3.950
166.4,3.950
166.5,3.950
166.5,3.950
166.5,3.950
166.5,3.950
166.5,3.950
166.5,3.950
166.5,3.950
166.5,3.950
166.5,3.950
166.6,3.950
166.6,3.950
166.7,3.950
166.7,3.950
166.7,3.950
166.8,3.950
166.8,3.950
166.8,3.950
166.8,3.950
166.9,3.950
166.9,3.950
166.9,3.950
167.0,3.950
167.0,3.950
167.0,3.950
167.0,3.950
167.0,3.950
167.1,3.950
167.0,3.950
167.1,3.950
167.1,3.950
167.2,3.950
167.2,3.950
167.2,3.950
167.2,3.950
167.3,3.950
167.3,3.950
167.3,3.950
167.3,3.950
167.4,3.950
167.4,3.950
167.4,3.950
167.4,3.950
167.4,3.950
167.5,3.950
167.5,3.950
167.5,3.950
167.5,3.950
167.5,3.950
167.5,3.950
167.5,3.950
167.6,3.950
167.6,3.950
167.6,3.950
167.6,3.950
167.7,3.950
167.7,3.950
167.8,3.950
167.8,3.950
167.8,3.950
167.8,3.950
167.9,3.950
167.9,3.950
167.9,3.950
167.9,3.950
167.9,3.950
167.9,3.950
167.9,3.950
167.9,3.950
167.9,3.950
168.0,3.950
168.0,3.950
168.1,3.950
168.1,3.950
168.2,3.950
168.2,3.950
168.2,3.950
168.2,3.950
168.2,3.950
168.2,3.950
168.2,3.950
168.2,3.950
168.2,3.950
168.3,3.950
168.3,3.950
168.3,3.950
168.3,3.950
168.3,3.950
168.3,3.950
168.4,3.950
168.4,3.950
168.5,3.950
168.5,3.950
168.5,3.950
168.5,3.950
168.5,3.950
168.6,3.950
168.6,3.950
168.6,3.950
168.7,3.950
168.7,3.950
168.7,3.950
168.8,3.950
168.8,3.950
168.8,3.950
168.8,3.950
168.8,3.950
168.8,3.950
168.8,3.950
168.8,3.950
168.9,3.950
168.9,3.950
169.0,3.950
169.0,3.950
169.0,3.950
169.0,3.950
169.0,3.950
169.0,3.950
169.0,3.950
169.0,3.950
169.0,3.950
169.0,3.950
169.0,3.950
169.1,3.950
169.1,3.950
169.2,3.950
169.2,3.950
169.3,3.950
169.3,3.950
169.3,3.950
169.3,3.950
169.4,3.950
169.4,3.950
169.5,3.955
169.5,3.955
169.5,3.955
169.5,3.955
169.5,3.955
169.5,3.955
169.5,3.955
169.5,3.955
169.5,3.955
169.5,3.955
169.6,3.955
169.7,3.955
169.7,3.955
169.7,3.955
169.8,3.955
169.8,3.955
169.8,3.955
169.8,3.955
169.8,3.955
169.8,3.955
169.8,3.955
169.8,3.955
169.9,3.955
169.9,3.955
170.0,3.955
170.0,3.955
170.0,3.955
170.0,3.955
170.1,3.955
170.1,3.955
170.1,3.955
170.1,3.955
170.1,3.955
170.1,3.955
170.1,3.955
170.1,3.955
170.2,3.955
170.2,3.955
170.2,3.955
170.2,3.955
170.3,3.955
170.3,3.955
170.4,3.955
170.4,3.955
170.4,3.955
170.4,3.955
170.5,3.955
170.5,3.955
170.5,3.955
170.5,3.955
170.5,3.955
170.6,3.955
170.6,3.955
170.6,3.955
170.6,3.955
170.6,3.955
170.7,3.955
170.7,3.955
170.7,3.955
170.7,3.955
170.7,3.955
170.7,3.955
170.7,3.955
170.7,3.955
170.8,3.955
170.8,3.955
170.8,3.955
170.9,3.955
170.9,3.955
170.9,3.955
170.9,3.955
171.0,3.955
171.0,3.955
171.0,3.955
171.1,3.955
171.1,3.955
171.1,3.955
171.1,3.955
171.1,3.955
171.1,3.955
171.2,3.955
171.2,3.955
171.2,3.955
171.3,3.955
171.3,3.955
171.3,3.955
171.3,3.955
171.4,3.955
171.4,3.955
171.4,3.955
171.4,3.955
171.4,3.955
171.4,3.955
171.4,3.955
171.4,3.955
171.4,3.955
171.6,3.955
171.6,3.955
171.6,3.955
171.6,3.955
171.6,3.955
171.7,3.955
171.7,3.955
171.7,3.955
171.7,3.955
171.7,3.955
171.7,3.955
171.7,3.955
171.7,3.955
171.8,3.955
171.8,3.955
171.8,3.955
171.8,3.955
171.8,3.955
171.8,3.955
171.9,3.955
171.9,3.955
171.9,3.955
172.0,3.955
172.0,3.955
172.0,3.955
172.0,3.955
172.0,3.955
172.1,3.955
172.1,3.955
172.1,3.955
172.1,3.955
172.1,3.955
172.1,3.955
172.1,3.955
172.1,3.955
172.1,3.955
172.2,3.955
172.2,3.955
172.2,3.955
172.2,3.955
172.2,3.955
172.2,3.955
172.3,3.955
172.4,3.955
172.4,3.955
172.4,3.955
172.4,3.955
172.5,3.955
172.5,3.955
172.5,3.955
172.5,3.955
172.5,3.955
172.5,3.955
172.5,3.955
172.5,3.955
172.5,3.955
172.5,3.955
172.5,3.955
172.5,3.955
172.6,3.955
172.6,3.955
172.6,3.955
172.7,3.955
172.7,3.955
172.8,3.955
172.8,3.955
172.8,3.955
172.8,3.955
172.8,3.955
172.8,3.955
172.8,3.955
172.8,3.955
172.8,3.955
172.8,3.955
172.8,3.955
172.8,3.955
172.9,3.955
172.9,3.955
173.0,3.955
173.0,3.955
173.0,3.955
173.0,3.955
173.1,3.955
173.1,3.955
173.1,3.955
173.1,3.955
173.2,3.955
173.2,3.955
173.2,3.955
173.2,3.955
173.2,3.955
173.2,3.955
173.2,3.955
173.2,3.955
173.2,3.955
173.2,3.955
173.3,3.955
173.4,3.955
173.3,3.955
173.3,3.955
173.3,3.955
173.4,3.955
173.4,3.955
173.4,3.955
173.4,3.955
173.5,3.955
173.5,3.955
173.5,3.955
173.5,3.955
173.5,3.955
173.5,3.955
173.5,3.955
173.5,3.955
173.5,3.955
173.6,3.955
173.6,3.955
173.6,3.955
173.6,3.955
173.6,3.955
173.6,3.955
173.6,3.955
173.7,3.955
173.7,3.955
173.8,3.955
173.8,3.955
173.8,3.955
173.8,3.955
173.9,3.955
173.9,3.955
173.9,3.955
173.9,3.955
173.9,3.955
174.0,3.955
173.9,3.955
173.9,3.955
173.9,3.955
173.9,3.955
174.0,3.955
174.0,3.955
174.0,3.955
174.0,3.955
174.0,3.955
174.0,3.955
174.1,3.955
174.1,3.955
174.1,3.955
174.1,3.955
174.1,3.955
174.2,3.955
174.2,3.955
174.3,3.955
174.3,3.955
174.3,3.955
174.3,3.955
174.4,3.955
174.4,3.955
174.4,3.955
174.4,3.955
174.4,3.955
174.4,3.955
174.4,3.955
174.4,3.955
174.4,3.955
174.4,3.955
174.4,3.955
174.4,3.955
174.4,3.955
174.5,3.955
174.5,3.955
174.6,3.955
174.6,3.955
174.6,3.955
174.6,3.955
174.7,3.955
174.7,3.955
174.7,3.955
174.7,3.960
174.7,3.960
174.7,3.960
174.7,3.960
174.7,3.960
174.7,3.960
174.8,3.960
174.8,3.960
174.8,3.960
174.8,3.960
174.8,3.960
174.9,3.960
174.8,3.960
174.8,3.960
174.8,3.960
174.9,3.960
174.9,3.960
174.9,3.960
174.9,3.960
174.9,3.960
174.9,3.960
175.0,3.960
175.0,3.960
175.0,3.960
175.0,3.960
175.0,3.960
175.0,3.960
175.0,3.960
175.1,3.960
175.1,3.960
175.1,3.960
175.1,3.960
175.1,3.960
175.1,3.960
175.1,3.960
175.2,3.960
175.2,3.960
175.2,3.960
175.2,3.960
175.3,3.960
175.3,3.960
175.2,3.960
175.3,3.960
175.3,3.960
175.3,3.960
175.3,3.960
175.3,3.960
175.3,3.960
175.3,3.960
175.4,3.960
175.4,3.960
175.4,3.960
175.5,3.960
175.5,3.960
175.5,3.960
175.5,3.960
175.5,3.960
175.5,3.960
175.5,3.960
175.5,3.960
175.6,3.960
175.6,3.960
175.6,3.960
175.6,3.960
175.6,3.960
175.6,3.960
175.6,3.960
175.7,3.960
175.7,3.960
175.7,3.960
175.7,3.960
175.7,3.960
175.7,3.960
175.7,3.960
175.7,3.960
175.7,3.960
175.8,3.960
175.9,3.960
175.8,3.960
175.8,3.960
175.9,3.960
175.9,3.960
175.9,3.960
175.9,3.960
175.9,3.960
175.9,3.960
175.9,3.960
175.9,3.960
176.0,3.960
176.0,3.960
176.0,3.960
176.0,3.960
176.0,3.960
176.0,3.960
176.0,3.960
176.1,3.960
176.1,3.960
176.1,3.960
176.1,3.960
176.1,3.960
176.1,3.960
176.1,3.960
176.2,3.960
176.2,3.960
176.2,3.960
176.2,3.960
176.2,3.960
176.2,3.960
176.3,3.960
176.3,3.960
176.3,3.960
176.3,3.960
176.3,3.960
176.3,3.960
176.3,3.960
176.3,3.960
176.3,3.960
176.5,3.960
176.4,3.960
176.5,3.960
176.5,3.960
176.5,3.960
176.5,3.960
176.5,3.960
176.5,3.960
176.5,3.960
176.5,3.960
176.5,3.960
176.5,3.960
176.6,3.960
176.6,3.960
176.6,3.960
176.6,3.960
176.6,3.960
176.6,3.960
176.6,3.960
176.6,3.960
176.7,3.960
176.7,3.960
176.7,3.960
176.7,3.960
176.7,3.960
176.7,3.960
176.7,3.960
176.8,3.960
176.8,3.960
176.8,3.960
176.8,3.960
176.8,3.960
176.8,3.960
176.8,3.960
176.9,3.960
176.9,3.960
176.9,3.960
177.0,3.960
177.0,3.960
177.0,3.960
177.0,3.960
177.0,3.960
177.0,3.960
177.0,3.960
177.0,3.960
177.0,3.960
177.1,3.960
177.1,3.960
177.1,3.960
177.1,3.960
177.1,3.960
177.1,3.960
177.1,3.960
177.1,3.960
177.1,3.960
177.1,3.960
177.1,3.960
177.2,3.960
177.2,3.960
177.2,3.960
177.2,3.960
177.2,3.960
177.2,3.960
177.3,3.960
177.4,3.960
177.3,3.960
177.3,3.960
177.3,3.960
177.3,3.960
177.3,3.960
177.4,3.960
177.4,3.960
177.4,3.960
177.4,3.960
177.4,3.960
177.4,3.960
177.4,3.960
177.5,3.960
177.5,3.960
177.5,3.960
177.5,3.960
177.5,3.960
177.5,3.960
177.5,3.960
177.6,3.960
177.6,3.960
177.6,3.960
177.6,3.960
177.7,3.960
177.7,3.960
177.7,3.960
177.7,3.960
177.7,3.960
177.7,3.960
177.8,3.960
177.8,3.960
177.8,3.960
177.8,3.960
177.8,3.960
177.8,3.960
177.8,3.960
177.8,3.960
177.9,3.960
177.9,3.960
177.9,3.960
177.9,3.960
177.9,3.960
177.9,3.960
177.9,3.960
177.9,3.960
178.0,3.960
178.0,3.960
178.0,3.960
178.0,3.960
178.0,3.960
178.0,3.960
178.0,3.960
178.1,3.960
178.1,3.960
178.1,3.960
178.1,3.960
178.1,3.960
178.2,3.960
178.2,3.960
178.2,3.960
178.2,3.960
178.2,3.960
178.2,3.960
178.2,3.960
178.3,3.960
178.3,3.960
178.3,3.960
178.3,3.960
178.3,3.960
178.3,3.960
178.3,3.960
178.3,3.960
178.3,3.960
178.3,3.960
178.3,3.960
178.3,3.960
178.4,3.960
178.4,3.960
178.5,3.960
178.5,3.960
178.6,3.960
178.6,3.960
178.5,3.960
178.5,3.960
178.5,3.960
178.5,3.960
178.6,3.960
178.6,3.960
178.6,3.960
178.6,3.960
178.6,3.960
178.6,3.960
178.6,3.960
178.6,3.960
178.6,3.960
178.6,3.960
178.6,3.960
178.7,3.960
178.7,3.960
178.7,3.960
178.7,3.960
178.7,3.960
178.7,3.960
178.7,3.960
178.7,3.960
178.7,3.960
178.7,3.960
178.8,3.960
178.8,3.960
178.8,3.960
178.8,3.960
178.8,3.960
178.8,3.960
178.8,3.960
178.8,3.960
178.8,3.960
178.8,3.960
178.8,3.960
178.8,3.960
178.8,3.960
178.8,3.960
178.9,3.960
178.9,3.960
178.9,3.960
178.9,3.960
178.9,3.960
178.9,3.960
178.9,3.960
178.9,3.960
178.9,3.960
179.0,3.960
179.0,3.960
179.0,3.960
179.0,3.960
179.0,3.960
179.0,3.960
179.0,3.960
179.0,3.960
179.0,3.960
179.0,3.960
179.1,3.960
179.1,3.960
179.1,3.960
179.1,3.960
179.1,3.960
179.1,3.960
179.1,3.960
179.1,3.960
179.1,3.960
179.1,3.960
179.1,3.960
179.1,3.960
179.1,3.960
179.1,3.960
179.1,3.960
179.1,3.960
179.1,3.960
179.2,3.960
179.2,3.960
179.2,3.960
179.2,3.960
179.2,3.960
179.2,3.960
179.2,3.960
179.2,3.960
179.2,3.960
179.2,3.960
179.2,3.960
179.2,3.960
179.2,3.960
179.2,3.960
179.2,3.960
179.2,3.960
179.2,3.960
179.2,3.960
179.2,3.960
179.2,3.960
179.3,3.960
179.3,3.960
179.3,3.960
179.3,3.960
179.3,3.960
179.4,3.960
179.4,3.960
179.4,3.960
179.4,3.960
179.4,3.960
179.4,3.960
179.4,3.960
179.4,3.960
179.4,3.960
179.4,3.960
179.4,3.960
179.4,3.960
179.5,3.960
179.5,3.960
179.5,3.960
179.5,3.960
179.5,3.960
179.5,3.960
179.5,3.960
179.5,3.960
179.5,3.960
179.5,3.960
179.5,3.960
179.5,3.960
179.5,3.960
179.5,3.960
179.5,3.960
179.5,3.960
179.5,3.960
179.5,3.960
179.5,3.960
179.5,3.960
179.5,3.960
179.5,3.960
179.5,3.960
179.5,3.960
179.5,3.960
179.5,3.960
179.5,3.960
179.5,3.960
179.6,3.960
179.6,3.960
179.6,3.960
179.6,3.960
179.6,3.960
179.6,3.960
179.6,3.960
179.6,3.960
179.6,3.960
179.7,3.960
179.7,3.960
179.7,3.960
179.7,3.960
179.7,3.960
179.7,3.960
179.7,3.960
179.7,3.960
179.7,3.960
179.7,3.960
179.7,3.960
179.7,3.960
179.7,3.960
179.7,3.960
179.7,3.960
179.7,3.960
179.7,3.960
179.8,3.960
179.8,3.960
179.8,3.960
179.8,3.965
179.8,3.965
179.8,3.965
179.8,3.965
179.8,3.965
179.8,3.965
179.8,3.965
179.8,3.965
179.8,3.965
179.8,3.965
179.8,3.965
179.8,3.965
179.8,3.965
179.9,3.965
179.9,3.965
179.9,3.965
179.9,3.965
179.9,3.965
179.9,3.965
179.9,3.965
179.9,3.965
179.9,3.965
179.9,3.965
179.9,3.965
180.0,3.965
180.0,3.965
180.0,3.965
180.0,3.965
180.0,3.965
180.1,3.965
180.1,3.965
180.1,3.965
180.1,3.965
180.2,3.965
180.2,3.965
180.2,3.965
180.1,3.965
180.1,3.965
180.1,3.965
180.1,3.965
180.1,3.965
180.1,3.965
180.1,3.965
180.2,3.965
180.2,3.965
180.3,3.965
180.3,3.965
180.3,3.965
180.3,3.965
180.3,3.965
180.3,3.965
180.3,3.965
180.3,3.965
180.3,3.965
180.3,3.965
180.3,3.965
180.3,3.965
180.3,3.965
180.3,3.965
180.4,3.965
180.4,3.965
180.4,3.965
180.4,3.965
180.4,3.965
180.4,3.965
180.4,3.965
180.4,3.965
180.4,3.965
180.4,3.965
180.4,3.965
180.5,3.965
180.5,3.965
180.5,3.965
180.6,3.965
180.6,3.965
180.6,3.965
180.6,3.965
180.6,3.965
180.6,3.965
180.6,3.965
180.6,3.965
180.6,3.965
180.7,3.965
180.7,3.965
180.7,3.965
180.7,3.965
180.7,3.965
180.7,3.965
180.7,3.965
180.7,3.965
180.7,3.965
180.7,3.965
180.7,3.965
180.7,3.965
180.7,3.965
180.8,3.965
180.8,3.965
180.8,3.965
180.8,3.965
180.8,3.965
180.8,3.965
180.8,3.965
180.8,3.965
180.9,3.965
180.9,3.965
180.9,3.965
180.9,3.965
180.9,3.965
180.9,3.965
180.9,3.965
180.9,3.965
180.9,3.965
180.9,3.965
180.9,3.965
181.0,3.965
181.0,3.965
181.0,3.965
181.0,3.965
181.0,3.965
181.0,3.965
181.0,3.965
181.0,3.965
181.1,3.965
181.1,3.965
181.1,3.965
181.1,3.965
181.1,3.965
181.1,3.965
181.1,3.965
181.1,3.965
181.1,3.965
181.1,3.965
181.2,3.965
181.2,3.965
181.2,3.965
181.2,3.965
181.3,3.965
181.3,3.965
181.3,3.965
181.3,3.965
181.3,3.965
181.3,3.965
181.3,3.965
181.3,3.965
181.4,3.965
181.4,3.965
181.4,3.965
181.4,3.965
181.5,3.965
181.4,3.965
181.4,3.965
181.4,3.965
181.4,3.965
181.5,3.965
181.5,3.965
181.5,3.965
181.5,3.965
181.5,3.965
181.5,3.965
181.5,3.965
181.5,3.965
181.5,3.965
181.5,3.965
181.5,3.965
181.5,3.965
181.5,3.965
181.5,3.965
181.6,3.965
181.6,3.965
181.6,3.965
181.6,3.965
181.6,3.965
181.6,3.965
181.6,3.965
181.6,3.965
181.7,3.965
181.7,3.965
181.7,3.965
181.7,3.965
181.7,3.965
181.7,3.965
181.7,3.965
181.7,3.965
181.7,3.965
181.7,3.965
181.7,3.965
181.7,3.965
181.7,3.965
181.7,3.965
181.8,3.965
181.8,3.965
181.8,3.965
181.8,3.965
181.8,3.965
181.8,3.965
181.8,3.965
181.8,3.965
181.8,3.965
181.9,3.965
182.0,3.965
181.9,3.965
181.9,3.965
181.9,3.965
181.9,3.965
181.9,3.965
181.9,3.965
181.9,3.965
181.9,3.965
181.9,3.965
182.0,3.965
182.0,3.965
182.0,3.965
182.0,3.965
182.0,3.965
182.0,3.965
182.0,3.965
182.1,3.965
182.1,3.965
182.2,3.965
182.2,3.965
182.2,3.965
182.2,3.965
182.2,3.965
182.2,3.965
182.2,3.965
182.2,3.965
182.2,3.965
182.2,3.965
182.2,3.965
182.2,3.965
182.2,3.965
182.2,3.965
182.2,3.965
182.2,3.965
182.3,3.965
182.3,3.965
182.3,3.965
182.3,3.965
182.3,3.965
182.3,3.965
182.3,3.965
182.3,3.965
182.3,3.965
182.3,3.965
182.3,3.965
182.4,3.965
182.4,3.965
182.4,3.965
182.4,3.965
182.4,3.965
182.4,3.965
182.4,3.965
182.4,3.965
182.4,3.965
182.4,3.965
182.5,3.965
182.5,3.965
182.5,3.965
182.5,3.965
182.5,3.965
182.5,3.965
182.5,3.965
182.5,3.965
182.5,3.965
182.6,3.965
182.6,3.965
182.6,3.965
182.6,3.965
182.6,3.965
182.6,3.965
182.6,3.965
182.6,3.965
182.6,3.965
182.6,3.965
182.7,3.965
182.7,3.965
182.7,3.965
182.7,3.965
182.7,3.965
182.7,3.965
182.8,3.965
182.8,3.965
182.8,3.965
182.8,3.965
182.8,3.965
182.8,3.965
182.8,3.965
182.8,3.965
182.8,3.965
182.9,3.965
182.9,3.965
182.9,3.965
182.9,3.965
182.9,3.965
182.9,3.965
182.9,3.965
182.9,3.965
182.9,3.965
182.9,3.965
183.0,3.965
183.0,3.965
183.0,3.965
183.0,3.965
183.0,3.965
183.0,3.965
183.0,3.965
183.0,3.965
183.0,3.965
183.0,3.965
183.0,3.965
183.0,3.965
183.0,3.965
183.0,3.965
183.1,3.965
183.1,3.965
183.1,3.965
183.1,3.965
183.1,3.965
183.1,3.965
183.1,3.965
183.1,3.965
183.1,3.965
183.2,3.965
183.2,3.965
183.2,3.965
183.2,3.965
183.2,3.965
183.3,3.965
183.3,3.965
183.3,3.965
183.3,3.965
183.3,3.965
183.3,3.965
183.3,3.965
183.3,3.965
183.3,3.965
183.3,3.965
183.3,3.965
183.3,3.965
183.4,3.965
183.4,3.965
183.4,3.965
183.4,3.965
183.4,3.965
183.4,3.965
183.4,3.965
183.4,3.965
183.4,3.965
183.4,3.965
183.4,3.965
183.5,3.965
183.5,3.965
183.5,3.965
183.5,3.965
183.5,3.965
183.5,3.965
183.5,3.965
183.5,3.965
183.5,3.965
183.5,3.965
183.5,3.965
183.6,3.965
183.6,3.965
183.6,3.965
183.6,3.965
183.6,3.965
183.6,3.965
183.6,3.965
183.6,3.965
183.6,3.965
183.6,3.965
183.6,3.965
183.6,3.965
183.6,3.965
183.7,3.965
183.7,3.965
183.7,3.965
183.7,3.965
183.7,3.965
183.7,3.965
183.7,3.965
183.7,3.965
183.8,3.965
183.8,3.965
183.8,3.965
183.8,3.965
183.8,3.965
183.8,3.965
183.8,3.965
183.8,3.965
183.8,3.965
183.8,3.965
183.9,3.965
183.9,3.965
183.9,3.965
183.9,3.965
183.9,3.965
183.9,3.965
183.9,3.965
183.9,3.965
183.9,3.965
183.9,3.965
183.9,3.965
183.9,3.965
183.9,3.965
183.9,3.965
184.0,3.965
184.0,3.965
184.1,3.965
184.0,3.965
184.0,3.965
184.0,3.965
184.0,3.965
184.1,3.965
184.1,3.965
184.1,3.965
184.1,3.965
184.1,3.965
184.1,3.965
184.1,3.965
184.1,3.965
184.1,3.965
184.1,3.965
184.1,3.965
184.1,3.965
184.2,3.965
184.2,3.965
184.2,3.965
184.2,3.965
184.2,3.965
184.2,3.965
184.2,3.965
184.2,3.965
184.2,3.965
184.2,3.965
184.3,3.965
184.3,3.965
184.3,3.965
184.3,3.965
184.3,3.965
184.3,3.965
184.3,3.965
184.3,3.965
184.3,3.965
184.3,3.965
184.3,3.965
184.3,3.965
184.3,3.965
184.4,3.965
184.4,3.965
184.4,3.965
184.4,3.965
184.4,3.965
184.4,3.965
184.4,3.965
184.4,3.965
184.4,3.965
184.4,3.965
184.4,3.965
184.4,3.965
184.4,3.965
184.5,3.965
184.5,3.965
184.5,3.965
184.5,3.965
184.5,3.965
184.5,3.965
184.5,3.965
184.5,3.965
184.5,3.965
184.6,3.965
184.6,3.965
184.6,3.965
184.6,3.965
184.6,3.965
184.6,3.965
184.6,3.965
184.6,3.965
184.6,3.965
184.6,3.965
184.6,3.965
184.7,3.965
184.7,3.965
184.7,3.965
184.7,3.965
184.7,3.965
184.7,3.965
184.7,3.965
184.7,3.965
184.7,3.965
184.8,3.965
184.8,3.965
184.8,3.965
184.8,3.965
184.8,3.970
184.8,3.970
184.8,3.970
184.8,3.970
184.8,3.970
184.8,3.970
184.8,3.970
184.8,3.970
184.8,3.970
184.9,3.970
184.9,3.970
184.9,3.970
184.9,3.970
184.9,3.970
184.9,3.970
184.9,3.970
184.9,3.970
184.9,3.970
184.9,3.970
185.0,3.970
185.0,3.970
185.0,3.970
185.0,3.970
185.0,3.970
185.0,3.970
185.0,3.970
185.0,3.970
185.0,3.970
185.0,3.970
185.1,3.970
185.1,3.970
185.1,3.970
185.1,3.970
185.1,3.970
185.1,3.970
185.2,3.970
185.2,3.970
185.2,3.970
185.2,3.970
185.2,3.970
185.2,3.970
185.2,3.970
185.2,3.970
185.2,3.970
185.2,3.970
185.2,3.970
185.3,3.970
185.3,3.970
185.3,3.970
185.3,3.970
185.3,3.970
185.3,3.970
185.3,3.970
185.3,3.970
185.3,3.970
185.3,3.970
185.3,3.970
185.3,3.970
185.3,3.970
185.4,3.970
185.4,3.970
185.4,3.970
185.4,3.970
185.4,3.970
185.4,3.970
185.4,3.970
185.4,3.970
185.4,3.970
185.4,3.970
185.5,3.970
185.5,3.970
185.5,3.970
185.5,3.970
185.5,3.970
185.5,3.970
185.5,3.970
185.5,3.970
185.5,3.970
185.5,3.970
185.6,3.970
185.6,3.970
185.6,3.970
185.6,3.970
185.6,3.970
185.6,3.970
185.6,3.970
185.6,3.970
185.6,3.970
185.6,3.970
185.6,3.970
185.6,3.970
185.6,3.970
185.6,3.970
185.7,3.970
185.7,3.970
185.7,3.970
185.7,3.970
185.7,3.970
185.7,3.970
185.7,3.970
185.8,3.970
185.8,3.970
185.8,3.970
185.8,3.970
185.8,3.970
185.8,3.970
185.8,3.970
185.8,3.970
185.8,3.970
185.8,3.970
185.8,3.970
185.8,3.970
185.8,3.970
185.8,3.970
185.8,3.970
185.8,3.970
185.8,3.970
185.8,3.970
185.9,3.970
185.9,3.970
185.9,3.970
185.9,3.970
185.9,3.970
185.9,3.970
185.9,3.970
185.9,3.970
185.9,3.970
185.9,3.970
185.9,3.970
186.0,3.970
186.0,3.970
186.0,3.970
186.0,3.970
186.0,3.970
186.0,3.970
186.0,3.970
186.0,3.970
186.0,3.970
186.0,3.970
186.0,3.970
186.0,3.970
186.0,3.970
186.0,3.970
186.0,3.970
186.0,3.970
186.0,3.970
186.1,3.970
186.1,3.970
186.1,3.970
186.1,3.970
186.1,3.970
186.1,3.970
186.1,3.970
186.1,3.970
186.1,3.970
186.2,3.970
186.2,3.970
186.2,3.970
186.2,3.970
186.2,3.970
186.2,3.970
186.2,3.970
186.2,3.970
186.2,3.970
186.3,3.970
186.3,3.970
186.3,3.970
186.3,3.970
186.3,3.970
186.3,3.970
186.3,3.970
186.3,3.970
186.3,3.970
186.3,3.970
186.3,3.970
186.3,3.970
186.3,3.970
186.3,3.970
186.3,3.970
186.3,3.970
186.4,3.970
186.4,3.970
186.4,3.970
186.4,3.970
186.4,3.970
186.4,3.970
186.4,3.970
186.4,3.970
186.4,3.970
186.4,3.970
186.4,3.970
186.4,3.970
186.4,3.970
186.4,3.970
186.4,3.970
186.5,3.970
186.5,3.970
186.5,3.970
186.5,3.970
186.5,3.970
186.5,3.970
186.5,3.970
186.5,3.970
186.6,3.970
186.6,3.970
186.6,3.970
186.6,3.970
186.6,3.970
186.6,3.970
186.6,3.970
186.6,3.970
186.6,3.970
186.6,3.970
186.6,3.970
186.6,3.970
186.6,3.970
186.6,3.970
186.6,3.970
186.7,3.970
186.7,3.970
186.7,3.970
186.7,3.970
186.7,3.970
186.7,3.970
186.7,3.970
186.7,3.970
186.8,3.970
186.8,3.970
186.8,3.970
186.8,3.970
186.8,3.970
186.8,3.970
186.8,3.970
186.8,3.970
186.8,3.970
186.8,3.970
186.8,3.970
186.8,3.970
186.8,3.970
186.8,3.970
186.8,3.970
186.8,3.970
186.8,3.970
186.9,3.970
186.9,3.970
186.9,3.970
186.9,3.970
186.9,3.970
186.9,3.970
186.9,3.970
186.9,3.970
186.9,3.970
186.9,3.970
186.9,3.970
187.0,3.970
187.0,3.970
187.0,3.970
187.0,3.970
187.0,3.970
187.0,3.970
187.0,3.970
187.0,3.970
187.0,3.970
187.0,3.970
187.0,3.970
187.0,3.970
187.1,3.970
187.1,3.970
187.1,3.970
187.1,3.970
187.1,3.970
187.1,3.970
187.1,3.970
187.1,3.970
187.1,3.970
187.1,3.970
187.1,3.970
187.1,3.970
187.1,3.970
187.1,3.970
187.2,3.970
187.2,3.970
187.2,3.970
187.2,3.970
187.2,3.970
187.2,3.970
187.2,3.970
187.2,3.970
187.2,3.970
187.2,3.970
187.2,3.970
187.2,3.970
187.2,3.970
187.2,3.970
187.2,3.970
187.3,3.970
187.3,3.970
187.3,3.970
187.3,3.970
187.3,3.970
187.3,3.970
187.3,3.970
187.3,3.970
187.3,3.970
187.3,3.970
187.4,3.970
187.4,3.970
187.4,3.970
187.4,3.970
187.5,3.970
187.5,3.970
187.5,3.970
187.5,3.970
187.5,3.970
187.5,3.970
187.5,3.970
187.5,3.970
187.5,3.970
187.5,3.970
187.5,3.970
187.5,3.970
187.5,3.970
187.5,3.970
187.5,3.970
187.5,3.970
187.5,3.970
187.5,3.970
187.5,3.970
187.5,3.970
187.5,3.970
187.5,3.970
187.5,3.970
187.5,3.970
187.6,3.970
187.6,3.970
187.6,3.970
187.6,3.970
187.6,3.970
187.6,3.970
187.6,3.970
187.6,3.970
187.6,3.970
187.6,3.970
187.6,3.970
187.6,3.970
187.6,3.970
187.7,3.970
187.7,3.970
187.7,3.970
187.7,3.970
187.7,3.970
187.7,3.970
187.7,3.970
187.7,3.970
187.7,3.970
187.7,3.970
187.7,3.970
187.7,3.970
187.7,3.970
187.7,3.970
187.7,3.970
187.7,3.970
187.7,3.970
187.7,3.970
187.7,3.970
187.7,3.970
187.8,3.970
187.8,3.970
187.8,3.970
187.8,3.970
187.8,3.970
187.8,3.970
187.8,3.970
187.8,3.970
187.8,3.970
187.8,3.970
187.8,3.970
187.8,3.970
187.8,3.970
187.8,3.970
187.8,3.970
187.8,3.970
187.8,3.970
187.8,3.970
187.8,3.970
187.8,3.970
187.8,3.970
187.8,3.970
187.8,3.970
187.8,3.970
187.8,3.970
187.8,3.970
187.9,3.970
187.9,3.970
187.9,3.970
187.9,3.970
187.9,3.970
187.9,3.970
187.9,3.970
187.9,3.970
187.9,3.970
187.9,3.970
187.9,3.970
187.9,3.970
187.9,3.970
187.9,3.970
187.9,3.970
187.9,3.970
187.9,3.970
187.9,3.970
187.9,3.970
187.9,3.970
187.9,3.970
187.9,3.970
187.9,3.970
187.9,3.970
187.9,3.970
187.9,3.970
187.9,3.970
187.9,3.970
187.9,3.970
187.9,3.970
188.0,3.970
188.0,3.970
188.0,3.970
188.0,3.970
188.0,3.970
188.0,3.970
188.0,3.970
188.0,3.970
188.0,3.970
188.1,3.970
188.1,3.970
188.1,3.970
188.1,3.970
188.1,3.970
188.1,3.970
188.1,3.970
188.1,3.970
188.1,3.970
188.1,3.970
188.1,3.970
188.1,3.970
188.1,3.970
188.1,3.970
188.1,3.970
188.2,3.970
188.2,3.970
188.2,3.970
188.2,3.970
188.2,3.970
188.2,3.970
188.2,3.970
188.2,3.970
188.2,3.970
188.2,3.970
188.2,3.970
188.2,3.970
188.2,3.970
188.2,3.970
188.2,3.970
188.2,3.970
188.2,3.970
188.2,3.970
188.3,3.970
188.3,3.970
188.3,3.970
188.3,3.970
188.3,3.970
188.3,3.970
188.3,3.970
188.3,3.970
188.3,3.970
188.3,3.970
188.3,3.970
188.3,3.970
188.4,3.970
188.4,3.970
188.4,3.970
188.4,3.970
188.4,3.970
188.4,3.970
188.4,3.970
188.4,3.970
188.4,3.970
188.4,3.970
188.5,3.970
188.5,3.970
188.5,3.970
188.5,3.970
188.5,3.970
188.5,3.970
188.5,3.970
188.5,3.970
188.5,3.970
188.5,3.970
188.5,3.970
188.5,3.970
188.5,3.970
188.5,3.970
188.5,3.970
188.5,3.970
188.5,3.970
188.5,3.970
188.5,3.970
188.5,3.970
188.5,3.970
188.6,3.970
188.6,3.970
188.6,3.970
188.6,3.970
188.6,3.970
188.6,3.970
188.6,3.970
188.6,3.970
188.6,3.970
188.6,3.970
188.6,3.970
188.6,3.970
188.6,3.970
188.6,3.970
188.6,3.970
188.7,3.970
188.7,3.970
188.7,3.970
188.7,3.970
188.7,3.970
188.7,3.970
188.7,3.970
188.7,3.970
188.8,3.970
188.8,3.970
188.8,3.970
188.8,3.970
188.8,3.970
188.8,3.970
188.8,3.970
188.8,3.970
188.8,3.970
188.8,3.970
188.8,3.970
188.8,3.970
188.8,3.970
188.9,3.970
188.9,3.970
188.9,3.970
188.9,3.970
188.9,3.970
188.9,3.970
188.9,3.970
188.9,3.970
188.9,3.970
188.9,3.970
188.9,3.970
188.9,3.970
188.9,3.970
188.9,3.970
188.9,3.970
188.9,3.970
188.9,3.970
189.0,3.970
189.0,3.970
189.0,3.970
189.0,3.970
189.0,3.970
189.0,3.970
189.0,3.970
189.0,3.970
189.0,3.970
189.1,3.970
189.1,3.970
189.1,3.970
189.1,3.970
189.1,3.970
189.1,3.970
189.1,3.970
189.1,3.970
189.1,3.970
189.1,3.970
189.1,3.970
189.1,3.970
189.1,3.970
189.1,3.970
189.1,3.970
189.1,3.970
189.2,3.970
189.2,3.970
189.2,3.970
189.2,3.970
189.2,3.970
189.2,3.970
189.2,3.970
189.2,3.970
189.2,3.970
189.2,3.970
189.2,3.970
189.2,3.970
189.2,3.970
189.2,3.970
189.2,3.970
189.2,3.970
189.2,3.970
189.2,3.970
189.2,3.970
189.2,3.970
189.2,3.970
189.2,3.970
189.2,3.970
189.3,3.970
189.3,3.970
189.3,3.970
189.3,3.970
189.3,3.970
189.3,3.970
189.3,3.970
189.3,3.970
189.3,3.975
189.3,3.975
189.3,3.975
189.3,3.975
189.4,3.975
189.4,3.975
189.4,3.975
189.4,3.975
189.4,3.975
189.4,3.975
189.4,3.975
189.4,3.975
189.4,3.975
189.4,3.975
189.4,3.975
189.4,3.975
189.4,3.975
189.4,3.975
189.5,3.975
189.5,3.975
189.5,3.975
189.5,3.975
189.5,3.975
189.5,3.975
189.6,3.975
189.6,3.975
189.6,3.975
189.6,3.975
189.6,3.975
189.6,3.975
189.6,3.975
189.6,3.975
189.6,3.975
189.6,3.975
189.6,3.975
189.6,3.975
189.6,3.975
189.6,3.975
189.6,3.975
189.6,3.975
189.6,3.975
189.6,3.975
189.6,3.975
189.6,3.975
189.6,3.975
189.6,3.975
189.6,3.975
189.6,3.975
189.7,3.975
189.7,3.975
189.7,3.975
189.7,3.975
189.7,3.975
189.7,3.975
189.7,3.975
189.7,3.975
189.8,3.975
189.8,3.975
189.8,3.975
189.8,3.975
189.8,3.975
189.8,3.975
189.8,3.975
189.8,3.975
189.8,3.975
189.8,3.975
189.8,3.975
189.8,3.975
189.8,3.975
189.8,3.975
189.8,3.975
189.8,3.975
189.8,3.975
189.9,3.975
189.9,3.975
189.9,3.975
189.9,3.975
189.9,3.975
189.9,3.975
189.9,3.975
189.9,3.975
189.9,3.975
189.9,3.975
189.9,3.975
190.0,3.975
189.9,3.975
189.9,3.975
189.9,3.975
189.9,3.975
189.9,3.975
190.0,3.975
190.0,3.975
190.0,3.975
190.0,3.975
190.0,3.975
190.0,3.975
190.0,3.975
190.0,3.975
190.0,3.975
190.0,3.975
190.0,3.975
190.0,3.975
190.1,3.975
190.1,3.975
190.1,3.975
190.1,3.975
190.1,3.975
190.1,3.975
190.1,3.975
190.1,3.975
190.1,3.975
190.2,3.975
190.2,3.975
190.2,3.975
190.2,3.975
190.2,3.975
190.2,3.975
190.2,3.975
190.2,3.975
190.2,3.975
190.2,3.975
190.2,3.975
190.2,3.975
190.2,3.975
190.2,3.975
190.2,3.975
190.2,3.975
190.3,3.975
190.3,3.975
190.3,3.975
190.3,3.975
190.3,3.975
190.3,3.975
190.3,3.975
190.3,3.975
190.3,3.975
190.3,3.975
190.3,3.975
190.3,3.975
190.3,3.975
190.4,3.975
190.4,3.975
190.4,3.975
190.4,3.975
190.4,3.975
190.4,3.975
190.4,3.975
190.4,3.975
190.4,3.975
190.4,3.975
190.4,3.975
190.4,3.975
190.4,3.975
190.4,3.975
190.4,3.975
190.4,3.975
190.4,3.975
190.5,3.975
190.5,3.975
190.5,3.975
190.5,3.975
190.5,3.975
190.5,3.975
190.5,3.975
190.5,3.975
190.6,3.975
190.6,3.975
190.6,3.975
190.6,3.975
190.6,3.975
190.6,3.975
190.6,3.975
190.6,3.975
190.6,3.975
190.6,3.975
190.6,3.975
190.7,3.975
190.7,3.975
190.7,3.975
190.7,3.975
190.7,3.975
190.7,3.975
190.7,3.975
190.7,3.975
190.7,3.975
190.7,3.975
190.7,3.975
190.7,3.975
190.7,3.975
190.7,3.975
190.7,3.975
190.7,3.975
190.8,3.975
190.8,3.975
190.8,3.975
190.8,3.975
190.8,3.975
190.8,3.975
190.8,3.975
190.8,3.975
190.8,3.975
190.8,3.975
190.8,3.975
190.8,3.975
190.8,3.975
190.8,3.975
190.8,3.975
190.8,3.975
190.9,3.975
190.9,3.975
190.9,3.975
190.9,3.975
190.9,3.975
190.9,3.975
190.9,3.975
190.9,3.975
190.9,3.975
190.9,3.975
190.9,3.975
190.9,3.975
190.9,3.975
190.9,3.975
190.9,3.975
190.9,3.975
190.9,3.975
190.9,3.975
191.0,3.975
191.0,3.975
191.0,3.975
191.0,3.975
191.0,3.975
191.0,3.975
191.0,3.975
191.0,3.975
191.0,3.975
191.0,3.975
191.0,3.975
191.0,3.975
191.0,3.975
191.0,3.975
191.1,3.975
191.1,3.975
191.1,3.975
191.1,3.975
191.1,3.975
191.1,3.975
191.1,3.975
191.1,3.975
191.1,3.975
191.1,3.975
191.1,3.975
191.2,3.975
191.2,3.975
191.2,3.975
191.2,3.975
191.2,3.975
191.2,3.975
191.2,3.975
191.2,3.975
191.2,3.975
191.2,3.975
191.2,3.975
191.2,3.975
191.2,3.975
191.2,3.975
191.2,3.975
191.2,3.975
191.2,3.975
191.2,3.975
191.2,3.975
191.3,3.975
191.3,3.975
191.3,3.975
191.3,3.975
191.3,3.975
191.3,3.975
191.3,3.975
191.3,3.975
191.4,3.975
191.4,3.975
191.4,3.975
191.4,3.975
191.4,3.975
191.4,3.975
191.4,3.975
191.4,3.975
191.4,3.975
191.4,3.975
191.4,3.975
191.4,3.975
191.4,3.975
191.4,3.975
191.4,3.975
191.4,3.975
191.4,3.975
191.4,3.975
191.4,3.975
191.5,3.975
191.5,3.975
191.5,3.975
191.5,3.975
191.5,3.975
191.5,3.975
191.5,3.975
191.5,3.975
191.5,3.975
191.5,3.975
191.5,3.975
191.5,3.975
191.5,3.975
191.5,3.975
191.5,3.975
191.5,3.975
191.5,3.975
191.6,3.975
191.6,3.975
191.6,3.975
191.6,3.975
191.6,3.975
191.6,3.975
191.6,3.975
191.6,3.975
191.6,3.975
191.6,3.975
191.6,3.975
191.6,3.975
191.6,3.975
191.6,3.975
191.6,3.975
191.6,3.975
191.6,3.975
191.6,3.975
191.6,3.975
191.6,3.975
191.6,3.975
191.6,3.975
191.6,3.975
191.6,3.975
191.6,3.975
191.6,3.975
191.7,3.975
191.7,3.975
191.7,3.975
191.7,3.975
191.7,3.975
191.7,3.975
191.7,3.975
191.7,3.975
191.7,3.975
191.7,3.975
191.7,3.975
191.7,3.975
191.8,3.975
191.8,3.975
191.8,3.975
191.8,3.975
191.8,3.975
191.8,3.975
191.8,3.975
191.8,3.975
191.8,3.975
191.8,3.975
191.9,3.975
192.0,3.975
192.0,3.975
192.0,3.975
192.0,3.975
192.0,3.975
192.0,3.975
192.0,3.975
192.0,3.975
192.0,3.975
192.0,3.975
192.0,3.975
192.0,3.975
192.0,3.975
192.0,3.975
192.0,3.975
192.0,3.975
192.0,3.975
192.0,3.975
192.0,3.975
192.0,3.975
192.0,3.975
192.0,3.975
192.0,3.975
192.0,3.975
192.1,3.975
192.1,3.975
192.1,3.975
192.1,3.975
192.1,3.975
192.1,3.975
192.1,3.975
192.1,3.975
192.1,3.975
192.1,3.975
192.1,3.975
192.1,3.975
192.1,3.975
192.2,3.975
192.2,3.975
192.2,3.975
192.2,3.975
192.2,3.975
192.2,3.975
192.2,3.975
192.2,3.975
192.2,3.975
192.2,3.975
192.3,3.975
192.3,3.975
192.3,3.975
192.3,3.975
192.3,3.975
192.3,3.975
192.3,3.975
192.3,3.975
192.4,3.975
192.4,3.975
192.4,3.975
192.4,3.975
192.4,3.975
192.4,3.975
192.4,3.975
192.4,3.975
192.4,3.975
192.4,3.975
192.5,3.975
192.5,3.975
192.5,3.975
192.5,3.975
192.5,3.975
192.5,3.975
192.5,3.975
192.5,3.975
192.5,3.975
192.5,3.975
192.5,3.975
192.5,3.975
192.5,3.975
192.5,3.975
192.5,3.975
192.5,3.975
192.5,3.975
192.5,3.975
192.5,3.975
192.6,3.975
192.6,3.975
192.6,3.975
192.6,3.975
192.6,3.975
192.6,3.975
192.6,3.975
192.6,3.975
192.6,3.975
192.6,3.975
192.6,3.975
192.6,3.975
192.6,3.975
192.6,3.975
192.6,3.975
192.6,3.975
192.6,3.975
192.7,3.975
192.7,3.975
192.7,3.975
192.7,3.975
192.7,3.975
192.7,3.975
192.7,3.975
192.7,3.975
192.7,3.975
192.7,3.975
192.7,3.975
192.7,3.975
192.7,3.975
192.7,3.975
192.8,3.975
192.8,3.975
192.8,3.975
192.8,3.975
192.8,3.975
192.8,3.975
192.8,3.975
192.8,3.975
192.8,3.975
192.8,3.975
192.8,3.975
192.8,3.975
192.8,3.975
192.8,3.975
192.8,3.975
192.9,3.975
192.9,3.975
192.9,3.975
192.9,3.975
192.9,3.975
192.9,3.975
192.9,3.975
192.9,3.975
192.9,3.975
192.9,3.975
192.9,3.975
192.9,3.975
192.9,3.975
192.9,3.975
192.9,3.975
192.9,3.975
192.9,3.975
192.9,3.975
192.9,3.975
192.9,3.975
192.9,3.975
192.9,3.975
192.9,3.975
192.9,3.975
192.9,3.975
192.9,3.975
192.9,3.975
192.9,3.975
192.9,3.975
192.9,3.975
192.9,3.975
192.9,3.975
192.9,3.975
192.9,3.975
192.9,3.975
192.9,3.975
193.0,3.975
193.0,3.975
193.0,3.975
193.0,3.975
193.0,3.975
193.0,3.975
193.0,3.975
193.0,3.975
193.0,3.975
193.0,3.975
193.0,3.975
193.0,3.975
193.0,3.975
193.0,3.975
193.0,3.975
193.0,3.975
193.0,3.975
193.0,3.975
193.0,3.975
193.0,3.975
193.0,3.975
193.0,3.975
193.0,3.975
193.0,3.975
193.0,3.975
193.0,3.975
193.0,3.975
193.0,3.975
193.0,3.975
193.0,3.975
193.0,3.975
193.0,3.975
193.0,3.975
193.1,3.975
193.1,3.975
193.1,3.975
193.1,3.975
193.1,3.975
193.1,3.975
193.1,3.975
193.1,3.975
193.1,3.975
193.1,3.975
193.1,3.975
193.1,3.975
193.1,3.975
193.1,3.975
193.1,3.975
193.1,3.975
193.1,3.975
193.1,3.975
193.1,3.975
193.1,3.975
193.1,3.975
193.1,3.975
193.1,3.975
193.1,3.975
193.1,3.975
193.1,3.975
193.1,3.975
193.1,3.975
193.1,3.975
193.1,3.975
193.1,3.975
193.1,3.975
193.1,3.975
193.1,3.975
193.1,3.975
193.1,3.975
193.1,3.975
193.1,3.975
193.1,3.975
193.1,3.975
193.1,3.975
193.1,3.975
193.1,3.975
193.1,3.975
193.1,3.975
193.1,3.975
193.1,3.975
193.1,3.975
193.1,3.975
193.1,3.975
193.1,3.975
193.1,3.975
193.1,3.975
193.1,3.975
193.1,3.975
193.1,3.975
193.1,3.975
193.1,3.975
193.1,3.975
193.1,3.975
193.1,3.975
193.1,3.975
193.1,3.975
193.1,3.975
193.1,3.975
193.1,3.975
193.1,3.975
193.1,3.975
193.1,3.975
193.1,3.975
193.1,3.975
193.1,3.975
193.1,3.975
193.1,3.975
193.1,3.975
193.1,3.975
193.1,3.975
193.1,3.975
193.1,3.975
193.1,3.975
193.1,3.975
193.1,3.975
193.1,3.975
193.1,3.975
193.1,3.975
193.1,3.975
193.1,3.975
193.1,3.975
193.1,3.975
193.1,3.975
193.1,3.975
193.1,3.975
193.1,3.975
193.1,3.975
193.1,3.975
193.1,3.975
193.1,3.975
193.1,3.975
193.1,3.975
193.1,3.975
193.1,3.975
193.1,3.975
193.1,3.975
193.1,3.975
193.1,3.975
193.1,3.975
193.1,3.975
193.1,3.975
193.1,3.975
193.1,3.975
193.1,3.975
193.1,3.975
193.1,3.975
193.1,3.975
193.1,3.975
193.1,3.975
193.1,3.975
193.1,3.975
193.1,3.975
193.1,3.975
193.1,3.975
193.1,3.975
193.1,3.975
193.1,3.975
193.1,3.975
193.1,3.975
193.1,3.975
193.1,3.975
193.1,3.975
193.1,3.975
193.1,3.975
193.1,3.975
193.1,3.975
193.1,3.975
193.1,3.975
193.1,3.975
193.1,3.975
193.1,3.975
193.1,3.975
193.1,3.975
193.1,3.975
193.1,3.975
193.1,3.975
193.1,3.975
193.1,3.975
193.1,3.975
193.1,3.975
193.1,3.975
193.1,3.975
193.1,3.975
193.1,3.975
193.1,3.975
193.1,3.975
193.1,3.975
193.1,3.975
193.1,3.975
193.1,3.975
193.1,3.975
193.1,3.975
193.1,3.975
193.1,3.975
193.1,3.975
193.1,3.975
193.1,3.975
193.1,3.975
193.1,3.975
193.1,3.975
193.1,3.975
193.1,3.975
193.1,3.975
193.1,3.975
193.1,3.975
193.1,3.975
193.1,3.975
193.1,3.975
193.1,3.975
193.1,3.975
193.1,3.975
193.1,3.975
193.1,3.975
193.1,3.975
193.1,3.975
193.1,3.975
193.1,3.975
193.1,3.975
193.1,3.975
193.1,3.975
193.1,3.975
193.1,3.975
193.1,3.975
193.1,3.975
193.1,3.975
193.1,3.975
193.1,3.975
193.1,3.975
193.1,3.975
193.1,3.975
193.1,3.975
193.1,3.975
193.1,3.975
193.1,3.975
193.1,3.975
193.1,3.975
193.1,3.975
193.1,3.975
193.1,3.975
193.1,3.975
193.1,3.975
193.1,3.975
193.1,3.975
193.1,3.975
193.1,3.975
193.1,3.975
193.1,3.975
193.1,3.975
193.1,3.975
193.1,3.975
193.1,3.975
193.1,3.975
193.1,3.975
193.1,3.975
193.1,3.975
193.1,3.975
193.1,3.975
193.1,3.975
193.1,3.975
193.1,3.975
193.1,3.975
193.1,3.975
193.1,3.975
193.1,3.975
193.1,3.975
193.1,3.975
193.1,3.975
193.1,3.975
193.1,3.975
193.1,3.975
193.1,3.975
193.1,3.975
193.1,3.975
193.1,3.975
193.1,3.975
193.1,3.975
193.1,3.975
193.1,3.975
193.1,3.975
193.1,3.975
193.1,3.975
193.1,3.975
193.1,3.975
193.1,3.975
193.1,3.975
193.1,3.975
193.1,3.975
193.1,3.975
193.1,3.975
193.1,3.975
193.1,3.975
193.1,3.975
193.1,3.975
193.1,3.975
193.1,3.975
193.1,3.975
193.1,3.975
193.1,3.975
193.1,3.975
193.1,3.975
193.1,3.975
193.1,3.975
193.1,3.975
193.1,3.975
193.1,3.975
193.1,3.975
193.1,3.975
193.1,3.975
193.1,3.975
193.1,3.975
193.1,3.975
193.1,3.975
193.1,3.975
193.1,3.975
193.1,3.975
193.1,3.975
193.1,3.975
193.1,3.975
193.0,3.975
193.0,3.975
193.0,3.975
193.0,3.975
193.0,3.975
193.0,3.975
193.0,3.975
193.0,3.975
193.0,3.975
193.0,3.975
193.0,3.975
193.0,3.975
193.1,3.975
193.1,3.975
193.1,3.975
193.1,3.975
193.1,3.975
193.1,3.975
193.1,3.975
193.1,3.975
193.1,3.975
193.1,3.975
193.1,3.975
193.1,3.975
193.1,3.975
193.1,3.975
193.1,3.975
193.1,3.975
193.0,3.975
193.0,3.975
193.0,3.975
193.0,3.975
193.0,3.975
193.0,3.975
193.0,3.975
193.0,3.975
193.0,3.975
193.0,3.975
193.0,3.975
193.0,3.975
193.0,3.975
193.0,3.975
193.0,3.975
193.0,3.975
193.0,3.975
193.0,3.975
193.0,3.975
193.0,3.975
193.0,3.975
193.0,3.975
193.0,3.975
193.0,3.975
193.0,3.975
193.0,3.975
193.0,3.975
193.0,3.975
193.0,3.975
193.0,3.975
193.0,3.975
193.0,3.975
193.0,3.975
193.0,3.975
193.0,3.975
193.0,3.975
193.0,3.975
193.0,3.975
193.0,3.975
193.0,3.975
193.0,3.975
193.0,3.975
193.0,3.975
193.0,3.975
193.0,3.975
193.0,3.975
193.0,3.975
193.0,3.975
193.0,3.975
193.0,3.975
193.0,3.975
193.0,3.975
193.0,3.975
193.0,3.975
193.0,3.975
193.0,3.975
193.0,3.975
192.9,3.975
192.9,3.975
192.9,3.975
192.9,3.975
192.9,3.975
192.9,3.975
192.9,3.975
192.9,3.975
192.9,3.975
192.9,3.975
192.9,3.975
192.9,3.975
192.9,3.975
192.9,3.975
192.9,3.975
192.9,3.975
192.9,3.975
192.9,3.975
192.9,3.975
192.9,3.975
192.9,3.975
192.9,3.975
192.9,3.975
192.9,3.975
192.9,3.975
192.9,3.975
192.9,3.975
192.9,3.975
192.9,3.975
192.9,3.975
192.9,3.975
192.9,3.975
192.9,3.975
192.9,3.975
192.8,3.975
192.8,3.975
192.8,3.975
192.8,3.975
192.8,3.975
192.8,3.975
192.8,3.975
192.8,3.975
192.8,3.975
192.8,3.975
192.8,3.975
192.8,3.975
192.8,3.975
192.8,3.975
192.8,3.975
192.8,3.975
192.8,3.975
192.8,3.975
192.8,3.975
192.8,3.975
192.8,3.975
192.8,3.975
192.8,3.975
192.8,3.975
192.8,3.975
192.8,3.975
192.8,3.975
192.8,3.975
192.8,3.975
192.8,3.975
192.8,3.975
192.8,3.975
192.8,3.975
192.8,3.975
192.8,3.975
192.8,3.975
192.8,3.975
192.8,3.975
192.8,3.975
192.8,3.975
192.8,3.975
192.8,3.975
192.8,3.975
192.8,3.975
192.8,3.975
192.8,3.975
192.8,3.975
192.8,3.975
192.8,3.975
192.8,3.975
192.8,3.975
192.8,3.975
192.8,3.975
192.8,3.975
192.8,3.975
192.8,3.975
192.8,3.975
192.8,3.975
192.8,3.975
192.8,3.975
192.8,3.975
192.8,3.975
192.8,3.975
192.8,3.975
192.8,3.975
192.8,3.975
192.8,3.975
192.8,3.975
192.8,3.975
192.8,3.975
192.8,3.975
192.8,3.975
192.8,3.975
192.8,3.975
192.8,3.975
192.8,3.975
192.8,3.975
192.8,3.975
192.8,3.975
192.8,3.975
192.8,3.975
192.8,3.975
192.8,3.975
192.8,3.975
192.8,3.975
192.8,3.975
192.8,3.975
192.8,3.975
192.8,3.975
192.8,3.975
192.8,3.975
192.7,3.975
192.7,3.975
192.7,3.975
192.7,3.975
192.7,3.975
192.7,3.975
192.7,3.975
192.7,3.975
192.7,3.975
192.7,3.975
192.7,3.975
192.7,3.975
192.7,3.975
192.7,3.975
192.7,3.975
192.7,3.975
192.7,3.975
192.7,3.975
192.7,3.975
192.7,3.975
192.7,3.975
192.7,3.975
192.7,3.975
192.7,3.975
192.7,3.975
192.7,3.975
192.7,3.975
192.7,3.975
192.7,3.975
192.7,3.975
192.7,3.975
192.7,3.975
192.7,3.975
192.7,3.975
192.7,3.975
192.7,3.975
192.7,3.975
192.7,3.975
192.7,3.975
192.7,3.975
192.7,3.975
192.7,3.975
192.7,3.975
192.7,3.975
192.7,3.975
192.7,3.975
192.7,3.975
192.7,3.975
192.7,3.975
192.7,3.975
192.7,3.975
192.7,3.975
192.7,3.975
192.7,3.975
192.7,3.975
192.7,3.975
192.7,3.975
192.7,3.975
192.7,3.975
192.7,3.975
192.7,3.975
192.7,3.975
192.7,3.975
192.7,3.975
192.7,3.975
192.7,3.975
192.7,3.975
192.7,3.975
192.7,3.975
192.7,3.975
192.7,3.975
192.7,3.975
192.7,3.975
192.7,3.975
192.7,3.975
192.7,3.975
192.7,3.975
192.7,3.975
192.7,3.975
192.7,3.975
192.7,3.975
192.7,3.975
192.7,3.975
192.7,3.975
192.7,3.975
192.7,3.975
192.7,3.975
192.7,3.975
192.7,3.975
192.7,3.975
192.7,3.975
192.7,3.975
192.7,3.975
192.7,3.975
192.7,3.975
192.7,3.975
192.7,3.975
192.7,3.975
192.7,3.975
192.7,3.975
192.7,3.975
192.7,3.975
192.7,3.975
192.7,3.975
192.6,3.975
192.6,3.975
192.6,3.975
192.6,3.975
192.6,3.975
192.6,3.975
192.6,3.975
192.6,3.975
192.6,3.975
192.6,3.975
192.6,3.975
192.6,3.975
192.6,3.975
192.6,3.975
192.6,3.975
192.6,3.975
192.6,3.975
192.6,3.975
192.6,3.975
192.6,3.975
192.6,3.975
192.6,3.975
192.6,3.975
192.6,3.975
192.6,3.975
192.6,3.975
192.6,3.975
192.5,3.975
192.5,3.975
192.5,3.975
192.5,3.975
192.5,3.975
192.5,3.975
192.5,3.975
192.5,3.975
192.5,3.975
192.5,3.975
192.5,3.975
192.5,3.975
192.5,3.975
192.5,3.975
192.5,3.975
192.5,3.975
192.5,3.975
192.5,3.975
192.5,3.975
192.5,3.975
192.5,3.975
192.5,3.975
192.5,3.975
192.5,3.975
192.5,3.975
192.5,3.975
192.4,3.975
192.4,3.975
192.4,3.975
192.4,3.975
192.4,3.975
192.4,3.975
192.4,3.975
192.4,3.975
192.4,3.975
192.4,3.975
192.4,3.975
192.4,3.975
192.3,3.975
192.3,3.975
192.3,3.975
192.3,3.975
192.3,3.975
192.3,3.975
192.3,3.975
192.3,3.975
192.3,3.975
192.3,3.975
192.3,3.975
192.3,3.975
192.3,3.975
192.3,3.975
192.3,3.975
192.3,3.975
192.3,3.975
192.3,3.975
192.3,3.975
192.3,3.975
192.3,3.975
192.3,3.975
192.3,3.975
192.3,3.975
192.3,3.975
192.2,3.975
192.2,3.975
192.2,3.975
192.2,3.975
192.2,3.975
192.2,3.975
192.2,3.975
192.2,3.975
192.2,3.975
192.2,3.975
192.2,3.975
192.2,3.975
192.1,3.975
192.1,3.975
192.1,3.975
192.1,3.975
192.1,3.975
192.1,3.975
192.1,3.975
192.1,3.975
192.1,3.975
192.1,3.975
192.0,3.975
192.0,3.975
192.0,3.975
192.0,3.975
192.0,3.975
192.0,3.975
192.0,3.975
192.0,3.975
192.0,3.975
192.0,3.975
192.0,3.975
192.0,3.975
192.0,3.975
191.9,3.975
191.9,3.975
191.9,3.975
191.9,3.975
191.9,3.975
191.9,3.975
191.9,3.975
191.9,3.975
191.9,3.975
191.8,3.975
191.8,3.975
191.8,3.975
191.7,3.975
191.7,3.975
191.7,3.975
191.7,3.975
191.7,3.975
191.7,3.975
191.7,3.975
191.7,3.975
191.7,3.975
191.7,3.975
191.7,3.975
191.7,3.975
191.7,3.975
191.7,3.975
191.6,3.975
191.6,3.975
191.6,3.975
191.6,3.975
191.6,3.975
191.6,3.975
191.6,3.975
191.6,3.975
191.6,3.975
191.5,3.975
191.5,3.975
191.5,3.975
191.5,3.975
191.5,3.975
191.5,3.975
191.5,3.975
191.5,3.975
191.5,3.975
191.4,3.975
191.4,3.975
191.4,3.975
191.4,3.975
191.4,3.975
191.4,3.975
191.4,3.975
191.4,3.975
191.4,3.975
191.4,3.975
191.4,3.975
191.3,3.975
191.3,3.975
191.3,3.975
191.2,3.975
191.2,3.975
191.2,3.975
191.2,3.975
191.2,3.975
191.2,3.975
191.1,3.975
191.1,3.975
191.1,3.975
191.1,3.975
191.1,3.975
191.1,3.975
191.1,3.975
191.1,3.975
191.1,3.975
191.1,3.975
191.1,3.975
191.1,3.975
191.1,3.975
191.1,3.975
191.0,3.975
191.0,3.975
191.0,3.975
190.9,3.975
191.0,3.975
190.9,3.975
190.9,3.975
190.9,3.975
190.9,3.975
190.9,3.975
190.9,3.975
190.9,3.975
190.9,3.975
190.9,3.975
190.9,3.975
190.8,3.975
190.8,3.975
190.8,3.975
190.8,3.975
190.8,3.975
190.7,3.975
190.7,3.975
190.7,3.975
190.7,3.975
190.7,3.975
190.7,3.975
190.7,3.975
190.7,3.975
190.7,3.975
190.6,3.975
190.6,3.975
190.6,3.975
190.6,3.975
190.6,3.975
190.6,3.975
190.6,3.975
190.5,3.975
190.5,3.975
190.4,3.975
190.4,3.975
190.4,3.975
190.4,3.975
190.4,3.975
190.4,3.975
190.4,3.975
190.3,3.975
190.3,3.975
190.2,3.975
190.2,3.975
190.2,3.975
190.2,3.975
190.2,3.975
190.2,3.975
190.2,3.975
190.2,3.975
190.2,3.975
190.2,3.975
190.2,3.975
190.2,3.975
190.1,3.975
190.1,3.975
190.1,3.975
190.1,3.975
190.1,3.975
190.1,3.975
190.1,3.975
190.1,3.975
190.0,3.975
189.9,3.975
189.9,3.975
189.9,3.975
189.9,3.975
189.9,3.975
189.9,3.975
189.9,3.975
189.9,3.975
189.9,3.975
189.9,3.975
189.9,3.975
189.8,3.975
189.7,3.975
189.7,3.975
189.7,3.975
189.7,3.975
189.6,3.975
189.6,3.975
189.6,3.975
189.6,3.975
189.6,3.975
189.6,3.975
189.6,3.975
189.6,3.975
189.6,3.975
189.6,3.975
189.6,3.975
189.5,3.975
189.5,3.975
189.4,3.975
189.4,3.975
189.4,3.975
189.4,3.975
189.4,3.975
189.4,3.975
189.4,3.975
189.3,3.975
189.3,3.975
189.2,3.975
189.2,3.975
189.2,3.975
189.2,3.975
189.2,3.975
189.2,3.975
189.2,3.975
189.2,3.975
189.1,3.975
189.0,3.975
189.0,3.975
189.0,3.975
189.0,3.975
189.0,3.975
189.0,3.975
189.0,3.975
189.0,3.975
188.9,3.975
188.9,3.975
188.9,3.975
188.9,3.975
188.9,3.975
188.9,3.975
188.9,3.975
188.9,3.975
188.8,3.975
188.8,3.975
188.8,3.975
188.8,3.975
188.8,3.975
188.7,3.975
188.7,3.975
188.7,3.975
188.7,3.975
188.7,3.975
188.7,3.975
188.7,3.975
188.6,3.975
188.6,3.975
188.6,3.975
188.6,3.975
188.5,3.975
188.5,3.975
188.4,3.975
188.4,3.975
188.4,3.975
188.4,3.975
188.4,3.975
188.3,3.975
188.3,3.975
188.3,3.975
188.3,3.975
188.3,3.975
188.3,3.975
188.3,3.975
188.3,3.975
188.3,3.975
188.3,3.975
188.2,3.975
188.2,3.975
188.2,3.975
188.2,3.975
188.2,3.975
188.2,3.975
188.1,3.975
188.1,3.975
188.1,3.975
188.1,3.975
188.1,3.975
188.1,3.975
188.0,3.975
187.9,3.975
187.9,3.975
187.9,3.975
187.9,3.970
187.9,3.970
187.9,3.970
187.9,3.970
187.9,3.970
187.9,3.970
187.9,3.970
187.9,3.970
187.9,3.970
187.8,3.970
187.8,3.970
187.8,3.970
187.7,3.970
187.8,3.970
187.7,3.970
187.7,3.970
187.7,3.970
187.7,3.970
187.7,3.970
187.7,3.970
187.7,3.970
187.7,3.970
187.6,3.970
187.6,3.970
187.6,3.970
187.6,3.970
187.6,3.970
187.6,3.970
187.5,3.970
187.5,3.970
187.5,3.970
187.5,3.970
187.5,3.970
187.4,3.970
187.4,3.970
187.3,3.970
187.3,3.970
187.3,3.970
187.3,3.970
187.3,3.970
187.3,3.970
187.3,3.970
187.3,3.970
187.3,3.970
187.3,3.970
187.3,3.970
187.3,3.970
187.2,3.970
187.3,3.970
187.2,3.970
187.2,3.970
187.2,3.970
187.2,3.970
187.2,3.970
187.2,3.970
187.2,3.970
187.1,3.970
187.1,3.970
187.1,3.970
187.1,3.970
187.1,3.970
187.1,3.970
187.1,3.970
187.1,3.970
187.1,3.970
187.1,3.970
187.1,3.970
186.9,3.970
186.9,3.970
186.9,3.970
186.9,3.970
186.9,3.970
186.9,3.970
186.9,3.970
186.9,3.970
186.9,3.970
186.9,3.970
186.9,3.970
186.9,3.970
186.8,3.970
186.8,3.970
186.8,3.970
186.8,3.970
186.8,3.970
186.7,3.970
186.7,3.970
186.7,3.970
186.7,3.970
186.7,3.970
186.7,3.970
186.7,3.970
186.6,3.970
186.6,3.970
186.5,3.970
186.5,3.970
186.5,3.970
186.5,3.970
186.5,3.970
186.5,3.970
186.5,3.970
186.5,3.970
186.5,3.970
186.5,3.970
186.5,3.970
186.5,3.970
186.4,3.970
186.4,3.970
186.4,3.970
186.4,3.970
186.4,3.970
186.3,3.970
186.3,3.970
186.3,3.970
186.3,3.970
186.3,3.970
186.3,3.970
186.3,3.970
186.2,3.970
186.2,3.970
186.2,3.970
186.2,3.970
186.2,3.970
186.2,3.970
186.2,3.970
186.2,3.970
186.2,3.970
186.1,3.970
186.1,3.970
186.1,3.970
186.1,3.970
186.0,3.970
186.0,3.970
186.0,3.970
186.0,3.970
186.0,3.970
186.0,3.970
186.0,3.970
186.0,3.970
185.9,3.970
185.9,3.970
185.9,3.970
185.9,3.970
185.9,3.970
185.9,3.970
185.9,3.970
185.9,3.970
185.9,3.970
185.9,3.970
185.8,3.970
185.8,3.970
185.8,3.970
185.8,3.970
185.8,3.970
185.7,3.970
185.7,3.970
185.7,3.970
185.7,3.970
185.7,3.970
185.7,3.970
185.7,3.970
185.6,3.970
185.6,3.970
185.6,3.970
185.6,3.970
185.6,3.970
185.6,3.970
185.5,3.970
185.5,3.970
185.5,3.970
185.5,3.970
185.5,3.970
185.5,3.970
185.4,3.970
185.4,3.970
185.4,3.970
185.4,3.970
185.4,3.970
185.4,3.970
185.4,3.970
185.4,3.970
185.3,3.970
185.3,3.970
185.3,3.970
185.3,3.970
185.2,3.970
185.2,3.970
185.2,3.970
185.2,3.970
185.2,3.970
185.2,3.970
185.2,3.970
185.2,3.970
185.2,3.970
185.1,3.970
185.1,3.970
185.0,3.970
185.1,3.970
185.1,3.970
185.0,3.970
185.0,3.970
185.0,3.970
184.9,3.970
184.9,3.970
184.9,3.970
184.9,3.970
184.9,3.970
184.8,3.970
184.8,3.970
184.8,3.970
184.8,3.970
184.8,3.970
184.8,3.970
184.8,3.970
184.8,3.970
184.8,3.970
184.8,3.970
184.8,3.970
184.7,3.970
184.7,3.970
184.7,3.970
184.7,3.970
184.7,3.970
184.7,3.970
184.6,3.970
184.6,3.970
184.5,3.970
184.6,3.970
184.6,3.970
184.6,3.970
184.6,3.970
184.6,3.970
184.5,3.970
184.5,3.970
184.5,3.970
184.5,3.970
184.4,3.970
184.4,3.970
184.4,3.970
184.3,3.970
184.4,3.970
184.3,3.970
184.3,3.970
184.3,3.970
184.3,3.970
184.3,3.970
184.3,3.970
184.3,3.970
184.2,3.970
184.2,3.970
184.2,3.970
184.2,3.970
184.2,3.970
184.2,3.970
184.2,3.970
184.2,3.970
184.2,3.970
184.1,3.970
184.1,3.970
184.1,3.970
184.1,3.970
184.1,3.970
184.1,3.970
184.0,3.970
184.0,3.970
184.0,3.970
184.0,3.970
184.0,3.970
184.0,3.970
184.0,3.970
184.0,3.970
184.0,3.970
183.9,3.970
183.8,3.970
183.8,3.970
183.8,3.970
183.8,3.970
183.8,3.970
183.8,3.970
183.8,3.970
183.8,3.970
183.8,3.970
183.8,3.970
183.8,3.970
183.8,3.970
183.8,3.970
183.7,3.970
183.6,3.970
183.6,3.970
183.5,3.970
183.5,3.970
183.5,3.970
183.5,3.970
183.5,3.970
183.5,3.970
183.5,3.970
183.5,3.970
183.5,3.970
183.5,3.970
183.5,3.970
183.4,3.970
183.4,3.970
183.4,3.970
183.4,3.970
183.3,3.970
183.3,3.970
183.3,3.970
183.3,3.970
183.3,3.970
183.3,3.970
183.3,3.970
183.2,3.970
183.2,3.970
183.1,3.970
183.1,3.970
183.1,3.970
183.1,3.970
183.1,3.970
183.1,3.970
183.1,3.970
183.1,3.965
183.0,3.965
183.0,3.965
183.0,3.965
183.0,3.965
183.0,3.965
183.0,3.965
182.9,3.965
182.9,3.965
182.8,3.965
182.8,3.965
182.8,3.965
182.8,3.965
182.8,3.965
182.8,3.965
182.8,3.965
182.8,3.965
182.8,3.965
182.7,3.965
182.7,3.965
182.7,3.965
182.7,3.965
182.7,3.965
182.7,3.965
182.6,3.965
182.5,3.965
182.5,3.965
182.5,3.965
182.5,3.965
182.5,3.965
182.5,3.965
182.4,3.965
182.4,3.965
182.3,3.965
182.3,3.965
182.3,3.965
182.3,3.965
182.3,3.965
182.3,3.965
182.3,3.965
182.3,3.965
182.3,3.965
182.3,3.965
182.3,3.965
182.2,3.965
182.2,3.965
182.2,3.965
182.2,3.965
182.2,3.965
182.1,3.965
182.1,3.965
182.0,3.965
182.0,3.965
182.0,3.965
182.0,3.965
182.0,3.965
182.0,3.965
182.0,3.965
182.0,3.965
182.0,3.965
181.9,3.965
181.8,3.965
181.8,3.965
181.8,3.965
181.8,3.965
181.7,3.965
181.7,3.965
181.7,3.965
181.7,3.965
181.7,3.965
181.7,3.965
181.7,3.965
181.7,3.965
181.6,3.965
181.6,3.965
181.5,3.965
181.5,3.965
181.5,3.965
181.5,3.965
181.5,3.965
181.5,3.965
181.5,3.965
181.5,3.965
181.5,3.965
181.4,3.965
181.4,3.965
181.3,3.965
181.3,3.965
181.3,3.965
181.3,3.965
181.3,3.965
181.3,3.965
181.3,3.965
181.3,3.965
181.3,3.965
181.2,3.965
181.1,3.965
181.1,3.965
181.1,3.965
181.1,3.965
181.0,3.965
181.0,3.965
181.0,3.965
181.0,3.965
180.9,3.965
181.0,3.965
181.0,3.965
181.0,3.965
180.9,3.965
180.9,3.965
180.8,3.965
180.8,3.965
180.8,3.965
180.8,3.965
180.8,3.965
180.8,3.965
180.8,3.965
180.8,3.965
180.8,3.965
180.8,3.965
180.6,3.965
180.6,3.965
180.6,3.965
180.5,3.965
180.5,3.965
180.5,3.965
180.5,3.965
180.5,3.965
180.4,3.965
180.4,3.965
180.4,3.965
180.4,3.965
180.4,3.965
180.4,3.965
180.3,3.965
180.4,3.965
180.3,3.965
180.3,3.965
180.2,3.965
180.2,3.965
180.2,3.965
180.2,3.965
180.1,3.965
180.1,3.965
180.1,3.965
180.1,3.965
180.1,3.965
180.0,3.965
180.0,3.965
180.0,3.965
180.0,3.965
179.9,3.965
179.9,3.965
179.9,3.965
179.8,3.965
179.8,3.965
179.8,3.965
179.8,3.965
179.8,3.965
179.8,3.965
179.8,3.965
179.7,3.965
179.7,3.965
179.6,3.965
179.6,3.965
179.6,3.965
179.6,3.965
179.5,3.965
179.5,3.965
179.5,3.965
179.4,3.965
179.4,3.965
179.4,3.965
179.4,3.965
179.4,3.965
179.4,3.965
179.4,3.965
179.3,3.965
179.3,3.965
179.3,3.965
179.2,3.965
179.2,3.965
179.2,3.965
179.2,3.965
179.2,3.965
179.2,3.965
179.1,3.965
179.1,3.965
179.0,3.965
179.0,3.965
179.0,3.965
179.0,3.965
179.0,3.965
179.0,3.965
178.9,3.965
178.9,3.965
178.9,3.965
178.8,3.965
178.8,3.965
178.8,3.965
178.7,3.965
178.7,3.965
178.7,3.965
178.6,3.965
178.6,3.965
178.6,3.965
178.5,3.965
178.5,3.965
178.5,3.965
178.5,3.965
178.4,3.965
178.4,3.965
178.4,3.965
178.4,3.965
178.4,3.965
178.4,3.965
178.4,3.965
178.4,3.965
178.3,3.965
178.3,3.965
178.3,3.965
178.2,3.965
178.2,3.965
178.2,3.965
178.1,3.965
178.1,3.965
178.1,3.965
178.0,3.965
178.0,3.965
178.0,3.965
178.0,3.965
178.0,3.965
178.0,3.965
177.9,3.965
177.9,3.965
177.8,3.965
177.8,3.965
177.8,3.965
177.8,3.965
177.7,3.965
177.7,3.965
177.7,3.960
177.7,3.960
177.7,3.960
177.7,3.960
177.7,3.960
177.7,3.960
177.6,3.960
177.6,3.960
177.5,3.960
177.5,3.960
177.5,3.960
177.5,3.960
177.5,3.960
177.5,3.960
177.4,3.960
177.4,3.960
177.3,3.960
177.3,3.960
177.3,3.960
177.2,3.960
177.2,3.960
177.2,3.960
177.2,3.960
177.1,3.960
177.1,3.960
177.1,3.960
177.1,3.960
177.0,3.960
177.0,3.960
176.9,3.960
176.9,3.960
176.9,3.960
176.9,3.960
176.9,3.960
176.9,3.960
176.8,3.960
176.8,3.960
176.8,3.960
176.7,3.960
176.7,3.960
176.7,3.960
176.7,3.960
176.6,3.960
176.6,3.960
176.6,3.960
176.5,3.960
176.5,3.960
176.5,3.960
176.5,3.960
176.5,3.960
176.4,3.960
176.4,3.960
176.4,3.960
176.3,3.960
176.3,3.960
176.3,3.960
176.2,3.960
176.2,3.960
176.2,3.960
176.2,3.960
176.2,3.960
176.2,3.960
176.2,3.960
176.1,3.960
176.1,3.960
176.1,3.960
176.0,3.960
176.0,3.960
176.0,3.960
175.9,3.960
175.9,3.960
175.9,3.960
175.8,3.960
175.8,3.960
175.8,3.960
175.8,3.960
175.7,3.960
175.7,3.960
175.7,3.960
175.7,3.960
175.6,3.960
175.6,3.960
175.6,3.960
175.5,3.960
175.5,3.960
175.5,3.960
175.4,3.960
175.4,3.960
175.4,3.960
175.4,3.960
175.3,3.960
175.3,3.960
175.3,3.960
175.2,3.960
175.2,3.960
175.2,3.960
175.1,3.960
175.1,3.960
175.1,3.960
175.0,3.960
175.0,3.960
175.0,3.960
175.0,3.960
174.9,3.960
174.9,3.960
174.9,3.960
174.8,3.960
174.8,3.960
174.8,3.960
174.8,3.960
174.7,3.960
174.7,3.960
174.7,3.960
174.7,3.960
174.6,3.960
174.6,3.960
174.6,3.960
174.5,3.960
174.5,3.960
174.5,3.960
174.5,3.960
174.4,3.960
174.4,3.960
174.3,3.960
174.3,3.960
174.3,3.960
174.2,3.960
174.2,3.960
174.2,3.960
174.2,3.960
174.1,3.960
174.1,3.960
174.1,3.960
174.0,3.960
174.0,3.960
174.0,3.960
174.0,3.960
174.0,3.960
173.9,3.960
173.9,3.960
173.9,3.960
173.8,3.960
173.8,3.960
173.8,3.960
173.7,3.960
173.7,3.960
173.7,3.960
173.6,3.960
173.6,3.960
173.6,3.960
173.5,3.960
173.5,3.960
173.5,3.960
173.4,3.960
173.4,3.960
173.4,3.960
173.3,3.960
173.3,3.960
173.3,3.960
173.3,3.960
173.2,3.960
173.2,3.960
173.2,3.960
173.2,3.960
173.1,3.960
173.1,3.960
173.1,3.960
173.0,3.960
173.0,3.960
173.0,3.960
172.9,3.960
172.9,3.960
172.9,3.960
172.8,3.960
172.8,3.960
172.8,3.960
172.8,3.960
172.7,3.960
172.7,3.960
172.7,3.960
172.6,3.960
172.6,3.960
172.6,3.960
172.6,3.960
172.5,3.960
172.5,3.960
172.5,3.960
172.5,3.960
172.4,3.960
172.3,3.960
172.3,3.955
172.3,3.955
172.3,3.955
172.2,3.955
172.2,3.955
172.2,3.955
172.1,3.955
172.1,3.955
172.1,3.955
172.0,3.955
172.0,3.955
172.0,3.955
171.9,3.955
171.9,3.955
171.9,3.955
171.8,3.955
171.8,3.955
171.8,3.955
171.7,3.955
171.7,3.955
171.6,3.955
171.6,3.955
171.6,3.955
171.6,3.955
171.5,3.955
171.5,3.955
171.4,3.955
171.4,3.955
171.4,3.955
171.4,3.955
171.4,3.955
171.3,3.955
171.3,3.955
171.2,3.955
171.2,3.955
171.2,3.955
171.1,3.955
171.1,3.955
171.1,3.955
171.1,3.955
171.0,3.955
171.0,3.955
170.9,3.955
170.9,3.955
170.9,3.955
170.8,3.955
170.8,3.955
170.8,3.955
170.7,3.955
170.7,3.955
170.6,3.955
170.6,3.955
170.6,3.955
170.5,3.955
170.5,3.955
170.5,3.955
170.5,3.955
170.4,3.955
170.4,3.955
170.3,3.955
170.3,3.955
170.3,3.955
170.2,3.955
170.2,3.955
170.2,3.955
170.1,3.955
170.1,3.955
170.1,3.955
170.1,3.955
170.1,3.955
170.0,3.955
170.0,3.955
170.0,3.955
169.9,3.955
169.9,3.955
169.8,3.955
169.8,3.955
169.7,3.955
169.7,3.955
169.7,3.955
169.6,3.955
169.6,3.955
169.6,3.955
169.5,3.955
169.5,3.955
169.5,3.955
169.4,3.955
169.4,3.955
169.4,3.955
169.3,3.955
169.3,3.955
169.2,3.955
169.2,3.955
169.2,3.955
169.2,3.955
169.1,3.955
169.1,3.955
169.0,3.955
169.0,3.955
169.0,3.955
168.9,3.955
168.9,3.955
168.9,3.955
168.8,3.955
168.8,3.955
168.8,3.955
168.7,3.955
168.7,3.955
168.7,3.955
168.6,3.955
168.6,3.955
168.5,3.955
168.5,3.955
168.5,3.955
168.4,3.955
168.4,3.955
168.4,3.955
168.3,3.955
168.3,3.955
168.3,3.955
168.2,3.955
168.2,3.955
168.2,3.955
168.2,3.955
168.2,3.955
168.1,3.955
168.1,3.955
168.0,3.955
168.0,3.955
167.9,3.955
167.9,3.955
167.8,3.955
167.8,3.955
167.8,3.955
167.7,3.955
167.7,3.955
167.7,3.955
167.6,3.955
167.6,3.955
167.6,3.955
167.5,3.955
167.5,3.955
167.4,3.955
167.4,3.955
167.4,3.955
167.4,3.955
167.3,3.955
167.2,3.955
167.2,3.955
167.2,3.955
167.1,3.955
167.1,3.955
167.1,3.955
167.1,3.955
167.0,3.955
167.0,3.950
167.0,3.950
166.9,3.950
166.9,3.950
166.8,3.950
166.8,3.950
166.7,3.950
166.7,3.950
166.7,3.950
166.6,3.950
166.6,3.950
166.6,3.950
166.5,3.950
166.5,3.950
166.5,3.950
166.4,3.950
166.4,3.950
166.3,3.950
166.3,3.950
166.2,3.950
166.2,3.950
166.2,3.950
166.1,3.950
166.1,3.950
166.1,3.950
166.0,3.950
166.0,3.950
165.9,3.950
165.9,3.950
165.8,3.950
165.8,3.950
165.8,3.950
165.7,3.950
165.7,3.950
165.7,3.950
165.7,3.950
165.7,3.950
165.6,3.950
165.6,3.950
165.6,3.950
165.5,3.950
165.5,3.950
165.4,3.950
165.4,3.950
165.3,3.950
165.3,3.950
165.3,3.950
165.2,3.950
165.2,3.950
165.1,3.950
165.1,3.950
165.0,3.950
165.0,3.950
165.0,3.950
165.0,3.950
164.9,3.950
164.9,3.950
164.9,3.950
164.8,3.950
164.8,3.950
164.7,3.950
164.7,3.950
164.6,3.950
164.6,3.950
164.6,3.950
164.5,3.950
164.5,3.950
164.4,3.950
164.4,3.950
164.4,3.950
164.3,3.950
164.3,3.950
164.3,3.950
164.3,3.950
164.2,3.950
164.2,3.950
164.2,3.950
164.1,3.950
164.0,3.950
164.0,3.950
164.0,3.950
163.9,3.950
163.9,3.950
163.9,3.950
163.8,3.950
163.8,3.950
163.7,3.950
163.7,3.950
163.7,3.950
163.6,3.950
163.6,3.950
163.6,3.950
163.5,3.950
163.5,3.950
163.4,3.950
163.4,3.950
163.4,3.950
163.4,3.950
163.3,3.950
163.3,3.950
163.3,3.950
163.2,3.950
163.2,3.950
163.2,3.950
163.1,3.950
163.1,3.950
163.1,3.950
163.0,3.950
163.0,3.950
162.9,3.950
162.9,3.950
162.8,3.950
162.8,3.950
162.8,3.950
162.7,3.950
162.7,3.950
162.7,3.950
162.6,3.950
162.6,3.950
162.5,3.950
162.5,3.950
162.5,3.950
162.4,3.950
162.4,3.950
162.4,3.950
162.4,3.950
162.3,3.950
162.3,3.950
162.3,3.950
162.2,3.950
162.2,3.950
162.2,3.950
162.1,3.950
162.1,3.950
162.0,3.950
162.0,3.950
162.0,3.950
162.0,3.950
161.9,3.950
161.9,3.950
161.8,3.945
161.8,3.945
161.8,3.945
161.7,3.945
161.7,3.945
161.6,3.945
161.6,3.945
161.6,3.945
161.5,3.945
161.5,3.945
161.4,3.945
161.4,3.945
161.4,3.945
161.4,3.945
161.3,3.945
161.3,3.945
161.2,3.945
161.2,3.945
161.2,3.945
161.1,3.945
161.1,3.945
161.0,3.945
161.0,3.945
161.0,3.945
160.9,3.945
160.9,3.945
160.8,3.945
160.8,3.945
160.8,3.945
160.8,3.945
160.8,3.945
160.7,3.945
160.7,3.945
160.7,3.945
160.6,3.945
160.6,3.945
160.5,3.945
160.5,3.945
160.5,3.945
160.4,3.945
160.4,3.945
160.4,3.945
160.3,3.945
160.3,3.945
160.2,3.945
160.2,3.945
160.2,3.945
160.1,3.945
160.1,3.945
160.1,3.945
160.0,3.945
160.0,3.945
160.0,3.945
159.9,3.945
159.9,3.945
159.8,3.945
159.8,3.945
159.8,3.945
159.7,3.945
159.7,3.945
159.7,3.945
159.6,3.945
159.6,3.945
159.6,3.945
159.6,3.945
159.5,3.945
159.5,3.945
159.4,3.945
159.4,3.945
159.4,3.945
159.3,3.945
159.3,3.945
159.3,3.945
159.2,3.945
159.2,3.945
159.2,3.945
159.2,3.945
159.1,3.945
159.1,3.945
159.0,3.945
159.0,3.945
159.0,3.945
158.9,3.945
158.9,3.945
158.8,3.945
158.8,3.945
158.8,3.945
158.7,3.945
158.7,3.945
158.6,3.945
158.6,3.945
158.5,3.945
158.5,3.945
158.4,3.945
158.4,3.945
158.4,3.945
158.4,3.945
158.3,3.945
158.3,3.945
158.3,3.945
158.2,3.945
158.2,3.945
158.1,3.945
158.1,3.945
158.1,3.945
158.1,3.945
158.0,3.945
158.0,3.945
157.9,3.945
157.9,3.945
157.8,3.945
157.8,3.945
157.8,3.945
157.7,3.945
157.7,3.945
157.7,3.945
157.6,3.945
157.6,3.945
157.6,3.945
157.5,3.945
157.5,3.945
157.5,3.945
157.4,3.945
157.4,3.945
157.3,3.945
157.3,3.945
157.3,3.945
157.2,3.945
157.2,3.945
157.2,3.945
157.1,3.945
157.1,3.945
157.0,3.945
157.0,3.945
156.9,3.945
156.9,3.945
156.9,3.945
156.8,3.945
156.8,3.945
156.8,3.945
156.7,3.945
156.7,3.945
156.6,3.945
156.6,3.940
156.6,3.940
156.5,3.940
156.5,3.940
156.5,3.940
156.4,3.940
156.4,3.940
156.4,3.940
156.3,3.940
156.3,3.940
156.2,3.940
156.2,3.940
156.1,3.940
156.1,3.940
156.1,3.940
156.0,3.940
156.0,3.940
155.9,3.940
155.9,3.940
155.9,3.940
155.8,3.940
155.8,3.940
155.7,3.940
155.7,3.940
155.7,3.940
155.6,3.940
155.6,3.940
155.5,3.940
155.5,3.940
155.4,3.940
155.4,3.940
155.3,3.940
155.3,3.940
155.3,3.940
155.2,3.940
155.2,3.940
155.2,3.940
155.1,3.940
155.1,3.940
155.0,3.940
155.0,3.940
155.0,3.940
154.9,3.940
154.9,3.940
154.8,3.940
154.8,3.940
154.7,3.940
154.7,3.940
154.7,3.940
154.6,3.940
154.6,3.940
154.5,3.940
154.5,3.940
154.4,3.940
154.4,3.940
154.3,3.940
154.3,3.940
154.2,3.940
154.2,3.940
154.2,3.940
154.1,3.940
154.1,3.940
154.1,3.940
154.0,3.940
154.0,3.940
153.9,3.940
153.9,3.940
153.8,3.940
153.8,3.940
153.7,3.940
153.7,3.940
153.6,3.940
153.6,3.940
153.5,3.940
153.5,3.940
153.4,3.940
153.4,3.940
153.4,3.940
153.3,3.940
153.3,3.940
153.2,3.940
153.2,3.940
153.2,3.940
153.1,3.940
153.1,3.940
153.1,3.940
153.0,3.940
153.0,3.940
152.9,3.940
152.9,3.940
152.8,3.940
152.7,3.940
152.7,3.940
152.6,3.940
152.6,3.940
152.5,3.940
152.5,3.940
152.5,3.940
152.5,3.940
152.4,3.940
152.3,3.940
152.3,3.940
152.3,3.940
152.2,3.940
152.2,3.940
152.1,3.940
152.1,3.940
152.0,3.940
151.9,3.940
151.9,3.940
151.8,3.940
151.8,3.940
151.7,3.940
151.7,3.940
151.7,3.940
151.6,3.940
151.6,3.940
151.5,3.940
151.5,3.940
151.4,3.940
151.4,3.940
151.4,3.940
151.3,3.940
151.2,3.940
151.2,3.940
151.2,3.935
151.2,3.935
151.1,3.935
151.0,3.935
151.0,3.935
150.9,3.935
150.9,3.935
150.9,3.935
150.8,3.935
150.8,3.935
150.8,3.935
150.7,3.935
150.7,3.935
150.6,3.935
150.6,3.935
150.6,3.935
150.5,3.935
150.4,3.935
150.4,3.935
150.3,3.935
150.3,3.935
150.2,3.935
150.2,3.935
150.1,3.935
150.1,3.935
150.0,3.935
149.9,3.935
149.9,3.935
149.9,3.935
149.8,3.935
149.8,3.935
149.8,3.935
149.7,3.935
149.7,3.935
149.6,3.935
149.6,3.935
149.5,3.935
149.5,3.935
149.4,3.935
149.4,3.935
149.3,3.935
149.2,3.935
149.2,3.935
149.2,3.935
149.1,3.935
149.0,3.935
149.0,3.935
149.0,3.935
148.9,3.935
148.9,3.935
148.8,3.935
148.8,3.935
148.8,3.935
148.7,3.935
148.7,3.935
148.6,3.935
148.6,3.935
148.5,3.935
148.5,3.935
148.5,3.935
148.4,3.935
148.4,3.935
148.3,3.935
148.3,3.935
148.3,3.935
148.2,3.935
148.2,3.935
148.1,3.935
148.1,3.935
148.0,3.935
148.0,3.935
148.0,3.935
147.9,3.935
147.9,3.935
147.9,3.935
147.8,3.935
147.8,3.935
147.7,3.935
147.7,3.935
147.7,3.935
147.6,3.935
147.5,3.935
147.5,3.935
147.5,3.935
147.4,3.935
147.3,3.935
147.3,3.935
147.2,3.935
147.2,3.935
147.2,3.935
147.1,3.935
147.1,3.935
147.0,3.935
147.0,3.935
147.0,3.935
146.9,3.935
146.9,3.935
146.9,3.935
146.8,3.935
146.8,3.935
146.7,3.935
146.7,3.935
146.6,3.935
146.6,3.935
146.5,3.935
146.4,3.935
146.4,3.935
146.3,3.935
146.3,3.935
146.2,3.935
146.2,3.935
146.1,3.935
146.1,3.935
146.1,3.935
146.0,3.935
146.0,3.935
146.0,3.935
145.9,3.935
145.9,3.935
145.8,3.930
145.8,3.930
145.7,3.930
145.7,3.930
145.7,3.930
145.6,3.930
145.6,3.930
145.5,3.930
145.4,3.930
145.4,3.930
145.3,3.930
145.3,3.930
145.2,3.930
145.2,3.930
145.2,3.930
145.2,3.930
145.1,3.930
145.1,3.930
145.0,3.930
145.0,3.930
145.0,3.930
144.9,3.930
144.9,3.930
144.8,3.930
144.7,3.930
144.7,3.930
144.6,3.930
144.6,3.930
144.6,3.930
144.5,3.930
144.5,3.930
144.5,3.930
144.4,3.930
144.4,3.930
144.3,3.930
144.3,3.930
144.2,3.930
144.2,3.930
144.1,3.930
144.1,3.930
144.0,3.930
144.0,3.930
143.9,3.930
143.9,3.930
143.8,3.930
143.8,3.930
143.7,3.930
143.7,3.930
143.7,3.930
143.6,3.930
143.6,3.930
143.5,3.930
143.5,3.930
143.4,3.930
143.4,3.930
143.4,3.930
143.3,3.930
143.2,3.930
143.2,3.930
143.1,3.930
143.1,3.930
143.0,3.930
143.0,3.930
143.0,3.930
142.9,3.930
142.9,3.930
142.8,3.930
142.8,3.930
142.8,3.930
142.7,3.930
142.6,3.930
142.6,3.930
142.5,3.930
142.5,3.930
142.4,3.930
142.3,3.930
142.3,3.930
142.2,3.930
142.2,3.930
142.1,3.930
142.1,3.930
142.1,3.930
142.0,3.930
142.0,3.930
141.9,3.930
141.8,3.930
141.8,3.930
141.8,3.930
141.7,3.930
141.7,3.930
141.6,3.930
141.6,3.930
141.5,3.930
141.5,3.930
141.4,3.930
141.4,3.930
141.3,3.930
141.3,3.930
141.2,3.930
141.2,3.930
141.1,3.930
141.0,3.930
141.0,3.930
140.9,3.930
140.9,3.930
140.8,3.930
140.8,3.930
140.7,3.930
140.6,3.930
140.6,3.930
140.6,3.930
140.5,3.925
140.5,3.925
140.4,3.925
140.4,3.925
140.3,3.925
140.2,3.925
140.2,3.925
140.1,3.925
140.0,3.925
140.0,3.925
139.9,3.925
139.9,3.925
139.8,3.925
139.8,3.925
139.7,3.925
139.7,3.925
139.6,3.925
139.6,3.925
139.5,3.925
139.5,3.925
139.4,3.925
139.4,3.925
139.3,3.925
139.3,3.925
139.2,3.925
139.2,3.925
139.1,3.925
139.1,3.925
139.0,3.925
139.0,3.925
138.9,3.925
138.8,3.925
138.8,3.925
138.7,3.925
138.6,3.925
138.6,3.925
138.5,3.925
138.5,3.925
138.4,3.925
138.3,3.925
138.3,3.925
138.2,3.925
138.2,3.925
138.1,3.925
138.1,3.925
138.0,3.925
138.0,3.925
137.9,3.925
137.9,3.925
137.8,3.925
137.8,3.925
137.7,3.925
137.7,3.925
137.6,3.925
137.6,3.925
137.5,3.925
137.4,3.925
137.4,3.925
137.3,3.925
137.2,3.925
137.2,3.925
137.1,3.925
137.1,3.925
137.0,3.925
137.0,3.925
136.9,3.925
136.9,3.925
136.8,3.925
136.8,3.925
136.7,3.925
136.7,3.925
136.7,3.925
136.6,3.925
136.5,3.925
136.5,3.925
136.4,3.925
136.4,3.925
136.3,3.925
136.2,3.925
136.2,3.925
136.1,3.925
136.1,3.925
136.0,3.925
136.0,3.925
135.9,3.925
135.8,3.925
135.8,3.925
135.7,3.925
135.6,3.925
135.6,3.925
135.5,3.925
135.5,3.920
135.4,3.920
135.4,3.920
135.3,3.920
135.3,3.920
135.2,3.920
135.2,3.920
135.1,3.920
135.1,3.920
135.0,3.920
134.9,3.920
134.9,3.920
134.9,3.920
134.8,3.920
134.8,3.920
134.7,3.920
134.7,3.920
134.6,3.920
134.5,3.920
134.5,3.920
134.4,3.920
134.4,3.920
134.3,3.920
134.3,3.920
134.3,3.920
134.2,3.920
134.2,3.920
134.1,3.920
134.0,3.920
134.0,3.920
133.9,3.920
133.8,3.920
133.8,3.920
133.7,3.920
133.6,3.920
133.6,3.920
133.5,3.920
133.5,3.920
133.4,3.920
133.4,3.920
133.3,3.920
133.3,3.920
133.2,3.920
133.1,3.920
133.1,3.920
133.1,3.920
133.0,3.920
133.0,3.920
132.9,3.920
132.9,3.920
132.9,3.920
132.8,3.920
132.7,3.920
132.7,3.920
132.6,3.920
132.6,3.920
132.6,3.920
132.5,3.920
132.5,3.920
132.4,3.920
132.3,3.920
132.3,3.920
132.3,3.920
132.2,3.920
132.1,3.920
132.1,3.920
132.0,3.920
132.0,3.920
131.9,3.920
131.9,3.920
131.9,3.920
131.8,3.920
131.7,3.920
131.7,3.920
131.6,3.920
131.5,3.920
131.5,3.920
131.4,3.920
131.4,3.920
131.3,3.920
131.3,3.920
131.3,3.920
131.3,3.920
131.2,3.920
131.2,3.920
131.1,3.920
131.0,3.920
131.0,3.920
130.9,3.920
130.8,3.920
130.8,3.920
130.7,3.920
130.7,3.920
130.6,3.920
130.6,3.920
130.5,3.920
130.5,3.920
130.4,3.920
130.4,3.920
130.4,3.920
130.3,3.920
130.3,3.915
130.2,3.915
130.1,3.915
130.1,3.915
130.0,3.915
130.0,3.915
130.0,3.915
129.9,3.915
129.9,3.915
129.8,3.915
129.7,3.915
129.7,3.915
129.6,3.915
129.6,3.915
129.5,3.915
129.5,3.915
129.4,3.915
129.4,3.915
129.3,3.915
129.3,3.915
129.3,3.915
129.2,3.915
129.1,3.915
129.1,3.915
129.0,3.915
129.0,3.915
129.0,3.915
128.9,3.915
128.9,3.915
128.8,3.915
128.8,3.915
128.7,3.915
128.7,3.915
128.6,3.915
128.6,3.915
128.5,3.915
128.5,3.915
128.5,3.915
128.4,3.915
128.4,3.915
128.3,3.915
128.3,3.915
128.2,3.915
128.2,3.915
128.1,3.915
128.0,3.915
128.0,3.915
128.0,3.915
127.9,3.915
127.8,3.915
127.8,3.915
127.8,3.915
127.7,3.915
127.7,3.915
127.6,3.915
127.6,3.915
127.5,3.915
127.4,3.915
127.4,3.915
127.3,3.915
127.3,3.915
127.2,3.915
127.2,3.915
127.1,3.915
127.1,3.915
127.0,3.915
127.0,3.915
127.0,3.915
126.9,3.915
126.9,3.915
126.8,3.915
126.8,3.915
126.7,3.915
126.6,3.915
126.6,3.915
126.5,3.915
126.5,3.915
126.5,3.915
126.4,3.915
126.4,3.915
126.3,3.915
126.3,3.915
126.3,3.915
126.2,3.915
126.1,3.915
126.1,3.915
126.0,3.915
126.0,3.915
126.0,3.915
125.9,3.915
125.9,3.915
125.8,3.915
125.7,3.915
125.7,3.915
125.6,3.915
125.6,3.915
125.5,3.915
125.5,3.915
125.5,3.915
125.4,3.915
125.4,3.915
125.3,3.915
125.3,3.915
125.3,3.915
125.2,3.915
125.2,3.915
125.1,3.910
125.0,3.910
125.0,3.910
124.9,3.910
124.9,3.910
124.9,3.910
124.8,3.910
124.8,3.910
124.7,3.910
124.7,3.910
124.7,3.910
124.6,3.910
124.5,3.910
124.5,3.910
124.5,3.910
124.4,3.910
124.3,3.910
124.3,3.910
124.2,3.910
124.2,3.910
124.1,3.910
124.1,3.910
124.0,3.910
124.0,3.910
124.0,3.910
123.9,3.910
123.9,3.910
123.9,3.910
123.8,3.910
123.8,3.910
123.8,3.910
123.7,3.910
123.7,3.910
123.6,3.910
123.6,3.910
123.5,3.910
123.5,3.910
123.4,3.910
123.4,3.910
123.4,3.910
123.3,3.910
123.3,3.910
123.2,3.910
123.2,3.910
123.1,3.910
123.1,3.910
123.0,3.910
122.9,3.910
122.9,3.910
122.9,3.910
122.8,3.910
122.8,3.910
122.8,3.910
122.7,3.910
122.7,3.910
122.7,3.910
122.7,3.910
122.6,3.910
122.6,3.910
122.6,3.910
122.5,3.910
122.5,3.910
122.4,3.910
122.4,3.910
122.3,3.910
122.3,3.910
122.2,3.910
122.2,3.910
122.2,3.910
122.1,3.910
122.1,3.910
122.1,3.910
122.0,3.910
122.0,3.910
122.0,3.910
122.0,3.910
121.9,3.910
121.9,3.910
121.8,3.910
121.8,3.910
121.7,3.910
121.7,3.910
121.6,3.910
121.6,3.910
121.5,3.910
121.5,3.910
121.5,3.910
121.5,3.910
121.4,3.910
121.4,3.910
121.4,3.910
121.3,3.910
121.3,3.910
121.2,3.910
121.2,3.910
121.2,3.910
121.1,3.910
121.1,3.910
121.1,3.910
121.1,3.910
121.0,3.910
121.0,3.910
121.0,3.910
120.9,3.910
120.9,3.910
120.9,3.910
120.8,3.910
120.8,3.910
120.8,3.910
120.7,3.910
120.7,3.910
120.6,3.910
120.6,3.910
120.6,3.910
120.5,3.910
120.5,3.910
120.5,3.910
120.5,3.910
120.4,3.910
120.4,3.910
120.4,3.910
120.3,3.910
120.3,3.910
120.2,3.910
120.2,3.910
120.1,3.910
120.1,3.905
120.1,3.905
120.0,3.905
120.0,3.905
120.0,3.905
120.0,3.905
119.9,3.905
119.9,3.905
119.9,3.905
119.9,3.905
119.8,3.905
119.7,3.905
119.7,3.905
119.7,3.905
119.6,3.905
119.6,3.905
119.6,3.905
119.5,3.905
119.5,3.905
119.5,3.905
119.5,3.905
119.4,3.905
119.3,3.905
119.3,3.905
119.3,3.905
119.3,3.905
119.3,3.905
119.2,3.905
119.2,3.905
119.2,3.905
119.1,3.905
119.1,3.905
119.0,3.905
119.0,3.905
119.0,3.905
118.9,3.905
118.9,3.905
118.8,3.905
118.8,3.905
118.8,3.905
118.7,3.905
118.7,3.905
118.7,3.905
118.6,3.905
118.6,3.905
118.6,3.905
118.5,3.905
118.5,3.905
118.5,3.905
118.5,3.905
118.4,3.905
118.4,3.905
118.4,3.905
118.3,3.905
118.3,3.905
118.2,3.905
118.2,3.905
118.1,3.905
118.1,3.905
118.0,3.905
118.0,3.905
118.0,3.905
117.9,3.905
117.9,3.905
117.9,3.905
117.8,3.905
117.8,3.905
117.8,3.905
117.7,3.905
117.7,3.905
117.7,3.905
117.7,3.905
117.6,3.905
117.6,3.905
117.5,3.905
117.5,3.905
117.5,3.905
117.5,3.905
117.4,3.905
117.4,3.905
117.3,3.905
117.3,3.905
117.2,3.905
117.2,3.905
117.2,3.905
117.2,3.905
117.1,3.905
117.1,3.905
117.1,3.905
117.1,3.905
117.0,3.905
117.0,3.905
116.9,3.905
116.9,3.905
116.9,3.905
116.8,3.905
116.8,3.905
116.8,3.905
116.7,3.905
116.7,3.905
116.7,3.905
116.7,3.905
116.6,3.905
116.6,3.905
116.5,3.905
116.5,3.905
116.4,3.905
116.4,3.905
116.3,3.905
116.3,3.905
116.3,3.905
116.2,3.905
116.2,3.905
116.2,3.905
116.1,3.905
116.1,3.905
116.1,3.905
116.0,3.905
116.0,3.905
116.0,3.905
116.0,3.905
115.9,3.905
115.9,3.905
115.8,3.905
115.8,3.905
115.8,3.905
115.8,3.905
115.7,3.905
115.7,3.905
115.7,3.905
115.6,3.905
115.6,3.905
115.6,3.905
115.5,3.905
115.5,3.905
115.4,3.905
115.4,3.905
115.4,3.905
115.3,3.905
115.3,3.905
115.3,3.900
115.3,3.900
115.2,3.900
115.2,3.900
115.1,3.900
115.1,3.900
115.0,3.900
115.0,3.900
114.9,3.900
114.9,3.900
114.9,3.900
114.9,3.900
114.8,3.900
114.8,3.900
114.8,3.900
114.8,3.900
114.8,3.900
114.7,3.900
114.7,3.900
114.7,3.900
114.6,3.900
114.6,3.900
114.5,3.900
114.5,3.900
114.5,3.900
114.4,3.900
114.4,3.900
114.3,3.900
114.3,3.900
114.2,3.900
114.2,3.900
114.2,3.900
114.2,3.900
114.1,3.900
114.1,3.900
114.1,3.900
114.1,3.900
114.0,3.900
114.0,3.900
113.9,3.900
113.9,3.900
113.9,3.900
113.8,3.900
113.8,3.900
113.8,3.900
113.7,3.900
113.7,3.900
113.6,3.900
113.6,3.900
113.6,3.900
113.6,3.900
113.6,3.900
113.5,3.900
113.5,3.900
113.5,3.900
113.4,3.900
113.4,3.900
113.3,3.900
113.3,3.900
113.3,3.900
113.2,3.900
113.2,3.900
113.2,3.900
113.2,3.900
113.1,3.900
113.1,3.900
113.1,3.900
113.0,3.900
113.0,3.900
112.9,3.900
112.9,3.900
112.9,3.900
112.8,3.900
112.8,3.900
112.8,3.900
112.7,3.900
112.7,3.900
112.7,3.900
112.7,3.900
112.6,3.900
112.6,3.900
112.6,3.900
112.6,3.900
112.5,3.900
112.5,3.900
112.4,3.900
112.4,3.900
112.4,3.900
112.3,3.900
112.3,3.900
112.2,3.900
112.2,3.900
112.2,3.900
112.1,3.900
112.1,3.900
112.1,3.900
112.0,3.900
112.0,3.900
111.9,3.900
111.9,3.900
111.9,3.900
111.9,3.900
111.9,3.900
111.8,3.900
111.8,3.900
111.8,3.900
111.7,3.900
111.7,3.900
111.7,3.900
111.6,3.900
111.6,3.900
111.6,3.900
111.6,3.900
111.6,3.900
111.5,3.900
111.5,3.900
111.5,3.900
111.4,3.900
111.4,3.900
111.3,3.900
111.3,3.900
111.3,3.900
111.2,3.900
111.2,3.900
111.2,3.900
111.1,3.900
111.1,3.900
111.1,3.900
111.0,3.900
111.0,3.900
110.9,3.900
110.9,3.900
110.9,3.900
110.9,3.900
110.8,3.900
110.8,3.900
110.8,3.900
110.7,3.900
110.7,3.900
110.7,3.900
110.7,3.900
110.6,3.900
110.6,3.900
110.6,3.900
110.6,3.900
110.5,3.900
110.5,3.900
110.4,3.900
110.4,3.900
110.4,3.900
110.4,3.900
110.3,3.900
110.3,3.900
110.3,3.900
110.2,3.900
110.2,3.895
110.1,3.895
110.1,3.895
110.1,3.895
110.0,3.895
110.0,3.895
110.0,3.895
109.9,3.895
109.9,3.895
109.9,3.895
109.9,3.895
109.8,3.895
109.8,3.895
109.7,3.895
109.7,3.895
109.7,3.895
109.6,3.895
109.6,3.895
109.6,3.895
109.6,3.895
109.5,3.895
109.5,3.895
109.5,3.895
109.5,3.895
109.4,3.895
109.4,3.895
109.3,3.895
109.3,3.895
109.2,3.895
109.2,3.895
109.2,3.895
109.1,3.895
109.1,3.895
109.1,3.895
109.1,3.895
109.1,3.895
109.0,3.895
109.0,3.895
109.0,3.895
108.9,3.895
108.9,3.895
108.8,3.895
108.8,3.895
108.8,3.895
108.8,3.895
108.7,3.895
108.7,3.895
108.6,3.895
108.6,3.895
108.6,3.895
108.5,3.895
108.5,3.895
108.5,3.895
108.4,3.895
108.4,3.895
108.4,3.895
108.3,3.895
108.3,3.895
108.3,3.895
108.2,3.895
108.2,3.895
108.2,3.895
108.1,3.895
108.1,3.895
108.1,3.895
108.0,3.895
108.0,3.895
108.0,3.895
108.0,3.895
107.9,3.895
107.9,3.895
107.8,3.895
107.8,3.895
107.8,3.895
107.7,3.895
107.7,3.895
107.7,3.895
107.6,3.895
107.6,3.895
107.6,3.895
107.5,3.895
107.5,3.895
107.5,3.895
107.5,3.895
107.4,3.895
107.4,3.895
107.3,3.895
107.3,3.895
107.3,3.895
107.2,3.895
107.2,3.895
107.2,3.895
107.1,3.895
107.1,3.895
107.1,3.895
107.0,3.895
107.0,3.895
107.0,3.895
107.0,3.895
106.9,3.895
106.9,3.895
106.9,3.895
106.8,3.895
106.8,3.895
106.7,3.895
106.7,3.895
106.7,3.895
106.7,3.895
106.6,3.895
106.6,3.895
106.6,3.895
106.6,3.895
106.5,3.895
106.5,3.895
106.4,3.895
106.4,3.895
106.3,3.895
106.3,3.895
106.3,3.895
106.3,3.895
106.2,3.895
106.2,3.895
106.1,3.895
106.1,3.895
106.1,3.895
106.1,3.895
106.0,3.895
106.0,3.895
105.9,3.895
105.9,3.895
105.9,3.895
105.9,3.895
105.8,3.895
105.8,3.895
105.7,3.895
105.7,3.895
105.7,3.895
105.6,3.895
105.6,3.895
105.5,3.895
105.5,3.895
105.5,3.895
105.4,3.895
105.4,3.895
105.4,3.895
105.4,3.895
105.3,3.895
105.3,3.895
105.2,3.895
105.2,3.895
105.2,3.895
105.1,3.895
105.1,3.895
105.1,3.895
105.1,3.895
105.0,3.890
105.0,3.890
104.9,3.890
104.9,3.890
104.9,3.890
104.9,3.890
104.8,3.890
104.8,3.890
104.8,3.890
104.8,3.890
104.7,3.890
104.7,3.890
104.7,3.890
104.6,3.890
104.6,3.890
104.6,3.890
104.5,3.890
104.5,3.890
104.5,3.890
104.4,3.890
104.4,3.890
104.4,3.890
104.4,3.890
104.3,3.890
104.3,3.890
104.3,3.890
104.3,3.890
104.2,3.890
104.2,3.890
104.1,3.890
104.0,3.890
104.0,3.890
104.0,3.890
103.9,3.890
103.9,3.890
103.9,3.890
103.8,3.890
103.8,3.890
103.8,3.890
103.7,3.890
103.7,3.890
103.7,3.890
103.7,3.890
103.7,3.890
103.6,3.890
103.6,3.890
103.6,3.890
103.5,3.890
103.5,3.890
103.5,3.890
103.4,3.890
103.4,3.890
103.4,3.890
103.3,3.890
103.3,3.890
103.3,3.890
103.2,3.890
103.2,3.890
103.1,3.890
103.1,3.890
103.1,3.890
103.1,3.890
103.0,3.890
103.0,3.890
103.0,3.890
103.0,3.890
103.0,3.890
102.9,3.890
102.9,3.890
102.8,3.890
102.8,3.890
102.8,3.890
102.7,3.890
102.7,3.890
102.7,3.890
102.7,3.890
102.6,3.890
102.6,3.890
102.6,3.890
102.5,3.890
102.5,3.890
102.5,3.890
102.5,3.890
102.4,3.890
102.4,3.890
102.3,3.890
102.3,3.890
102.3,3.890
102.2,3.890
102.2,3.890
102.2,3.890
102.1,3.890
102.1,3.890
102.1,3.890
102.1,3.890
102.0,3.890
102.0,3.890
102.0,3.890
102.0,3.890
101.9,3.890
101.9,3.890
101.8,3.890
101.8,3.890
101.7,3.890
101.7,3.890
101.7,3.890
101.7,3.890
101.6,3.890
101.6,3.890
101.6,3.890
101.6,3.890
101.5,3.890
101.5,3.890
101.5,3.890
101.4,3.890
101.4,3.890
101.3,3.890
101.3,3.890
101.3,3.890
101.3,3.890
101.3,3.890
101.2,3.890
101.2,3.890
101.2,3.890
101.1,3.890
101.1,3.890
101.1,3.890
101.0,3.890
101.0,3.890
101.0,3.890
101.0,3.890
100.9,3.890
100.9,3.890
100.8,3.890
100.8,3.890
100.8,3.890
100.8,3.890
100.7,3.890
100.7,3.890
100.7,3.890
100.7,3.890
100.6,3.890
100.6,3.890
100.6,3.890
100.6,3.890
100.5,3.890
100.5,3.890
100.4,3.890
100.4,3.885
100.4,3.885
100.4,3.885
100.4,3.885
100.3,3.885
100.3,3.885
100.2,3.885
100.2,3.885
100.1,3.885
100.1,3.885
100.1,3.885
100.1,3.885
100.1,3.885
100.0,3.885
100.0,3.885
100.0,3.885
99.9,3.885
99.9,3.885
99.9,3.885
99.9,3.885
99.8,3.885
99.8,3.885
99.8,3.885
99.7,3.885
99.7,3.885
99.7,3.885
99.7,3.885
99.6,3.885
99.6,3.885
99.6,3.885
99.6,3.885
99.5,3.885
99.5,3.885
99.4,3.885
99.4,3.885
99.4,3.885
99.4,3.885
99.4,3.885
99.3,3.885
99.3,3.885
99.2,3.885
99.2,3.885
99.2,3.885
99.1,3.885
99.1,3.885
99.1,3.885
99.1,3.885
99.1,3.885
99.0,3.885
99.0,3.885
99.0,3.885
99.0,3.885
98.9,3.885
98.9,3.885
98.9,3.885
98.8,3.885
98.8,3.885
98.8,3.885
98.7,3.885
98.7,3.885
98.7,3.885
98.6,3.885
98.6,3.885
98.6,3.885
98.6,3.885
98.5,3.885
98.5,3.885
98.5,3.885
98.4,3.885
98.4,3.885
98.4,3.885
98.3,3.885
98.3,3.885
98.3,3.885
98.3,3.885
98.2,3.885
98.2,3.885
98.2,3.885
98.1,3.885
98.1,3.885
98.1,3.885
98.0,3.885
98.0,3.885
98.0,3.885
97.9,3.885
97.9,3.885
97.9,3.885
97.9,3.885
97.8,3.885
97.8,3.885
97.8,3.885
97.8,3.885
97.8,3.885
97.7,3.885
97.6,3.885
97.6,3.885
97.6,3.885
97.5,3.885
97.5,3.885
97.5,3.885
97.5,3.885
97.4,3.885
97.4,3.885
97.4,3.885
97.4,3.885
97.3,3.885
97.3,3.885
97.2,3.885
97.2,3.885
97.2,3.885
97.2,3.885
97.2,3.885
97.2,3.885
97.1,3.885
97.2,3.885
97.1,3.885
97.1,3.885
97.0,3.885
97.0,3.885
97.0,3.885
96.9,3.885
96.9,3.885
96.8,3.885
96.8,3.885
96.8,3.885
96.8,3.885
96.8,3.885
96.7,3.885
96.7,3.885
96.6,3.885
96.6,3.885
96.6,3.885
96.6,3.885
96.5,3.885
96.5,3.885
96.4,3.885
96.4,3.885
96.4,3.885
96.4,3.885
96.3,3.885
96.3,3.885
96.3,3.885
96.3,3.885
96.2,3.885
96.2,3.885
96.2,3.885
96.2,3.885
96.2,3.885
96.2,3.885
96.1,3.885
96.1,3.885
96.0,3.885
96.0,3.885
96.0,3.885
95.9,3.885
95.9,3.885
95.9,3.885
95.9,3.885
95.8,3.885
95.8,3.885
95.8,3.885
95.7,3.885
95.7,3.885
95.7,3.885
95.7,3.885
95.6,3.885
95.6,3.885
95.5,3.885
95.5,3.885
95.5,3.885
95.5,3.885
95.4,3.885
95.4,3.885
95.4,3.885
95.3,3.880
95.3,3.880
95.3,3.880
95.3,3.880
95.3,3.880
95.3,3.880
95.2,3.880
95.2,3.880
95.2,3.880
95.1,3.880
95.1,3.880
95.1,3.880
95.0,3.880
95.0,3.880
95.0,3.880
95.0,3.880
95.0,3.880
94.9,3.880
94.9,3.880
94.9,3.880
94.8,3.880
94.8,3.880
94.7,3.880
94.7,3.880
94.7,3.880
94.6,3.880
94.6,3.880
94.6,3.880
94.6,3.880
94.6,3.880
94.5,3.880
94.5,3.880
94.5,3.880
94.4,3.880
94.4,3.880
94.4,3.880
94.3,3.880
94.3,3.880
94.3,3.880
94.3,3.880
94.2,3.880
94.2,3.880
94.2,3.880
94.1,3.880
94.1,3.880
94.1,3.880
94.1,3.880
94.0,3.880
94.0,3.880
93.9,3.880
93.9,3.880
93.9,3.880
93.9,3.880
93.8,3.880
93.8,3.880
93.8,3.880
93.8,3.880
93.7,3.880
93.7,3.880
93.7,3.880
93.6,3.880
93.6,3.880
93.5,3.880
93.5,3.880
93.5,3.880
93.5,3.880
93.4,3.880
93.4,3.880
93.4,3.880
93.4,3.880
93.4,3.880
93.4,3.880
93.3,3.880
93.3,3.880
93.2,3.880
93.2,3.880
93.1,3.880
93.1,3.880
93.1,3.880
93.1,3.880
93.1,3.880
93.0,3.880
93.0,3.880
93.0,3.880
93.0,3.880
92.9,3.880
92.9,3.880
92.8,3.880
92.8,3.880
92.8,3.880
92.8,3.880
92.7,3.880
92.7,3.880
92.7,3.880
92.7,3.880
92.7,3.880
92.6,3.880
92.6,3.880
92.5,3.880
92.5,3.880
92.5,3.880
92.5,3.880
92.4,3.880
92.3,3.880
92.3,3.880
92.3,3.880
92.3,3.880
92.2,3.880
92.2,3.880
92.1,3.880
92.1,3.880
92.1,3.880
92.1,3.880
92.0,3.880
92.0,3.880
92.0,3.880
91.9,3.880
91.9,3.880
91.9,3.880
91.9,3.880
91.9,3.880
91.8,3.880
91.8,3.880
91.8,3.880
91.8,3.880
91.7,3.880
91.7,3.880
91.6,3.880
91.6,3.880
91.6,3.880
91.5,3.880
91.5,3.880
91.5,3.880
91.5,3.880
91.4,3.880
91.4,3.880
91.4,3.880
91.3,3.880
91.3,3.880
91.3,3.880
91.3,3.880
91.2,3.880
91.2,3.880
91.2,3.880
91.2,3.880
91.2,3.880
91.2,3.880
91.2,3.880
91.1,3.880
91.0,3.880
91.0,3.880
91.0,3.880
90.9,3.880
90.9,3.880
90.8,3.880
90.8,3.880
90.8,3.880
90.8,3.880
90.7,3.880
90.7,3.880
90.7,3.880
90.7,3.880
90.7,3.880
90.7,3.880
90.6,3.880
90.6,3.880
90.6,3.880
90.5,3.880
90.5,3.880
90.4,3.880
90.4,3.880
90.3,3.880
90.3,3.880
90.2,3.880
90.2,3.880
90.2,3.880
90.2,3.880
90.2,3.875
90.2,3.875
90.1,3.875
90.1,3.875
90.0,3.875
90.0,3.875
90.0,3.875
89.9,3.875
89.9,3.875
89.9,3.875
89.9,3.875
89.8,3.875
89.8,3.875
89.8,3.875
89.7,3.875
89.7,3.875
89.6,3.875
89.6,3.875
89.6,3.875
89.5,3.875
89.5,3.875
89.5,3.875
89.5,3.875
89.4,3.875
89.4,3.875
89.4,3.875
89.4,3.875
89.3,3.875
89.3,3.875
89.3,3.875
89.3,3.875
89.2,3.875
89.2,3.875
89.1,3.875
89.1,3.875
89.1,3.875
89.1,3.875
89.0,3.875
89.0,3.875
88.9,3.875
88.9,3.875
88.9,3.875
88.9,3.875
88.8,3.875
88.8,3.875
88.8,3.875
88.7,3.875
88.7,3.875
88.7,3.875
88.6,3.875
88.6,3.875
88.6,3.875
88.6,3.875
88.5,3.875
88.5,3.875
88.5,3.875
88.5,3.875
88.5,3.875
88.4,3.875
88.4,3.875
88.4,3.875
88.3,3.875
88.3,3.875
88.3,3.875
88.2,3.875
88.2,3.875
88.2,3.875
88.1,3.875
88.1,3.875
88.0,3.875
88.0,3.875
88.0,3.875
87.9,3.875
87.9,3.875
87.9,3.875
87.8,3.875
87.8,3.875
87.8,3.875
87.8,3.875
87.8,3.875
87.7,3.875
87.7,3.875
87.7,3.875
87.6,3.875
87.6,3.875
87.6,3.875
87.5,3.875
87.5,3.875
87.4,3.875
87.4,3.875
87.4,3.875
87.4,3.875
87.3,3.875
87.3,3.875
87.3,3.875
87.2,3.875
87.2,3.875
87.2,3.875
87.1,3.875
87.1,3.875
87.1,3.875
87.1,3.875
87.0,3.875
87.0,3.875
86.9,3.875
86.9,3.875
86.9,3.875
86.9,3.875
86.8,3.875
86.8,3.875
86.8,3.875
86.8,3.875
86.7,3.875
86.7,3.875
86.7,3.875
86.6,3.875
86.6,3.875
86.6,3.875
86.6,3.875
86.5,3.875
86.5,3.875
86.5,3.875
86.4,3.875
86.4,3.875
86.4,3.875
86.3,3.875
86.3,3.875
86.2,3.875
86.2,3.875
86.2,3.875
86.2,3.875
86.1,3.875
86.1,3.875
86.1,3.875
86.1,3.875
86.1,3.875
86.0,3.875
86.0,3.875
85.9,3.875
85.9,3.875
85.8,3.875
85.8,3.875
85.8,3.875
85.7,3.875
85.7,3.875
85.7,3.875
85.7,3.875
85.7,3.875
85.6,3.875
85.6,3.875
85.6,3.875
85.5,3.875
85.5,3.875
85.4,3.875
85.4,3.875
85.4,3.875
85.3,3.875
85.3,3.875
85.3,3.875
85.2,3.875
85.2,3.875
85.2,3.875
85.1,3.875
85.1,3.875
85.0,3.875
85.0,3.870
85.0,3.870
85.0,3.870
84.9,3.870
84.9,3.870
84.8,3.870
84.8,3.870
84.8,3.870
84.8,3.870
84.7,3.870
84.7,3.870
84.6,3.870
84.6,3.870
84.6,3.870
84.5,3.870
84.5,3.870
84.5,3.870
84.5,3.870
84.4,3.870
84.4,3.870
84.3,3.870
84.3,3.870
84.3,3.870
84.3,3.870
84.2,3.870
84.2,3.870
84.2,3.870
84.1,3.870
84.1,3.870
84.0,3.870
84.0,3.870
84.0,3.870
84.0,3.870
83.9,3.870
83.9,3.870
83.9,3.870
83.8,3.870
83.8,3.870
83.8,3.870
83.7,3.870
83.7,3.870
83.6,3.870
83.6,3.870
83.6,3.870
83.5,3.870
83.5,3.870
83.5,3.870
83.4,3.870
83.4,3.870
83.4,3.870
83.3,3.870
83.3,3.870
83.2,3.870
83.2,3.870
83.1,3.870
83.1,3.870
83.1,3.870
83.0,3.870
83.0,3.870
83.0,3.870
82.9,3.870
82.9,3.870
82.9,3.870
82.9,3.870
82.8,3.870
82.8,3.870
82.7,3.870
82.7,3.870
82.7,3.870
82.6,3.870
82.6,3.870
82.5,3.870
82.5,3.870
82.5,3.870
82.4,3.870
82.4,3.870
82.3,3.870
82.3,3.870
82.2,3.870
82.2,3.870
82.2,3.870
82.1,3.870
82.1,3.870
82.1,3.870
82.0,3.870
82.0,3.870
82.0,3.870
81.9,3.870
81.9,3.870
81.8,3.870
81.8,3.870
81.7,3.870
81.7,3.870
81.7,3.870
81.7,3.870
81.6,3.870
81.6,3.870
81.6,3.870
81.5,3.870
81.5,3.870
81.5,3.870
81.4,3.870
81.4,3.870
81.3,3.870
81.3,3.870
81.3,3.870
81.2,3.870
81.1,3.870
81.1,3.870
81.1,3.870
81.1,3.870
81.0,3.870
81.0,3.870
80.9,3.870
80.9,3.870
80.9,3.870
80.8,3.870
80.7,3.870
80.7,3.870
80.7,3.870
80.6,3.870
80.6,3.870
80.6,3.870
80.5,3.870
80.5,3.870
80.5,3.870
80.4,3.870
80.4,3.870
80.3,3.870
80.3,3.870
80.2,3.870
80.2,3.870
80.1,3.870
80.1,3.865
80.1,3.865
80.0,3.865
79.9,3.865
79.9,3.865
79.9,3.865
79.8,3.865
79.8,3.865
79.8,3.865
79.7,3.865
79.7,3.865
79.6,3.865
79.6,3.865
79.6,3.865
79.5,3.865
79.5,3.865
79.4,3.865
79.4,3.865
79.3,3.865
79.3,3.865
79.3,3.865
79.2,3.865
79.2,3.865
79.2,3.865
79.2,3.865
79.1,3.865
79.1,3.865
79.0,3.865
79.0,3.865
79.0,3.865
78.9,3.865
78.9,3.865
78.9,3.865
78.8,3.865
78.8,3.865
78.7,3.865
78.7,3.865
78.7,3.865
78.7,3.865
78.6,3.865
78.5,3.865
78.5,3.865
78.5,3.865
78.4,3.865
78.4,3.865
78.3,3.865
78.3,3.865
78.3,3.865
78.2,3.865
78.2,3.865
78.1,3.865
78.1,3.865
78.1,3.865
78.1,3.865
78.0,3.865
78.0,3.865
77.9,3.865
77.9,3.865
77.8,3.865
77.8,3.865
77.8,3.865
77.7,3.865
77.7,3.865
77.7,3.865
77.6,3.865
77.6,3.865
77.5,3.865
77.5,3.865
77.4,3.865
77.4,3.865
77.4,3.865
77.3,3.865
77.3,3.865
77.3,3.865
77.2,3.865
77.2,3.865
77.1,3.865
77.1,3.865
77.0,3.865
77.0,3.865
76.9,3.865
76.9,3.865
76.9,3.865
76.9,3.865
76.9,3.865
76.8,3.865
76.8,3.865
76.7,3.865
76.7,3.865
76.7,3.865
76.6,3.865
76.6,3.865
76.5,3.865
76.5,3.865
76.5,3.865
76.4,3.865
76.4,3.865
76.4,3.865
76.3,3.865
76.3,3.865
76.2,3.865
76.2,3.865
76.1,3.865
76.1,3.865
76.0,3.865
76.0,3.865
76.0,3.865
76.0,3.865
75.9,3.865
75.9,3.865
75.8,3.865
75.8,3.865
75.7,3.865
75.7,3.865
75.7,3.865
75.6,3.865
75.6,3.865
75.6,3.865
75.6,3.865
75.6,3.865
75.5,3.865
75.5,3.865
75.4,3.865
75.3,3.865
75.3,3.865
75.3,3.865
75.2,3.865
75.2,3.865
75.2,3.865
75.1,3.865
75.1,3.865
75.0,3.865
75.0,3.860
75.0,3.860
75.0,3.860
74.9,3.860
74.9,3.860
74.8,3.860
74.8,3.860
74.8,3.860
74.8,3.860
74.7,3.860
74.7,3.860
74.6,3.860
74.6,3.860
74.6,3.860
74.5,3.860
74.5,3.860
74.4,3.860
74.4,3.860
74.4,3.860
74.3,3.860
74.3,3.860
74.3,3.860
74.3,3.860
74.2,3.860
74.2,3.860
74.2,3.860
74.1,3.860
74.1,3.860
74.1,3.860
74.0,3.860
74.0,3.860
73.9,3.860
73.9,3.860
73.9,3.860
73.8,3.860
73.8,3.860
73.8,3.860
73.7,3.860
73.7,3.860
73.7,3.860
73.6,3.860
73.6,3.860
73.6,3.860
73.5,3.860
73.5,3.860
73.4,3.860
73.4,3.860
73.4,3.860
73.4,3.860
73.3,3.860
73.3,3.860
73.2,3.860
73.2,3.860
73.2,3.860
73.1,3.860
73.1,3.860
73.0,3.860
73.0,3.860
73.0,3.860
72.9,3.860
72.9,3.860
72.9,3.860
72.9,3.860
72.8,3.860
72.8,3.860
72.8,3.860
72.7,3.860
72.7,3.860
72.6,3.860
72.6,3.860
72.5,3.860
72.5,3.860
72.5,3.860
72.5,3.860
72.4,3.860
72.4,3.860
72.3,3.860
72.3,3.860
72.3,3.860
72.3,3.860
72.3,3.860
72.3,3.860
72.2,3.860
72.2,3.860
72.1,3.860
72.1,3.860
72.1,3.860
72.0,3.860
72.0,3.860
71.9,3.860
71.9,3.860
71.9,3.860
71.8,3.860
71.8,3.860
71.8,3.860
71.7,3.860
71.7,3.860
71.7,3.860
71.6,3.860
71.6,3.860
71.6,3.860
71.6,3.860
71.5,3.860
71.5,3.860
71.4,3.860
71.4,3.860
71.4,3.860
71.4,3.860
71.3,3.860
71.3,3.860
71.3,3.860
71.2,3.860
71.2,3.860
71.1,3.860
71.1,3.860
71.1,3.860
71.1,3.860
71.0,3.860
71.0,3.860
71.0,3.860
70.9,3.860
70.9,3.860
70.8,3.860
70.8,3.860
70.7,3.860
70.7,3.860
70.7,3.860
70.7,3.860
70.6,3.860
70.6,3.860
70.6,3.860
70.5,3.860
70.5,3.860
70.5,3.860
70.5,3.860
70.4,3.860
70.4,3.860
70.4,3.860
70.3,3.860
70.3,3.860
70.2,3.860
70.2,3.860
70.2,3.860
70.1,3.860
70.1,3.860
70.1,3.860
70.1,3.860
70.1,3.860
70.1,3.860
70.0,3.860
70.0,3.860
69.9,3.860
69.9,3.860
69.9,3.860
69.8,3.860
69.8,3.860
69.8,3.855
69.7,3.855
69.7,3.855
69.7,3.855
69.6,3.855
69.6,3.855
69.6,3.855
69.5,3.855
69.5,3.855
69.5,3.855
69.5,3.855
69.5,3.855
69.4,3.855
69.4,3.855
69.3,3.855
69.3,3.855
69.3,3.855
69.2,3.855
69.2,3.855
69.2,3.855
69.1,3.855
69.1,3.855
69.1,3.855
69.1,3.855
69.0,3.855
69.0,3.855
69.0,3.855
69.0,3.855
68.9,3.855
68.9,3.855
68.8,3.855
68.8,3.855
68.8,3.855
68.8,3.855
68.7,3.855
68.7,3.855
68.7,3.855
68.7,3.855
68.7,3.855
68.6,3.855
68.6,3.855
68.6,3.855
68.5,3.855
68.5,3.855
68.4,3.855
68.4,3.855
68.4,3.855
68.4,3.855
68.3,3.855
68.3,3.855
68.3,3.855
68.3,3.855
68.2,3.855
68.2,3.855
68.1,3.855
68.1,3.855
68.1,3.855
68.1,3.855
68.0,3.855
68.0,3.855
68.0,3.855
67.9,3.855
67.9,3.855
67.8,3.855
67.8,3.855
67.8,3.855
67.8,3.855
67.8,3.855
67.8,3.855
67.7,3.855
67.8,3.855
67.7,3.855
67.6,3.855
67.6,3.855
67.6,3.855
67.6,3.855
67.5,3.855
67.5,3.855
67.5,3.855
67.4,3.855
67.4,3.855
67.3,3.855
67.3,3.855
67.3,3.855
67.3,3.855
67.3,3.855
67.3,3.855
67.3,3.855
67.2,3.855
67.2,3.855
67.1,3.855
67.1,3.855
67.0,3.855
67.0,3.855
67.0,3.855
67.0,3.855
66.9,3.855
66.9,3.855
66.9,3.855
66.9,3.855
66.8,3.855
66.8,3.855
66.8,3.855
66.8,3.855
66.8,3.855
66.7,3.855
66.7,3.855
66.6,3.855
66.6,3.855
66.6,3.855
66.5,3.855
66.5,3.855
66.5,3.855
66.5,3.855
66.4,3.855
66.4,3.855
66.4,3.855
66.4,3.855
66.4,3.855
66.3,3.855
66.3,3.855
66.2,3.855
66.2,3.855
66.2,3.855
66.1,3.855
66.1,3.855
66.1,3.855
66.0,3.855
66.0,3.855
66.0,3.855
66.0,3.855
66.0,3.855
65.9,3.855
65.9,3.855
65.9,3.855
65.9,3.855
65.8,3.855
65.8,3.855
65.7,3.855
65.7,3.855
65.7,3.855
65.7,3.855
65.6,3.855
65.6,3.855
65.5,3.855
65.5,3.855
65.4,3.855
65.4,3.855
65.4,3.855
65.3,3.855
65.3,3.855
65.3,3.855
65.3,3.855
65.2,3.855
65.2,3.855
65.2,3.855
65.2,3.855
65.1,3.855
65.1,3.855
65.0,3.855
64.9,3.855
64.9,3.855
64.9,3.855
64.8,3.855
64.8,3.855
64.8,3.855
64.8,3.850
64.8,3.850
64.7,3.850
64.7,3.850
64.6,3.850
64.6,3.850
64.5,3.850
64.5,3.850
64.4,3.850
64.4,3.850
64.4,3.850
64.3,3.850
64.3,3.850
64.3,3.850
64.2,3.850
64.2,3.850
64.1,3.850
64.1,3.850
64.0,3.850
64.0,3.850
63.9,3.850
63.9,3.850
63.9,3.850
63.8,3.850
63.8,3.850
63.7,3.850
63.7,3.850
63.6,3.850
63.6,3.850
63.5,3.850
63.5,3.850
63.5,3.850
63.4,3.850
63.4,3.850
63.3,3.850
63.3,3.850
63.3,3.850
63.2,3.850
63.1,3.850
63.1,3.850
63.1,3.850
63.0,3.850
63.0,3.850
62.9,3.850
62.9,3.850
62.8,3.850
62.8,3.850
62.8,3.850
62.7,3.850
62.6,3.850
62.6,3.850
62.5,3.850
62.5,3.850
62.5,3.850
62.4,3.850
62.4,3.850
62.3,3.850
62.2,3.850
62.2,3.850
62.2,3.850
62.1,3.850
62.1,3.850
62.0,3.850
62.0,3.850
61.9,3.850
61.9,3.850
61.8,3.850
61.8,3.850
61.7,3.850
61.7,3.850
61.6,3.850
61.6,3.850
61.5,3.850
61.5,3.850
61.4,3.850
61.4,3.850
61.3,3.850
61.3,3.850
61.3,3.850
61.2,3.850
61.2,3.850
61.1,3.850
61.1,3.850
61.0,3.850
61.0,3.850
60.9,3.850
60.9,3.850
60.9,3.850
60.8,3.850
60.8,3.850
60.7,3.850
60.6,3.850
60.6,3.850
60.5,3.850
60.5,3.850
60.5,3.850
60.4,3.850
60.4,3.850
60.3,3.850
60.3,3.850
60.2,3.850
60.2,3.850
60.1,3.850
60.1,3.850
60.0,3.850
60.0,3.850
59.9,3.850
59.9,3.850
59.9,3.850
59.8,3.850
59.8,3.850
59.7,3.850
59.7,3.850
59.6,3.845
59.6,3.845
59.6,3.845
59.5,3.845
59.5,3.845
59.4,3.845
59.4,3.845
59.4,3.845
59.3,3.845
59.3,3.845
59.2,3.845
59.2,3.845
59.1,3.845
59.1,3.845
59.0,3.845
59.0,3.845
59.0,3.845
58.9,3.845
58.8,3.845
58.8,3.845
58.7,3.845
58.7,3.845
58.7,3.845
58.6,3.845
58.6,3.845
58.5,3.845
58.5,3.845
58.4,3.845
58.4,3.845
58.3,3.845
58.3,3.845
58.3,3.845
58.2,3.845
58.1,3.845
58.1,3.845
58.0,3.845
58.0,3.845
58.0,3.845
57.9,3.845
57.8,3.845
57.8,3.845
57.7,3.845
57.7,3.845
57.7,3.845
57.6,3.845
57.6,3.845
57.6,3.845
57.5,3.845
57.5,3.845
57.4,3.845
57.4,3.845
57.3,3.845
57.3,3.845
57.2,3.845
57.2,3.845
57.2,3.845
57.1,3.845
57.1,3.845
57.0,3.845
57.0,3.845
56.9,3.845
56.9,3.845
56.8,3.845
56.8,3.845
56.7,3.845
56.7,3.845
56.6,3.845
56.6,3.845
56.6,3.845
56.6,3.845
56.5,3.845
56.5,3.845
56.5,3.845
56.4,3.845
56.3,3.845
56.3,3.845
56.2,3.845
56.2,3.845
56.2,3.845
56.1,3.845
56.1,3.845
56.1,3.845
56.0,3.845
56.0,3.845
56.0,3.845
55.9,3.845
55.9,3.845
55.9,3.845
55.8,3.845
55.8,3.845
55.7,3.845
55.7,3.845
55.7,3.845
55.6,3.845
55.6,3.845
55.5,3.845
55.5,3.845
55.4,3.845
55.4,3.845
55.3,3.845
55.3,3.845
55.3,3.845
55.2,3.845
55.2,3.845
55.1,3.845
55.1,3.845
55.1,3.845
55.0,3.845
55.0,3.840
54.9,3.840
54.9,3.840
54.9,3.840
54.9,3.840
54.8,3.840
54.8,3.840
54.8,3.840
54.7,3.840
54.7,3.840
54.7,3.840
54.7,3.840
54.6,3.840
54.5,3.840
54.5,3.840
54.5,3.840
54.4,3.840
54.4,3.840
54.3,3.840
54.3,3.840
54.2,3.840
54.2,3.840
54.2,3.840
54.2,3.840
54.2,3.840
54.1,3.840
54.1,3.840
54.1,3.840
54.0,3.840
54.0,3.840
53.9,3.840
53.9,3.840
53.8,3.840
53.8,3.840
53.8,3.840
53.7,3.840
53.7,3.840
53.6,3.840
53.6,3.840
53.6,3.840
53.6,3.840
53.5,3.840
53.5,3.840
53.5,3.840
53.4,3.840
53.4,3.840
53.3,3.840
53.3,3.840
53.2,3.840
53.2,3.840
53.2,3.840
53.1,3.840
53.1,3.840
53.1,3.840
53.1,3.840
53.1,3.840
53.0,3.840
53.0,3.840
52.9,3.840
52.9,3.840
52.9,3.840
52.8,3.840
52.8,3.840
52.8,3.840
52.7,3.840
52.7,3.840
52.7,3.840
52.6,3.840
52.6,3.840
52.6,3.840
52.5,3.840
52.5,3.840
52.5,3.840
52.5,3.840
52.4,3.840
52.4,3.840
52.3,3.840
52.3,3.840
52.3,3.840
52.2,3.840
52.2,3.840
52.2,3.840
52.1,3.840
52.1,3.840
52.1,3.840
52.0,3.840
52.0,3.840
52.0,3.840
51.9,3.840
51.9,3.840
51.9,3.840
51.8,3.840
51.8,3.840
51.7,3.840
51.7,3.840
51.7,3.840
51.7,3.840
51.6,3.840
51.6,3.840
51.6,3.840
51.5,3.840
51.5,3.840
51.5,3.840
51.4,3.840
51.4,3.840
51.4,3.840
51.4,3.840
51.3,3.840
51.3,3.840
51.2,3.840
51.2,3.840
51.2,3.840
51.2,3.840
51.2,3.840
51.1,3.840
51.0,3.840
51.0,3.840
51.0,3.840
51.0,3.840
50.9,3.840
50.9,3.840
50.9,3.840
50.9,3.840
50.8,3.840
50.8,3.840
50.7,3.840
50.7,3.840
50.7,3.840
50.6,3.840
50.6,3.840
50.6,3.840
50.6,3.840
50.6,3.840
50.5,3.840
50.5,3.840
50.5,3.840
50.5,3.840
50.4,3.840
50.4,3.840
50.3,3.835
50.3,3.835
50.3,3.835
50.2,3.835
50.2,3.835
50.2,3.835
50.1,3.835
50.1,3.835
50.1,3.835
50.1,3.835
50.0,3.835
50.0,3.835
49.9,3.835
49.9,3.835
49.9,3.835
49.8,3.835
49.8,3.835
49.8,3.835
49.7,3.835
49.7,3.835
49.7,3.835
49.7,3.835
49.7,3.835
49.7,3.835
49.7,3.835
49.7,3.835
49.6,3.835
49.6,3.835
49.5,3.835
49.5,3.835
49.4,3.835
49.4,3.835
49.4,3.835
49.4,3.835
49.3,3.835
49.3,3.835
49.3,3.835
49.3,3.835
49.2,3.835
49.2,3.835
49.2,3.835
49.2,3.835
49.1,3.835
49.1,3.835
49.1,3.835
49.1,3.835
49.0,3.835
49.0,3.835
49.0,3.835
48.9,3.835
48.9,3.835
48.8,3.835
48.8,3.835
48.8,3.835
48.7,3.835
48.7,3.835
48.7,3.835
48.7,3.835
48.7,3.835
48.7,3.835
48.6,3.835
48.6,3.835
48.6,3.835
48.5,3.835
48.5,3.835
48.5,3.835
48.4,3.835
48.4,3.835
48.4,3.835
48.4,3.835
48.3,3.835
48.3,3.835
48.3,3.835
48.2,3.835
48.2,3.835
48.2,3.835
48.1,3.835
48.1,3.835
48.1,3.835
48.0,3.835
48.0,3.835
48.0,3.835
48.0,3.835
48.0,3.835
47.9,3.835
47.9,3.835
47.9,3.835
47.9,3.835
47.8,3.835
47.8,3.835
47.7,3.835
47.7,3.835
47.7,3.835
47.7,3.835
47.7,3.835
47.6,3.835
47.6,3.835
47.6,3.835
47.5,3.835
47.5,3.835
47.5,3.835
47.4,3.835
47.4,3.835
47.4,3.835
47.4,3.835
47.4,3.835
47.4,3.835
47.3,3.835
47.3,3.835
47.2,3.835
47.2,3.835
47.2,3.835
47.2,3.835
47.1,3.835
47.1,3.835
47.1,3.835
47.0,3.835
47.0,3.835
47.0,3.835
47.0,3.835
46.9,3.835
46.9,3.835
46.9,3.835
46.9,3.835
46.8,3.835
46.8,3.835
46.8,3.835
46.8,3.835
46.8,3.835
46.7,3.835
46.7,3.835
46.7,3.835
46.7,3.835
46.6,3.835
46.6,3.835
46.5,3.835
46.5,3.835
46.5,3.835
46.5,3.835
46.5,3.835
46.4,3.835
46.4,3.835
46.4,3.835
46.4,3.835
46.4,3.835
46.3,3.830
46.3,3.830
46.3,3.830
46.2,3.830
46.2,3.830
46.2,3.830
46.2,3.830
46.2,3.830
46.2,3.830
46.2,3.830
46.1,3.830
46.1,3.830
46.0,3.830
46.0,3.830
46.0,3.830
46.0,3.830
46.0,3.830
46.0,3.830
46.0,3.830
46.0,3.830
46.0,3.830
46.0,3.830
46.0,3.830
45.9,3.830
45.9,3.830
45.9,3.830
45.9,3.830
45.9,3.830
45.9,3.830
45.9,3.830
45.9,3.830
45.9,3.830
45.9,3.830
45.9,3.830
45.9,3.830
45.9,3.830
45.9,3.830
45.9,3.830
46.0,3.830
46.0,3.830
46.0,3.830
46.0,3.830
46.0,3.830
46.0,3.830
46.0,3.830
46.0,3.830
46.0,3.830
46.0,3.830
46.0,3.830
46.0,3.830
46.0,3.830
46.0,3.830
46.0,3.830
46.0,3.830
46.0,3.830
46.0,3.830
46.0,3.830
46.0,3.830
46.0,3.830
46.0,3.830
46.0,3.830
46.0,3.830
46.0,3.830
46.0,3.830
46.0,3.830
46.0,3.830
46.0,3.830
46.0,3.830
46.0,3.830
46.0,3.830
46.0,3.830
46.0,3.830
46.0,3.830
46.0,3.830
46.0,3.830
46.0,3.830
46.0,3.830
46.0,3.830
46.0,3.830
46.0,3.830
46.0,3.830
46.0,3.830
46.0,3.830
46.0,3.830
46.0,3.830
46.0,3.830
46.0,3.830
46.0,3.830
46.0,3.830
46.0,3.830
46.0,3.830
46.0,3.830
46.0,3.830
46.0,3.830
46.0,3.830
46.0,3.830
46.0,3.830
46.0,3.830
46.0,3.830
46.0,3.830
46.0,3.830
46.0,3.830
46.0,3.830
46.0,3.830
46.0,3.830
46.0,3.830
46.0,3.830
46.0,3.830
46.0,3.830
46.0,3.830
46.0,3.830
46.0,3.830
46.0,3.830
46.0,3.830
46.0,3.825
46.0,3.825
46.0,3.825
46.0,3.825
46.0,3.825
46.0,3.825
46.0,3.825
46.0,3.825
46.0,3.825
46.0,3.825
46.0,3.825
46.0,3.825
46.0,3.825
46.0,3.825
46.0,3.825
45.9,3.825
45.9,3.825
45.9,3.825
45.9,3.825
45.9,3.825
45.9,3.825
45.9,3.825
45.9,3.825
46.0,3.825
46.0,3.825
46.0,3.825
46.0,3.825
46.0,3.825
46.0,3.825
46.0,3.825
46.0,3.825
46.0,3.825
46.0,3.825
46.0,3.825
46.0,3.825
46.0,3.825
46.0,3.825
46.0,3.825
46.0,3.825
46.0,3.825
46.0,3.825
46.0,3.825
46.0,3.825
46.0,3.825
46.0,3.825
46.0,3.825
46.0,3.825
46.0,3.825
46.0,3.825
46.0,3.825
46.0,3.825
46.0,3.825
46.0,3.825
46.0,3.825
46.0,3.825
46.0,3.825
46.0,3.825
46.0,3.825
46.0,3.825
46.0,3.825
46.0,3.825
46.0,3.825
46.0,3.825
46.0,3.825
46.0,3.825
45.9,3.825
45.9,3.825
45.9,3.825
45.9,3.825
45.9,3.825
45.9,3.825
45.9,3.825
45.9,3.825
45.9,3.825
45.9,3.825
45.9,3.825
45.9,3.825
45.9,3.825
45.9,3.825
45.9,3.825
45.9,3.820
45.9,3.820
45.9,3.820
45.9,3.820
45.9,3.820
45.9,3.820
45.9,3.820
45.9,3.820
45.9,3.820
45.9,3.820
46.0,3.820
46.0,3.820
46.0,3.820
46.0,3.820
46.0,3.820
46.0,3.820
46.0,3.820
46.0,3.820
46.0,3.820
46.0,3.820
46.0,3.820
46.0,3.820
46.0,3.820
46.0,3.820
46.0,3.820
46.0,3.820
46.0,3.820
46.0,3.820
45.9,3.820
45.9,3.820
45.9,3.820
45.9,3.820
45.9,3.820
45.9,3.820
45.9,3.820
45.9,3.820
45.9,3.820
45.9,3.820
45.9,3.820
45.9,3.820
45.9,3.820
45.9,3.820
45.9,3.820
45.9,3.820
45.9,3.820
45.9,3.820
45.9,3.820
45.9,3.820
45.9,3.820
45.9,3.820
45.9,3.820
45.9,3.820
45.9,3.820
45.9,3.820
45.9,3.820
45.9,3.820
45.9,3.820
45.9,3.820
45.9,3.820
45.9,3.820
45.9,3.820
45.9,3.815
45.9,3.815
45.9,3.815
45.9,3.815
45.9,3.815
45.9,3.815
45.9,3.815
45.9,3.815
45.9,3.815
45.9,3.815
45.9,3.815
45.9,3.815
45.9,3.815
45.9,3.815
45.9,3.815
45.9,3.815
45.9,3.815
45.9,3.815
45.9,3.815
45.9,3.815
45.9,3.815
45.9,3.815
45.9,3.815
45.9,3.815
45.9,3.815
45.9,3.815
45.9,3.815
45.9,3.815
45.9,3.815
45.9,3.815
45.9,3.815
45.9,3.815
45.9,3.815
45.9,3.815
45.9,3.815
45.9,3.815
45.9,3.815
45.9,3.815
45.9,3.815
45.9,3.815
45.9,3.815
45.9,3.815
45.9,3.815
45.9,3.815
45.9,3.815
45.9,3.815
45.9,3.815
45.9,3.815
45.9,3.815
45.9,3.815
45.9,3.815
45.9,3.810
45.9,3.810
45.9,3.810
45.9,3.810
45.9,3.810
45.9,3.810
45.9,3.810
45.9,3.810
45.9,3.810
45.9,3.810
45.9,3.810
45.9,3.810
45.9,3.810
45.9,3.810
45.9,3.810
45.9,3.810
45.9,3.810
45.9,3.810
45.9,3.810
45.9,3.810
45.9,3.810
45.9,3.810
45.9,3.810
45.9,3.810
45.9,3.810
45.9,3.810
45.9,3.810
45.9,3.810
45.9,3.810
45.9,3.810
46.0,3.810
46.0,3.810
46.0,3.810
46.0,3.810
46.0,3.810
46.0,3.810
46.0,3.810
46.0,3.810
46.0,3.810
46.0,3.810
46.0,3.810
46.0,3.810
46.0,3.810
45.9,3.810
45.9,3.805
45.9,3.805
45.9,3.805
45.9,3.805
45.9,3.805
45.9,3.805
45.9,3.805
45.9,3.805
45.9,3.805
45.9,3.805
45.9,3.805
45.9,3.805
45.9,3.805
45.9,3.805
45.9,3.805
45.9,3.805
45.9,3.805
45.9,3.805
45.9,3.805
45.9,3.805
45.9,3.805
45.9,3.805
45.9,3.805
45.9,3.805
45.9,3.805
45.9,3.805
45.9,3.805
45.9,3.805
45.9,3.805
45.9,3.805
45.9,3.805
45.9,3.805
45.9,3.805
45.9,3.805
45.9,3.805
45.9,3.805
45.9,3.805
45.9,3.805
45.9,3.805
45.9,3.805
45.9,3.805
45.9,3.805
45.9,3.805
45.9,3.805
45.9,3.805
45.9,3.805
45.9,3.805
45.9,3.805
45.9,3.805
45.9,3.800
45.9,3.800
45.9,3.800
45.9,3.800
45.9,3.800
45.9,3.800
45.9,3.800
45.9,3.800
45.9,3.800
45.9,3.800
45.9,3.800
45.9,3.800
45.9,3.800
45.9,3.800
45.9,3.800
45.9,3.800
45.9,3.800
45.9,3.800
45.9,3.800
45.9,3.800
45.9,3.800
45.9,3.800
45.9,3.800
45.9,3.800
45.9,3.800
45.9,3.800
45.9,3.800
45.9,3.800
45.9,3.800
45.9,3.800
45.9,3.800
45.9,3.800
45.8,3.800
45.9,3.800
45.8,3.800
45.8,3.800
45.8,3.800
45.8,3.800
45.8,3.800
45.8,3.800
45.8,3.800
45.8,3.800
45.9,3.800
45.9,3.800
45.9,3.800
45.9,3.800
45.9,3.800
45.9,3.800
45.9,3.800
45.9,3.800
45.9,3.800
45.9,3.795
45.9,3.795
45.9,3.795
45.9,3.795
45.9,3.795
45.9,3.795
45.8,3.795
45.7,3.795
45.7,3.795
45.8,3.795
45.8,3.795
45.8,3.795
45.8,3.795
45.8,3.795
45.8,3.795
45.8,3.795
45.8,3.795
45.8,3.795
45.8,3.795
45.8,3.795
45.8,3.795
45.8,3.795
45.8,3.795
45.8,3.795
45.8,3.795
45.8,3.795
45.8,3.795
45.8,3.795
45.8,3.795
45.8,3.795
45.8,3.795
45.8,3.795
45.8,3.795
45.8,3.795
45.8,3.795
45.8,3.795
45.8,3.795
45.8,3.795
45.8,3.795
45.8,3.795
45.8,3.795
45.8,3.795
45.8,3.795
45.8,3.795
45.8,3.795
45.8,3.795
45.8,3.795
45.7,3.790
45.7,3.790
45.7,3.790
45.7,3.790
45.7,3.790
45.7,3.790
45.7,3.790
45.7,3.790
45.7,3.790
45.7,3.790
45.7,3.790
45.7,3.790
45.7,3.790
45.7,3.790
45.7,3.790
45.7,3.790
45.7,3.790
45.7,3.790
45.7,3.790
45.7,3.790
45.7,3.790
45.7,3.790
45.7,3.790
45.7,3.790
45.7,3.790
45.7,3.790
45.7,3.790
45.7,3.790
45.7,3.790
45.7,3.790
45.7,3.790
45.7,3.790
45.8,3.790
45.7,3.790
45.7,3.790
45.7,3.790
45.7,3.790
45.7,3.790
45.8,3.790
45.8,3.790
45.8,3.790
45.8,3.790
45.8,3.790
45.8,3.790
45.8,3.785
45.8,3.785
45.8,3.785
45.8,3.785
45.8,3.785
45.8,3.785
45.8,3.785
45.7,3.785
45.7,3.785
45.7,3.785
45.7,3.785
45.7,3.785
45.7,3.785
45.7,3.785
45.7,3.785
45.7,3.785
45.7,3.785
45.7,3.785
45.7,3.785
45.8,3.785
45.8,3.785
45.8,3.785
45.8,3.785
45.8,3.785
45.8,3.785
45.8,3.785
45.8,3.785
45.8,3.785
45.8,3.785
45.8,3.785
45.8,3.785
45.8,3.785
45.8,3.785
45.8,3.785
45.8,3.785
45.8,3.785
45.8,3.785
45.8,3.785
45.8,3.785
45.8,3.785
45.8,3.785
45.8,3.785
45.8,3.785
45.8,3.785
45.8,3.785
45.8,3.780
45.8,3.780
45.8,3.780
45.8,3.780
45.8,3.780
45.8,3.780
45.8,3.780
45.8,3.780
45.8,3.780
45.8,3.780
45.8,3.780
45.8,3.780
45.8,3.780
45.8,3.780
45.8,3.780
45.8,3.780
45.8,3.780
45.8,3.780
45.8,3.780
45.8,3.780
45.8,3.780
45.8,3.780
45.8,3.780
45.8,3.780
45.8,3.780
45.8,3.780
45.8,3.780
45.8,3.780
45.7,3.780
45.7,3.780
45.7,3.780
45.7,3.780
45.7,3.780
45.7,3.780
45.7,3.780
45.7,3.780
45.7,3.780
45.7,3.780
45.7,3.780
45.7,3.780
45.7,3.780
45.7,3.780
45.7,3.780
45.7,3.780
45.7,3.780
45.7,3.780
45.7,3.780
45.7,3.780
45.7,3.775
45.7,3.775
45.7,3.775
45.7,3.775
45.7,3.775
45.7,3.775
45.7,3.775
45.7,3.775
45.7,3.775
45.7,3.775
45.7,3.775
45.7,3.775
45.7,3.775
45.7,3.775
45.7,3.775
45.7,3.775
45.7,3.775
45.7,3.775
45.7,3.775
45.7,3.775
45.7,3.775
45.7,3.775
45.7,3.775
45.7,3.775
45.7,3.775
45.7,3.775
45.7,3.775
45.7,3.775
45.7,3.775
45.7,3.775
45.7,3.775
45.7,3.775
45.7,3.775
45.7,3.775
45.7,3.775
45.7,3.775
45.7,3.775
45.7,3.775
45.7,3.775
45.7,3.775
45.7,3.775
45.7,3.775
45.7,3.775
45.7,3.775
45.7,3.775
45.7,3.775
45.7,3.775
45.7,3.775
45.7,3.770
45.7,3.770
45.7,3.770
45.8,3.770
45.8,3.770
45.8,3.770
45.8,3.770
45.8,3.770
45.8,3.770
45.8,3.770
45.8,3.770
45.8,3.770
45.8,3.770
45.8,3.770
45.8,3.770
45.8,3.770
45.8,3.770
45.8,3.770
45.8,3.770
45.8,3.770
45.8,3.770
45.8,3.770
45.8,3.770
45.8,3.770
45.8,3.770
45.8,3.770
45.8,3.770
45.8,3.770
45.8,3.770
45.8,3.770
45.8,3.770
45.8,3.770
45.8,3.770
45.8,3.770
45.8,3.770
45.8,3.770
45.8,3.770
45.8,3.770
45.8,3.770
45.8,3.770
45.8,3.770
45.8,3.770
45.8,3.770
45.8,3.770
45.8,3.770
45.8,3.770
45.8,3.765
45.8,3.765
45.8,3.765
45.8,3.765
45.8,3.765
45.8,3.765
45.8,3.765
45.8,3.765
45.8,3.765
45.8,3.765
45.8,3.765
45.8,3.765
45.7,3.765
45.7,3.765
45.7,3.765
45.7,3.765
45.7,3.765
45.7,3.765
45.7,3.765
45.7,3.765
45.7,3.765
45.7,3.765
45.7,3.765
45.7,3.765
45.7,3.765
45.7,3.765
45.7,3.765
45.7,3.765
45.7,3.765
45.7,3.765
45.7,3.765
45.7,3.765
45.7,3.765
45.7,3.765
45.7,3.765
45.7,3.765
45.7,3.765
45.7,3.765
45.7,3.765
45.7,3.760
45.7,3.760
45.7,3.760
45.7,3.760
45.7,3.760
45.7,3.760
45.7,3.760
45.7,3.760
45.7,3.760
45.7,3.760
45.7,3.760
45.7,3.760
45.7,3.760
45.7,3.760
45.7,3.760
45.7,3.760
45.7,3.760
45.7,3.760
45.7,3.760
45.7,3.760
45.7,3.760
45.7,3.760
45.7,3.760
45.7,3.760
45.7,3.760
45.7,3.760
45.7,3.760
45.7,3.760
45.7,3.760
45.7,3.760
45.7,3.760
45.7,3.760
45.7,3.760
45.7,3.760
45.7,3.760
45.7,3.760
45.7,3.760
45.7,3.760
45.7,3.760
45.7,3.760
45.7,3.755
45.7,3.755
45.7,3.755
45.7,3.755
45.7,3.755
45.7,3.755
45.7,3.755
45.7,3.755
45.7,3.755
45.7,3.755
45.7,3.755
45.7,3.755
45.7,3.755
45.7,3.755
45.7,3.755
45.7,3.755
45.7,3.755
45.7,3.755
45.7,3.755
45.7,3.755
45.7,3.755
45.7,3.755
45.7,3.755
45.7,3.755
45.7,3.755
45.7,3.755
45.7,3.755
45.7,3.755
45.7,3.755
45.7,3.755
45.7,3.755
45.7,3.755
45.7,3.755
45.7,3.755
45.7,3.755
45.7,3.755
45.7,3.755
45.7,3.755
45.7,3.755
45.7,3.755
45.7,3.750
45.7,3.750
45.7,3.750
45.7,3.750
45.7,3.750
45.7,3.750
45.7,3.750
45.7,3.750
45.7,3.750
45.7,3.750
45.7,3.750
45.7,3.750
45.7,3.750
45.7,3.750
45.7,3.750
45.7,3.750
45.7,3.750
45.7,3.750
45.7,3.750
45.7,3.750
45.7,3.750
45.7,3.750
45.7,3.750
45.7,3.750
45.7,3.750
45.7,3.750
45.7,3.750
45.7,3.750
45.7,3.750
45.7,3.750
45.7,3.750
45.7,3.750
45.7,3.750
45.7,3.750
45.7,3.750
45.7,3.750
45.7,3.750
45.7,3.750
45.7,3.750
45.7,3.750
45.7,3.750
45.7,3.745
45.7,3.745
45.7,3.745
45.7,3.745
45.7,3.745
45.7,3.745
45.7,3.745
45.7,3.745
45.7,3.745
45.7,3.745
45.7,3.745
45.7,3.745
45.7,3.745
45.7,3.745
45.7,3.745
45.7,3.745
45.7,3.745
45.7,3.745
45.6,3.745
45.6,3.745
45.6,3.745
45.6,3.745
45.6,3.745
45.6,3.745
45.6,3.745
45.6,3.745
45.6,3.745
45.6,3.745
45.6,3.745
45.6,3.745
45.6,3.745
45.6,3.745
45.6,3.745
45.6,3.745
45.6,3.745
45.6,3.745
45.6,3.745
45.6,3.745
45.6,3.745
45.6,3.745
45.6,3.745
45.6,3.745
45.6,3.740
45.6,3.740
45.6,3.740
45.6,3.740
45.6,3.740
45.6,3.740
45.6,3.740
45.6,3.740
45.6,3.740
45.6,3.740
45.6,3.740
45.6,3.740
45.6,3.740
45.6,3.740
45.6,3.740
45.6,3.740
45.6,3.740
45.6,3.740
45.6,3.740
45.6,3.740
45.6,3.740
45.6,3.740
45.6,3.740
45.6,3.740
45.6,3.740
45.6,3.740
45.6,3.740
45.6,3.740
45.6,3.740
45.6,3.740
45.6,3.740
45.6,3.740
45.6,3.740
45.6,3.740
45.6,3.740
45.6,3.740
45.6,3.740
45.6,3.740
45.6,3.740
45.6,3.740
45.6,3.740
45.6,3.740
45.6,3.740
45.6,3.740
45.6,3.740
45.6,3.740
45.6,3.735
45.6,3.735
45.6,3.735
45.6,3.735
45.6,3.735
45.6,3.735
45.6,3.735
45.6,3.735
45.6,3.735
45.6,3.735
45.6,3.735
45.6,3.735
45.6,3.735
45.6,3.735
45.6,3.735
45.6,3.735
45.6,3.735
45.6,3.735
45.6,3.735
45.6,3.735
45.6,3.735
45.6,3.735
45.6,3.735
45.6,3.735
45.5,3.735
45.5,3.735
45.5,3.735
45.5,3.735
45.5,3.735
45.5,3.735
45.5,3.735
45.5,3.735
45.5,3.735
45.6,3.735
45.6,3.735
45.6,3.735
45.6,3.735
45.6,3.735
45.6,3.735
45.6,3.735
45.6,3.735
45.6,3.735
45.6,3.730
45.6,3.730
45.6,3.730
45.6,3.730
45.6,3.730
45.6,3.730
45.6,3.730
45.6,3.730
45.6,3.730
45.6,3.730
45.6,3.730
45.6,3.730
45.6,3.730
45.6,3.730
45.6,3.730
45.6,3.730
45.5,3.730
45.5,3.730
45.5,3.730
45.5,3.730
45.5,3.730
45.5,3.730
45.5,3.730
45.5,3.730
45.5,3.730
45.5,3.730
45.5,3.730
45.5,3.730
45.5,3.730
45.5,3.730
45.5,3.730
45.5,3.730
45.5,3.730
45.5,3.730
45.5,3.730
45.5,3.725
45.5,3.725
45.5,3.725
45.5,3.725
45.5,3.725
45.5,3.725
45.5,3.725
45.5,3.725
45.5,3.725
45.5,3.725
45.5,3.725
45.5,3.725
45.5,3.725
45.5,3.725
45.5,3.725
45.5,3.725
45.5,3.725
45.5,3.725
45.5,3.725
45.5,3.725
45.5,3.725
45.5,3.725
45.5,3.725
45.5,3.725
45.5,3.725
45.5,3.725
45.5,3.725
45.5,3.725
45.5,3.725
45.5,3.725
45.5,3.725
45.5,3.725
45.5,3.725
45.5,3.725
45.5,3.725
45.5,3.725
45.5,3.725
45.5,3.725
45.5,3.725
45.5,3.720
45.5,3.720
45.5,3.720
45.5,3.720
45.5,3.720
45.5,3.720
45.5,3.720
45.5,3.720
45.5,3.720
45.5,3.720
45.5,3.720
45.5,3.720
45.5,3.720
45.5,3.720
45.5,3.720
45.5,3.720
45.5,3.720
45.5,3.720
45.5,3.720
45.5,3.720
45.5,3.720
45.5,3.720
45.5,3.720
45.5,3.720
45.5,3.720
45.5,3.720
45.5,3.720
45.5,3.720
45.5,3.720
45.5,3.720
45.5,3.720
45.5,3.720
45.5,3.720
45.5,3.720
45.5,3.720
45.5,3.720
45.5,3.720
45.5,3.720
45.5,3.720
45.5,3.715
45.4,3.715
45.4,3.715
45.4,3.715
45.4,3.715
45.4,3.715
45.4,3.715
45.4,3.715
45.4,3.715
45.4,3.715
45.4,3.715
45.4,3.715
45.4,3.715
45.4,3.715
45.4,3.715
45.4,3.715
45.4,3.715
45.4,3.715
45.4,3.715
45.4,3.715
45.4,3.715
45.4,3.715
45.4,3.715
45.4,3.715
45.4,3.715
45.4,3.715
45.4,3.715
45.4,3.715
45.4,3.715
45.4,3.715
45.4,3.715
45.4,3.715
45.4,3.715
45.4,3.715
45.4,3.715
45.4,3.715
45.4,3.715
45.4,3.715
45.4,3.715
45.4,3.715
45.4,3.715
45.4,3.710
45.4,3.710
45.4,3.710
45.4,3.710
45.4,3.710
45.4,3.710
45.4,3.710
45.4,3.710
45.4,3.710
45.4,3.710
45.4,3.710
45.4,3.710
45.4,3.710
45.4,3.710
45.4,3.710
45.4,3.710
45.4,3.710
45.4,3.710
45.4,3.710
45.4,3.710
45.4,3.710
45.4,3.710
45.4,3.710
45.4,3.710
45.4,3.710
45.4,3.710
45.4,3.710
45.4,3.710
45.4,3.710
45.4,3.710
45.4,3.710
45.4,3.710
45.4,3.710
45.4,3.710
45.4,3.710
45.4,3.710
45.4,3.710
45.4,3.705
45.4,3.705
45.4,3.705
45.4,3.705
45.4,3.705
45.4,3.705
45.4,3.705
45.4,3.705
45.4,3.705
45.4,3.705
45.4,3.705
45.4,3.705
45.4,3.705
45.4,3.705
45.4,3.705
45.4,3.705
45.4,3.705
45.4,3.705
45.4,3.705
45.4,3.705
45.4,3.705
45.4,3.705
45.4,3.705
45.4,3.705
45.4,3.705
45.4,3.705
45.4,3.705
45.3,3.705
45.3,3.705
45.3,3.705
45.3,3.705
45.3,3.705
45.3,3.705
45.3,3.705
45.3,3.705
45.3,3.705
45.3,3.705
45.3,3.705
45.3,3.705
45.3,3.700
45.3,3.700
45.3,3.700
45.3,3.700
45.4,3.700
45.4,3.700
45.4,3.700
45.4,3.700
45.4,3.700
45.4,3.700
45.4,3.700
45.4,3.700
45.4,3.700
45.4,3.700
45.4,3.700
45.4,3.700
45.4,3.700
45.4,3.700
45.4,3.700
45.4,3.700
45.4,3.700
45.4,3.700
45.4,3.700
45.4,3.700
45.4,3.700
45.4,3.700
45.4,3.700
45.4,3.700
45.4,3.700
45.4,3.700
45.4,3.700
45.4,3.700
45.4,3.700
45.4,3.700
45.4,3.700
45.4,3.700
45.4,3.700
45.4,3.700
45.4,3.700
45.4,3.700
45.4,3.700
45.4,3.695
45.4,3.695
45.4,3.695
45.4,3.695
45.4,3.695
45.4,3.695
45.4,3.695
45.4,3.695
45.4,3.695
45.4,3.695
45.4,3.695
45.4,3.695
45.4,3.695
45.4,3.695
45.4,3.695
45.4,3.695
45.3,3.695
45.3,3.695
45.3,3.695
45.3,3.695
45.3,3.695
45.3,3.695
45.3,3.695
45.3,3.695
45.4,3.695
45.4,3.695
45.4,3.695
45.4,3.695
45.4,3.695
45.4,3.695
45.4,3.695
45.4,3.695
45.4,3.695
45.4,3.695
45.4,3.695
45.3,3.695
45.3,3.695
45.3,3.695
45.3,3.695
45.3,3.695
45.3,3.690
45.3,3.690
45.3,3.690
45.3,3.690
45.3,3.690
45.3,3.690
45.3,3.690
45.3,3.690
45.3,3.690
45.3,3.690
45.3,3.690
45.3,3.690
45.3,3.690
45.3,3.690
45.3,3.690
45.3,3.690
45.3,3.690
45.3,3.690
45.3,3.690
45.3,3.690
45.3,3.690
45.3,3.690
45.3,3.690
45.3,3.690
45.3,3.690
45.3,3.690
45.3,3.690
45.3,3.690
45.3,3.690
45.3,3.690
45.3,3.690
45.3,3.690
45.3,3.690
45.3,3.690
45.3,3.690
45.3,3.690
45.3,3.690
45.3,3.690
45.3,3.690
45.3,3.690
45.3,3.685
45.3,3.685
45.3,3.685
45.3,3.685
45.3,3.685
45.3,3.685
45.3,3.685
45.3,3.685
45.3,3.685
45.3,3.685
45.3,3.685
45.3,3.685
45.3,3.685
45.3,3.685
45.3,3.685
45.3,3.685
45.3,3.685
45.3,3.685
45.3,3.685
45.3,3.685
45.3,3.685
45.3,3.685
45.3,3.685
45.3,3.685
45.3,3.685
45.3,3.685
45.3,3.685
45.3,3.685
45.3,3.685
45.3,3.685
45.3,3.685
45.3,3.685
45.3,3.685
45.3,3.685
45.3,3.685
45.3,3.685
45.3,3.680
45.3,3.680
45.3,3.680
45.3,3.680
45.3,3.680
45.2,3.680
45.2,3.680
45.2,3.680
45.2,3.680
45.2,3.680
45.2,3.680
45.2,3.680
45.3,3.680
45.3,3.680
45.3,3.680
45.3,3.680
45.3,3.680
45.3,3.680
45.3,3.680
45.3,3.680
45.3,3.680
45.3,3.680
45.3,3.680
45.3,3.680
45.3,3.680
45.3,3.680
45.3,3.680
45.3,3.680
45.3,3.680
45.3,3.680
45.2,3.680
45.2,3.680
45.2,3.680
45.2,3.680
45.2,3.680
45.2,3.680
45.2,3.680
45.2,3.680
45.2,3.680
45.2,3.675
45.2,3.675
45.2,3.675
45.2,3.675
45.2,3.675
45.2,3.675
45.2,3.675
45.2,3.675
45.3,3.675
45.3,3.675
45.3,3.675
45.3,3.675
45.3,3.675
45.3,3.675
45.3,3.675
45.3,3.675
45.3,3.675
45.3,3.675
45.3,3.675
45.3,3.675
45.3,3.675
45.3,3.675
45.3,3.675
45.3,3.675
45.3,3.675
45.3,3.675
45.3,3.675
45.2,3.675
45.2,3.675
45.2,3.675
45.2,3.675
45.2,3.675
45.2,3.675
45.2,3.675
45.2,3.675
45.2,3.675
45.2,3.675
45.2,3.675
45.2,3.670
45.2,3.670
45.2,3.670
45.2,3.670
45.2,3.670
45.2,3.670
45.2,3.670
45.2,3.670
45.2,3.670
45.2,3.670
45.3,3.670
45.3,3.670
45.3,3.670
45.3,3.670
45.3,3.670
45.3,3.670
45.3,3.670
45.3,3.670
45.3,3.670
45.3,3.670
45.3,3.670
45.3,3.670
45.3,3.670
45.3,3.670
45.3,3.670
45.3,3.670
45.3,3.670
45.3,3.670
45.3,3.670
45.3,3.670
45.3,3.670
45.3,3.670
45.3,3.670
45.3,3.670
45.3,3.670
45.3,3.670
45.3,3.670
45.3,3.665
45.3,3.665
45.3,3.665
45.3,3.665
45.3,3.665
45.3,3.665
45.3,3.665
45.3,3.665
45.3,3.665
45.3,3.665
45.3,3.665
45.3,3.665
45.3,3.665
45.3,3.665
45.3,3.665
45.3,3.665
45.3,3.665
45.3,3.665
45.3,3.665
45.3,3.665
45.3,3.665
45.3,3.665
45.3,3.665
45.2,3.665
45.2,3.665
45.2,3.665
45.2,3.665
45.2,3.665
45.2,3.665
45.2,3.665
45.2,3.665
45.2,3.665
45.2,3.665
45.2,3.665
45.2,3.665
45.2,3.665
45.2,3.665
45.2,3.660
45.2,3.660
45.2,3.660
45.2,3.660
45.2,3.660
45.2,3.660
45.2,3.660
45.2,3.660
45.2,3.660
45.2,3.660
45.3,3.660
45.3,3.660
45.3,3.660
45.3,3.660
45.3,3.660
45.3,3.660
45.3,3.660
45.3,3.660
45.3,3.660
45.3,3.660
45.3,3.660
45.3,3.660
45.3,3.660
45.3,3.660
45.3,3.660
45.3,3.660
45.2,3.660
45.2,3.660
45.2,3.660
45.2,3.660
45.2,3.660
45.2,3.660
45.2,3.660
45.2,3.660
45.2,3.660
45.2,3.660
45.2,3.660
45.2,3.660
45.2,3.660
45.2,3.660
45.2,3.655
45.2,3.655
45.2,3.655
45.2,3.655
45.2,3.655
45.2,3.655
45.2,3.655
45.2,3.655
45.2,3.655
45.2,3.655
45.2,3.655
45.2,3.655
45.2,3.655
45.2,3.655
45.2,3.655
45.2,3.655
45.2,3.655
45.2,3.655
45.2,3.655
45.2,3.655
45.2,3.655
45.2,3.655
45.2,3.655
45.2,3.655
45.2,3.655
45.2,3.655
45.2,3.655
45.2,3.655
45.2,3.655
45.2,3.655
45.2,3.655
45.2,3.655
45.2,3.655
45.2,3.655
45.2,3.655
45.2,3.655
45.2,3.655
45.2,3.655
45.2,3.655
45.2,3.655
45.2,3.655
45.2,3.655
45.2,3.650
45.2,3.650
45.2,3.650
45.2,3.650
45.2,3.650
45.2,3.650
45.2,3.650
45.2,3.650
45.2,3.650
45.2,3.650
45.2,3.650
45.2,3.650
45.2,3.650
45.2,3.650
45.2,3.650
45.2,3.650
45.2,3.650
45.2,3.650
45.2,3.650
45.2,3.650
45.2,3.650
45.2,3.650
45.2,3.650
45.2,3.650
45.2,3.650
45.2,3.650
45.2,3.650
45.2,3.650
45.2,3.650
45.2,3.650
45.2,3.650
45.2,3.650
45.2,3.650
45.2,3.650
45.2,3.650
45.2,3.650
45.2,3.645
45.2,3.645
45.2,3.645
45.2,3.645
45.2,3.645
45.2,3.645
45.2,3.645
45.2,3.645
45.2,3.645
45.2,3.645
45.2,3.645
45.2,3.645
45.2,3.645
45.2,3.645
45.2,3.645
45.2,3.645
45.2,3.645
45.2,3.645
45.2,3.645
45.2,3.645
45.2,3.645
45.2,3.645
45.2,3.645
45.2,3.645
45.2,3.645
45.2,3.645
45.2,3.645
45.2,3.645
45.2,3.645
45.2,3.645
45.2,3.645
45.2,3.645
45.2,3.645
45.2,3.645
45.2,3.645
45.2,3.645
45.2,3.645
45.2,3.645
45.2,3.645
45.2,3.645
45.2,3.640
45.2,3.640
45.2,3.640
45.2,3.640
45.2,3.640
45.2,3.640
45.2,3.640
45.2,3.640
45.2,3.640
45.2,3.640
45.2,3.640
45.2,3.640
45.2,3.640
45.2,3.640
45.2,3.640
45.2,3.640
45.2,3.640
45.2,3.640
45.2,3.640
45.2,3.640
45.2,3.640
45.2,3.640
45.2,3.640
45.2,3.640
45.2,3.640
45.2,3.640
45.2,3.640
45.2,3.640
45.2,3.640
45.2,3.640
45.2,3.640
45.2,3.640
45.2,3.640
45.2,3.640
45.2,3.640
45.2,3.640
45.2,3.640
45.2,3.640
45.2,3.640
45.2,3.640
45.2,3.640
45.2,3.635
45.2,3.635
45.2,3.635
45.2,3.635
45.2,3.635
45.2,3.635
45.2,3.635
45.2,3.635
45.2,3.635
45.2,3.635
45.2,3.635
45.2,3.635
45.2,3.635
45.2,3.635
45.2,3.635
45.2,3.635
45.2,3.635
45.2,3.635
45.2,3.635
45.2,3.635
45.2,3.635
45.2,3.635
45.2,3.635
45.2,3.635
45.2,3.635
45.2,3.635
45.2,3.635
45.2,3.635
45.2,3.635
45.2,3.635
45.2,3.635
45.1,3.635
45.1,3.635
45.1,3.635
45.1,3.635
45.1,3.635
45.1,3.635
45.1,3.635
45.1,3.630
45.1,3.630
45.1,3.630
45.1,3.630
45.1,3.630
45.1,3.630
45.1,3.630
45.1,3.630
45.1,3.630
45.2,3.630
45.2,3.630
45.2,3.630
45.2,3.630
45.2,3.630
45.2,3.630
45.2,3.630
45.2,3.630
45.2,3.630
45.1,3.630
45.1,3.630
45.1,3.630
45.1,3.630
45.1,3.630
45.1,3.630
45.1,3.630
45.1,3.630
45.1,3.630
45.1,3.630
45.1,3.630
45.1,3.630
45.1,3.630
45.1,3.630
45.1,3.630
45.2,3.630
45.2,3.630
45.2,3.625
45.2,3.625
45.2,3.625
45.2,3.625
45.2,3.625
45.2,3.625
45.2,3.625
45.1,3.625
45.1,3.625
45.1,3.625
45.1,3.625
45.1,3.625
45.1,3.625
45.1,3.625
45.1,3.625
45.1,3.625
45.1,3.625
45.1,3.625
45.1,3.625
45.1,3.625
45.1,3.625
45.1,3.625
45.1,3.625
45.1,3.625
45.1,3.625
45.1,3.625
45.1,3.625
45.1,3.625
45.1,3.625
45.1,3.625
45.1,3.625
45.1,3.625
45.1,3.625
45.1,3.620
45.1,3.620
45.1,3.620
45.1,3.620
45.1,3.620
45.1,3.620
45.1,3.620
45.1,3.620
45.1,3.620
45.1,3.620
45.1,3.620
45.1,3.620
45.1,3.620
45.1,3.620
45.1,3.620
45.1,3.620
45.1,3.620
45.1,3.620
45.1,3.620
45.1,3.620
45.1,3.620
45.1,3.620
45.1,3.620
45.1,3.620
45.1,3.620
45.1,3.620
45.1,3.620
45.1,3.620
45.0,3.620
45.1,3.620
45.1,3.620
45.1,3.620
45.1,3.615
45.1,3.615
45.1,3.615
45.1,3.615
45.2,3.615
45.2,3.615
45.2,3.615
45.2,3.615
45.1,3.615
45.1,3.615
45.1,3.615
45.1,3.615
45.1,3.615
45.1,3.615
45.1,3.615
45.1,3.615
45.1,3.615
45.1,3.615
45.1,3.615
45.1,3.615
45.1,3.615
45.1,3.615
45.1,3.615
45.1,3.615
45.1,3.615
45.1,3.615
45.1,3.615
45.1,3.615
45.1,3.615
45.1,3.615
45.1,3.610
45.1,3.610
45.1,3.610
45.1,3.610
45.1,3.610
45.1,3.610
45.1,3.610
45.1,3.610
45.1,3.610
45.1,3.610
45.1,3.610
45.1,3.610
45.1,3.610
45.1,3.610
45.1,3.610
45.1,3.610
45.1,3.610
45.1,3.610
45.1,3.610
45.1,3.610
45.1,3.610
45.1,3.610
45.1,3.610
45.1,3.610
45.1,3.610
45.1,3.610
45.1,3.610
45.1,3.610
45.1,3.610
45.1,3.605
45.1,3.605
45.1,3.605
45.2,3.605
45.2,3.605
45.2,3.605
45.2,3.605
45.2,3.605
45.2,3.605
45.2,3.605
45.2,3.605
45.2,3.605
45.2,3.605
45.2,3.605
45.2,3.605
45.2,3.605
45.2,3.605
45.2,3.605
45.2,3.605
45.2,3.605
45.2,3.605
45.2,3.605
45.2,3.605
45.2,3.605
45.2,3.605
45.2,3.605
45.2,3.600
45.2,3.600
45.2,3.600
45.2,3.600
45.2,3.600
45.2,3.600
45.2,3.600
45.2,3.600
45.2,3.600
45.2,3.600
45.1,3.600
45.1,3.600
45.1,3.600
45.1,3.600
45.1,3.600
45.1,3.600
45.1,3.600
45.1,3.600
45.1,3.600
45.1,3.600
45.2,3.600
45.2,3.600
45.2,3.600
45.2,3.600
45.2,3.600
45.2,3.600
45.2,3.600
45.2,3.600
45.2,3.595
45.2,3.595
45.2,3.595
45.2,3.595
45.2,3.595
45.2,3.595
45.2,3.595
45.2,3.595
45.1,3.595
45.1,3.595
45.1,3.595
45.1,3.595
45.1,3.595
45.1,3.595
45.1,3.595
45.1,3.595
45.1,3.595
45.1,3.595
45.1,3.595
45.2,3.595
45.2,3.595
45.2,3.595
45.2,3.595
45.2,3.595
45.2,3.595
45.2,3.595
45.1,3.595
45.1,3.590
45.1,3.590
45.1,3.590
45.1,3.590
45.1,3.590
45.1,3.590
45.1,3.590
45.1,3.590
45.1,3.590
45.1,3.590
45.1,3.590
45.1,3.590
45.1,3.590
45.1,3.590
45.1,3.590
45.1,3.590
45.1,3.590
45.1,3.590
45.1,3.590
45.1,3.590
45.1,3.590
45.1,3.590
45.1,3.590
45.1,3.590
45.1,3.590
45.1,3.585
45.1,3.585
45.1,3.585
45.1,3.585
45.1,3.585
45.1,3.585
45.1,3.585
45.1,3.585
45.1,3.585
45.1,3.585
45.2,3.585
45.2,3.585
45.2,3.585
45.1,3.585
45.1,3.585
45.1,3.585
45.1,3.585
45.1,3.585
45.1,3.585
45.1,3.585
45.1,3.585
45.1,3.585
45.1,3.585
45.1,3.580
45.1,3.580
45.1,3.580
45.1,3.580
45.1,3.580
45.1,3.580
45.1,3.580
45.1,3.580
45.1,3.580
45.1,3.580
45.1,3.580
45.1,3.580
45.1,3.580
45.1,3.580
45.1,3.580
45.1,3.580
45.1,3.580
45.1,3.580
45.1,3.580
45.1,3.580
45.1,3.580
45.1,3.580
45.1,3.580
45.1,3.580
45.1,3.575
45.1,3.575
45.1,3.575
45.1,3.575
45.1,3.575
45.1,3.575
45.1,3.575
45.1,3.575
45.1,3.575
45.1,3.575
45.1,3.575
45.1,3.575
45.1,3.575
45.1,3.575
45.0,3.575
45.0,3.575
45.0,3.575
45.0,3.575
45.0,3.575
45.0,3.575
45.0,3.575
45.0,3.575
45.0,3.575
45.0,3.570
45.0,3.570
45.0,3.570
45.0,3.570
45.0,3.570
45.0,3.570
45.0,3.570
45.0,3.570
45.0,3.570
45.0,3.570
45.0,3.570
45.0,3.570
45.0,3.570
45.0,3.570
45.0,3.570
45.0,3.570
45.0,3.570
45.0,3.570
45.0,3.570
45.0,3.570
45.0,3.570
45.0,3.565
45.0,3.565
45.0,3.565
45.0,3.565
45.0,3.565
45.0,3.565
45.0,3.565
45.0,3.565
45.0,3.565
45.0,3.565
45.0,3.565
45.0,3.565
45.0,3.565
45.0,3.565
45.0,3.565
45.0,3.565
45.0,3.565
45.0,3.565
45.0,3.565
45.0,3.565
45.0,3.565
45.0,3.565
45.0,3.560
45.0,3.560
45.0,3.560
45.0,3.560
45.0,3.560
45.0,3.560
45.0,3.560
45.0,3.560
45.0,3.560
45.0,3.560
45.0,3.560
45.0,3.560
45.0,3.560
45.0,3.560
45.0,3.560
45.0,3.560
45.0,3.560
45.0,3.560
45.0,3.560
45.0,3.560
45.0,3.560
45.0,3.560
45.0,3.560
45.0,3.555
45.0,3.555
45.0,3.555
45.0,3.555
45.0,3.555
45.0,3.555
45.0,3.555
45.0,3.555
45.0,3.555
45.0,3.555
45.0,3.555
45.0,3.555
45.0,3.555
45.0,3.555
45.0,3.555
45.0,3.555
45.0,3.555
45.0,3.555
45.0,3.555
45.0,3.555
45.0,3.555
45.0,3.555
45.0,3.550
45.0,3.550
45.0,3.550
45.0,3.550
45.0,3.550
45.0,3.550
45.0,3.550
45.0,3.550
45.0,3.550
45.0,3.550
45.0,3.550
45.0,3.550
45.0,3.550
45.0,3.550
44.9,3.550
44.9,3.550
44.9,3.550
44.9,3.550
44.9,3.550
44.9,3.550
44.9,3.545
45.0,3.545
45.0,3.545
45.0,3.545
45.0,3.545
45.0,3.545
45.0,3.545
45.0,3.545
45.0,3.545
45.0,3.545
45.0,3.545
45.0,3.545
45.0,3.545
45.0,3.545
45.0,3.545
45.0,3.545
45.0,3.545
45.0,3.545
45.0,3.545
45.0,3.545
45.0,3.545
45.0,3.540
45.0,3.540
45.0,3.540
45.0,3.540
45.0,3.540
45.0,3.540
45.0,3.540
45.0,3.540
45.0,3.540
45.0,3.540
45.0,3.540
45.0,3.540
45.0,3.540
45.0,3.540
45.0,3.540
45.0,3.540
45.0,3.540
45.0,3.540
45.0,3.540
45.0,3.540
45.0,3.540
45.0,3.540
45.0,3.535
45.0,3.535
45.0,3.535
45.0,3.535
45.0,3.535
45.0,3.535
45.0,3.535
45.0,3.535
45.0,3.535
45.0,3.535
45.0,3.535
45.0,3.535
45.0,3.535
45.0,3.535
45.0,3.535
45.0,3.535
45.0,3.535
45.0,3.535
45.0,3.535
45.0,3.535
45.0,3.535
45.0,3.530
44.9,3.530
44.9,3.530
44.9,3.530
44.9,3.530
44.9,3.530
44.9,3.530
44.9,3.530
44.9,3.530
44.9,3.530
44.9,3.530
44.9,3.530
44.9,3.530
44.9,3.530
44.9,3.530
44.9,3.530
44.9,3.530
44.9,3.530
44.9,3.530
44.9,3.530
44.9,3.525
44.9,3.525
44.9,3.525
44.9,3.525
44.9,3.525
44.9,3.525
44.9,3.525
44.9,3.525
44.9,3.525
44.9,3.525
44.9,3.525
44.9,3.525
44.9,3.525
44.9,3.525
44.9,3.525
44.9,3.525
44.9,3.525
44.9,3.525
44.9,3.520
44.9,3.520
44.9,3.520
44.9,3.520
44.9,3.520
44.9,3.520
44.9,3.520
44.9,3.520
44.9,3.520
44.9,3.520
44.9,3.520
44.9,3.520
44.9,3.520
44.9,3.520
44.9,3.520
44.9,3.520
44.9,3.520
44.8,3.520
44.8,3.520
44.8,3.515
44.8,3.515
44.8,3.515
44.8,3.515
44.8,3.515
44.8,3.515
44.8,3.515
44.8,3.515
44.8,3.515
44.8,3.515
44.8,3.515
44.8,3.515
44.8,3.515
44.8,3.515
44.8,3.515
44.8,3.515
44.8,3.515
44.8,3.510
44.8,3.510
44.8,3.510
44.8,3.510
44.8,3.510
44.8,3.510
44.8,3.510
44.8,3.510
44.8,3.510
44.8,3.510
44.8,3.510
44.8,3.510
44.8,3.510
44.8,3.510
44.8,3.510
44.8,3.510
44.8,3.505
44.8,3.505
44.8,3.505
44.8,3.505
44.8,3.505
44.8,3.505
44.7,3.505
44.7,3.505
44.7,3.505
44.7,3.505
44.7,3.505
44.7,3.505
44.7,3.505
44.7,3.505
44.7,3.505
44.7,3.500
44.7,3.500
44.7,3.500
44.7,3.500
44.7,3.500
44.7,3.500
44.7,3.500
44.7,3.500
44.7,3.500
44.7,3.500
44.7,3.500
44.7,3.500
44.7,3.500
44.7,3.500
44.7,3.500
44.7,3.500
44.7,3.495
44.7,3.495
44.7,3.495
44.7,3.495
44.7,3.495
44.7,3.495
44.7,3.495
44.7,3.495
44.7,3.495
44.7,3.495
44.7,3.495
44.7,3.495
44.7,3.495
44.7,3.495
44.7,3.495
44.7,3.490
44.7,3.490
44.7,3.490
44.7,3.490
44.7,3.490
44.7,3.490
44.7,3.490
44.7,3.490
44.7,3.490
44.7,3.490
44.7,3.490
44.7,3.490
44.7,3.490
44.7,3.490
44.7,3.485
44.7,3.485
44.7,3.485
44.7,3.485
44.7,3.485
44.7,3.485
44.7,3.485
44.7,3.485
44.7,3.485
44.7,3.485
44.7,3.485
44.7,3.485
44.7,3.485
44.7,3.485
44.7,3.485
44.7,3.480
44.7,3.480
44.7,3.480
44.7,3.480
44.7,3.480
44.7,3.480
44.7,3.480
44.7,3.480
44.7,3.480
44.7,3.480
44.6,3.480
44.6,3.480
44.6,3.480
44.6,3.480
44.6,3.475
44.6,3.475
44.6,3.475
44.6,3.475
44.6,3.475
44.6,3.475
44.6,3.475
44.6,3.475
44.6,3.475
44.6,3.475
44.6,3.475
44.6,3.475
44.6,3.475
44.6,3.475
44.6,3.475
44.6,3.470
44.6,3.470
44.6,3.470
44.6,3.470
44.6,3.470
44.6,3.470
44.6,3.470
44.6,3.470
44.6,3.470
44.6,3.470
44.6,3.470
44.6,3.470
44.6,3.470
44.6,3.465
44.6,3.465
44.6,3.465
44.6,3.465
44.6,3.465
44.6,3.465
44.6,3.465
44.6,3.465
44.6,3.465
44.6,3.465
44.6,3.465
44.6,3.465
44.6,3.465
44.6,3.465
44.6,3.460
44.6,3.460
44.6,3.460
44.6,3.460
44.6,3.460
44.6,3.460
44.6,3.460
44.6,3.460
44.5,3.460
44.5,3.460
44.5,3.460
44.5,3.460
44.5,3.460
44.5,3.460
44.5,3.455
44.5,3.455
44.5,3.455
44.5,3.455
44.5,3.455
44.5,3.455
44.5,3.455
44.5,3.455
44.5,3.455
44.5,3.455
44.6,3.455
44.6,3.455
44.6,3.455
44.6,3.455
44.6,3.455
44.6,3.450
44.6,3.450
44.6,3.450
44.6,3.450
44.6,3.450
44.5,3.450
44.5,3.450
44.5,3.450
44.5,3.450
44.5,3.450
44.5,3.450
44.5,3.450
44.5,3.450
44.5,3.450
44.5,3.445
44.5,3.445
44.5,3.445
44.5,3.445
44.5,3.445
44.5,3.445
44.5,3.445
44.5,3.445
44.5,3.445
44.5,3.445
44.5,3.445
44.5,3.445
44.5,3.445
44.5,3.440
44.5,3.440
44.5,3.440
44.5,3.440
44.5,3.440
44.5,3.440
44.5,3.440
44.5,3.440
44.5,3.440
44.5,3.440
44.5,3.440
44.5,3.440
44.5,3.440
44.5,3.440
44.5,3.435
44.5,3.435
44.5,3.435
44.4,3.435
44.4,3.435
44.4,3.435
44.4,3.435
44.4,3.435
44.4,3.435
44.4,3.435
44.4,3.435
44.4,3.435
44.4,3.435
44.4,3.435
44.4,3.430
44.4,3.430
44.4,3.430
44.4,3.430
44.4,3.430
44.4,3.430
44.4,3.430
44.4,3.430
44.4,3.430
44.4,3.430
44.4,3.430
44.4,3.430
44.4,3.430
44.4,3.425
44.4,3.425
44.4,3.425
44.4,3.425
44.4,3.425
44.4,3.425
44.4,3.425
44.4,3.425
44.4,3.425
44.4,3.425
44.4,3.425
44.4,3.425
44.4,3.425
44.4,3.420
44.4,3.420
44.4,3.420
44.4,3.420
44.4,3.420
44.4,3.420
44.4,3.420
44.4,3.420
44.4,3.420
44.4,3.420
44.4,3.420
44.4,3.420
44.4,3.420
44.4,3.420
44.4,3.415
44.4,3.415
44.4,3.415
44.4,3.415
44.4,3.415
44.4,3.415
44.4,3.415
44.4,3.415
44.4,3.415
44.4,3.415
44.4,3.415
44.4,3.415
44.4,3.415
44.4,3.410
44.4,3.410
44.4,3.410
44.4,3.410
44.4,3.410
44.4,3.410
44.4,3.410
44.4,3.410
44.4,3.410
44.4,3.410
44.4,3.410
44.3,3.410
44.3,3.405
44.3,3.405
44.3,3.405
44.3,3.405
44.3,3.405
44.3,3.405
44.3,3.405
44.3,3.405
44.3,3.405
44.3,3.405
44.3,3.405
44.3,3.405
44.3,3.405
44.3,3.400
44.3,3.400
44.3,3.400
44.3,3.400
44.3,3.400
44.3,3.400
44.3,3.400
44.3,3.400
44.3,3.400
44.3,3.400
44.3,3.400
44.3,3.400
44.3,3.400
44.3,3.395
44.3,3.395
44.3,3.395
44.3,3.395
44.3,3.395
44.3,3.395
44.3,3.395
44.3,3.395
44.3,3.395
44.3,3.395
44.3,3.395
44.3,3.395
44.3,3.395
44.3,3.390
44.3,3.390
44.3,3.390
44.3,3.390
44.3,3.390
44.3,3.390
44.3,3.390
44.3,3.390
44.3,3.390
44.3,3.390
44.3,3.390
44.3,3.390
44.3,3.385
44.3,3.385
44.3,3.385
44.3,3.385
44.3,3.385
44.3,3.385
44.3,3.385
44.3,3.385
44.3,3.385
44.3,3.385
44.3,3.385
44.2,3.385
44.2,3.385
44.2,3.380
44.2,3.380
44.2,3.380
44.2,3.380
44.2,3.380
44.2,3.380
44.2,3.380
44.2,3.380
44.2,3.380
44.2,3.380
44.2,3.380
44.2,3.380
44.2,3.380
44.2,3.375
44.2,3.375
44.2,3.375
44.2,3.375
44.2,3.375
44.2,3.375
44.2,3.375
44.2,3.375
44.2,3.375
44.2,3.375
44.2,3.375
44.2,3.375
44.2,3.375
44.2,3.375
44.2,3.370
44.2,3.370
44.2,3.370
44.2,3.370
44.2,3.370
44.2,3.370
44.2,3.370
44.2,3.370
44.2,3.370
44.2,3.370
44.2,3.370
44.2,3.370
44.2,3.370
44.2,3.365
44.2,3.365
44.2,3.365
44.2,3.365
44.2,3.365
44.2,3.365
44.2,3.365
44.2,3.365
44.2,3.365
44.2,3.365
44.2,3.365
44.2,3.365
44.2,3.360
44.2,3.360
44.2,3.360
44.2,3.360
44.2,3.360
44.2,3.360
44.2,3.360
44.2,3.360
44.2,3.360
44.2,3.360
44.2,3.360
44.2,3.360
44.2,3.360
44.2,3.355
44.2,3.355
44.2,3.355
44.2,3.355
44.2,3.355
44.2,3.355
44.2,3.355
44.2,3.355
44.2,3.355
44.2,3.355
44.2,3.355
44.2,3.355
44.2,3.355
44.2,3.350
44.2,3.350
44.2,3.350
44.2,3.350
44.2,3.350
44.2,3.350
44.2,3.350
44.2,3.350
44.2,3.350
44.2,3.350
44.2,3.350
44.2,3.350
44.1,3.345
44.1,3.345
44.1,3.345
44.1,3.345
44.1,3.345
44.1,3.345
44.1,3.345
44.1,3.345
44.1,3.345
44.1,3.345
44.1,3.345
44.1,3.345
44.1,3.340
44.1,3.340
44.1,3.340
44.1,3.340
44.1,3.340
44.1,3.340
44.1,3.340
44.1,3.340
44.1,3.340
44.1,3.340
44.1,3.340
44.1,3.340
44.1,3.340
44.1,3.335
44.1,3.335
44.1,3.335
44.1,3.335
44.1,3.335
44.1,3.335
44.1,3.335
44.1,3.335
44.1,3.335
44.1,3.335
44.1,3.335
44.1,3.335
44.1,3.335
44.1,3.330
44.1,3.330
44.1,3.330
44.1,3.330
44.1,3.330
44.1,3.330
44.1,3.330
44.1,3.330
44.1,3.330
44.1,3.330
44.1,3.330
44.1,3.330
44.1,3.325
44.1,3.325
44.1,3.325
44.1,3.325
44.1,3.325
44.1,3.325
44.1,3.325
44.1,3.325
44.1,3.325
44.0,3.325
44.0,3.325
44.0,3.325
44.0,3.320
44.0,3.320
44.0,3.320
44.0,3.320
44.1,3.320
44.1,3.320
44.1,3.320
44.1,3.320
44.1,3.320
44.1,3.320
44.0,3.320
44.0,3.320
44.0,3.320
44.0,3.320
44.0,3.315
44.0,3.315
44.0,3.315
44.0,3.315
44.0,3.315
44.0,3.315
44.0,3.315
44.0,3.315
44.0,3.315
44.0,3.315
44.0,3.315
44.0,3.315
44.0,3.315
44.0,3.310
44.0,3.310
44.0,3.310
44.0,3.310
44.0,3.310
44.0,3.310
44.0,3.310
44.0,3.310
44.0,3.310
44.0,3.310
44.0,3.310
44.0,3.310
44.0,3.310
44.0,3.305
44.0,3.305
44.0,3.305
44.0,3.305
44.0,3.305
44.0,3.305
44.0,3.305
44.0,3.305
44.0,3.305
44.0,3.305
44.0,3.305
44.0,3.305
44.0,3.305
44.0,3.305
44.0,3.305
44.0,3.300
44.0,3.300
44.0,3.300
44.0,3.300
44.0,3.300
44.0,3.300
44.0,3.300
44.0,3.300
44.0,3.300
44.0,3.300
44.0,3.300
44.0,3.300
44.0,3.300
44.0,3.300
44.0,3.300
44.0,3.295
44.0,3.295
44.0,3.295
44.0,3.295
44.0,3.295
44.0,3.295
44.0,3.295
44.0,3.295
44.0,3.295
44.0,3.295
44.0,3.295
44.0,3.295
44.0,3.295
44.0,3.295
44.0,3.295
44.0,3.295
44.0,3.290
44.0,3.290
44.0,3.290
44.0,3.290
44.0,3.290
44.0,3.290
44.0,3.290
44.0,3.290
44.0,3.290
44.0,3.290
44.0,3.290
44.0,3.290
44.0,3.290
44.0,3.290
44.0,3.290
44.0,3.290
44.0,3.285
44.0,3.285
44.0,3.285
44.0,3.285
44.0,3.285
44.0,3.285
44.0,3.285
44.0,3.285
44.0,3.285
44.0,3.285
44.0,3.285
44.0,3.285
44.0,3.285
44.0,3.285
44.0,3.285
44.0,3.280
44.0,3.280
44.0,3.280
44.0,3.280
44.0,3.280
44.0,3.280
44.0,3.280
44.0,3.280
44.0,3.280
44.0,3.280
44.0,3.280
44.0,3.280
44.0,3.280
44.0,3.280
44.0,3.280
44.0,3.280
43.9,3.280
43.9,3.275
43.9,3.275
43.9,3.275
43.9,3.275
43.9,3.275
43.9,3.275
43.9,3.275
43.9,3.275
43.9,3.275
43.9,3.275
43.9,3.275
43.9,3.275
43.9,3.275
43.9,3.275
43.9,3.275
43.9,3.275
43.9,3.270
43.9,3.270
43.9,3.270
43.9,3.270
43.9,3.270
43.9,3.270
43.9,3.270
43.9,3.270
43.9,3.270
43.9,3.270
43.9,3.270
43.9,3.270
43.9,3.270
43.9,3.270
43.9,3.270
43.9,3.265
43.9,3.265
43.9,3.265
43.9,3.265
43.9,3.265
43.9,3.265
43.9,3.265
43.9,3.265
43.9,3.265
43.9,3.265
43.9,3.265
43.9,3.265
43.9,3.265
43.9,3.265
43.9,3.265
43.9,3.265
43.9,3.260
43.9,3.260
43.9,3.260
43.9,3.260
43.9,3.260
43.9,3.260
43.9,3.260
43.9,3.260
43.9,3.260
43.9,3.260
43.9,3.260
43.9,3.260
43.9,3.260
43.9,3.260
43.9,3.260
43.9,3.260
43.9,3.255
43.9,3.255
43.9,3.255
43.9,3.255
43.9,3.255
43.9,3.255
43.9,3.255
43.9,3.255
43.9,3.255
43.9,3.255
43.9,3.255
43.9,3.255
43.9,3.255
43.8,3.255
43.8,3.255
43.8,3.255
43.8,3.250
43.8,3.250
43.8,3.250
43.8,3.250
43.8,3.250
43.8,3.250
43.8,3.250
43.8,3.250
43.8,3.250
43.8,3.250
43.8,3.250
43.8,3.250
43.8,3.250
43.8,3.250
43.8,3.250
43.8,3.250
43.8,3.245
43.8,3.245
43.8,3.245
43.8,3.245
43.8,3.245
43.8,3.245
43.8,3.245
43.8,3.245
43.8,3.245
43.8,3.245
43.8,3.245
43.8,3.245
43.8,3.245
43.8,3.245
43.8,3.245
43.8,3.245
43.8,3.240
43.8,3.240
43.8,3.240
43.8,3.240
43.8,3.240
43.8,3.240
43.8,3.240
43.8,3.240
43.7,3.240
43.8,3.240
43.8,3.240
43.8,3.240
43.8,3.240
43.8,3.240
43.8,3.240
43.8,3.240
43.8,3.240
43.8,3.240
43.8,3.235
43.8,3.235
43.8,3.235
43.8,3.235
43.8,3.235
43.8,3.235
43.8,3.235
43.8,3.235
43.8,3.235
43.8,3.235
43.7,3.235
43.7,3.235
43.7,3.235
43.7,3.235
43.7,3.235
43.7,3.235
43.7,3.235
43.7,3.230
43.7,3.230
43.7,3.230
43.7,3.230
43.7,3.230
43.7,3.230
43.7,3.230
43.7,3.230
43.7,3.230
43.7,3.230
43.7,3.230
43.7,3.230
43.7,3.230
43.7,3.230
43.7,3.230
43.7,3.230
43.7,3.230
43.7,3.225
43.7,3.225
43.7,3.225
43.7,3.225
43.7,3.225
43.7,3.225
43.7,3.225
43.7,3.225
43.7,3.225
43.7,3.225
43.7,3.225
43.7,3.225
43.7,3.225
43.7,3.225
43.7,3.225
43.7,3.225
43.7,3.220
43.7,3.220
43.7,3.220
43.7,3.220
43.7,3.220
43.7,3.220
43.7,3.220
43.7,3.220
43.7,3.220
43.7,3.220
43.7,3.220
43.7,3.220
43.7,3.220
43.7,3.220
43.7,3.220
43.7,3.220
43.7,3.220
43.7,3.215
43.7,3.215
43.7,3.215
43.7,3.215
43.7,3.215
43.7,3.215
43.7,3.215
43.7,3.215
43.7,3.215
43.7,3.215
43.6,3.215
43.6,3.215
43.6,3.215
43.6,3.215
43.6,3.215
43.6,3.215
43.6,3.210
43.6,3.210
43.6,3.210
43.6,3.210
43.6,3.210
43.6,3.210
43.6,3.210
43.6,3.210
43.6,3.210
43.6,3.210
43.6,3.210
43.6,3.210
43.6,3.210
43.6,3.210
43.6,3.210
43.6,3.210
43.6,3.210
43.6,3.205
43.6,3.205
43.6,3.205
43.6,3.205
43.6,3.205
43.6,3.205
43.6,3.205
43.6,3.205
43.6,3.205
43.6,3.205
43.6,3.205
43.6,3.205
43.6,3.205
43.6,3.205
43.6,3.205
43.6,3.200
43.6,3.200
43.7,3.200
43.7,3.200
43.7,3.200
43.7,3.200
43.7,3.200
43.7,3.200
43.7,3.200
43.7,3.200
43.7,3.200
43.7,3.200
43.7,3.200
43.7,3.200
43.7,3.200
43.6,3.200
43.6,3.195
43.6,3.195
43.6,3.195
43.6,3.195
43.6,3.195
43.6,3.195
43.6,3.195
43.6,3.195
43.6,3.195
43.7,3.195
43.7,3.195
43.7,3.195
43.7,3.195
43.7,3.195
43.7,3.195
43.7,3.195
43.7,3.195
43.7,3.190
43.7,3.190
43.7,3.190
43.7,3.190
43.7,3.190
43.6,3.190
43.6,3.190
43.6,3.190
43.6,3.190
43.6,3.190
43.6,3.190
43.6,3.190
43.6,3.190
43.6,3.190
43.6,3.190
43.6,3.185
43.6,3.185
43.6,3.185
43.6,3.185
43.6,3.185
43.6,3.185
43.6,3.185
43.6,3.185
43.6,3.185
43.6,3.185
43.6,3.185
43.6,3.185
43.6,3.185
43.6,3.185
43.6,3.185
43.6,3.185
43.6,3.180
43.6,3.180
43.6,3.180
43.6,3.180
43.6,3.180
43.6,3.180
43.6,3.180
43.6,3.180
43.6,3.180
43.6,3.180
43.6,3.180
43.6,3.180
43.6,3.180
43.6,3.180
43.6,3.180
43.5,3.180
43.5,3.175
43.5,3.175
43.5,3.175
43.5,3.175
43.5,3.175
43.5,3.175
43.5,3.175
43.5,3.175
43.5,3.175
43.5,3.175
43.5,3.175
43.5,3.175
43.5,3.175
43.5,3.175
43.5,3.175
43.5,3.175
43.5,3.170
43.5,3.170
43.5,3.170
43.5,3.170
43.5,3.170
43.5,3.170
43.5,3.170
43.5,3.170
43.5,3.170
43.5,3.170
43.5,3.170
43.5,3.170
43.5,3.170
43.5,3.170
43.5,3.165
43.5,3.165
43.5,3.165
43.5,3.165
43.5,3.165
43.5,3.165
43.5,3.165
43.5,3.165
43.5,3.165
43.5,3.165
43.5,3.165
43.5,3.165
43.5,3.165
43.5,3.165
43.5,3.165
43.5,3.165
43.5,3.160
43.5,3.160
43.5,3.160
43.5,3.160
43.5,3.160
43.5,3.160
43.5,3.160
43.5,3.160
43.5,3.160
43.5,3.160
43.5,3.160
43.5,3.160
43.5,3.160
43.5,3.160
43.5,3.160
43.5,3.160
43.5,3.155
43.5,3.155
43.5,3.155
43.5,3.155
43.5,3.155
43.5,3.155
43.5,3.155
43.4,3.155
43.4,3.155
43.4,3.155
43.4,3.155
43.4,3.155
43.4,3.155
43.4,3.155
43.4,3.155
43.4,3.150
43.4,3.150
43.4,3.150
43.4,3.150
43.4,3.150
43.4,3.150
43.4,3.150
43.4,3.150
43.4,3.150
43.4,3.150
43.4,3.150
43.4,3.150
43.4,3.150
43.4,3.150
43.4,3.150
43.4,3.145
43.4,3.145
43.4,3.145
43.4,3.145
43.4,3.145
43.4,3.145
43.4,3.145
43.4,3.145
43.4,3.145
43.4,3.145
43.4,3.145
43.5,3.145
43.5,3.145
43.5,3.145
43.5,3.145
43.5,3.140
43.5,3.140
43.4,3.140
43.4,3.140
43.4,3.140
43.4,3.140
43.4,3.140
43.4,3.140
43.4,3.140
43.4,3.140
43.4,3.140
43.4,3.140
43.4,3.140
43.4,3.140
43.4,3.140
43.4,3.140
43.5,3.135
43.5,3.135
43.5,3.135
43.5,3.135
43.5,3.135
43.5,3.135
43.5,3.135
43.5,3.135
43.5,3.135
43.5,3.135
43.5,3.135
43.5,3.135
43.5,3.135
43.4,3.135
43.4,3.135
43.4,3.135
43.4,3.130
43.4,3.130
43.4,3.130
43.4,3.130
43.4,3.130
43.4,3.130
43.5,3.130
43.5,3.130
43.5,3.130
43.5,3.130
43.5,3.130
43.5,3.130
43.5,3.130
43.5,3.130
43.5,3.130
43.5,3.125
43.5,3.125
43.5,3.125
43.5,3.125
43.5,3.125
43.5,3.125
43.5,3.125
43.5,3.125
43.5,3.125
43.5,3.125
43.5,3.125
43.5,3.125
43.5,3.125
43.5,3.125
43.5,3.125
43.5,3.120
43.5,3.120
43.5,3.120
43.5,3.120
43.5,3.120
43.5,3.120
43.5,3.120
43.5,3.120
43.4,3.120
43.4,3.120
43.4,3.120
43.4,3.120
43.4,3.120
43.4,3.120
43.4,3.120
43.4,3.115
43.4,3.115
43.4,3.115
43.4,3.115
43.4,3.115
43.4,3.115
43.4,3.115
43.4,3.115
43.4,3.115
43.4,3.115
43.4,3.115
43.4,3.115
43.4,3.115
43.4,3.115
43.4,3.110
43.4,3.110
43.4,3.110
43.3,3.110
43.3,3.110
43.3,3.110
43.3,3.110
43.3,3.110
43.3,3.110
43.3,3.110
43.3,3.110
43.3,3.110
43.3,3.110
43.4,3.110
43.4,3.110
43.4,3.105
43.4,3.105
43.4,3.105
43.4,3.105
43.4,3.105
43.4,3.105
43.4,3.105
43.4,3.105
43.4,3.105
43.4,3.105
43.4,3.105
43.3,3.105
43.3,3.105
43.3,3.100
43.3,3.100
43.3,3.100
43.3,3.100
43.3,3.100
43.3,3.100
43.3,3.100
43.3,3.100
43.3,3.100
43.3,3.100
43.3,3.100
43.3,3.100
43.3,3.100
43.3,3.100
43.3,3.095
43.3,3.095
43.3,3.095
43.3,3.095
43.3,3.095
43.3,3.095
43.3,3.095
43.3,3.095
43.3,3.095
43.3,3.095
43.3,3.095
43.3,3.095
43.3,3.095
43.3,3.095
43.3,3.095
43.3,3.090
43.3,3.090
43.2,3.090
43.3,3.090
43.3,3.090
43.3,3.090
43.3,3.090
43.3,3.090
43.2,3.090
43.2,3.090
43.2,3.090
43.2,3.090
43.2,3.090
43.2,3.085
43.2,3.085
43.2,3.085
43.2,3.085
43.3,3.085
43.3,3.085
43.3,3.085
43.3,3.085
43.3,3.085
43.3,3.085
43.3,3.085
43.3,3.085
43.3,3.085
43.3,3.085
43.3,3.080
43.3,3.080
43.3,3.080
43.3,3.080
43.3,3.080
43.2,3.080
43.2,3.080
43.2,3.080
43.2,3.080
43.2,3.080
43.2,3.080
43.2,3.080
43.2,3.080
43.2,3.080
43.2,3.080
43.2,3.075
43.2,3.075
43.2,3.075
43.2,3.075
43.2,3.075
43.2,3.075
43.2,3.075
43.2,3.075
43.2,3.075
43.2,3.075
43.2,3.075
43.2,3.075
43.2,3.075
43.2,3.075
43.2,3.075
43.2,3.070
43.2,3.070
43.2,3.070
43.2,3.070
43.2,3.070
43.2,3.070
43.2,3.070
43.2,3.070
43.2,3.070
43.2,3.070
43.2,3.070
43.2,3.070
43.2,3.070
43.2,3.070
43.2,3.065
43.2,3.065
43.2,3.065
43.2,3.065
43.2,3.065
43.2,3.065
43.2,3.065
43.2,3.065
43.2,3.065
43.2,3.065
43.2,3.065
43.2,3.065
43.2,3.065
43.2,3.065
43.2,3.060
43.2,3.060
43.2,3.060
43.2,3.060
43.2,3.060
43.2,3.060
43.2,3.060
43.2,3.060
43.2,3.060
43.2,3.060
43.2,3.060
43.2,3.060
43.2,3.060
43.2,3.060
43.2,3.060
43.2,3.055
43.2,3.055
43.2,3.055
43.2,3.055
43.2,3.055
43.2,3.055
43.2,3.055
43.2,3.055
43.2,3.055
43.2,3.055
43.2,3.055
43.2,3.055
43.2,3.055
43.2,3.055
43.2,3.055
43.1,3.050
43.1,3.050
43.1,3.050
43.1,3.050
43.1,3.050
43.1,3.050
43.1,3.050
43.1,3.050
43.1,3.050
43.1,3.050
43.1,3.050
43.1,3.050
43.1,3.050
43.1,3.050
43.1,3.050
43.1,3.050
43.1,3.045
43.1,3.045
43.1,3.045
43.1,3.045
43.1,3.045
43.1,3.045
43.1,3.045
43.1,3.045
43.1,3.045
43.1,3.045
43.1,3.045
43.1,3.045
43.1,3.045
43.1,3.045
43.1,3.040
43.0,3.040
43.0,3.040
43.0,3.040
43.0,3.040
43.0,3.040
43.0,3.040
43.0,3.040
43.0,3.040
43.0,3.040
43.0,3.040
43.1,3.040
43.1,3.040
43.1,3.040
43.1,3.040
43.1,3.035
43.1,3.035
43.1,3.035
43.1,3.035
43.1,3.035
43.1,3.035
43.1,3.035
43.1,3.035
43.1,3.035
43.1,3.035
43.1,3.035
43.1,3.035
43.1,3.035
43.1,3.035
43.1,3.035
43.1,3.035
43.1,3.030
43.1,3.030
43.1,3.030
43.1,3.030
43.1,3.030
43.1,3.030
43.1,3.030
43.1,3.030
43.0,3.030
43.0,3.030
43.0,3.030
43.0,3.030
43.0,3.030
43.0,3.030
43.0,3.030
43.0,3.025
43.0,3.025
43.0,3.025
43.0,3.025
43.0,3.025
43.0,3.025
43.0,3.025
43.0,3.025
43.0,3.025
43.0,3.025
43.0,3.025
43.0,3.025
43.0,3.025
43.0,3.025
43.0,3.025
43.0,3.020
43.0,3.020
43.0,3.020
43.0,3.020
43.0,3.020
43.0,3.020
43.0,3.020
43.0,3.020
43.0,3.020
43.0,3.020
43.0,3.020
43.0,3.020
43.0,3.020
43.0,3.020
43.0,3.020
43.0,3.020
43.0,3.015
43.0,3.015
43.0,3.015
43.0,3.015
43.0,3.015
43.0,3.015
43.0,3.015
43.0,3.015
43.0,3.015
43.0,3.015
43.0,3.015
43.0,3.015
43.0,3.015
43.0,3.015
43.0,3.015
43.0,3.015
43.0,3.015
43.0,3.010
43.0,3.010
43.0,3.010
43.0,3.010
43.0,3.010
43.0,3.010
43.0,3.010
43.0,3.010
43.0,3.010
43.0,3.010
43.0,3.010
43.0,3.010
43.0,3.010
43.0,3.010
43.0,3.005
43.0,3.005
43.0,3.005
43.0,3.005
43.0,3.005
43.0,3.005
43.0,3.005
43.0,3.005
43.0,3.005
43.0,3.005
43.0,3.005
43.0,3.005
43.0,3.005
43.0,3.005
43.0,3.005
43.0,3.005
43.0,3.005
43.0,3.000
43.0,3.000
43.0,3.000
43.0,3.000
43.0,3.000
43.0,3.000
43.0,3.000
43.0,3.000
43.0,3.000
43.0,3.000
43.0,3.000
43.0,3.000
43.0,3.000
43.0,3.000
43.0,3.000
43.0,3.000
43.0,2.995
43.0,2.995
43.0,2.995
42.9,2.995
42.9,2.995
42.9,2.995
42.9,2.995
42.9,2.995
42.9,2.995
42.9,2.995
42.9,2.995
42.9,2.995
42.9,2.995
42.9,2.995
43.0,2.995
43.0,2.995
43.0,2.995
43.0,2.990
43.0,2.990
43.0,2.990
43.0,2.990
43.0,2.990
43.0,2.990
43.0,2.990
43.0,2.990
43.0,2.990
43.0,2.990
43.0,2.990
43.0,2.990
43.0,2.990
43.0,2.990
43.0,2.990
43.0,2.985
43.0,2.985
43.0,2.985
42.9,2.985
42.9,2.985
42.9,2.985
42.9,2.985
42.9,2.985
42.9,2.985
42.9,2.985
42.9,2.985
42.9,2.985
42.9,2.985
42.9,2.985
42.9,2.985
42.9,2.985
42.9,2.985
42.9,2.980
42.9,2.980
42.9,2.980
42.9,2.980
42.9,2.980
42.9,2.980
42.9,2.980
42.9,2.980
42.9,2.980
42.9,2.980
42.9,2.980
42.9,2.980
42.9,2.980
42.9,2.980
42.9,2.980
42.9,2.980
42.9,2.980
42.9,2.975
42.9,2.975
42.9,2.975
42.9,2.975
42.8,2.975
42.8,2.975
42.8,2.975
42.8,2.975
42.8,2.975
42.8,2.975
42.8,2.975
42.8,2.975
42.8,2.975
42.8,2.975
42.8,2.975
42.8,2.975
42.8,2.975
42.8,2.975
42.8,2.970
42.8,2.970
42.8,2.970
42.8,2.970
42.8,2.970
42.8,2.970
42.8,2.970
42.8,2.970
42.8,2.970
42.8,2.970
42.8,2.970
42.8,2.970
42.8,2.970
42.8,2.970
42.8,2.970
42.8,2.970
42.8,2.970
42.8,2.970
42.8,2.965
42.8,2.965
42.8,2.965
42.8,2.965
42.8,2.965
42.8,2.965
42.8,2.965
42.8,2.965
42.8,2.965
42.8,2.965
42.8,2.965
42.8,2.965
42.8,2.965
42.8,2.965
42.8,2.965
42.8,2.965
42.8,2.965
42.8,2.960
42.8,2.960
42.8,2.960
42.8,2.960
42.8,2.960
42.8,2.960
42.8,2.960
42.8,2.960
42.8,2.960
42.8,2.960
42.8,2.960
42.8,2.960
42.8,2.960
42.8,2.960
42.8,2.960
42.8,2.960
42.8,2.960
42.8,2.960
42.8,2.960
42.8,2.955
42.8,2.955
42.8,2.955
42.8,2.955
42.8,2.955
42.8,2.955
42.8,2.955
42.8,2.955
42.8,2.955
42.8,2.955
42.8,2.955
42.8,2.955
42.8,2.955
42.8,2.955
42.8,2.955
42.8,2.955
42.8,2.955
42.8,2.955
42.8,2.950
42.8,2.950
42.8,2.950
42.8,2.950
42.8,2.950
42.8,2.950
42.8,2.950
42.8,2.950
42.8,2.950
42.8,2.950
42.8,2.950
42.8,2.950
42.8,2.950
42.8,2.950
42.8,2.950
42.8,2.950
42.8,2.950
42.8,2.950
42.8,2.945
42.8,2.945
42.8,2.945
42.8,2.945
42.8,2.945
42.8,2.945
42.8,2.945
42.8,2.945
42.8,2.945
42.8,2.945
42.8,2.945
42.8,2.945
42.8,2.945
42.8,2.945
42.8,2.945
42.8,2.945
42.8,2.945
42.8,2.940
42.8,2.940
42.8,2.940
42.8,2.940
42.8,2.940
42.8,2.940
42.8,2.940
42.8,2.940
42.7,2.940
42.7,2.940
42.7,2.940
42.7,2.940
42.7,2.940
42.7,2.940
42.7,2.940
42.7,2.940
42.8,2.940
42.8,2.940
42.8,2.940
42.8,2.935
42.8,2.935
42.8,2.935
42.8,2.935
42.8,2.935
42.8,2.935
42.8,2.935
42.8,2.935
42.8,2.935
42.8,2.935
42.8,2.935
42.8,2.935
42.8,2.935
42.8,2.935
42.8,2.935
42.8,2.935
42.8,2.935
42.8,2.935
42.9,2.935
42.9,2.935
42.9,2.930
42.9,2.930
42.9,2.930
42.9,2.930
42.9,2.930
42.9,2.930
42.9,2.930
42.8,2.930
42.8,2.930
42.8,2.930
42.8,2.930
42.8,2.930
42.8,2.930
42.8,2.930
42.8,2.930
42.8,2.930
42.8,2.930
42.8,2.930
42.8,2.930
42.8,2.925
42.8,2.925
42.8,2.925
42.8,2.925
42.8,2.925
42.8,2.925
42.8,2.925
42.8,2.925
42.8,2.925
42.8,2.925
42.8,2.925
42.8,2.925
42.8,2.925
42.8,2.925
42.8,2.925
42.8,2.925
42.8,2.925
42.8,2.925
42.8,2.925
42.8,2.925
42.8,2.925
42.8,2.920
42.8,2.920
42.8,2.920
42.8,2.920
42.8,2.920
42.8,2.920
42.8,2.920
42.8,2.920
42.8,2.920
42.8,2.920
42.8,2.920
42.8,2.920
42.8,2.920
42.8,2.920
42.8,2.920
42.8,2.920
42.8,2.920
42.8,2.920
42.8,2.920
42.8,2.920
42.8,2.920
42.8,2.915
42.8,2.915
42.8,2.915
42.8,2.915
42.8,2.915
42.8,2.915
42.8,2.915
42.8,2.915
42.8,2.915
42.8,2.915
42.8,2.915
42.8,2.915
42.8,2.915
42.8,2.915
42.8,2.915
42.7,2.915
42.7,2.915
42.7,2.915
42.7,2.915
42.7,2.915
42.7,2.915
42.7,2.910
42.7,2.910
42.7,2.910
42.7,2.910
42.7,2.910
42.7,2.910
42.7,2.910
42.7,2.910
42.7,2.910
42.7,2.910
42.7,2.910
42.7,2.910
42.7,2.910
42.7,2.910
42.7,2.910
42.7,2.910
42.7,2.910
42.7,2.910
42.7,2.910
42.7,2.910
42.7,2.910
42.7,2.905
42.7,2.905
42.7,2.905
42.7,2.905
42.7,2.905
42.7,2.905
42.7,2.905
42.7,2.905
42.7,2.905
42.7,2.905
42.7,2.905
42.7,2.905
42.7,2.905
42.7,2.905
42.7,2.905
42.7,2.905
42.7,2.905
42.7,2.905
42.7,2.905
42.7,2.905
42.7,2.905
42.7,2.900
42.7,2.900
42.7,2.900
42.7,2.900
42.7,2.900
42.7,2.900
42.7,2.900
42.7,2.900
42.7,2.900
42.7,2.900
42.7,2.900
42.7,2.900
42.7,2.900
42.7,2.900
42.7,2.900
42.7,2.900
42.7,2.900
42.7,2.900
42.7,2.900
42.7,2.900
42.7,2.900
42.7,2.900
42.7,2.895
42.6,2.895
42.6,2.895
42.6,2.895
42.6,2.895
42.6,2.895
42.6,2.895
42.6,2.895
42.6,2.895
42.7,2.895
42.7,2.895
42.7,2.895
42.7,2.895
42.7,2.895
42.7,2.895
42.7,2.895
42.7,2.895
42.7,2.895
42.7,2.895
42.7,2.895
42.7,2.895
42.7,2.890
42.7,2.890
42.7,2.890
42.7,2.890
42.7,2.890
42.7,2.890
42.6,2.890
42.6,2.890
42.6,2.890
42.6,2.890
42.6,2.890
42.6,2.890
42.6,2.890
42.6,2.890
42.6,2.890
42.6,2.890
42.6,2.890
42.6,2.890
42.6,2.890
42.6,2.890
42.6,2.885
42.6,2.885
42.6,2.885
42.6,2.885
42.6,2.885
42.6,2.885
42.6,2.885
42.6,2.885
42.6,2.885
42.6,2.885
42.6,2.885
42.6,2.885
42.6,2.885
42.6,2.885
42.6,2.885
42.6,2.885
42.6,2.885
42.6,2.880
42.6,2.880
42.6,2.880
42.6,2.880
42.6,2.880
42.6,2.880
42.6,2.880
42.6,2.880
42.6,2.880
42.6,2.880
42.6,2.880
42.6,2.880
42.6,2.880
42.6,2.880
42.6,2.880
42.6,2.880
42.6,2.880
42.6,2.875
42.6,2.875
42.6,2.875
42.6,2.875
42.6,2.875
42.6,2.875
42.6,2.875
42.6,2.875
42.6,2.875
42.5,2.875
42.5,2.875
42.5,2.875
42.5,2.875
42.5,2.875
42.5,2.875
42.5,2.875
42.5,2.875
42.5,2.870
42.5,2.870
42.5,2.870
42.5,2.870
42.5,2.870
42.5,2.870
42.5,2.870
42.5,2.870
42.5,2.870
42.5,2.870
42.5,2.870
42.5,2.870
42.5,2.870
42.5,2.870
42.5,2.870
42.5,2.870
42.5,2.865
42.5,2.865
42.5,2.865
42.5,2.865
42.5,2.865
42.5,2.865
42.5,2.865
42.5,2.865
42.5,2.865
42.5,2.865
42.5,2.865
42.5,2.865
42.5,2.865
42.5,2.865
42.5,2.865
42.5,2.865
42.5,2.860
42.5,2.860
42.5,2.860
42.5,2.860
42.5,2.860
42.5,2.860
42.5,2.860
42.5,2.860
42.5,2.860
42.5,2.860
42.5,2.860
42.5,2.860
42.5,2.860
42.5,2.860
42.5,2.860
42.5,2.860
42.5,2.855
42.5,2.855
42.5,2.855
42.5,2.855
42.5,2.855
42.5,2.855
42.5,2.855
42.5,2.855
42.5,2.855
42.5,2.855
42.5,2.855
42.5,2.855
42.5,2.855
42.5,2.855
42.5,2.855
42.5,2.855
42.5,2.855
42.5,2.855
42.5,2.850
42.5,2.850
42.5,2.850
42.5,2.850
42.5,2.850
42.5,2.850
42.5,2.850
42.5,2.850
42.5,2.850
42.5,2.850
42.5,2.850
42.5,2.850
42.5,2.850
42.5,2.850
42.5,2.850
42.5,2.850
42.5,2.850
42.5,2.845
42.5,2.845
42.6,2.845
42.6,2.845
42.6,2.845
42.6,2.845
42.6,2.845
42.6,2.845
42.6,2.845
42.6,2.845
42.6,2.845
42.6,2.845
42.6,2.845
42.6,2.845
42.6,2.845
42.5,2.845
42.5,2.845
42.5,2.845
42.5,2.845
42.5,2.840
42.5,2.840
42.5,2.840
42.5,2.840
42.5,2.840
42.5,2.840
42.5,2.840
42.5,2.840
42.5,2.840
42.5,2.840
42.5,2.840
42.5,2.840
42.5,2.840
42.5,2.840
42.5,2.840
42.5,2.840
42.5,2.840
42.5,2.840
42.5,2.840
42.5,2.840
42.5,2.835
42.5,2.835
42.5,2.835
42.5,2.835
42.5,2.835
42.5,2.835
42.5,2.835
42.5,2.835
42.5,2.835
42.5,2.835
42.5,2.835
42.5,2.835
42.5,2.835
42.5,2.835
42.5,2.835
42.5,2.835
42.5,2.835
42.5,2.835
42.5,2.835
42.5,2.835
42.5,2.830
42.5,2.830
42.5,2.830
42.5,2.830
42.5,2.830
42.5,2.830
42.5,2.830
42.5,2.830
42.5,2.830
42.5,2.830
42.5,2.830
42.5,2.830
42.5,2.830
42.5,2.830
42.5,2.830
42.5,2.830
42.5,2.830
42.5,2.830
42.5,2.830
42.5,2.830
42.5,2.825
42.5,2.825
42.5,2.825
42.4,2.825
42.4,2.825
42.4,2.825
42.4,2.825
42.4,2.825
42.4,2.825
42.4,2.825
42.4,2.825
42.4,2.825
42.4,2.825
42.4,2.825
42.4,2.825
42.4,2.825
42.4,2.825
42.4,2.825
42.4,2.825
42.4,2.825
42.4,2.825
42.4,2.820
42.4,2.820
42.4,2.820
42.4,2.820
42.4,2.820
42.4,2.820
42.4,2.820
42.4,2.820
42.4,2.820
42.4,2.820
42.4,2.820
42.4,2.820
42.4,2.820
42.4,2.820
42.4,2.820
42.4,2.820
42.4,2.820
42.4,2.820
42.4,2.820
42.4,2.820
42.4,2.820
42.4,2.820
42.4,2.815
42.4,2.815
42.4,2.815
42.4,2.815
42.4,2.815
42.4,2.815
42.4,2.815
42.4,2.815
42.4,2.815
42.4,2.815
42.4,2.815
42.4,2.815
42.4,2.815
42.4,2.815
42.4,2.815
42.4,2.815
42.4,2.815
42.4,2.815
42.4,2.815
42.4,2.815
42.4,2.815
42.4,2.810
42.4,2.810
42.4,2.810
42.4,2.810
42.4,2.810
42.4,2.810
42.4,2.810
42.4,2.810
42.4,2.810
42.4,2.810
42.4,2.810
42.4,2.810
42.4,2.810
42.4,2.810
42.4,2.810
42.4,2.810
42.4,2.810
42.4,2.810
42.4,2.810
42.4,2.810
42.3,2.810
42.3,2.810
42.3,2.805
42.3,2.805
42.3,2.805
42.3,2.805
42.3,2.805
42.3,2.805
42.3,2.805
42.3,2.805
42.3,2.805
42.3,2.805
42.3,2.805
42.3,2.805
42.3,2.805
42.3,2.805
42.4,2.805
42.4,2.805
42.4,2.805
42.4,2.805
42.4,2.805
42.4,2.805
42.4,2.805
42.4,2.800
42.4,2.800
42.4,2.800
42.4,2.800
42.4,2.800
42.4,2.800
42.4,2.800
42.4,2.800
42.4,2.800
42.4,2.800
42.4,2.800
42.4,2.800
42.4,2.800
42.4,2.800
42.4,2.800
42.4,2.800
42.4,2.800
42.4,2.800
42.4,2.800
42.4,2.800
42.4,2.800
42.4,2.800
42.4,2.795
42.4,2.795
42.4,2.795
42.4,2.795
42.4,2.795
42.4,2.795
42.4,2.795
42.4,2.795
42.4,2.795
42.3,2.795
42.3,2.795
42.3,2.795
42.3,2.795
42.3,2.795
42.3,2.795
42.3,2.795
42.3,2.795
42.3,2.795
42.3,2.795
42.3,2.795
42.3,2.795
42.3,2.790
42.3,2.790
42.3,2.790
42.3,2.790
42.3,2.790
42.3,2.790
42.3,2.790
42.3,2.790
42.3,2.790
42.3,2.790
42.3,2.790
42.3,2.790
42.3,2.790
42.3,2.790
42.3,2.790
42.3,2.790
42.3,2.790
42.3,2.790
42.3,2.790
42.3,2.790
42.3,2.790
42.3,2.785
42.3,2.785
42.3,2.785
42.3,2.785
42.3,2.785
42.3,2.785
42.3,2.785
42.3,2.785
42.3,2.785
42.3,2.785
42.3,2.785
42.3,2.785
42.3,2.785
42.3,2.785
42.3,2.785
42.3,2.785
42.3,2.785
42.3,2.785
42.3,2.785
42.3,2.785
42.3,2.785
42.3,2.780
42.3,2.780
42.3,2.780
42.3,2.780
42.3,2.780
42.3,2.780
42.3,2.780
42.3,2.780
42.3,2.780
42.3,2.780
42.3,2.780
42.3,2.780
42.3,2.780
42.3,2.780
42.3,2.780
42.3,2.780
42.3,2.780
42.3,2.780
42.3,2.780
42.3,2.780
42.2,2.780
42.2,2.780
42.2,2.780
42.2,2.775
42.2,2.775
42.2,2.775
42.2,2.775
42.2,2.775
42.2,2.775
42.2,2.775
42.2,2.775
42.2,2.775
42.2,2.775
42.2,2.775
42.2,2.775
42.2,2.775
42.2,2.775
42.2,2.775
42.2,2.775
42.2,2.775
42.2,2.775
42.2,2.775
42.2,2.775
42.2,2.775
42.2,2.775
42.2,2.775
42.2,2.770
42.2,2.770
42.2,2.770
42.2,2.770
42.2,2.770
42.2,2.770
42.2,2.770
42.2,2.770
42.2,2.770
42.2,2.770
42.2,2.770
42.2,2.770
42.2,2.770
42.2,2.770
42.2,2.770
42.2,2.770
42.2,2.770
42.2,2.770
42.2,2.770
42.2,2.770
42.2,2.770
42.2,2.765
42.2,2.765
42.2,2.765
42.2,2.765
42.2,2.765
42.2,2.765
42.2,2.765
42.3,2.765
42.3,2.765
42.3,2.765
42.3,2.765
42.3,2.765
42.3,2.765
42.3,2.765
42.3,2.765
42.3,2.765
42.3,2.765
42.3,2.765
42.3,2.765
42.3,2.765
42.3,2.765
42.3,2.765
42.3,2.760
42.3,2.760
42.3,2.760
42.3,2.760
42.3,2.760
42.3,2.760
42.3,2.760
42.3,2.760
42.2,2.760
42.2,2.760
42.2,2.760
42.2,2.760
42.2,2.760
42.2,2.760
42.2,2.760
42.2,2.760
42.2,2.760
42.2,2.760
42.2,2.760
42.2,2.760
42.2,2.760
42.2,2.760
42.2,2.760
42.2,2.755
42.2,2.755
42.2,2.755
42.2,2.755
42.2,2.755
42.2,2.755
42.2,2.755
42.2,2.755
42.2,2.755
42.2,2.755
42.2,2.755
42.2,2.755
42.2,2.755
42.2,2.755
42.2,2.755
42.2,2.755
42.2,2.755
42.2,2.755
42.2,2.755
42.2,2.755
42.2,2.755
42.2,2.755
42.2,2.750
42.1,2.750
42.1,2.750
42.1,2.750
42.1,2.750
42.1,2.750
42.1,2.750
42.1,2.750
42.1,2.750
42.1,2.750
42.1,2.750
42.1,2.750
42.1,2.750
42.1,2.750
42.1,2.750
42.1,2.750
42.1,2.750
42.1,2.750
42.1,2.750
42.1,2.750
42.1,2.750
42.1,2.745
42.1,2.745
42.1,2.745
42.1,2.745
42.1,2.745
42.1,2.745
42.1,2.745
42.1,2.745
42.1,2.745
42.1,2.745
42.1,2.745
42.1,2.745
42.1,2.745
42.1,2.745
42.1,2.745
42.1,2.745
42.1,2.745
42.1,2.745
42.1,2.745
42.1,2.745
42.1,2.745
42.1,2.745
42.1,2.740
42.1,2.740
42.1,2.740
42.1,2.740
42.0,2.740
42.0,2.740
42.0,2.740
42.0,2.740
42.0,2.740
42.0,2.740
42.0,2.740
42.0,2.740
42.0,2.740
42.0,2.740
42.0,2.740
42.0,2.740
42.0,2.740
42.0,2.740
42.0,2.740
42.0,2.740
42.0,2.740
42.0,2.735
42.0,2.735
42.0,2.735
42.0,2.735
42.0,2.735
42.0,2.735
42.0,2.735
42.0,2.735
42.0,2.735
42.0,2.735
42.0,2.735
42.0,2.735
42.0,2.735
42.0,2.735
42.0,2.735
42.0,2.735
42.0,2.735
42.0,2.735
42.0,2.735
42.0,2.735
42.0,2.735
42.0,2.730
42.0,2.730
42.0,2.730
42.0,2.730
42.0,2.730
42.0,2.730
42.0,2.730
42.0,2.730
42.0,2.730
42.0,2.730
42.0,2.730
42.0,2.730
42.0,2.730
42.0,2.730
42.0,2.730
42.0,2.730
42.0,2.730
42.0,2.730
42.0,2.730
42.0,2.730
42.0,2.725
42.0,2.725
42.0,2.725
42.0,2.725
42.0,2.725
42.0,2.725
42.0,2.725
42.0,2.725
42.0,2.725
42.0,2.725
42.0,2.725
42.0,2.725
42.0,2.725
42.0,2.725
42.0,2.725
42.0,2.725
42.0,2.725
42.0,2.725
42.0,2.725
42.0,2.720
42.0,2.720
42.0,2.720
42.0,2.720
42.0,2.720
42.0,2.720
42.0,2.720
42.0,2.720
42.0,2.720
42.0,2.720
42.0,2.720
42.0,2.720
42.0,2.720
42.0,2.720
42.0,2.720
42.0,2.720
42.0,2.720
42.0,2.720
42.0,2.720
42.0,2.715
42.0,2.715
42.0,2.715
42.0,2.715
42.0,2.715
42.0,2.715
42.0,2.715
42.0,2.715
41.9,2.715
41.9,2.715
41.9,2.715
41.9,2.715
41.9,2.715
41.9,2.715
41.9,2.715
41.9,2.715
42.0,2.715
42.0,2.715
42.0,2.715
42.0,2.710
42.0,2.710
42.0,2.710
42.0,2.710
42.0,2.710
42.0,2.710
42.0,2.710
42.0,2.710
42.0,2.710
42.0,2.710
42.0,2.710
42.0,2.710
42.0,2.710
42.0,2.710
42.0,2.710
42.0,2.710
42.0,2.710
42.0,2.710
42.0,2.710
42.0,2.705
42.0,2.705
42.0,2.705
42.0,2.705
42.0,2.705
42.0,2.705
42.0,2.705
42.0,2.705
42.0,2.705
42.0,2.705
42.0,2.705
42.0,2.705
42.0,2.705
42.0,2.705
42.0,2.705
42.0,2.705
41.9,2.705
41.9,2.705
41.9,2.700
41.9,2.700
41.9,2.700
41.9,2.700
41.9,2.700
41.9,2.700
41.9,2.700
41.9,2.700
41.9,2.700
41.9,2.700
41.9,2.700
41.9,2.700
41.9,2.700
41.9,2.700
41.9,2.700
41.9,2.700
41.9,2.700
41.9,2.700
41.9,2.700
41.9,2.695
41.9,2.695
41.9,2.695
41.9,2.695
41.9,2.695
41.9,2.695
41.9,2.695
41.9,2.695
41.9,2.695
41.9,2.695
41.9,2.695
41.9,2.695
41.9,2.695
41.9,2.695
41.9,2.695
41.9,2.695
41.9,2.695
41.9,2.695
41.9,2.695
41.9,2.695
41.9,2.690
41.9,2.690
41.9,2.690
41.9,2.690
41.9,2.690
41.9,2.690
41.9,2.690
41.9,2.690
41.9,2.690
41.9,2.690
41.9,2.690
41.9,2.690
41.9,2.690
41.9,2.690
41.9,2.690
41.9,2.690
41.9,2.690
41.9,2.690
41.9,2.685
41.9,2.685
41.9,2.685
41.9,2.685
41.9,2.685
41.9,2.685
41.8,2.685
41.8,2.685
41.8,2.685
41.8,2.685
41.8,2.685
41.8,2.685
41.8,2.685
41.8,2.685
41.8,2.685
41.8,2.685
41.8,2.685
41.8,2.685
41.8,2.685
41.9,2.685
41.9,2.680
41.9,2.680
41.9,2.680
41.9,2.680
41.9,2.680
41.9,2.680
41.9,2.680
41.9,2.680
41.9,2.680
41.9,2.680
41.8,2.680
41.8,2.680
41.8,2.680
41.8,2.680
41.8,2.680
41.8,2.680
41.8,2.680
41.8,2.680
41.8,2.680
41.8,2.680
41.8,2.680
41.8,2.675
41.8,2.675
41.8,2.675
41.8,2.675
41.8,2.675
41.8,2.675
41.8,2.675
41.8,2.675
41.8,2.675
41.8,2.675
41.8,2.675
41.8,2.675
41.8,2.675
41.8,2.675
41.8,2.675
41.8,2.675
41.8,2.675
41.8,2.675
41.8,2.675
41.8,2.675
41.8,2.675
41.8,2.670
41.8,2.670
41.8,2.670
41.8,2.670
41.8,2.670
41.8,2.670
41.8,2.670
41.8,2.670
41.8,2.670
41.8,2.670
41.8,2.670
41.8,2.670
41.8,2.670
41.8,2.670
41.8,2.670
41.8,2.670
41.8,2.670
41.7,2.670
41.7,2.670
41.7,2.670
41.7,2.665
41.7,2.665
41.7,2.665
41.7,2.665
41.7,2.665
41.7,2.665
41.7,2.665
41.7,2.665
41.7,2.665
41.7,2.665
41.7,2.665
41.7,2.665
41.7,2.665
41.7,2.665
41.8,2.665
41.8,2.665
41.8,2.665
41.8,2.665
41.8,2.665
41.8,2.660
41.8,2.660
41.8,2.660
41.8,2.660
41.8,2.660
41.8,2.660
41.8,2.660
41.8,2.660
41.8,2.660
41.8,2.660
41.8,2.660
41.8,2.660
41.8,2.660
41.8,2.660
41.8,2.660
41.8,2.660
41.8,2.660
41.8,2.660
41.8,2.660
41.8,2.660
41.8,2.660
41.8,2.655
41.8,2.655
41.8,2.655
41.8,2.655
41.8,2.655
41.8,2.655
41.8,2.655
41.8,2.655
41.8,2.655
41.8,2.655
41.8,2.655
41.8,2.655
41.8,2.655
41.8,2.655
41.8,2.655
41.8,2.655
41.8,2.655
41.8,2.655
41.8,2.655
41.8,2.655
41.8,2.650
41.8,2.650
41.8,2.650
41.8,2.650
41.8,2.650
41.8,2.650
41.8,2.650
41.8,2.650
41.8,2.650
41.8,2.650
41.8,2.650
41.8,2.650
41.8,2.650
41.8,2.650
41.8,2.650
41.8,2.650
41.8,2.650
41.8,2.650
41.8,2.650
41.8,2.650
41.8,2.650
41.8,2.645
41.8,2.645
41.8,2.645
41.8,2.645
41.8,2.645
41.8,2.645
41.8,2.645
41.8,2.645
41.8,2.645
41.8,2.645
41.8,2.645
41.8,2.645
41.8,2.645
41.8,2.645
41.8,2.645
41.8,2.645
41.8,2.645
41.8,2.645
41.8,2.645
41.8,2.645
41.8,2.640
41.8,2.640
41.8,2.640
41.8,2.640
41.8,2.640
41.8,2.640
41.8,2.640
41.8,2.640
41.8,2.640
41.8,2.640
41.8,2.640
41.8,2.640
41.8,2.640
41.8,2.640
41.8,2.640
41.8,2.640
41.8,2.640
41.8,2.640
41.8,2.640
41.8,2.640
41.8,2.640
41.8,2.635
41.8,2.635
41.8,2.635
41.8,2.635
41.8,2.635
41.8,2.635
41.8,2.635
41.8,2.635
41.8,2.635
41.8,2.635
41.8,2.635
41.8,2.635
41.8,2.635
41.8,2.635
41.8,2.635
41.8,2.635
41.8,2.635
41.8,2.635
41.7,2.635
41.7,2.635
41.7,2.630
41.7,2.630
41.7,2.630
41.7,2.630
41.7,2.630
41.7,2.630
41.7,2.630
41.7,2.630
41.7,2.630
41.7,2.630
41.7,2.630
41.7,2.630
41.7,2.630
41.7,2.630
41.7,2.630
41.7,2.630
41.7,2.630
41.7,2.630
41.7,2.630
41.7,2.625
41.7,2.625
41.7,2.625
41.7,2.625
41.7,2.625
41.7,2.625
41.7,2.625
41.7,2.625
41.7,2.625
41.7,2.625
41.7,2.625
41.7,2.625
41.7,2.625
41.7,2.625
41.7,2.625
41.7,2.625
41.7,2.625
41.7,2.625
41.7,2.625
41.7,2.620
41.7,2.620
41.7,2.620
41.7,2.620
41.7,2.620
41.7,2.620
41.7,2.620
41.7,2.620
41.7,2.620
41.7,2.620
41.7,2.620
41.7,2.620
41.7,2.620
41.7,2.620
41.7,2.620
41.7,2.620
41.7,2.620
41.7,2.620
41.7,2.620
41.7,2.620
41.7,2.615
41.7,2.615
41.7,2.615
41.7,2.615
41.7,2.615
41.7,2.615
41.7,2.615
41.7,2.615
41.7,2.615
41.7,2.615
41.7,2.615
41.7,2.615
41.7,2.615
41.7,2.615
41.7,2.615
41.7,2.615
41.7,2.615
41.7,2.615
41.7,2.615
41.7,2.615
41.7,2.615
41.7,2.610
41.7,2.610
41.7,2.610
41.7,2.610
41.7,2.610
41.7,2.610
41.7,2.610
41.7,2.610
41.6,2.610
41.6,2.610
41.6,2.610
41.6,2.610
41.6,2.610
41.6,2.610
41.6,2.610
41.6,2.610
41.6,2.610
41.6,2.610
41.6,2.605
41.6,2.605
41.6,2.605
41.6,2.605
41.7,2.605
41.7,2.605
41.7,2.605
41.7,2.605
41.7,2.605
41.7,2.605
41.7,2.605
41.7,2.605
41.7,2.605
41.7,2.605
41.7,2.605
41.7,2.605
41.7,2.605
41.7,2.605
41.7,2.605
41.7,2.605
41.7,2.605
41.7,2.605
41.7,2.600
41.7,2.600
41.7,2.600
41.7,2.600
41.7,2.600
41.7,2.600
41.7,2.600
41.7,2.600
41.7,2.600
41.7,2.600
41.7,2.600
41.7,2.600
41.7,2.600
41.6,2.600
41.6,2.600
41.6,2.600
41.6,2.600
41.6,2.600
41.6,2.600
41.6,2.600
41.6,2.600
41.6,2.600
41.6,2.595
41.6,2.595
41.6,2.595
41.6,2.595
41.6,2.595
41.6,2.595
41.6,2.595
41.6,2.595
41.6,2.595
41.6,2.595
41.6,2.595
41.6,2.595
41.6,2.595
41.6,2.595
41.6,2.595
41.6,2.595
41.6,2.595
41.6,2.595
41.6,2.595
41.6,2.595
41.6,2.595
41.6,2.595
41.6,2.595
41.6,2.590
41.6,2.590
41.6,2.590
41.6,2.590
41.6,2.590
41.6,2.590
41.6,2.590
41.6,2.590
41.6,2.590
41.6,2.590
41.6,2.590
41.6,2.590
41.6,2.590
41.6,2.590
41.6,2.590
41.6,2.590
41.6,2.590
41.6,2.590
41.6,2.590
41.6,2.590
41.6,2.590
41.6,2.590
41.6,2.590
41.6,2.585
41.6,2.585
41.6,2.585
41.6,2.585
41.6,2.585
41.6,2.585
41.6,2.585
41.6,2.585
41.6,2.585
41.6,2.585
41.6,2.585
41.6,2.585
41.6,2.585
41.6,2.585
41.6,2.585
41.6,2.585
41.6,2.585
41.6,2.585
41.6,2.585
41.6,2.585
41.6,2.585
41.6,2.585
41.6,2.585
41.6,2.585
41.6,2.585
41.6,2.585
41.5,2.580
41.5,2.580
41.5,2.580
41.5,2.580
41.5,2.580
41.5,2.580
41.5,2.580
41.5,2.580
41.5,2.580
41.5,2.580
41.6,2.580
41.6,2.580
41.6,2.580
41.6,2.580
41.6,2.580
41.6,2.580
41.6,2.580
41.6,2.580
41.6,2.580
41.6,2.580
41.6,2.580
41.6,2.580
41.6,2.580
41.6,2.580
41.6,2.580
41.6,2.580
41.6,2.580
41.6,2.575
41.6,2.575
41.6,2.575
41.6,2.575
41.6,2.575
41.6,2.575
41.6,2.575
41.6,2.575
41.6,2.575
41.6,2.575
41.6,2.575
41.6,2.575
41.5,2.575
41.5,2.575
41.5,2.575
41.5,2.575
41.5,2.575
41.5,2.575
41.5,2.575
41.5,2.575
41.5,2.575
41.5,2.575
41.5,2.575
41.5,2.575
41.5,2.575
41.5,2.570
41.5,2.570
41.5,2.570
41.6,2.570
41.6,2.570
41.6,2.570
41.6,2.570
41.6,2.570
41.6,2.570
41.5,2.570
41.5,2.570
41.5,2.570
41.5,2.570
41.5,2.570
41.5,2.570
41.5,2.570
41.5,2.570
41.5,2.570
41.5,2.570
41.5,2.570
41.5,2.570
41.5,2.570
41.5,2.570
41.5,2.570
41.5,2.570
41.5,2.565
41.5,2.565
41.5,2.565
41.5,2.565
41.5,2.565
41.5,2.565
41.5,2.565
41.5,2.565
41.5,2.565
41.5,2.565
41.5,2.565
41.5,2.565
41.5,2.565
41.5,2.565
41.5,2.565
41.5,2.565
41.5,2.565
41.5,2.565
41.5,2.565
41.5,2.565
41.5,2.565
41.5,2.565
41.5,2.565
41.5,2.560
41.5,2.560
41.5,2.560
41.5,2.560
41.5,2.560
41.5,2.560
41.5,2.560
41.5,2.560
41.5,2.560
41.5,2.560
41.5,2.560
41.5,2.560
41.4,2.560
41.4,2.560
41.4,2.560
41.4,2.560
41.4,2.560
41.4,2.560
41.4,2.560
41.4,2.560
41.4,2.560
41.4,2.560
41.4,2.560
41.4,2.560
41.4,2.560
41.4,2.555
41.4,2.555
41.4,2.555
41.4,2.555
41.4,2.555
41.4,2.555
41.4,2.555
41.4,2.555
41.4,2.555
41.4,2.555
41.4,2.555
41.4,2.555
41.4,2.555
41.4,2.555
41.4,2.555
41.4,2.555
41.4,2.555
41.4,2.555
41.4,2.555
41.4,2.555
41.4,2.555
41.4,2.555
41.4,2.555
41.4,2.555
41.4,2.550
41.4,2.550
41.4,2.550
41.4,2.550
41.4,2.550
41.4,2.550
41.4,2.550
41.4,2.550
41.4,2.550
41.4,2.550
41.4,2.550
41.4,2.550
41.4,2.550
41.4,2.550
41.4,2.550
41.4,2.550
41.4,2.550
41.4,2.550
41.4,2.550
41.4,2.550
41.3,2.550
41.3,2.550
41.3,2.550
41.3,2.545
41.3,2.545
41.3,2.545
41.3,2.545
41.3,2.545
41.3,2.545
41.3,2.545
41.3,2.545
41.3,2.545
41.3,2.545
41.3,2.545
41.3,2.545
41.3,2.545
41.3,2.545
41.3,2.545
41.3,2.545
41.3,2.545
41.3,2.545
41.3,2.545
41.3,2.545
41.3,2.545
41.3,2.545
41.3,2.540
41.3,2.540
41.3,2.540
41.3,2.540
41.3,2.540
41.3,2.540
41.3,2.540
41.3,2.540
41.3,2.540
41.3,2.540
41.3,2.540
41.3,2.540
41.3,2.540
41.3,2.540
41.3,2.540
41.3,2.540
41.3,2.540
41.3,2.540
41.3,2.540
41.3,2.540
41.3,2.540
41.3,2.540
41.3,2.535
41.3,2.535
41.3,2.535
41.3,2.535
41.3,2.535
41.3,2.535
41.3,2.535
41.3,2.535
41.3,2.535
41.3,2.535
41.3,2.535
41.3,2.535
41.3,2.535
41.3,2.535
41.3,2.535
41.3,2.535
41.3,2.535
41.3,2.535
41.2,2.535
41.2,2.535
41.2,2.535
41.2,2.535
41.2,2.530
41.2,2.530
41.2,2.530
41.2,2.530
41.2,2.530
41.2,2.530
41.2,2.530
41.2,2.530
41.2,2.530
41.2,2.530
41.2,2.530
41.2,2.530
41.2,2.530
41.2,2.530
41.2,2.530
41.2,2.530
41.2,2.530
41.2,2.530
41.2,2.530
41.2,2.530
41.1,2.525
41.1,2.525
41.1,2.525
41.1,2.525
41.1,2.525
41.1,2.525
41.1,2.525
41.1,2.525
41.1,2.525
41.1,2.525
41.1,2.525
41.1,2.525
41.1,2.525
41.1,2.525
41.1,2.525
41.1,2.525
41.0,2.525
41.0,2.525
41.0,2.525
41.0,2.525
41.0,2.520
41.0,2.520
41.0,2.520
41.0,2.520
41.0,2.520
41.0,2.520
41.0,2.520
41.0,2.520
41.0,2.520
41.0,2.520
41.0,2.520
41.0,2.520
41.0,2.520
41.0,2.520
41.0,2.520
41.0,2.520
41.0,2.520
41.0,2.520
41.0,2.520
41.0,2.520
41.0,2.520
41.0,2.515
41.0,2.515
41.0,2.515
41.0,2.515
41.0,2.515
41.0,2.515
41.0,2.515
41.0,2.515
41.0,2.515
41.0,2.515
41.0,2.515
41.0,2.515
41.0,2.515
41.0,2.515
41.0,2.515
41.0,2.515
41.0,2.515
41.0,2.515
41.0,2.515
41.0,2.515
41.0,2.515
41.0,2.515
41.0,2.510
41.0,2.510
41.0,2.510
41.0,2.510
41.0,2.510
41.0,2.510
41.0,2.510
41.0,2.510
41.0,2.510
41.0,2.510
40.9,2.510
40.9,2.510
40.9,2.510
40.9,2.510
40.9,2.510
40.9,2.510
40.9,2.510
40.9,2.510
40.9,2.510
40.9,2.510
40.9,2.505
40.9,2.505
40.9,2.505
40.9,2.505
40.9,2.505
40.9,2.505
40.9,2.505
40.9,2.505
40.9,2.505
40.9,2.505
40.9,2.505
40.9,2.505
40.9,2.505
40.9,2.505
40.9,2.505
40.9,2.505
40.9,2.505
40.9,2.505
40.9,2.505
40.9,2.505
40.9,2.505
40.9,2.505
40.9,2.500
40.9,2.500
40.8,2.500
40.8,2.500
40.8,2.500
40.8,2.500
40.8,2.500
40.8,2.500
40.8,2.500
40.8,2.500
40.8,2.500
40.8,2.500
40.8,2.500
40.8,2.500
40.8,2.500
40.8,2.500
40.8,2.500
40.8,2.500
40.8,2.500
40.8,2.500
40.8,2.500
40.8,2.500
40.8,2.495
40.8,2.495
40.7,2.495
40.7,2.495
40.7,2.495
40.7,2.495
40.7,2.495
40.7,2.495
40.7,2.495
40.7,2.495
40.7,2.495
40.7,2.495
40.7,2.495
40.7,2.495
40.7,2.495
40.7,2.495
40.7,2.495
40.7,2.495
40.7,2.495
40.7,2.495
40.7,2.495
40.7,2.490
40.7,2.490
40.7,2.490
40.7,2.490
40.7,2.490
40.7,2.490
40.7,2.490
40.7,2.490
40.7,2.490
40.7,2.490
40.7,2.490
40.7,2.490
40.7,2.490
40.7,2.490
40.7,2.490
40.7,2.490
40.7,2.490
40.7,2.490
40.7,2.490
40.7,2.490
40.6,2.490
40.6,2.485
40.6,2.485
40.5,2.485
40.6,2.485
40.6,2.485
40.6,2.485
40.6,2.485
40.6,2.485
40.6,2.485
40.6,2.485
40.6,2.485
40.6,2.485
40.6,2.485
40.6,2.485
40.6,2.485
40.6,2.485
40.6,2.485
40.6,2.485
40.5,2.485
40.5,2.485
40.5,2.480
40.5,2.480
40.5,2.480
40.5,2.480
40.5,2.480
40.5,2.480
40.5,2.480
40.5,2.480
40.5,2.480
40.5,2.480
40.5,2.480
40.5,2.480
40.5,2.480
40.5,2.480
40.5,2.480
40.5,2.480
40.5,2.480
40.5,2.480
40.5,2.480
40.5,2.480
40.5,2.480
40.5,2.475
40.5,2.475
40.5,2.475
40.5,2.475
40.5,2.475
40.5,2.475
40.4,2.475
40.4,2.475
40.4,2.475
40.4,2.475
40.4,2.475
40.4,2.475
40.4,2.475
40.4,2.475
40.4,2.475
40.4,2.475
40.4,2.475
40.4,2.475
40.4,2.475
40.4,2.475
40.4,2.470
40.4,2.470
40.4,2.470
40.4,2.470
40.4,2.470
40.4,2.470
40.4,2.470
40.4,2.470
40.4,2.470
40.4,2.470
40.4,2.470
40.4,2.470
40.4,2.470
40.4,2.470
40.4,2.470
40.4,2.470
40.4,2.470
40.4,2.470
40.4,2.470
40.4,2.470
40.4,2.465
40.4,2.465
40.4,2.465
40.3,2.465
40.3,2.465
40.3,2.465
40.3,2.465
40.3,2.465
40.3,2.465
40.3,2.465
40.3,2.465
40.3,2.465
40.3,2.465
40.3,2.465
40.3,2.465
40.3,2.465
40.3,2.465
40.3,2.465
40.3,2.465
40.3,2.460
40.3,2.460
40.2,2.460
40.2,2.460
40.2,2.460
40.2,2.460
40.2,2.460
40.2,2.460
40.2,2.460
40.2,2.460
40.2,2.460
40.2,2.460
40.2,2.460
40.1,2.460
40.1,2.460
40.1,2.460
40.1,2.460
40.1,2.460
40.1,2.460
40.1,2.455
40.1,2.455
40.1,2.455
40.1,2.455
40.1,2.455
40.1,2.455
40.1,2.455
40.1,2.455
40.1,2.455
40.1,2.455
40.0,2.455
40.0,2.455
40.0,2.455
40.0,2.455
40.0,2.455
40.0,2.455
40.0,2.455
40.0,2.455
40.0,2.455
40.0,2.450
40.0,2.450
40.0,2.450
40.0,2.450
40.0,2.450
40.0,2.450
40.0,2.450
40.0,2.450
40.0,2.450
40.0,2.450
40.0,2.450
40.0,2.450
40.0,2.450
40.0,2.450
40.0,2.450
40.0,2.450
39.9,2.450
39.9,2.450
39.9,2.445
39.9,2.445
39.9,2.445
39.9,2.445
39.9,2.445
39.9,2.445
39.9,2.445
39.9,2.445
39.9,2.445
39.9,2.445
39.9,2.445
39.9,2.445
39.9,2.445
39.9,2.445
39.9,2.445
39.9,2.445
39.9,2.445
39.9,2.445
39.9,2.440
39.9,2.440
39.9,2.440
39.9,2.440
39.9,2.440
39.8,2.440
39.8,2.440
39.8,2.440
39.8,2.440
39.8,2.440
39.8,2.440
39.8,2.440
39.8,2.440
39.8,2.440
39.8,2.440
39.8,2.440
39.8,2.440
39.8,2.440
39.8,2.435
39.8,2.435
39.8,2.435
39.8,2.435
39.8,2.435
39.7,2.435
39.7,2.435
39.7,2.435
39.7,2.435
39.6,2.435
39.6,2.435
39.6,2.435
39.6,2.435
39.6,2.435
39.6,2.435
39.6,2.435
39.6,2.435
39.6,2.435
39.6,2.430
39.6,2.430
39.6,2.430
39.6,2.430
39.6,2.430
39.6,2.430
39.6,2.430
39.6,2.430
39.6,2.430
39.6,2.430
39.6,2.430
39.6,2.430
39.6,2.430
39.6,2.430
39.6,2.430
39.5,2.430
39.5,2.430
39.4,2.425
39.5,2.425
39.4,2.425
39.4,2.425
39.4,2.425
39.4,2.425
39.4,2.425
39.4,2.425
39.4,2.425
39.4,2.425
39.4,2.425
39.4,2.425
39.4,2.425
39.4,2.425
39.4,2.425
39.4,2.425
39.4,2.420
39.4,2.420
39.4,2.420
39.3,2.420
39.3,2.420
39.3,2.420
39.3,2.420
39.3,2.420
39.3,2.420
39.3,2.420
39.3,2.420
39.3,2.420
39.3,2.420
39.3,2.420
39.3,2.420
39.3,2.420
39.2,2.420
39.2,2.415
39.2,2.415
39.2,2.415
39.2,2.415
39.2,2.415
39.2,2.415
39.2,2.415
39.2,2.415
39.2,2.415
39.2,2.415
39.2,2.415
39.2,2.415
39.2,2.415
39.2,2.415
39.2,2.415
39.2,2.410
39.1,2.410
39.1,2.410
39.0,2.410
39.0,2.410
39.0,2.410
39.0,2.410
39.0,2.410
39.0,2.410
39.0,2.410
39.0,2.410
39.0,2.410
39.0,2.410
39.0,2.410
39.0,2.410
39.0,2.405
39.0,2.405
39.0,2.405
38.9,2.405
38.9,2.405
38.9,2.405
38.9,2.405
38.9,2.405
38.9,2.405
38.9,2.405
38.9,2.405
38.9,2.405
38.9,2.405
38.9,2.405
38.9,2.405
38.9,2.400
38.9,2.400
38.9,2.400
38.9,2.400
38.9,2.400
38.9,2.400
38.9,2.400
38.9,2.400
38.8,2.400
38.9,2.400
38.8,2.400
38.8,2.400
38.8,2.400
38.7,2.400
38.7,2.395
38.7,2.395
38.7,2.395
38.7,2.395
38.7,2.395
38.8,2.395
38.8,2.395
38.8,2.395
38.8,2.395
38.8,2.395
38.8,2.395
38.8,2.395
38.8,2.395
38.8,2.395
38.8,2.395
38.7,2.390
38.7,2.390
38.7,2.390
38.6,2.390
38.6,2.390
38.6,2.390
38.5,2.390
38.5,2.390
38.5,2.390
38.5,2.390
38.5,2.390
38.5,2.390
38.5,2.390
38.5,2.385
38.6,2.385
38.6,2.385
38.6,2.385
38.6,2.385
38.6,2.385
38.6,2.385
38.6,2.385
38.6,2.385
38.6,2.385
38.6,2.385
38.5,2.385
38.5,2.385
38.5,2.385
38.5,2.380
38.5,2.380
38.5,2.380
38.5,2.380
38.5,2.380
38.5,2.380
38.5,2.380
38.5,2.380
38.5,2.380
38.5,2.380
38.5,2.380
38.5,2.380
38.5,2.380
38.5,2.380
38.5,2.375
38.5,2.375
38.5,2.375
38.4,2.375
38.4,2.375
38.4,2.375
38.4,2.375
38.4,2.375
38.4,2.375
38.4,2.375
38.4,2.375
38.4,2.375
38.4,2.375
38.4,2.370
38.4,2.370
38.4,2.370
38.4,2.370
38.4,2.370
38.4,2.370
38.4,2.370
38.4,2.370
38.4,2.370
38.3,2.370
38.3,2.370
38.2,2.370
38.2,2.365
38.2,2.365
38.2,2.365
38.2,2.365
38.2,2.365
38.2,2.365
38.2,2.365
38.2,2.365
38.2,2.365
38.2,2.365
38.2,2.365
38.2,2.365
38.2,2.365
38.2,2.365
38.2,2.360
38.2,2.360
38.2,2.360
38.2,2.360
38.2,2.360
38.3,2.360
38.3,2.360
38.3,2.360
38.3,2.360
38.3,2.360
38.3,2.360
38.3,2.360
38.3,2.360
38.3,2.360
38.3,2.355
38.3,2.355
38.3,2.355
38.2,2.355
38.2,2.355
38.2,2.355
38.2,2.355
38.2,2.355
38.2,2.355
38.2,2.355
38.2,2.355
38.2,2.355
38.2,2.355
38.2,2.355
38.2,2.350
38.2,2.350
38.2,2.350
38.2,2.350
38.2,2.350
38.2,2.350
38.2,2.350
38.1,2.350
38.1,2.350
38.1,2.350
38.1,2.350
38.1,2.350
38.1,2.350
38.1,2.345
38.1,2.345
38.1,2.345
38.1,2.345
38.1,2.345
38.1,2.345
38.1,2.345
38.1,2.345
38.1,2.345
38.1,2.345
38.1,2.345
38.1,2.345
38.1,2.345
38.1,2.345
38.1,2.345
38.1,2.340
38.0,2.340
38.0,2.340
38.0,2.340
38.0,2.340
38.0,2.340
38.0,2.340
38.0,2.340
38.0,2.340
38.0,2.340
38.0,2.340
38.0,2.340
38.0,2.340
38.0,2.340
38.0,2.340
38.0,2.335
38.0,2.335
38.0,2.335
38.0,2.335
38.0,2.335
37.9,2.335
37.9,2.335
37.9,2.335
37.9,2.335
37.9,2.335
37.9,2.335
37.9,2.335
37.9,2.335
37.9,2.335
37.9,2.335
37.9,2.330
37.9,2.330
37.9,2.330
37.9,2.330
37.9,2.330
37.9,2.330
37.9,2.330
37.9,2.330
37.9,2.330
37.9,2.330
37.9,2.330
37.9,2.330
37.9,2.330
37.8,2.330
37.8,2.330
37.8,2.330
37.8,2.325
37.8,2.325
37.8,2.325
37.8,2.325
37.8,2.325
37.8,2.325
37.8,2.325
37.8,2.325
37.8,2.325
37.8,2.325
37.8,2.325
37.8,2.325
37.8,2.325
37.8,2.325
37.8,2.320
37.8,2.320
37.8,2.320
37.8,2.320
37.8,2.320
37.8,2.320
37.8,2.320
37.8,2.320
37.8,2.320
37.7,2.320
37.7,2.320
37.7,2.320
37.7,2.320
37.7,2.320
37.7,2.320
37.7,2.320
37.7,2.315
37.7,2.315
37.7,2.315
37.7,2.315
37.7,2.315
37.7,2.315
37.7,2.315
37.7,2.315
37.7,2.315
37.7,2.315
37.7,2.315
37.6,2.315
37.6,2.315
37.6,2.315
37.6,2.310
37.6,2.310
37.6,2.310
37.6,2.310
37.6,2.310
37.6,2.310
37.6,2.310
37.6,2.310
37.5,2.310
37.5,2.310
37.5,2.310
37.5,2.310
37.5,2.310
37.5,2.310
37.5,2.305
37.5,2.305
37.5,2.305
37.5,2.305
37.5,2.305
37.5,2.305
37.5,2.305
37.5,2.305
37.5,2.305
37.5,2.305
37.5,2.305
37.5,2.305
37.5,2.305
37.5,2.305
37.5,2.300
37.4,2.300
37.4,2.300
37.4,2.300
37.4,2.300
37.4,2.300
37.4,2.300
37.4,2.300
37.4,2.300
37.3,2.300
37.3,2.300
37.3,2.300
37.3,2.300
37.3,2.300
37.3,2.295
37.3,2.295
37.3,2.295
37.3,2.295
37.3,2.295
37.3,2.295
37.3,2.295
37.3,2.295
37.3,2.295
37.3,2.295
37.3,2.295
37.3,2.295
37.3,2.295
37.3,2.290
37.3,2.290
37.3,2.290
37.3,2.290
37.2,2.290
37.2,2.290
37.2,2.290
37.2,2.290
37.2,2.290
37.2,2.290
37.2,2.290
37.1,2.285
37.1,2.285
37.1,2.285
37.1,2.285
37.1,2.285
37.1,2.285
37.1,2.285
37.1,2.285
37.1,2.285
37.1,2.285
37.1,2.285
37.1,2.285
37.1,2.285
37.1,2.280
37.1,2.280
37.1,2.280
37.1,2.280
37.1,2.280
37.1,2.280
37.1,2.280
37.1,2.280
37.0,2.280
37.0,2.280
36.9,2.280
36.9,2.280
36.9,2.280
36.9,2.275
36.9,2.275
36.9,2.275
37.0,2.275
36.9,2.275
36.9,2.275
37.0,2.275
37.0,2.275
37.0,2.275
37.0,2.275
37.0,2.275
37.0,2.275
37.0,2.270
37.0,2.270
37.0,2.270
37.0,2.270
36.9,2.270
36.9,2.270
36.9,2.270
36.9,2.270
36.9,2.270
36.9,2.270
36.9,2.270
36.9,2.270
36.9,2.265
36.9,2.265
36.9,2.265
36.9,2.265
36.9,2.265
36.9,2.265
36.9,2.265
36.9,2.265
36.9,2.265
36.9,2.265
36.9,2.265
36.9,2.265
36.9,2.265
36.8,2.260
36.8,2.260
36.8,2.260
36.8,2.260
36.7,2.260
36.7,2.260
36.7,2.260
36.7,2.260
36.7,2.260
36.7,2.260
36.7,2.260
36.7,2.260
36.7,2.260
36.7,2.255
36.7,2.255
36.7,2.255
36.7,2.255
36.7,2.255
36.7,2.255
36.7,2.255
36.7,2.255
36.7,2.255
36.7,2.255
36.7,2.255
36.7,2.255
36.7,2.255
36.7,2.250
36.7,2.250
36.7,2.250
36.7,2.250
36.7,2.250
36.7,2.250
36.6,2.250
36.7,2.250
36.7,2.250
36.7,2.250
36.7,2.250
36.7,2.250
36.6,2.250
36.6,2.245
36.6,2.245
36.6,2.245
36.6,2.245
36.6,2.245
36.6,2.245
36.6,2.245
36.6,2.245
36.6,2.245
36.6,2.245
36.6,2.245
36.6,2.245
36.6,2.240
36.6,2.240
36.6,2.240
36.6,2.240
36.6,2.240
36.6,2.240
36.6,2.240
36.6,2.240
36.6,2.240
36.6,2.240
36.6,2.240
36.6,2.240
36.6,2.240
36.6,2.240
36.6,2.235
36.6,2.235
36.5,2.235
36.5,2.235
36.5,2.235
36.5,2.235
36.5,2.235
36.5,2.235
36.5,2.235
36.5,2.235
36.5,2.235
36.5,2.235
36.4,2.235
36.4,2.230
36.4,2.230
36.4,2.230
36.4,2.230
36.4,2.230
36.4,2.230
36.4,2.230
36.4,2.230
36.4,2.230
36.4,2.230
36.4,2.230
36.4,2.230
36.4,2.230
36.4,2.225
36.4,2.225
36.4,2.225
36.4,2.225
36.4,2.225
36.4,2.225
36.4,2.225
36.4,2.225
36.4,2.225
36.4,2.225
36.4,2.225
36.3,2.225
36.2,2.225
36.2,2.220
36.2,2.220
36.2,2.220
36.2,2.220
36.2,2.220
36.2,2.220
36.2,2.220
36.2,2.220
36.2,2.220
36.2,2.220
36.2,2.220
36.2,2.220
36.2,2.220
36.2,2.220
36.2,2.220
36.2,2.215
36.2,2.215
36.2,2.215
36.2,2.215
36.2,2.215
36.2,2.215
36.2,2.215
36.2,2.215
36.2,2.215
36.2,2.215
36.2,2.215
36.2,2.215
36.2,2.215
36.2,2.215
36.2,2.215
36.2,2.210
36.2,2.210
36.2,2.210
36.2,2.210
36.2,2.210
36.2,2.210
36.2,2.210
36.2,2.210
36.1,2.210
36.1,2.210
36.1,2.210
36.1,2.210
36.1,2.210
36.1,2.210
36.1,2.205
36.1,2.205
36.1,2.205
36.1,2.205
36.1,2.205
36.1,2.205
36.1,2.205
36.1,2.205
36.1,2.205
36.1,2.205
36.1,2.205
36.1,2.205
36.1,2.205
36.1,2.205
36.1,2.205
36.1,2.200
36.1,2.200
36.1,2.200
36.1,2.200
36.1,2.200
36.1,2.200
36.1,2.200
36.0,2.200
36.0,2.200
36.0,2.200
36.0,2.200
36.0,2.200
36.0,2.200
36.0,2.200
36.0,2.200
36.0,2.200
36.0,2.195
36.0,2.195
36.0,2.195
36.0,2.195
36.0,2.195
36.0,2.195
36.0,2.195
36.0,2.195
36.0,2.195
36.0,2.195
36.0,2.195
36.0,2.195
36.0,2.195
36.0,2.195
36.0,2.195
36.0,2.195
36.0,2.190
36.0,2.190
36.0,2.190
36.0,2.190
36.0,2.190
36.0,2.190
36.0,2.190
36.0,2.190
36.0,2.190
36.0,2.190
36.0,2.190
36.0,2.190
36.0,2.190
36.0,2.190
35.9,2.190
35.9,2.190
35.9,2.185
35.9,2.185
35.9,2.185
35.9,2.185
35.9,2.185
35.9,2.185
35.9,2.185
35.9,2.185
35.9,2.185
35.9,2.185
35.9,2.185
35.9,2.185
35.9,2.185
35.9,2.185
35.9,2.185
35.9,2.185
35.9,2.180
35.8,2.180
35.8,2.180
35.8,2.180
35.8,2.180
35.8,2.180
35.8,2.180
35.8,2.180
35.8,2.180
35.8,2.180
35.8,2.180
35.8,2.180
35.8,2.180
35.8,2.180
35.8,2.180
35.8,2.180
35.8,2.175
35.8,2.175
35.8,2.175
35.8,2.175
35.8,2.175
35.8,2.175
35.8,2.175
35.8,2.175
35.8,2.175
35.8,2.175
35.7,2.175
35.7,2.175
35.7,2.175
35.7,2.175
35.7,2.175
35.7,2.170
35.7,2.170
35.7,2.170
35.8,2.170
35.8,2.170
35.8,2.170
35.8,2.170
35.8,2.170
35.8,2.170
35.8,2.170
35.8,2.170
35.8,2.170
35.8,2.170
35.8,2.170
35.8,2.170
35.8,2.170
35.8,2.165
35.8,2.165
35.8,2.165
35.8,2.165
35.7,2.165
35.6,2.165
35.6,2.165
35.6,2.165
35.6,2.165
35.6,2.165
35.6,2.165
35.6,2.165
35.6,2.165
35.6,2.165
35.6,2.160
35.6,2.160
35.6,2.160
35.6,2.160
35.6,2.160
35.6,2.160
35.6,2.160
35.6,2.160
35.6,2.160
35.6,2.160
35.6,2.160
35.6,2.160
35.6,2.160
35.6,2.160
35.6,2.160
35.6,2.155
35.6,2.155
35.5,2.155
35.5,2.155
35.5,2.155
35.5,2.155
35.4,2.155
35.5,2.155
35.5,2.155
35.4,2.155
35.4,2.155
35.4,2.155
35.4,2.155
35.4,2.155
35.4,2.150
35.4,2.150
35.4,2.150
35.4,2.150
35.4,2.150
35.4,2.150
35.4,2.150
35.4,2.150
35.4,2.150
35.4,2.150
35.4,2.150
35.4,2.150
35.4,2.150
35.4,2.150
35.4,2.150
35.4,2.145
35.4,2.145
35.4,2.145
35.4,2.145
35.4,2.145
35.4,2.145
35.4,2.145
35.4,2.145
35.4,2.145
35.4,2.145
35.4,2.145
35.4,2.145
35.4,2.145
35.4,2.145
35.4,2.140
35.4,2.140
35.4,2.140
35.4,2.140
35.4,2.140
35.4,2.140
35.4,2.140
35.4,2.140
35.3,2.140
35.3,2.140
35.3,2.140
35.3,2.140
35.3,2.140
35.3,2.140
35.3,2.135
35.3,2.135
35.3,2.135
35.3,2.135
35.3,2.135
35.3,2.135
35.3,2.135
35.3,2.135
35.3,2.135
35.3,2.135
35.3,2.135
35.3,2.135
35.3,2.135
35.3,2.135
35.3,2.135
35.3,2.135
35.3,2.130
35.3,2.130
35.3,2.130
35.3,2.130
35.3,2.130
35.3,2.130
35.3,2.130
35.2,2.130
35.2,2.130
35.2,2.130
35.2,2.130
35.2,2.130
35.2,2.130
35.2,2.130
35.2,2.125
35.2,2.125
35.2,2.125
35.2,2.125
35.2,2.125
35.2,2.125
35.1,2.125
35.1,2.125
35.1,2.125
35.1,2.125
35.1,2.125
35.1,2.125
35.1,2.125
35.1,2.125
35.1,2.125
35.1,2.125
35.1,2.120
35.1,2.120
35.1,2.120
35.1,2.120
35.1,2.120
35.1,2.120
35.1,2.120
35.1,2.120
35.1,2.120
35.1,2.120
35.1,2.120
35.1,2.120
35.1,2.120
35.1,2.120
35.1,2.120
35.1,2.120
35.1,2.115
35.1,2.115
35.1,2.115
35.1,2.115
35.1,2.115
35.1,2.115
35.1,2.115
35.1,2.115
35.1,2.115
35.2,2.115
35.2,2.115
35.2,2.115
35.2,2.115
35.2,2.115
35.2,2.115
35.2,2.115
35.2,2.115
35.2,2.115
35.1,2.110
35.1,2.110
35.1,2.110
35.1,2.110
35.1,2.110
35.1,2.110
35.1,2.110
35.1,2.110
35.1,2.110
35.1,2.110
35.1,2.110
35.1,2.110
35.1,2.110
35.1,2.110
35.1,2.110
35.1,2.110
35.1,2.110
35.1,2.105
35.1,2.105
35.1,2.105
35.1,2.105
35.1,2.105
35.1,2.105
35.0,2.105
35.0,2.105
35.0,2.105
35.0,2.105
35.0,2.105
35.0,2.105
35.0,2.105
35.0,2.105
35.0,2.105
35.0,2.105
35.0,2.105
35.0,2.105
35.0,2.100
35.0,2.100
35.0,2.100
35.0,2.100
35.0,2.100
34.9,2.100
34.9,2.100
34.9,2.100
34.9,2.100
34.9,2.100
34.9,2.100
34.9,2.100
34.9,2.100
34.9,2.100
34.9,2.100
34.9,2.100
34.9,2.100
34.9,2.100
34.9,2.100
34.9,2.095
34.9,2.095
34.8,2.095
34.8,2.095
34.8,2.095
34.8,2.095
34.8,2.095
34.8,2.095
34.8,2.095
34.8,2.095
34.8,2.095
34.8,2.095
34.8,2.095
34.8,2.095
34.8,2.095
34.8,2.095
34.8,2.095
34.8,2.095
34.8,2.095
34.8,2.090
34.8,2.090
34.8,2.090
34.8,2.090
34.8,2.090
34.8,2.090
34.8,2.090
34.8,2.090
34.8,2.090
34.8,2.090
34.8,2.090
34.8,2.090
34.8,2.090
34.8,2.090
34.8,2.090
34.8,2.090
34.8,2.090
34.8,2.090
34.8,2.090
34.8,2.090
34.8,2.085
34.8,2.085
34.8,2.085
34.8,2.085
34.8,2.085
34.8,2.085
34.8,2.085
34.8,2.085
34.8,2.085
34.8,2.085
34.8,2.085
34.8,2.085
34.8,2.085
34.8,2.085
34.8,2.085
34.8,2.085
34.8,2.085
34.8,2.085
34.8,2.085
34.8,2.080
34.8,2.080
34.8,2.080
34.8,2.080
34.8,2.080
34.7,2.080
34.7,2.080
34.7,2.080
34.7,2.080
34.7,2.080
34.7,2.080
34.7,2.080
34.7,2.080
34.7,2.080
34.7,2.080
34.7,2.080
34.7,2.080
34.7,2.080
34.7,2.080
34.7,2.080
34.7,2.075
34.7,2.075
34.7,2.075
34.7,2.075
34.7,2.075
34.7,2.075
34.7,2.075
34.7,2.075
34.7,2.075
34.7,2.075
34.7,2.075
34.7,2.075
34.7,2.075
34.6,2.075
34.6,2.075
34.6,2.075
34.6,2.075
34.6,2.075
34.6,2.075
34.6,2.075
34.6,2.075
34.6,2.070
34.7,2.070
34.7,2.070
34.7,2.070
34.7,2.070
34.7,2.070
34.7,2.070
34.7,2.070
34.7,2.070
34.7,2.070
34.7,2.070
34.7,2.070
34.7,2.070
34.7,2.070
34.7,2.070
34.7,2.070
34.7,2.070
34.7,2.070
34.7,2.070
34.7,2.070
34.7,2.070
34.7,2.065
34.7,2.065
34.7,2.065
34.7,2.065
34.7,2.065
34.7,2.065
34.7,2.065
34.7,2.065
34.6,2.065
34.6,2.065
34.6,2.065
34.6,2.065
34.6,2.065
34.6,2.065
34.6,2.065
34.6,2.065
34.6,2.065
34.6,2.065
34.6,2.065
34.6,2.065
34.6,2.065
34.6,2.060
34.6,2.060
34.6,2.060
34.6,2.060
34.6,2.060
34.6,2.060
34.6,2.060
34.6,2.060
34.6,2.060
34.6,2.060
34.6,2.060
34.6,2.060
34.5,2.060
34.5,2.060
34.5,2.060
34.5,2.060
34.5,2.060
34.5,2.060
34.5,2.060
34.4,2.060
34.4,2.060
34.4,2.060
34.4,2.060
34.4,2.055
34.4,2.055
34.4,2.055
34.4,2.055
34.4,2.055
34.4,2.055
34.4,2.055
34.4,2.055
34.4,2.055
34.4,2.055
34.4,2.055
34.4,2.055
34.4,2.055
34.5,2.055
34.5,2.055
34.5,2.055
34.5,2.055
34.5,2.055
34.5,2.055
34.5,2.055
34.5,2.055
34.5,2.055
34.5,2.055
34.5,2.055
34.5,2.050
34.5,2.050
34.5,2.050
34.5,2.050
34.5,2.050
34.5,2.050
34.5,2.050
34.5,2.050
34.5,2.050
34.5,2.050
34.5,2.050
34.5,2.050
34.5,2.050
34.5,2.050
34.5,2.050
34.5,2.050
34.5,2.050
34.5,2.050
34.5,2.050
34.4,2.050
34.4,2.045
34.4,2.045
34.4,2.045
34.4,2.045
34.4,2.045
34.4,2.045
34.4,2.045
34.4,2.045
34.4,2.045
34.4,2.045
34.4,2.045
34.4,2.045
34.4,2.045
34.4,2.045
34.4,2.045
34.4,2.045
34.3,2.045
34.3,2.045
34.3,2.045
34.3,2.045
34.3,2.045
34.3,2.045
34.3,2.040
34.3,2.040
34.3,2.040
34.3,2.040
34.3,2.040
34.3,2.040
34.3,2.040
34.3,2.040
34.3,2.040
34.3,2.040
34.3,2.040
34.3,2.040
34.3,2.040
34.3,2.040
34.3,2.040
34.3,2.040
34.3,2.040
34.3,2.040
34.3,2.040
34.3,2.040
34.3,2.040
34.3,2.035
34.2,2.035
34.2,2.035
34.2,2.035
34.2,2.035
34.2,2.035
34.2,2.035
34.2,2.035
34.2,2.035
34.2,2.035
34.1,2.035
34.1,2.035
34.1,2.035
34.1,2.035
34.1,2.035
34.1,2.035
34.1,2.035
34.1,2.035
34.1,2.035
34.1,2.035
34.1,2.035
34.1,2.030
34.1,2.030
34.1,2.030
34.1,2.030
34.1,2.030
34.1,2.030
34.1,2.030
34.1,2.030
34.1,2.030
34.1,2.030
34.1,2.030
34.1,2.030
34.1,2.030
34.1,2.030
34.1,2.030
34.1,2.030
34.1,2.030
34.1,2.030
34.1,2.030
34.1,2.025
34.1,2.025
34.1,2.025
34.1,2.025
34.2,2.025
34.2,2.025
34.2,2.025
34.2,2.025
34.2,2.025
34.2,2.025
34.2,2.025
34.2,2.025
34.2,2.025
34.2,2.025
34.2,2.025
34.2,2.025
34.2,2.025
34.2,2.025
34.2,2.025
34.2,2.025
34.2,2.020
34.2,2.020
34.3,2.020
34.3,2.020
34.3,2.020
34.3,2.020
34.3,2.020
34.3,2.020
34.3,2.020
34.3,2.020
34.3,2.020
34.3,2.020
34.3,2.020
34.3,2.020
34.3,2.020
34.3,2.020
34.3,2.020
34.3,2.020
34.3,2.020
34.3,2.020
34.3,2.015
34.2,2.015
34.2,2.015
34.2,2.015
34.2,2.015
34.2,2.015
34.2,2.015
34.2,2.015
34.2,2.015
34.3,2.015
34.3,2.015
34.3,2.015
34.3,2.015
34.3,2.015
34.3,2.015
34.3,2.015
34.3,2.015
34.3,2.015
34.3,2.015
34.3,2.015
34.3,2.010
34.3,2.010
34.3,2.010
34.3,2.010
34.3,2.010
34.3,2.010
34.2,2.010
34.2,2.010
34.2,2.010
34.2,2.010
34.2,2.010
34.2,2.010
34.2,2.010
34.2,2.010
34.2,2.010
34.2,2.010
34.2,2.010
34.2,2.010
34.2,2.010
34.2,2.010
34.1,2.010
34.1,2.005
34.1,2.005
34.1,2.005
34.1,2.005
34.1,2.005
34.1,2.005
34.1,2.005
34.1,2.005
34.1,2.005
34.1,2.005
34.1,2.005
34.1,2.005
34.1,2.005
34.1,2.005
34.1,2.005
34.1,2.005
34.1,2.005
34.1,2.005
34.1,2.000
34.1,2.000
34.1,2.000
34.1,2.000
34.1,2.000
34.1,2.000
34.0,2.000
34.0,2.000
34.0,2.000
34.0,2.000
34.0,2.000
34.0,2.000
34.0,2.000
34.0,2.000
34.0,2.000
34.0,2.000
34.0,2.000
34.0,2.000
34.0,2.000
34.0,2.000
34.0,1.995
34.0,1.995
34.0,1.995
34.0,1.995
34.0,1.995
34.0,1.995
34.0,1.995
34.0,1.995
34.0,1.995
34.0,1.995
34.0,1.995
34.0,1.995
34.0,1.995
34.0,1.995
34.0,1.995
34.0,1.995
34.0,1.995
34.0,1.995
34.0,1.995
34.0,1.995
34.0,1.990
34.0,1.990
34.0,1.990
34.0,1.990
34.0,1.990
34.0,1.990
34.0,1.990
34.0,1.990
34.0,1.990
34.0,1.990
33.9,1.990
33.9,1.990
33.9,1.990
33.9,1.990
33.9,1.990
33.9,1.990
33.9,1.990
33.9,1.990
33.9,1.985
34.0,1.985
34.0,1.985
34.0,1.985
34.0,1.985
34.0,1.985
34.0,1.985
34.0,1.985
34.0,1.985
34.0,1.985
34.0,1.985
34.0,1.985
34.0,1.985
34.0,1.985
34.0,1.985
34.0,1.985
33.9,1.985
33.9,1.985
33.9,1.980
33.9,1.980
33.9,1.980
33.9,1.980
33.9,1.980
33.9,1.980
33.9,1.980
33.9,1.980
33.9,1.980
33.9,1.980
33.9,1.980
33.9,1.980
33.9,1.980
33.9,1.980
33.9,1.980
33.9,1.980
33.9,1.980
33.9,1.980
33.9,1.980
33.9,1.975
33.9,1.975
33.9,1.975
33.9,1.975
33.9,1.975
33.9,1.975
33.9,1.975
33.9,1.975
34.0,1.975
34.0,1.975
34.0,1.975
34.0,1.975
34.0,1.975
34.0,1.975
34.0,1.975
34.0,1.975
34.0,1.975
34.0,1.975
34.0,1.975
34.0,1.970
34.0,1.970
34.0,1.970
34.0,1.970
34.0,1.970
34.0,1.970
34.0,1.970
34.0,1.970
34.0,1.970
33.9,1.970
33.9,1.970
33.9,1.970
33.9,1.970
33.9,1.970
33.9,1.970
33.9,1.970
33.9,1.970
33.9,1.970
33.9,1.965
33.9,1.965
33.9,1.965
33.9,1.965
33.9,1.965
33.9,1.965
33.9,1.965
33.8,1.965
33.8,1.965
33.8,1.965
33.8,1.965
33.8,1.965
33.8,1.965
33.8,1.965
33.8,1.965
33.8,1.965
33.8,1.965
33.8,1.965
33.8,1.965
33.8,1.960
33.8,1.960
33.8,1.960
33.8,1.960
33.8,1.960
33.8,1.960
33.8,1.960
33.8,1.960
33.8,1.960
33.8,1.960
33.8,1.960
33.8,1.960
33.8,1.960
33.8,1.960
33.8,1.960
33.8,1.960
33.8,1.960
33.8,1.960
33.8,1.960
33.8,1.955
33.8,1.955
33.8,1.955
33.8,1.955
33.8,1.955
33.8,1.955
33.8,1.955
33.8,1.955
33.8,1.955
33.8,1.955
33.9,1.955
33.9,1.955
33.9,1.955
33.9,1.955
33.9,1.955
33.9,1.955
33.9,1.955
33.9,1.955
33.9,1.955
33.9,1.955
33.9,1.950
33.9,1.950
33.9,1.950
33.9,1.950
33.9,1.950
33.9,1.950
33.9,1.950
33.9,1.950
33.9,1.950
33.9,1.950
33.9,1.950
33.9,1.950
33.9,1.950
33.9,1.950
33.9,1.950
33.8,1.950
33.8,1.950
33.8,1.950
33.8,1.950
33.8,1.950
33.8,1.945
33.8,1.945
33.7,1.945
33.7,1.945
33.6,1.945
33.6,1.945
33.6,1.945
33.6,1.945
33.6,1.945
33.6,1.945
33.6,1.945
33.6,1.945
33.6,1.945
33.6,1.945
33.6,1.945
33.6,1.945
33.6,1.945
33.6,1.945
33.7,1.945
33.7,1.945
33.7,1.940
33.7,1.940
33.7,1.940
33.7,1.940
33.7,1.940
33.7,1.940
33.7,1.940
33.7,1.940
33.7,1.940
33.7,1.940
33.7,1.940
33.7,1.940
33.7,1.940
33.7,1.940
33.7,1.940
33.7,1.940
33.7,1.940
33.7,1.940
33.8,1.940
33.8,1.940
33.8,1.940
33.8,1.940
33.8,1.935
33.8,1.935
33.8,1.935
33.8,1.935
33.8,1.935
33.8,1.935
33.8,1.935
33.8,1.935
33.8,1.935
33.8,1.935
33.8,1.935
33.8,1.935
33.8,1.935
33.8,1.935
33.8,1.935
33.8,1.935
33.8,1.935
33.8,1.935
33.8,1.935
33.8,1.935
33.8,1.935
33.8,1.935
33.8,1.930
33.8,1.930
33.8,1.930
33.8,1.930
33.8,1.930
33.8,1.930
33.8,1.930
33.8,1.930
33.8,1.930
33.8,1.930
33.8,1.930
33.8,1.930
33.8,1.930
33.8,1.930
33.8,1.930
33.8,1.930
33.8,1.930
33.8,1.930
33.8,1.930
33.8,1.930
33.8,1.930
33.8,1.930
33.8,1.930
33.8,1.930
33.8,1.930
33.8,1.925
33.8,1.925
33.8,1.925
33.8,1.925
33.8,1.925
33.8,1.925
33.8,1.925
33.8,1.925
33.8,1.925
33.8,1.925
33.8,1.925
33.8,1.925
33.8,1.925
33.8,1.925
33.8,1.925
33.8,1.925
33.8,1.925
33.8,1.925
33.8,1.925
33.8,1.925
33.7,1.925
33.7,1.925
33.7,1.925
33.7,1.920
33.7,1.920
33.7,1.920
33.7,1.920
33.7,1.920
33.7,1.920
33.7,1.920
33.7,1.920
33.7,1.920
33.7,1.920
33.7,1.920
33.7,1.920
33.7,1.920
33.7,1.920
33.7,1.920
33.7,1.920
33.7,1.920
33.7,1.920
33.7,1.920
33.7,1.920
33.7,1.920
33.7,1.920
33.7,1.920
33.7,1.920
33.7,1.915
33.7,1.915
33.7,1.915
33.7,1.915
33.6,1.915
33.6,1.915
33.6,1.915
33.6,1.915
33.6,1.915
33.6,1.915
33.6,1.915
33.6,1.915
33.6,1.915
33.6,1.915
33.6,1.915
33.6,1.915
33.6,1.915
33.6,1.915
33.6,1.915
33.6,1.915
33.5,1.915
33.5,1.915
33.5,1.915
33.5,1.915
33.5,1.910
33.5,1.910
33.5,1.910
33.5,1.910
33.5,1.910
33.5,1.910
33.5,1.910
33.5,1.910
33.5,1.910
33.5,1.910
33.5,1.910
33.5,1.910
33.5,1.910
33.5,1.910
33.5,1.910
33.5,1.910
33.5,1.910
33.5,1.910
33.5,1.910
33.5,1.910
33.5,1.910
33.5,1.910
33.5,1.910
33.5,1.905
33.5,1.905
33.5,1.905
33.5,1.905
33.5,1.905
33.5,1.905
33.5,1.905
33.5,1.905
33.6,1.905
33.6,1.905
33.6,1.905
33.6,1.905
33.6,1.905
33.6,1.905
33.6,1.905
33.5,1.905
33.5,1.905
33.5,1.905
33.5,1.905
33.5,1.905
33.5,1.905
33.5,1.905
33.5,1.905
33.5,1.900
33.5,1.900
33.5,1.900
33.5,1.900
33.5,1.900
33.5,1.900
33.5,1.900
33.5,1.900
33.5,1.900
33.5,1.900
33.5,1.900
33.5,1.900
33.5,1.900
33.5,1.900
33.5,1.900
33.5,1.900
33.5,1.900
33.5,1.900
33.5,1.900
33.5,1.900
33.5,1.900
33.5,1.900
33.5,1.900
33.5,1.900
33.5,1.895
33.5,1.895
33.5,1.895
33.5,1.895
33.5,1.895
33.5,1.895
33.5,1.895
33.5,1.895
33.5,1.895
33.5,1.895
33.5,1.895
33.5,1.895
33.5,1.895
33.5,1.895
33.5,1.895
33.5,1.895
33.4,1.895
33.4,1.895
33.4,1.895
33.4,1.895
33.4,1.895
33.4,1.895
33.4,1.895
33.4,1.895
33.4,1.890
33.4,1.890
33.4,1.890
33.4,1.890
33.4,1.890
33.4,1.890
33.4,1.890
33.4,1.890
33.4,1.890
33.4,1.890
33.4,1.890
33.4,1.890
33.4,1.890
33.4,1.890
33.4,1.890
33.4,1.890
33.3,1.890
33.3,1.890
33.3,1.890
33.3,1.890
33.3,1.890
33.3,1.885
33.3,1.885
33.3,1.885
33.3,1.885
33.3,1.885
33.3,1.885
33.3,1.885
33.3,1.885
33.3,1.885
33.3,1.885
33.3,1.885
33.3,1.885
33.3,1.885
33.3,1.885
33.3,1.885
33.3,1.885
33.3,1.885
33.3,1.885
33.3,1.885
33.3,1.885
33.3,1.885
33.3,1.885
33.3,1.880
33.3,1.880
33.3,1.880
33.3,1.880
33.3,1.880
33.3,1.880
33.3,1.880
33.3,1.880
33.3,1.880
33.3,1.880
33.2,1.880
33.2,1.880
33.2,1.880
33.2,1.880
33.2,1.880
33.2,1.880
33.1,1.880
33.1,1.880
33.1,1.880
33.1,1.880
33.1,1.880
33.1,1.880
33.1,1.875
33.1,1.875
33.1,1.875
33.1,1.875
33.1,1.875
33.1,1.875
33.1,1.875
33.1,1.875
33.1,1.875
33.1,1.875
33.1,1.875
33.1,1.875
33.1,1.875
33.1,1.875
33.1,1.875
33.1,1.875
33.1,1.875
33.1,1.875
33.1,1.875
33.1,1.875
33.1,1.875
33.1,1.875
33.1,1.875
33.1,1.870
33.1,1.870
33.1,1.870
33.1,1.870
33.1,1.870
33.1,1.870
33.1,1.870
33.1,1.870
33.1,1.870
33.1,1.870
33.1,1.870
33.1,1.870
33.1,1.870
33.1,1.870
33.1,1.870
33.1,1.870
33.1,1.870
33.1,1.870
33.1,1.870
33.1,1.870
33.1,1.870
33.1,1.870
33.1,1.865
33.1,1.865
33.1,1.865
33.1,1.865
33.1,1.865
33.1,1.865
33.1,1.865
33.1,1.865
33.1,1.865
33.1,1.865
33.1,1.865
33.1,1.865
33.1,1.865
33.1,1.865
33.1,1.865
33.0,1.865
33.0,1.865
33.0,1.865
33.0,1.865
33.0,1.865
33.0,1.865
33.0,1.865
33.0,1.865
33.0,1.865
33.0,1.860
33.0,1.860
33.0,1.860
33.0,1.860
33.0,1.860
33.0,1.860
33.0,1.860
33.0,1.860
33.0,1.860
33.0,1.860
33.0,1.860
33.0,1.860
33.0,1.860
32.9,1.860
32.9,1.860
32.9,1.860
32.9,1.860
32.9,1.860
32.9,1.860
32.9,1.860
32.9,1.860
33.0,1.860
33.0,1.860
33.0,1.860
33.0,1.855
33.0,1.855
33.0,1.855
33.0,1.855
33.0,1.855
33.0,1.855
33.0,1.855
33.0,1.855
33.0,1.855
33.0,1.855
33.0,1.855
33.0,1.855
33.0,1.855
32.9,1.855
32.9,1.855
32.9,1.855
32.9,1.855
32.9,1.855
32.9,1.855
32.9,1.855
32.9,1.855
33.0,1.855
33.0,1.855
33.0,1.855
33.0,1.850
33.0,1.850
33.0,1.850
33.0,1.850
33.0,1.850
33.0,1.850
33.0,1.850
33.0,1.850
33.0,1.850
33.0,1.850
33.0,1.850
33.0,1.850
33.0,1.850
33.0,1.850
33.0,1.850
33.0,1.850
33.0,1.850
33.0,1.850
33.0,1.850
33.0,1.850
32.9,1.850
32.9,1.850
32.9,1.850
32.9,1.850
32.9,1.850
32.9,1.845
32.9,1.845
32.9,1.845
32.9,1.845
32.9,1.845
32.9,1.845
32.9,1.845
32.9,1.845
32.8,1.845
32.8,1.845
32.8,1.845
32.8,1.845
32.8,1.845
32.8,1.845
32.8,1.845
32.8,1.845
32.8,1.845
32.8,1.845
32.8,1.845
32.8,1.845
32.8,1.845
32.8,1.845
32.8,1.845
32.8,1.845
32.8,1.840
32.8,1.840
32.8,1.840
32.8,1.840
32.8,1.840
32.8,1.840
32.8,1.840
32.8,1.840
32.8,1.840
32.8,1.840
32.8,1.840
32.8,1.840
32.8,1.840
32.8,1.840
32.8,1.840
32.8,1.840
32.8,1.840
32.8,1.840
32.8,1.840
32.8,1.840
32.8,1.840
32.8,1.840
32.8,1.840
32.8,1.840
32.8,1.840
32.8,1.835
32.7,1.835
32.7,1.835
32.7,1.835
32.7,1.835
32.7,1.835
32.7,1.835
32.7,1.835
32.7,1.835
32.7,1.835
32.7,1.835
32.7,1.835
32.7,1.835
32.7,1.835
32.7,1.835
32.7,1.835
32.7,1.835
32.7,1.835
32.6,1.835
32.6,1.835
32.6,1.835
32.6,1.835
32.6,1.835
32.6,1.835
32.6,1.835
32.6,1.835
32.6,1.830
32.6,1.830
32.6,1.830
32.6,1.830
32.6,1.830
32.6,1.830
32.6,1.830
32.6,1.830
32.6,1.830
32.5,1.830
32.5,1.830
32.5,1.830
32.5,1.830
32.5,1.830
32.5,1.830
32.5,1.830
32.5,1.830
32.5,1.830
32.5,1.830
32.5,1.830
32.5,1.830
32.5,1.830
32.5,1.830
32.5,1.830
32.5,1.830
32.5,1.830
32.5,1.825
32.5,1.825
32.5,1.825
32.5,1.825
32.5,1.825
32.5,1.825
32.5,1.825
32.5,1.825
32.5,1.825
32.5,1.825
32.5,1.825
32.5,1.825
32.5,1.825
32.5,1.825
32.5,1.825
32.5,1.825
32.5,1.825
32.5,1.825
32.5,1.825
32.5,1.825
32.5,1.825
32.5,1.825
32.5,1.825
32.5,1.825
32.5,1.825
32.5,1.825
32.4,1.820
32.4,1.820
32.4,1.820
32.4,1.820
32.4,1.820
32.4,1.820
32.4,1.820
32.4,1.820
32.4,1.820
32.4,1.820
32.4,1.820
32.4,1.820
32.4,1.820
32.4,1.820
32.4,1.820
32.4,1.820
32.4,1.820
32.4,1.820
32.4,1.820
32.4,1.820
32.4,1.820
32.4,1.820
32.4,1.820
32.4,1.820
32.4,1.820
32.4,1.820
32.4,1.820
32.3,1.820
32.3,1.815
32.3,1.815
32.3,1.815
32.3,1.815
32.3,1.815
32.3,1.815
32.3,1.815
32.3,1.815
32.3,1.815
32.3,1.815
32.3,1.815
32.3,1.815
32.3,1.815
32.3,1.815
32.3,1.815
32.3,1.815
32.3,1.815
32.4,1.815
32.4,1.815
32.4,1.815
32.4,1.815
32.4,1.815
32.4,1.815
32.4,1.815
32.4,1.815
32.4,1.815
32.4,1.815
32.4,1.815
32.4,1.810
32.4,1.810
32.4,1.810
32.4,1.810
32.4,1.810
32.4,1.810
32.4,1.810
32.4,1.810
32.4,1.810
32.4,1.810
32.4,1.810
32.4,1.810
32.4,1.810
32.4,1.810
32.4,1.810
32.4,1.810
32.4,1.810
32.4,1.810
32.4,1.810
32.4,1.810
32.4,1.810
32.4,1.810
32.4,1.810
32.4,1.810
32.4,1.810
32.4,1.810
32.4,1.805
32.4,1.805
32.4,1.805
32.4,1.805
32.4,1.805
32.4,1.805
32.4,1.805
32.4,1.805
32.4,1.805
32.4,1.805
32.3,1.805
32.3,1.805
32.3,1.805
32.3,1.805
32.3,1.805
32.3,1.805
32.3,1.805
32.3,1.805
32.3,1.805
32.3,1.805
32.3,1.805
32.3,1.805
32.3,1.805
32.3,1.805
32.3,1.805
32.3,1.805
32.3,1.805
32.3,1.805
32.3,1.800
32.3,1.800
32.3,1.800
32.3,1.800
32.3,1.800
32.3,1.800
32.3,1.800
32.3,1.800
32.3,1.800
32.3,1.800
32.3,1.800
32.3,1.800
32.3,1.800
32.3,1.800
32.3,1.800
32.3,1.800
32.3,1.800
32.3,1.800
32.3,1.800
32.3,1.800
32.3,1.800
32.3,1.800
32.3,1.800
32.3,1.800
32.3,1.800
32.3,1.800
32.3,1.800
32.3,1.800
32.3,1.800
32.3,1.800
32.3,1.795
32.3,1.795
32.3,1.795
32.3,1.795
32.3,1.795
32.3,1.795
32.3,1.795
32.3,1.795
32.3,1.795
32.3,1.795
32.3,1.795
32.3,1.795
32.3,1.795
32.3,1.795
32.3,1.795
32.3,1.795
32.3,1.795
32.3,1.795
32.3,1.795
32.3,1.795
32.3,1.795
32.3,1.795
32.3,1.795
32.3,1.795
32.3,1.795
32.3,1.795
32.3,1.795
32.3,1.795
32.3,1.795
32.3,1.795
32.2,1.790
32.2,1.790
32.2,1.790
32.2,1.790
32.2,1.790
32.2,1.790
32.2,1.790
32.2,1.790
32.2,1.790
32.2,1.790
32.2,1.790
32.2,1.790
32.2,1.790
32.2,1.790
32.2,1.790
32.2,1.790
32.2,1.790
32.2,1.790
32.2,1.790
32.2,1.790
32.2,1.790
32.2,1.790
32.2,1.790
32.2,1.790
32.2,1.790
32.2,1.790
32.1,1.790
32.1,1.790
32.1,1.790
32.1,1.790
32.1,1.790
32.1,1.785
32.1,1.785
32.1,1.785
32.1,1.785
32.1,1.785
32.1,1.785
32.1,1.785
32.1,1.785
32.1,1.785
32.1,1.785
32.1,1.785
32.1,1.785
32.1,1.785
32.1,1.785
32.1,1.785
32.1,1.785
32.1,1.785
32.1,1.785
32.1,1.785
32.1,1.785
32.1,1.785
32.1,1.785
32.1,1.785
32.1,1.785
32.1,1.785
32.1,1.785
32.1,1.785
32.1,1.785
32.1,1.785
32.1,1.785
32.1,1.785
32.1,1.785
32.1,1.785
32.1,1.785
32.1,1.780
32.1,1.780
32.1,1.780
32.1,1.780
32.1,1.780
32.1,1.780
32.1,1.780
32.1,1.780
32.1,1.780
32.1,1.780
32.1,1.780
32.1,1.780
32.1,1.780
32.1,1.780
32.1,1.780
32.2,1.780
32.2,1.780
32.2,1.780
32.2,1.780
32.2,1.780
32.2,1.780
32.2,1.780
32.2,1.780
32.2,1.780
32.2,1.780
32.2,1.780
32.2,1.780
32.2,1.780
32.2,1.780
32.2,1.780
32.2,1.780
32.2,1.780
32.2,1.780
32.2,1.780
32.2,1.780
32.2,1.780
32.2,1.780
32.2,1.780
32.2,1.780
32.2,1.780
32.2,1.775
32.2,1.775
32.2,1.775
32.2,1.775
32.2,1.775
32.2,1.775
32.2,1.775
32.2,1.775
32.2,1.775
32.2,1.775
32.2,1.775
32.2,1.775
32.2,1.775
32.2,1.775
32.1,1.775
32.1,1.775
32.1,1.775
32.1,1.775
32.1,1.775
32.1,1.775
32.1,1.775
32.1,1.775
32.1,1.775
32.1,1.775
32.1,1.775
32.1,1.775
32.1,1.775
32.1,1.775
32.1,1.775
32.1,1.775
32.1,1.775
32.1,1.775
32.1,1.775
32.1,1.775
32.1,1.775
32.1,1.775
32.1,1.775
32.1,1.775
32.1,1.775
32.1,1.775
32.1,1.770
32.1,1.770
32.1,1.770
32.1,1.770
32.1,1.770
32.1,1.770
32.1,1.770
32.1,1.770
32.1,1.770
32.0,1.770
32.0,1.770
32.0,1.770
32.0,1.770
32.0,1.770
32.0,1.770
32.0,1.770
32.0,1.770
32.0,1.770
32.0,1.770
32.0,1.770
32.0,1.770
32.0,1.770
32.0,1.770
32.0,1.770
32.0,1.770
32.0,1.770
32.0,1.770
32.0,1.770
32.0,1.770
32.0,1.770
32.0,1.770
32.0,1.770
32.0,1.770
32.0,1.770
32.0,1.770
32.0,1.770
32.0,1.770
32.0,1.770
32.0,1.770
32.0,1.765
32.0,1.765
32.0,1.765
32.0,1.765
32.0,1.765
32.0,1.765
32.0,1.765
32.0,1.765
32.0,1.765
32.0,1.765
32.0,1.765
32.0,1.765
32.0,1.765
32.0,1.765
32.0,1.765
31.9,1.765
31.9,1.765
31.9,1.765
31.9,1.765
31.9,1.765
31.9,1.765
31.9,1.765
31.9,1.765
31.9,1.765
31.9,1.765
31.9,1.765
31.9,1.765
31.9,1.765
31.9,1.765
31.9,1.765
31.9,1.765
31.9,1.765
31.9,1.765
31.9,1.760
31.9,1.760
31.9,1.760
31.9,1.760
31.9,1.760
31.9,1.760
31.9,1.760
31.9,1.760
31.9,1.760
31.9,1.760
31.9,1.760
31.8,1.760
31.8,1.760
31.8,1.760
31.8,1.760
31.8,1.760
31.8,1.760
31.8,1.760
31.8,1.760
31.8,1.760
31.8,1.760
31.9,1.760
31.9,1.760
31.9,1.760
31.9,1.760
31.9,1.760
31.9,1.760
31.9,1.760
31.9,1.760
31.9,1.760
31.9,1.760
31.9,1.760
31.9,1.760
31.9,1.755
31.9,1.755
31.9,1.755
31.9,1.755
31.9,1.755
31.9,1.755
31.9,1.755
31.9,1.755
31.9,1.755
31.9,1.755
31.9,1.755
31.8,1.755
31.8,1.755
31.8,1.755
31.8,1.755
31.8,1.755
31.8,1.755
31.8,1.755
31.8,1.755
31.8,1.755
31.8,1.755
31.8,1.755
31.8,1.755
31.7,1.755
31.7,1.755
31.7,1.755
31.7,1.755
31.7,1.755
31.7,1.755
31.7,1.755
31.7,1.755
31.7,1.755
31.7,1.750
31.7,1.750
31.7,1.750
31.7,1.750
31.7,1.750
31.7,1.750
31.7,1.750
31.7,1.750
31.7,1.750
31.7,1.750
31.7,1.750
31.7,1.750
31.7,1.750
31.7,1.750
31.7,1.750
31.7,1.750
31.8,1.750
31.7,1.750
31.7,1.750
31.7,1.750
31.7,1.750
31.7,1.750
31.7,1.750
31.7,1.750
31.7,1.750
31.7,1.750
31.7,1.750
31.7,1.750
31.7,1.750
31.7,1.750
31.8,1.745
31.8,1.745
31.8,1.745
31.8,1.745
31.8,1.745
31.8,1.745
31.8,1.745
31.8,1.745
31.8,1.745
31.8,1.745
31.8,1.745
31.8,1.745
31.8,1.745
31.8,1.745
31.8,1.745
31.8,1.745
31.8,1.745
31.8,1.745
31.8,1.745
31.8,1.745
31.8,1.745
31.7,1.745
31.7,1.745
31.7,1.745
31.7,1.745
31.7,1.745
31.7,1.745
31.7,1.745
31.7,1.745
31.7,1.745
31.7,1.740
31.7,1.740
31.7,1.740
31.7,1.740
31.7,1.740
31.7,1.740
31.7,1.740
31.7,1.740
31.7,1.740
31.7,1.740
31.7,1.740
31.7,1.740
31.7,1.740
31.7,1.740
31.7,1.740
31.6,1.740
31.6,1.740
31.6,1.740
31.6,1.740
31.6,1.740
31.6,1.740
31.6,1.740
31.6,1.740
31.6,1.740
31.6,1.740
31.6,1.740
31.6,1.740
31.6,1.740
31.6,1.740
31.6,1.740
31.6,1.740
31.6,1.740
31.6,1.735
31.6,1.735
31.6,1.735
31.6,1.735
31.6,1.735
31.6,1.735
31.6,1.735
31.6,1.735
31.6,1.735
31.6,1.735
31.6,1.735
31.6,1.735
31.6,1.735
31.6,1.735
31.6,1.735
31.6,1.735
31.6,1.735
31.6,1.735
31.6,1.735
31.6,1.735
31.6,1.735
31.6,1.735
31.6,1.735
31.6,1.735
31.6,1.735
31.6,1.735
31.6,1.735
31.6,1.735
31.6,1.735
31.6,1.735
31.6,1.730
31.6,1.730
31.6,1.730
31.6,1.730
31.6,1.730
31.6,1.730
31.6,1.730
31.6,1.730
31.6,1.730
31.6,1.730
31.6,1.730
31.6,1.730
31.6,1.730
31.6,1.730
31.6,1.730
31.6,1.730
31.6,1.730
31.6,1.730
31.6,1.730
31.6,1.730
31.6,1.730
31.6,1.730
31.6,1.730
31.6,1.730
31.6,1.730
31.6,1.730
31.6,1.730
31.6,1.730
31.6,1.730
31.6,1.725
31.6,1.725
31.6,1.725
31.5,1.725
31.5,1.725
31.5,1.725
31.5,1.725
31.5,1.725
31.5,1.725
31.5,1.725
31.5,1.725
31.5,1.725
31.5,1.725
31.5,1.725
31.5,1.725
31.5,1.725
31.5,1.725
31.5,1.725
31.5,1.725
31.5,1.725
31.5,1.725
31.5,1.725
31.5,1.725
31.5,1.725
31.5,1.725
31.5,1.725
31.5,1.725
31.5,1.725
31.5,1.725
31.5,1.725
31.5,1.720
31.5,1.720
31.5,1.720
31.5,1.720
31.5,1.720
31.5,1.720
31.5,1.720
31.5,1.720
31.5,1.720
31.5,1.720
31.5,1.720
31.5,1.720
31.5,1.720
31.5,1.720
31.5,1.720
31.5,1.720
31.5,1.720
31.6,1.720
31.6,1.720
31.6,1.720
31.6,1.720
31.6,1.720
31.6,1.720
31.6,1.720
31.6,1.720
31.6,1.720
31.6,1.720
31.6,1.720
31.5,1.720
31.5,1.720
31.5,1.720
31.5,1.715
31.5,1.715
31.5,1.715
31.5,1.715
31.5,1.715
31.5,1.715
31.5,1.715
31.5,1.715
31.5,1.715
31.4,1.715
31.4,1.715
31.4,1.715
31.4,1.715
31.4,1.715
31.4,1.715
31.4,1.715
31.5,1.715
31.5,1.715
31.5,1.715
31.5,1.715
31.5,1.715
31.5,1.715
31.5,1.715
31.5,1.715
31.5,1.715
31.5,1.715
31.5,1.715
31.5,1.715
31.5,1.715
31.5,1.715
31.5,1.710
31.5,1.710
31.5,1.710
31.5,1.710
31.5,1.710
31.5,1.710
31.5,1.710
31.5,1.710
31.5,1.710
31.5,1.710
31.5,1.710
31.5,1.710
31.5,1.710
31.5,1.710
31.5,1.710
31.5,1.710
31.5,1.710
31.5,1.710
31.5,1.710
31.5,1.710
31.4,1.710
31.4,1.710
31.4,1.710
31.4,1.710
31.4,1.710
31.4,1.710
31.4,1.710
31.4,1.710
31.4,1.710
31.4,1.710
31.4,1.710
31.4,1.705
31.4,1.705
31.4,1.705
31.4,1.705
31.4,1.705
31.4,1.705
31.4,1.705
31.4,1.705
31.4,1.705
31.4,1.705
31.4,1.705
31.4,1.705
31.4,1.705
31.4,1.705
31.4,1.705
31.4,1.705
31.4,1.705
31.4,1.705
31.4,1.705
31.3,1.705
31.3,1.705
31.3,1.705
31.3,1.705
31.3,1.705
31.3,1.705
31.3,1.705
31.3,1.705
31.3,1.705
31.4,1.705
31.4,1.705
31.4,1.700
31.4,1.700
31.4,1.700
31.4,1.700
31.4,1.700
31.4,1.700
31.4,1.700
31.4,1.700
31.4,1.700
31.4,1.700
31.4,1.700
31.4,1.700
31.4,1.700
31.4,1.700
31.4,1.700
31.4,1.700
31.4,1.700
31.4,1.700
31.4,1.700
31.4,1.700
31.4,1.700
31.3,1.700
31.3,1.700
31.3,1.700
31.3,1.700
31.3,1.700
31.3,1.700
31.3,1.700
31.3,1.700
31.3,1.700
31.3,1.700
31.3,1.695
31.3,1.695
31.3,1.695
31.3,1.695
31.3,1.695
31.3,1.695
31.3,1.695
31.3,1.695
31.3,1.695
31.3,1.695
31.3,1.695
31.3,1.695
31.3,1.695
31.3,1.695
31.3,1.695
31.3,1.695
31.3,1.695
31.3,1.695
31.2,1.695
31.2,1.695
31.2,1.695
31.2,1.695
31.2,1.695
31.2,1.695
31.2,1.695
31.2,1.695
31.2,1.695
31.2,1.695
31.2,1.695
31.2,1.695
31.2,1.695
31.2,1.690
31.2,1.690
31.2,1.690
31.2,1.690
31.2,1.690
31.2,1.690
31.2,1.690
31.2,1.690
31.2,1.690
31.2,1.690
31.2,1.690
31.2,1.690
31.2,1.690
31.2,1.690
31.2,1.690
31.2,1.690
31.2,1.690
31.2,1.690
31.2,1.690
31.2,1.690
31.2,1.690
31.2,1.690
31.2,1.690
31.2,1.690
31.2,1.690
31.2,1.690
31.2,1.690
31.2,1.690
31.2,1.690
31.2,1.690
31.2,1.685
31.2,1.685
31.2,1.685
31.2,1.685
31.2,1.685
31.2,1.685
31.2,1.685
31.2,1.685
31.2,1.685
31.2,1.685
31.2,1.685
31.2,1.685
31.2,1.685
31.2,1.685
31.2,1.685
31.2,1.685
31.2,1.685
31.2,1.685
31.2,1.685
31.2,1.685
31.2,1.685
31.2,1.685
31.2,1.685
31.2,1.685
31.2,1.685
31.2,1.685
31.2,1.685
31.2,1.685
31.2,1.680
31.2,1.680
31.2,1.680
31.2,1.680
31.2,1.680
31.2,1.680
31.2,1.680
31.2,1.680
31.2,1.680
31.3,1.680
31.3,1.680
31.3,1.680
31.3,1.680
31.3,1.680
31.3,1.680
31.3,1.680
31.3,1.680
31.3,1.680
31.3,1.680
31.3,1.680
31.3,1.680
31.3,1.680
31.2,1.680
31.2,1.680
31.2,1.680
31.2,1.680
31.2,1.680
31.2,1.680
31.2,1.680
31.2,1.680
31.2,1.675
31.2,1.675
31.2,1.675
31.2,1.675
31.2,1.675
31.2,1.675
31.2,1.675
31.2,1.675
31.1,1.675
31.1,1.675
31.1,1.675
31.1,1.675
31.1,1.675
31.1,1.675
31.1,1.675
31.2,1.675
31.2,1.675
31.2,1.675
31.2,1.675
31.2,1.675
31.2,1.675
31.2,1.675
31.2,1.675
31.2,1.675
31.2,1.675
31.2,1.675
31.2,1.675
31.2,1.675
31.2,1.675
31.2,1.675
31.2,1.670
31.1,1.670
31.1,1.670
31.1,1.670
31.1,1.670
31.1,1.670
31.1,1.670
31.1,1.670
31.1,1.670
31.1,1.670
31.1,1.670
31.1,1.670
31.1,1.670
31.1,1.670
31.1,1.670
31.1,1.670
31.1,1.670
31.2,1.670
31.2,1.670
31.2,1.670
31.2,1.670
31.2,1.670
31.2,1.670
31.2,1.670
31.2,1.670
31.2,1.670
31.2,1.670
31.2,1.670
31.2,1.665
31.2,1.665
31.2,1.665
31.2,1.665
31.2,1.665
31.1,1.665
31.1,1.665
31.1,1.665
31.1,1.665
31.1,1.665
31.1,1.665
31.1,1.665
31.1,1.665
31.1,1.665
31.1,1.665
31.1,1.665
31.1,1.665
31.1,1.665
31.1,1.665
31.1,1.665
31.1,1.665
31.1,1.665
31.1,1.665
31.1,1.665
31.1,1.665
31.1,1.660
31.1,1.660
31.1,1.660
31.1,1.660
31.1,1.660
31.1,1.660
31.1,1.660
31.1,1.660
31.1,1.660
31.1,1.660
31.1,1.660
31.1,1.660
31.1,1.660
31.1,1.660
31.1,1.660
31.1,1.660
31.1,1.660
31.1,1.660
31.1,1.660
31.1,1.660
31.1,1.660
31.1,1.660
31.1,1.660
31.1,1.660
31.1,1.660
31.0,1.660
31.0,1.660
31.0,1.655
31.0,1.655
31.0,1.655
31.0,1.655
31.0,1.655
31.0,1.655
31.0,1.655
31.0,1.655
31.0,1.655
31.0,1.655
31.0,1.655
31.0,1.655
31.0,1.655
31.0,1.655
31.0,1.655
31.0,1.655
31.0,1.655
31.0,1.655
31.0,1.655
31.0,1.655
31.0,1.655
31.0,1.655
31.0,1.655
31.0,1.655
31.0,1.655
31.0,1.655
31.0,1.655
31.0,1.650
31.0,1.650
31.0,1.650
31.1,1.650
31.1,1.650
31.1,1.650
31.1,1.650
31.1,1.650
31.1,1.650
31.1,1.650
31.1,1.650
31.1,1.650
31.1,1.650
31.1,1.650
31.1,1.650
31.1,1.650
31.1,1.650
31.1,1.650
31.1,1.650
31.1,1.650
31.1,1.650
31.1,1.650
31.1,1.650
31.1,1.650
31.1,1.650
31.1,1.650
31.1,1.645
31.1,1.645
31.1,1.645
31.1,1.645
31.1,1.645
31.1,1.645
31.1,1.645
31.1,1.645
31.1,1.645
31.1,1.645
31.1,1.645
31.1,1.645
31.1,1.645
31.1,1.645
31.0,1.645
31.0,1.645
31.0,1.645
31.0,1.645
31.0,1.645
31.0,1.645
31.0,1.645
31.0,1.645
31.0,1.645
31.0,1.645
31.1,1.645
31.1,1.645
31.1,1.645
31.1,1.640
31.1,1.640
31.1,1.640
31.1,1.640
31.1,1.640
31.0,1.640
31.0,1.640
31.0,1.640
31.0,1.640
31.0,1.640
31.0,1.640
31.0,1.640
31.0,1.640
31.0,1.640
31.0,1.640
31.0,1.640
31.0,1.640
31.0,1.640
31.0,1.640
31.0,1.640
31.0,1.640
31.0,1.640
31.0,1.640
31.0,1.640
31.0,1.640
31.0,1.640
31.0,1.640
31.0,1.640
31.0,1.635
31.0,1.635
31.0,1.635
31.0,1.635
30.9,1.635
30.9,1.635
30.9,1.635
30.9,1.635
30.9,1.635
30.9,1.635
30.9,1.635
30.9,1.635
30.9,1.635
30.9,1.635
30.9,1.635
30.9,1.635
30.9,1.635
30.9,1.635
30.9,1.635
30.9,1.635
30.9,1.635
30.9,1.635
30.9,1.635
30.9,1.635
30.9,1.635
30.9,1.635
30.9,1.635
30.9,1.635
30.9,1.630
30.9,1.630
30.9,1.630
30.9,1.630
30.9,1.630
30.9,1.630
30.9,1.630
30.9,1.630
30.9,1.630
30.9,1.630
30.9,1.630
30.9,1.630
30.9,1.630
30.9,1.630
30.9,1.630
30.9,1.630
30.9,1.630
30.9,1.630
30.9,1.630
30.9,1.630
30.9,1.630
30.9,1.630
30.9,1.630
30.9,1.630
30.9,1.630
30.9,1.630
30.9,1.630
30.9,1.630
30.9,1.625
30.9,1.625
30.9,1.625
30.9,1.625
30.9,1.625
30.9,1.625
30.9,1.625
30.9,1.625
30.9,1.625
30.9,1.625
30.8,1.625
30.8,1.625
30.8,1.625
30.8,1.625
30.8,1.625
30.8,1.625
30.8,1.625
30.8,1.625
30.8,1.625
30.8,1.625
30.8,1.625
30.8,1.625
30.8,1.625
30.8,1.625
30.8,1.625
30.8,1.625
30.8,1.625
30.8,1.625
30.8,1.625
30.8,1.620
30.8,1.620
30.8,1.620
30.8,1.620
30.8,1.620
30.8,1.620
30.8,1.620
30.8,1.620
30.8,1.620
30.8,1.620
30.8,1.620
30.8,1.620
30.8,1.620
30.8,1.620
30.8,1.620
30.8,1.620
30.8,1.620
30.8,1.620
30.8,1.620
30.8,1.620
30.8,1.620
30.8,1.620
30.8,1.620
30.8,1.620
30.8,1.620
30.8,1.620
30.8,1.620
30.8,1.620
30.8,1.620
30.8,1.620
30.7,1.615
30.7,1.615
30.7,1.615
30.7,1.615
30.7,1.615
30.7,1.615
30.7,1.615
30.7,1.615
30.7,1.615
30.7,1.615
30.7,1.615
30.7,1.615
30.7,1.615
30.7,1.615
30.7,1.615
30.7,1.615
30.7,1.615
30.7,1.615
30.7,1.615
30.7,1.615
30.7,1.615
30.8,1.615
30.8,1.615
30.8,1.615
30.8,1.615
30.8,1.615
30.8,1.615
30.8,1.615
30.8,1.615
30.8,1.610
30.8,1.610
30.8,1.610
30.8,1.610
30.8,1.610
30.8,1.610
30.8,1.610
30.8,1.610
30.9,1.610
30.9,1.610
30.9,1.610
30.9,1.610
30.9,1.610
30.9,1.610
30.9,1.610
30.9,1.610
30.9,1.610
30.9,1.610
30.9,1.610
30.9,1.610
30.9,1.610
30.9,1.610
30.9,1.610
30.9,1.610
30.9,1.610
30.9,1.610
30.9,1.610
30.9,1.605
30.9,1.605
30.9,1.605
30.9,1.605
30.9,1.605
30.9,1.605
30.9,1.605
30.9,1.605
30.9,1.605
30.9,1.605
30.9,1.605
30.9,1.605
30.9,1.605
30.9,1.605
30.9,1.605
30.9,1.605
30.9,1.605
30.9,1.605
30.9,1.605
30.9,1.605
30.9,1.605
30.9,1.605
30.9,1.605
30.9,1.605
30.9,1.600
30.9,1.600
30.9,1.600
30.9,1.600
30.9,1.600
30.9,1.600
30.9,1.600
30.8,1.600
30.8,1.600
30.8,1.600
30.8,1.600
30.8,1.600
30.8,1.600
30.8,1.600
30.8,1.600
30.8,1.600
30.8,1.600
30.8,1.600
30.8,1.600
30.8,1.600
30.8,1.600
30.7,1.600
30.8,1.600
30.8,1.600
30.8,1.600
30.8,1.595
30.8,1.595
30.8,1.595
30.8,1.595
30.8,1.595
30.7,1.595
30.7,1.595
30.7,1.595
30.7,1.595
30.7,1.595
30.7,1.595
30.7,1.595
30.7,1.595
30.7,1.595
30.7,1.595
30.7,1.595
30.7,1.595
30.7,1.595
30.7,1.595
30.7,1.595
30.7,1.595
30.8,1.595
30.8,1.595
30.8,1.595
30.8,1.590
30.8,1.590
30.8,1.590
30.8,1.590
30.8,1.590
30.8,1.590
30.8,1.590
30.7,1.590
30.7,1.590
30.7,1.590
30.7,1.590
30.7,1.590
30.7,1.590
30.7,1.590
30.7,1.590
30.7,1.590
30.7,1.590
30.7,1.590
30.7,1.590
30.7,1.590
30.7,1.590
30.7,1.590
30.7,1.590
30.7,1.590
30.7,1.590
30.7,1.585
30.7,1.585
30.7,1.585
30.7,1.585
30.7,1.585
30.7,1.585
30.7,1.585
30.7,1.585
30.7,1.585
30.7,1.585
30.7,1.585
30.7,1.585
30.7,1.585
30.7,1.585
30.7,1.585
30.7,1.585
30.7,1.585
30.7,1.585
30.7,1.585
30.7,1.585
30.7,1.585
30.7,1.585
30.7,1.585
30.7,1.585
30.7,1.585
30.7,1.580
30.7,1.580
30.7,1.580
30.7,1.580
30.7,1.580
30.7,1.580
30.7,1.580
30.7,1.580
30.7,1.580
30.7,1.580
30.7,1.580
30.7,1.580
30.7,1.580
30.7,1.580
30.7,1.580
30.7,1.580
30.7,1.580
30.7,1.580
30.7,1.580
30.7,1.580
30.7,1.580
30.7,1.580
30.7,1.580
30.7,1.580
30.7,1.580
30.7,1.580
30.7,1.580
30.7,1.575
30.7,1.575
30.7,1.575
30.7,1.575
30.6,1.575
30.6,1.575
30.6,1.575
30.6,1.575
30.6,1.575
30.6,1.575
30.6,1.575
30.6,1.575
30.6,1.575
30.6,1.575
30.6,1.575
30.6,1.575
30.6,1.575
30.6,1.575
30.6,1.575
30.6,1.575
30.6,1.575
30.6,1.575
30.6,1.575
30.6,1.575
30.6,1.575
30.6,1.575
30.6,1.570
30.6,1.570
30.6,1.570
30.6,1.570
30.6,1.570
30.6,1.570
30.6,1.570
30.6,1.570
30.6,1.570
30.6,1.570
30.6,1.570
30.6,1.570
30.6,1.570
30.6,1.570
30.6,1.570
30.6,1.570
30.6,1.570
30.6,1.570
30.6,1.570
30.6,1.570
30.6,1.570
30.6,1.570
30.6,1.570
30.6,1.565
30.6,1.565
30.6,1.565
30.5,1.565
30.5,1.565
30.5,1.565
30.5,1.565
30.5,1.565
30.5,1.565
30.5,1.565
30.5,1.565
30.5,1.565
30.6,1.565
30.6,1.565
30.6,1.565
30.6,1.565
30.6,1.565
30.6,1.565
30.6,1.565
30.6,1.565
30.6,1.565
30.6,1.565
30.6,1.565
30.6,1.560
30.5,1.560
30.5,1.560
30.5,1.560
30.5,1.560
30.5,1.560
30.5,1.560
30.5,1.560
30.5,1.560
30.5,1.560
30.5,1.560
30.5,1.560
30.5,1.560
30.5,1.560
30.5,1.560
30.5,1.560
30.5,1.560
30.5,1.560
30.5,1.560
30.5,1.560
30.5,1.560
30.5,1.560
30.5,1.560
30.5,1.555
30.5,1.555
30.5,1.555
30.5,1.555
30.5,1.555
30.5,1.555
30.5,1.555
30.4,1.555
30.4,1.555
30.4,1.555
30.4,1.555
30.4,1.555
30.4,1.555
30.4,1.555
30.4,1.555
30.4,1.555
30.4,1.555
30.4,1.555
30.3,1.555
30.3,1.555
30.3,1.555
30.3,1.555
30.3,1.550
30.3,1.550
30.3,1.550
30.3,1.550
30.3,1.550
30.3,1.550
30.3,1.550
30.3,1.550
30.3,1.550
30.3,1.550
30.3,1.550
30.3,1.550
30.3,1.550
30.3,1.550
30.3,1.550
30.3,1.550
30.3,1.550
30.3,1.550
30.3,1.550
30.3,1.550
30.3,1.550
30.3,1.550
30.3,1.545
30.3,1.545
30.4,1.545
30.4,1.545
30.4,1.545
30.4,1.545
30.4,1.545
30.4,1.545
30.4,1.545
30.4,1.545
30.4,1.545
30.4,1.545
30.4,1.545
30.4,1.545
30.4,1.545
30.4,1.545
30.4,1.545
30.4,1.545
30.4,1.545
30.4,1.545
30.4,1.545
30.4,1.545
30.4,1.540
30.4,1.540
30.4,1.540
30.4,1.540
30.4,1.540
30.4,1.540
30.4,1.540
30.4,1.540
30.4,1.540
30.4,1.540
30.4,1.540
30.4,1.540
30.4,1.540
30.4,1.540
30.4,1.540
30.4,1.540
30.4,1.540
30.4,1.540
30.4,1.540
30.4,1.540
30.4,1.540
30.4,1.540
30.4,1.540
30.4,1.540
30.4,1.535
30.3,1.535
30.3,1.535
30.3,1.535
30.3,1.535
30.3,1.535
30.3,1.535
30.3,1.535
30.3,1.535
30.3,1.535
30.3,1.535
30.3,1.535
30.3,1.535
30.3,1.535
30.3,1.535
30.3,1.535
30.3,1.535
30.3,1.535
30.3,1.535
30.3,1.535
30.3,1.535
30.3,1.535
30.3,1.535
30.3,1.535
30.2,1.530
30.2,1.530
30.2,1.530
30.2,1.530
30.2,1.530
30.2,1.530
30.2,1.530
30.2,1.530
30.2,1.530
30.2,1.530
30.2,1.530
30.3,1.530
30.3,1.530
30.3,1.530
30.3,1.530
30.3,1.530
30.3,1.530
30.3,1.530
30.3,1.530
30.3,1.530
30.3,1.530
30.3,1.530
30.3,1.530
30.3,1.530
30.3,1.530
30.3,1.530
30.3,1.525
30.3,1.525
30.3,1.525
30.3,1.525
30.3,1.525
30.3,1.525
30.3,1.525
30.3,1.525
30.3,1.525
30.3,1.525
30.3,1.525
30.3,1.525
30.3,1.525
30.3,1.525
30.3,1.525
30.3,1.525
30.3,1.525
30.3,1.525
30.3,1.525
30.3,1.525
30.3,1.525
30.3,1.525
30.3,1.525
30.3,1.525
30.3,1.520
30.3,1.520
30.3,1.520
30.3,1.520
30.3,1.520
30.3,1.520
30.3,1.520
30.3,1.520
30.3,1.520
30.3,1.520
30.3,1.520
30.3,1.520
30.3,1.520
30.3,1.520
30.3,1.520
30.3,1.520
30.3,1.520
30.2,1.520
30.2,1.520
30.2,1.520
30.2,1.520
30.2,1.520
30.2,1.520
30.2,1.520
30.2,1.520
30.2,1.515
30.2,1.515
30.2,1.515
30.2,1.515
30.2,1.515
30.2,1.515
30.2,1.515
30.2,1.515
30.2,1.515
30.2,1.515
30.2,1.515
30.2,1.515
30.2,1.515
30.2,1.515
30.2,1.515
30.2,1.515
30.2,1.515
30.2,1.515
30.2,1.515
30.1,1.515
30.1,1.515
30.1,1.515
30.1,1.515
30.1,1.515
30.1,1.515
30.1,1.515
30.1,1.510
30.1,1.510
30.1,1.510
30.1,1.510
30.1,1.510
30.1,1.510
30.1,1.510
30.1,1.510
30.2,1.510
30.2,1.510
30.2,1.510
30.2,1.510
30.2,1.510
30.2,1.510
30.2,1.510
30.2,1.510
30.2,1.510
30.2,1.510
30.2,1.510
30.2,1.510
30.2,1.510
30.2,1.510
30.2,1.510
30.2,1.510
30.2,1.505
30.2,1.505
30.2,1.505
30.2,1.505
30.2,1.505
30.2,1.505
30.2,1.505
30.2,1.505
30.2,1.505
30.2,1.505
30.2,1.505
30.2,1.505
30.1,1.505
30.1,1.505
30.1,1.505
30.1,1.505
30.1,1.505
30.0,1.505
30.0,1.505
30.0,1.505
30.0,1.505
30.0,1.505
30.0,1.505
30.0,1.500
30.0,1.500
30.0,1.500
30.0,1.500
30.0,1.500
30.0,1.500
30.0,1.500
30.1,1.500
30.1,1.500
30.1,1.500
30.1,1.500
30.1,1.500
30.1,1.500
30.1,1.500
30.1,1.500
30.1,1.500
30.1,1.500
30.1,1.500
30.1,1.500
30.1,1.500
30.1,1.500
30.1,1.500
30.1,1.500
30.1,1.500
30.1,1.500
30.1,1.495
30.1,1.495
30.1,1.495
30.1,1.495
30.1,1.495
30.1,1.495
30.1,1.495
30.1,1.495
30.1,1.495
30.1,1.495
30.1,1.495
30.1,1.495
30.1,1.495
30.1,1.495
30.1,1.495
30.0,1.495
30.0,1.495
30.0,1.495
30.0,1.495
30.0,1.495
30.0,1.495
30.0,1.495
30.0,1.495
30.0,1.495
30.0,1.495
30.0,1.490
30.0,1.490
30.0,1.490
30.0,1.490
30.0,1.490
30.0,1.490
30.0,1.490
30.0,1.490
30.0,1.490
30.0,1.490
30.0,1.490
30.0,1.490
30.0,1.490
30.0,1.490
30.0,1.490
30.0,1.490
30.0,1.490
30.0,1.490
30.0,1.490
30.0,1.490
30.0,1.490
30.0,1.490
30.0,1.490
30.0,1.485
30.0,1.485
30.0,1.485
30.0,1.485
30.0,1.485
30.0,1.485
30.0,1.485
30.0,1.485
30.0,1.485
30.0,1.485
30.0,1.485
30.0,1.485
30.0,1.485
30.0,1.485
30.0,1.485
30.0,1.485
30.0,1.485
30.0,1.485
30.0,1.485
30.0,1.485
30.0,1.485
30.0,1.485
30.0,1.485
30.0,1.485
30.0,1.485
30.0,1.485
30.0,1.480
30.0,1.480
30.0,1.480
30.0,1.480
30.0,1.480
30.0,1.480
30.0,1.480
30.0,1.480
30.0,1.480
30.0,1.480
30.0,1.480
30.0,1.480
30.0,1.480
30.0,1.480
30.0,1.480
30.0,1.480
30.0,1.480
30.0,1.480
30.0,1.480
30.0,1.480
30.0,1.480
30.0,1.480
29.9,1.480
29.9,1.480
29.9,1.480
29.9,1.480
29.9,1.480
29.9,1.480
29.9,1.475
29.9,1.475
29.9,1.475
29.9,1.475
29.9,1.475
29.9,1.475
29.9,1.475
29.9,1.475
29.9,1.475
29.9,1.475
29.9,1.475
29.9,1.475
29.9,1.475
29.9,1.475
29.9,1.475
29.9,1.475
29.9,1.475
29.9,1.475
29.9,1.475
29.9,1.475
29.9,1.475
29.9,1.475
29.9,1.475
29.9,1.475
29.8,1.475
29.8,1.475
29.8,1.475
29.8,1.475
29.8,1.475
29.8,1.475
29.8,1.470
29.8,1.470
29.8,1.470
29.8,1.470
29.8,1.470
29.8,1.470
29.8,1.470
29.8,1.470
29.8,1.470
29.8,1.470
29.8,1.470
29.8,1.470
29.8,1.470
29.8,1.470
29.8,1.470
29.8,1.470
29.8,1.470
29.8,1.470
29.8,1.470
29.8,1.470
29.8,1.470
29.8,1.470
29.8,1.470
29.8,1.470
29.8,1.470
29.8,1.470
29.8,1.470
29.8,1.470
29.8,1.470
29.8,1.470
29.8,1.465
29.8,1.465
29.8,1.465
29.8,1.465
29.8,1.465
29.8,1.465
29.8,1.465
29.8,1.465
29.8,1.465
29.8,1.465
29.8,1.465
29.8,1.465
29.8,1.465
29.8,1.465
29.8,1.465
29.8,1.465
29.8,1.465
29.8,1.465
29.8,1.465
29.8,1.465
29.8,1.465
29.8,1.465
29.8,1.465
29.8,1.465
29.8,1.465
29.8,1.465
29.8,1.465
29.8,1.465
29.8,1.465
29.8,1.465
29.8,1.465
29.8,1.465
29.8,1.460
29.8,1.460
29.8,1.460
29.8,1.460
29.8,1.460
29.8,1.460
29.7,1.460
29.7,1.460
29.7,1.460
29.7,1.460
29.7,1.460
29.7,1.460
29.7,1.460
29.7,1.460
29.7,1.460
29.7,1.460
29.6,1.460
29.6,1.460
29.6,1.460
29.6,1.460
29.6,1.460
29.6,1.460
29.6,1.460
29.6,1.460
29.6,1.460
29.6,1.460
29.6,1.460
29.6,1.460
29.6,1.460
29.6,1.460
29.6,1.460
29.6,1.460
29.6,1.460
29.6,1.455
29.6,1.455
29.6,1.455
29.6,1.455
29.6,1.455
29.6,1.455
29.6,1.455
29.6,1.455
29.6,1.455
29.6,1.455
29.6,1.455
29.6,1.455
29.6,1.455
29.6,1.455
29.6,1.455
29.6,1.455
29.6,1.455
29.6,1.455
29.6,1.455
29.6,1.455
29.6,1.455
29.6,1.455
29.6,1.455
29.6,1.455
29.6,1.455
29.5,1.455
29.5,1.455
29.5,1.455
29.5,1.455
29.5,1.455
29.5,1.455
29.5,1.450
29.5,1.450
29.5,1.450
29.5,1.450
29.5,1.450
29.5,1.450
29.5,1.450
29.5,1.450
29.5,1.450
29.5,1.450
29.5,1.450
29.5,1.450
29.5,1.450
29.5,1.450
29.5,1.450
29.5,1.450
29.4,1.450
29.4,1.450
29.4,1.450
29.4,1.450
29.4,1.450
29.4,1.450
29.4,1.450
29.4,1.450
29.4,1.450
29.4,1.450
29.4,1.450
29.4,1.450
29.4,1.450
29.4,1.450
29.4,1.450
29.4,1.450
29.4,1.445
29.4,1.445
29.4,1.445
29.4,1.445
29.4,1.445
29.4,1.445
29.4,1.445
29.4,1.445
29.4,1.445
29.4,1.445
29.4,1.445
29.4,1.445
29.5,1.445
29.5,1.445
29.5,1.445
29.5,1.445
29.5,1.445
29.5,1.445
29.5,1.445
29.5,1.445
29.5,1.445
29.5,1.445
29.5,1.445
29.5,1.445
29.5,1.445
29.5,1.445
29.5,1.445
29.5,1.445
29.5,1.445
29.5,1.445
29.5,1.440
29.5,1.440
29.5,1.440
29.5,1.440
29.5,1.440
29.5,1.440
29.5,1.440
29.5,1.440
29.5,1.440
29.5,1.440
29.5,1.440
29.5,1.440
29.5,1.440
29.5,1.440
29.5,1.440
29.5,1.440
29.5,1.440
29.5,1.440
29.5,1.440
29.5,1.440
29.5,1.440
29.5,1.440
29.5,1.440
29.5,1.440
29.5,1.440
29.5,1.440
29.5,1.440
29.5,1.440
29.5,1.440
29.5,1.440
29.5,1.440
29.5,1.440
29.5,1.435
29.5,1.435
29.5,1.435
29.5,1.435
29.5,1.435
29.5,1.435
29.5,1.435
29.5,1.435
29.5,1.435
29.5,1.435
29.5,1.435
29.5,1.435
29.4,1.435
29.4,1.435
29.4,1.435
29.4,1.435
29.4,1.435
29.4,1.435
29.4,1.435
29.4,1.435
29.4,1.435
29.4,1.435
29.4,1.435
29.4,1.435
29.4,1.435
29.4,1.435
29.4,1.435
29.3,1.435
29.3,1.435
29.3,1.435
29.3,1.430
29.3,1.430
29.3,1.430
29.3,1.430
29.3,1.430
29.3,1.430
29.3,1.430
29.3,1.430
29.3,1.430
29.3,1.430
29.3,1.430
29.3,1.430
29.3,1.430
29.2,1.430
29.2,1.430
29.2,1.430
29.2,1.430
29.2,1.430
29.2,1.430
29.2,1.430
29.2,1.430
29.2,1.430
29.2,1.430
29.2,1.430
29.2,1.430
29.2,1.430
29.2,1.430
29.2,1.430
29.2,1.430
29.2,1.425
29.2,1.425
29.2,1.425
29.2,1.425
29.2,1.425
29.2,1.425
29.2,1.425
29.2,1.425
29.2,1.425
29.2,1.425
29.2,1.425
29.2,1.425
29.2,1.425
29.2,1.425
29.2,1.425
29.2,1.425
29.2,1.425
29.2,1.425
29.2,1.425
29.2,1.425
29.2,1.425
29.2,1.425
29.2,1.425
29.2,1.425
29.2,1.425
29.2,1.425
29.2,1.425
29.2,1.420
29.2,1.420
29.2,1.420
29.2,1.420
29.2,1.420
29.2,1.420
29.2,1.420
29.1,1.420
29.1,1.420
29.1,1.420
29.1,1.420
29.1,1.420
29.1,1.420
29.1,1.420
29.1,1.420
29.1,1.420
29.1,1.420
29.1,1.420
29.1,1.420
29.1,1.420
29.1,1.420
29.1,1.420
29.1,1.420
29.1,1.420
29.1,1.420
29.1,1.420
29.1,1.420
29.1,1.420
29.1,1.415
29.1,1.415
29.1,1.415
29.1,1.415
29.1,1.415
29.1,1.415
29.1,1.415
29.1,1.415
29.1,1.415
29.1,1.415
29.1,1.415
29.1,1.415
29.1,1.415
29.1,1.415
29.1,1.415
29.1,1.415
29.1,1.415
29.1,1.415
29.1,1.415
29.1,1.415
29.1,1.415
29.1,1.415
29.1,1.415
29.1,1.415
29.1,1.415
29.1,1.415
29.1,1.415
29.1,1.410
29.1,1.410
29.1,1.410
29.1,1.410
29.1,1.410
29.1,1.410
29.1,1.410
29.1,1.410
29.1,1.410
29.1,1.410
29.0,1.410
29.0,1.410
29.0,1.410
29.0,1.410
29.0,1.410
29.0,1.410
29.0,1.410
29.0,1.410
29.0,1.410
29.0,1.410
29.0,1.410
29.0,1.410
29.0,1.410
29.0,1.405
29.0,1.405
29.0,1.405
29.0,1.405
29.0,1.405
29.0,1.405
29.0,1.405
29.0,1.405
29.0,1.405
29.0,1.405
29.0,1.405
29.0,1.405
29.0,1.405
29.0,1.405
29.0,1.405
29.0,1.405
29.0,1.405
29.0,1.405
29.0,1.405
29.0,1.405
29.0,1.405
29.0,1.405
29.0,1.405
29.0,1.405
29.0,1.405
29.0,1.400
29.0,1.400
29.0,1.400
29.0,1.400
29.0,1.400
29.0,1.400
29.0,1.400
29.0,1.400
29.0,1.400
29.0,1.400
29.0,1.400
29.0,1.400
29.0,1.400
29.0,1.400
29.0,1.400
29.0,1.400
29.0,1.400
29.0,1.400
29.0,1.400
29.0,1.400
29.0,1.400
29.0,1.400
29.0,1.400
29.0,1.400
29.0,1.400
29.0,1.395
29.0,1.395
29.0,1.395
29.0,1.395
29.0,1.395
29.0,1.395
29.0,1.395
29.0,1.395
29.0,1.395
29.0,1.395
29.0,1.395
29.0,1.395
29.0,1.395
29.0,1.395
29.0,1.395
29.0,1.395
29.0,1.395
29.0,1.395
29.0,1.395
29.0,1.395
29.0,1.395
29.0,1.395
29.0,1.395
29.0,1.395
29.0,1.390
29.0,1.390
29.0,1.390
29.0,1.390
29.0,1.390
29.0,1.390
29.0,1.390
29.1,1.390
29.1,1.390
29.1,1.390
29.1,1.390
29.1,1.390
29.1,1.390
29.1,1.390
29.1,1.390
29.1,1.390
29.1,1.390
29.1,1.390
29.1,1.390
29.1,1.390
29.1,1.390
29.1,1.390
29.1,1.385
29.1,1.385
29.1,1.385
29.1,1.385
29.1,1.385
29.1,1.385
29.1,1.385
29.1,1.385
29.1,1.385
29.1,1.385
29.1,1.385
29.1,1.385
29.1,1.385
29.1,1.385
29.1,1.385
29.1,1.385
29.1,1.385
29.1,1.385
29.1,1.385
29.1,1.385
29.1,1.385
29.1,1.385
29.1,1.385
29.1,1.385
29.1,1.380
29.1,1.380
29.1,1.380
29.1,1.380
29.1,1.380
29.1,1.380
29.1,1.380
29.1,1.380
29.1,1.380
29.1,1.380
29.1,1.380
29.1,1.380
29.1,1.380
29.1,1.380
29.1,1.380
29.1,1.380
29.1,1.380
29.1,1.380
29.1,1.380
29.2,1.380
29.2,1.380
29.2,1.380
29.2,1.380
29.2,1.380
29.2,1.380
29.2,1.375
29.2,1.375
29.2,1.375
29.2,1.375
29.2,1.375
29.2,1.375
29.2,1.375
29.2,1.375
29.2,1.375
29.2,1.375
29.2,1.375
29.2,1.375
29.2,1.375
29.2,1.375
29.2,1.375
29.2,1.375
29.2,1.375
29.2,1.375
29.2,1.375
29.2,1.375
29.2,1.375
29.2,1.375
29.2,1.375
29.2,1.375
29.2,1.375
29.2,1.370
29.2,1.370
29.2,1.370
29.2,1.370
29.2,1.370
29.2,1.370
29.2,1.370
29.2,1.370
29.2,1.370
29.2,1.370
29.2,1.370
29.2,1.370
29.2,1.370
29.2,1.370
29.2,1.370
29.2,1.370
29.2,1.370
29.2,1.370
29.2,1.370
29.2,1.370
29.2,1.370
29.2,1.370
29.2,1.370
29.2,1.370
29.2,1.370
29.2,1.365
29.2,1.365
29.1,1.365
29.1,1.365
29.1,1.365
29.1,1.365
29.1,1.365
29.1,1.365
29.1,1.365
29.1,1.365
29.1,1.365
29.1,1.365
29.1,1.365
29.1,1.365
29.1,1.365
29.1,1.365
29.1,1.365
29.1,1.365
29.1,1.365
29.1,1.365
29.1,1.365
29.1,1.365
29.1,1.365
29.1,1.360
29.1,1.360
29.1,1.360
29.1,1.360
29.1,1.360
29.2,1.360
29.2,1.360
29.2,1.360
29.2,1.360
29.1,1.360
29.1,1.360
29.1,1.360
29.1,1.360
29.1,1.360
29.1,1.360
29.1,1.360
29.1,1.360
29.1,1.360
29.1,1.360
29.1,1.360
29.1,1.360
29.1,1.360
29.1,1.360
29.1,1.360
29.1,1.355
29.1,1.355
29.1,1.355
29.1,1.355
29.1,1.355
29.1,1.355
29.1,1.355
29.1,1.355
29.1,1.355
29.1,1.355
29.1,1.355
29.1,1.355
29.1,1.355
29.1,1.355
29.1,1.355
29.1,1.355
29.1,1.355
29.1,1.355
29.1,1.355
29.1,1.355
29.1,1.355
29.1,1.355
29.1,1.355
29.1,1.350
29.1,1.350
29.1,1.350
29.1,1.350
29.1,1.350
29.1,1.350
29.1,1.350
29.1,1.350
29.1,1.350
29.1,1.350
29.1,1.350
29.1,1.350
29.1,1.350
29.1,1.350
29.1,1.350
29.1,1.350
29.1,1.350
29.1,1.350
29.1,1.350
29.1,1.350
29.1,1.350
29.1,1.350
29.1,1.345
29.1,1.345
29.1,1.345
29.1,1.345
29.1,1.345
29.1,1.345
29.1,1.345
29.1,1.345
29.1,1.345
29.1,1.345
29.0,1.345
29.0,1.345
29.0,1.345
29.0,1.345
29.0,1.345
29.0,1.345
29.0,1.345
29.0,1.345
29.0,1.345
29.0,1.345
29.0,1.345
29.1,1.340
29.1,1.340
29.1,1.340
29.1,1.340
29.1,1.340
29.1,1.340
29.1,1.340
29.1,1.340
29.1,1.340
29.1,1.340
29.1,1.340
29.1,1.340
29.1,1.340
29.1,1.340
29.0,1.340
29.0,1.340
29.0,1.340
29.0,1.340
29.0,1.340
29.0,1.340
29.0,1.340
29.0,1.340
29.0,1.340
29.0,1.335
29.0,1.335
29.0,1.335
29.0,1.335
29.0,1.335
29.0,1.335
29.0,1.335
29.0,1.335
29.0,1.335
29.0,1.335
29.0,1.335
29.0,1.335
29.0,1.335
29.0,1.335
29.0,1.335
29.0,1.335
29.0,1.335
29.0,1.335
29.0,1.335
29.0,1.335
29.0,1.335
29.0,1.335
29.0,1.335
29.0,1.330
29.0,1.330
29.0,1.330
29.0,1.330
29.0,1.330
29.0,1.330
29.0,1.330
29.1,1.330
29.1,1.330
29.1,1.330
29.1,1.330
29.1,1.330
29.1,1.330
29.1,1.330
29.1,1.330
29.1,1.330
29.1,1.330
29.1,1.330
29.1,1.330
29.1,1.330
29.1,1.330
29.1,1.330
29.1,1.330
29.1,1.325
29.1,1.325
29.1,1.325
29.1,1.325
29.1,1.325
29.1,1.325
29.1,1.325
29.1,1.325
29.1,1.325
29.1,1.325
29.1,1.325
29.1,1.325
29.1,1.325
29.0,1.325
29.0,1.325
29.0,1.325
29.0,1.325
29.0,1.325
29.0,1.325
29.0,1.325
29.0,1.325
29.0,1.325
29.0,1.325
29.0,1.325
29.0,1.325
29.0,1.325
29.0,1.320
29.0,1.320
29.0,1.320
29.0,1.320
29.0,1.320
29.0,1.320
29.0,1.320
29.0,1.320
29.0,1.320
29.0,1.320
29.0,1.320
29.0,1.320
29.0,1.320
29.1,1.320
29.0,1.320
29.0,1.320
29.0,1.320
29.0,1.320
29.0,1.320
29.0,1.320
29.0,1.320
29.0,1.320
29.0,1.320
29.0,1.320
29.0,1.320
29.0,1.320
29.0,1.320
29.0,1.320
29.0,1.315
29.0,1.315
29.0,1.315
29.0,1.315
29.0,1.315
29.0,1.315
29.0,1.315
29.0,1.315
29.0,1.315
29.0,1.315
29.0,1.315
29.0,1.315
29.0,1.315
29.0,1.315
29.0,1.315
29.0,1.315
29.0,1.315
29.0,1.315
28.9,1.315
28.9,1.315
28.9,1.315
28.9,1.315
28.9,1.315
28.9,1.315
28.9,1.315
28.9,1.315
28.9,1.310
28.9,1.310
28.9,1.310
28.9,1.310
28.9,1.310
28.9,1.310
28.9,1.310
28.9,1.310
28.9,1.310
28.9,1.310
28.9,1.310
28.9,1.310
28.9,1.310
28.9,1.310
28.9,1.310
28.9,1.310
28.9,1.310
28.9,1.310
28.9,1.310
28.9,1.310
28.9,1.310
28.9,1.310
28.9,1.310
28.9,1.310
28.9,1.310
28.9,1.305
28.9,1.305
28.9,1.305
28.9,1.305
28.9,1.305
28.9,1.305
28.9,1.305
28.9,1.305
28.9,1.305
28.9,1.305
28.9,1.305
28.9,1.305
28.9,1.305
28.9,1.305
28.8,1.305
28.8,1.305
28.8,1.305
28.8,1.305
28.8,1.305
28.8,1.305
28.8,1.305
28.8,1.305
28.8,1.305
28.8,1.305
28.8,1.300
28.8,1.300
28.8,1.300
28.8,1.300
28.8,1.300
28.8,1.300
28.8,1.300
28.8,1.300
28.8,1.300
28.8,1.300
28.8,1.300
28.8,1.300
28.8,1.300
28.8,1.300
28.8,1.300
28.8,1.300
28.8,1.300
28.8,1.300
28.8,1.300
28.8,1.300
28.8,1.300
28.8,1.300
28.8,1.300
28.8,1.300
28.8,1.300
28.8,1.295
28.8,1.295
28.8,1.295
28.8,1.295
28.8,1.295
28.8,1.295
28.8,1.295
28.8,1.295
28.8,1.295
28.8,1.295
28.8,1.295
28.8,1.295
28.8,1.295
28.8,1.295
28.8,1.295
28.8,1.295
28.8,1.295
28.8,1.295
28.8,1.295
28.8,1.295
28.8,1.295
28.8,1.295
28.8,1.295
28.9,1.290
28.9,1.290
28.9,1.290
28.9,1.290
28.9,1.290
28.9,1.290
28.9,1.290
28.9,1.290
28.8,1.290
28.8,1.290
28.8,1.290
28.8,1.290
28.8,1.290
28.8,1.290
28.8,1.290
28.8,1.290
28.8,1.290
28.8,1.290
28.8,1.290
28.8,1.290
28.8,1.290
28.8,1.290
28.8,1.290
28.8,1.290
28.8,1.290
28.8,1.285
28.8,1.285
28.8,1.285
28.8,1.285
28.8,1.285
28.8,1.285
28.8,1.285
28.8,1.285
28.8,1.285
28.8,1.285
28.8,1.285
28.8,1.285
28.8,1.285
28.8,1.285
28.8,1.285
28.8,1.285
28.8,1.285
28.8,1.285
28.8,1.285
28.8,1.285
28.8,1.285
28.8,1.285
28.8,1.285
28.8,1.285
28.8,1.280
28.8,1.280
28.8,1.280
28.8,1.280
28.8,1.280
28.8,1.280
28.8,1.280
28.8,1.280
28.8,1.280
28.8,1.280
28.8,1.280
28.8,1.280
28.8,1.280
28.8,1.280
28.8,1.280
28.8,1.280
28.8,1.280
28.8,1.280
28.8,1.280
28.8,1.280
28.8,1.280
28.8,1.280
28.8,1.280
28.8,1.280
28.8,1.280
28.8,1.275
28.8,1.275
28.8,1.275
28.8,1.275
28.8,1.275
28.8,1.275
28.8,1.275
28.8,1.275
28.8,1.275
28.8,1.275
28.8,1.275
28.8,1.275
28.8,1.275
28.7,1.275
28.7,1.275
28.7,1.275
28.7,1.275
28.7,1.275
28.7,1.275
28.7,1.275
28.7,1.275
28.7,1.275
28.7,1.275
28.7,1.275
28.7,1.275
28.7,1.270
28.7,1.270
28.7,1.270
28.7,1.270
28.7,1.270
28.7,1.270
28.7,1.270
28.7,1.270
28.7,1.270
28.7,1.270
28.7,1.270
28.7,1.270
28.7,1.270
28.7,1.270
28.7,1.270
28.7,1.270
28.7,1.270
28.7,1.270
28.7,1.270
28.7,1.270
28.7,1.270
28.7,1.270
28.7,1.270
28.7,1.265
28.7,1.265
28.7,1.265
28.7,1.265
28.7,1.265
28.7,1.265
28.7,1.265
28.7,1.265
28.6,1.265
28.6,1.265
28.6,1.265
28.6,1.265
28.6,1.265
28.6,1.265
28.6,1.265
28.6,1.265
28.6,1.265
28.6,1.265
28.6,1.265
28.6,1.265
28.7,1.265
28.7,1.265
28.7,1.260
28.7,1.260
28.7,1.260
28.7,1.260
28.7,1.260
28.7,1.260
28.7,1.260
28.7,1.260
28.7,1.260
28.7,1.260
28.7,1.260
28.6,1.260
28.6,1.260
28.6,1.260
28.6,1.260
28.6,1.260
28.6,1.260
28.6,1.260
28.6,1.260
28.6,1.260
28.6,1.260
28.6,1.260
28.6,1.260
28.6,1.255
28.6,1.255
28.6,1.255
28.6,1.255
28.5,1.255
28.5,1.255
28.5,1.255
28.5,1.255
28.5,1.255
28.5,1.255
28.5,1.255
28.5,1.255
28.5,1.255
28.5,1.255
28.5,1.255
28.5,1.255
28.5,1.255
28.5,1.255
28.6,1.255
28.6,1.255
28.6,1.255
28.6,1.250
28.6,1.250
28.6,1.250
28.6,1.250
28.6,1.250
28.6,1.250
28.6,1.250
28.6,1.250
28.6,1.250
28.6,1.250
28.7,1.250
28.7,1.250
28.7,1.250
28.7,1.250
28.7,1.250
28.7,1.250
28.7,1.250
28.7,1.250
28.7,1.250
28.7,1.250
28.6,1.245
28.6,1.245
28.6,1.245
28.6,1.245
28.6,1.245
28.6,1.245
28.6,1.245
28.6,1.245
28.6,1.245
28.6,1.245
28.6,1.245
28.5,1.245
28.5,1.245
28.5,1.245
28.5,1.245
28.5,1.245
28.5,1.245
28.5,1.245
28.5,1.245
28.5,1.245
28.5,1.240
28.5,1.240
28.5,1.240
28.5,1.240
28.5,1.240
28.5,1.240
28.5,1.240
28.5,1.240
28.5,1.240
28.5,1.240
28.5,1.240
28.5,1.240
28.5,1.240
28.5,1.240
28.5,1.240
28.5,1.240
28.5,1.240
28.5,1.240
28.5,1.240
28.5,1.240
28.5,1.235
28.5,1.235
28.5,1.235
28.5,1.235
28.5,1.235
28.5,1.235
28.5,1.235
28.5,1.235
28.5,1.235
28.6,1.235
28.6,1.235
28.6,1.235
28.6,1.235
28.6,1.235
28.6,1.235
28.6,1.235
28.6,1.235
28.6,1.235
28.6,1.235
28.6,1.235
28.6,1.230
28.6,1.230
28.6,1.230
28.6,1.230
28.6,1.230
28.6,1.230
28.6,1.230
28.6,1.230
28.6,1.230
28.6,1.230
28.6,1.230
28.6,1.230
28.6,1.230
28.6,1.230
28.6,1.230
28.6,1.230
28.6,1.230
28.6,1.230
28.6,1.230
28.6,1.230
28.6,1.225
28.6,1.225
28.6,1.225
28.6,1.225
28.6,1.225
28.6,1.225
28.6,1.225
28.6,1.225
28.6,1.225
28.6,1.225
28.6,1.225
28.6,1.225
28.6,1.225
28.6,1.225
28.6,1.225
28.6,1.225
28.6,1.225
28.6,1.225
28.6,1.225
28.6,1.225
28.6,1.220
28.6,1.220
28.6,1.220
28.6,1.220
28.6,1.220
28.6,1.220
28.6,1.220
28.6,1.220
28.6,1.220
28.6,1.220
28.6,1.220
28.6,1.220
28.5,1.220
28.5,1.220
28.5,1.220
28.5,1.220
28.5,1.220
28.5,1.220
28.5,1.220
28.5,1.220
28.5,1.220
28.5,1.215
28.5,1.215
28.5,1.215
28.5,1.215
28.5,1.215
28.5,1.215
28.5,1.215
28.5,1.215
28.5,1.215
28.5,1.215
28.5,1.215
28.5,1.215
28.5,1.215
28.4,1.215
28.4,1.215
28.4,1.215
28.4,1.215
28.4,1.215
28.4,1.215
28.4,1.215
28.4,1.215
28.4,1.210
28.4,1.210
28.4,1.210
28.4,1.210
28.4,1.210
28.4,1.210
28.4,1.210
28.5,1.210
28.5,1.210
28.5,1.210
28.5,1.210
28.5,1.210
28.5,1.210
28.5,1.210
28.5,1.210
28.5,1.210
28.5,1.210
28.5,1.210
28.5,1.210
28.5,1.210
28.5,1.210
28.5,1.210
28.5,1.205
28.5,1.205
28.5,1.205
28.5,1.205
28.5,1.205
28.5,1.205
28.5,1.205
28.4,1.205
28.4,1.205
28.4,1.205
28.4,1.205
28.4,1.205
28.4,1.205
28.4,1.205
28.4,1.205
28.4,1.205
28.4,1.205
28.4,1.205
28.4,1.205
28.4,1.205
28.4,1.205
28.4,1.200
28.4,1.200
28.4,1.200
28.4,1.200
28.4,1.200
28.4,1.200
28.4,1.200
28.4,1.200
28.4,1.200
28.4,1.200
28.4,1.200
28.4,1.200
28.4,1.200
28.4,1.200
28.4,1.200
28.4,1.200
28.4,1.200
28.4,1.200
28.4,1.200
28.4,1.200
28.4,1.200
28.4,1.195
28.4,1.195
28.4,1.195
28.3,1.195
28.3,1.195
28.3,1.195
28.3,1.195
28.3,1.195
28.3,1.195
28.3,1.195
28.3,1.195
28.3,1.195
28.3,1.195
28.3,1.195
28.3,1.195
28.3,1.195
28.3,1.195
28.3,1.195
28.3,1.195
28.3,1.195
28.3,1.195
28.3,1.195
28.3,1.190
28.3,1.190
28.3,1.190
28.3,1.190
28.3,1.190
28.3,1.190
28.4,1.190
28.4,1.190
28.4,1.190
28.4,1.190
28.4,1.190
28.4,1.190
28.4,1.190
28.4,1.190
28.3,1.190
28.4,1.190
28.4,1.190
28.3,1.190
28.3,1.190
28.3,1.190
28.3,1.190
28.3,1.185
28.3,1.185
28.3,1.185
28.3,1.185
28.3,1.185
28.3,1.185
28.3,1.185
28.3,1.185
28.3,1.185
28.3,1.185
28.3,1.185
28.3,1.185
28.3,1.185
28.3,1.185
28.3,1.185
28.3,1.185
28.3,1.185
28.3,1.185
28.3,1.185
28.3,1.185
28.3,1.185
28.3,1.180
28.3,1.180
28.3,1.180
28.3,1.180
28.3,1.180
28.3,1.180
28.3,1.180
28.3,1.180
28.3,1.180
28.3,1.180
28.3,1.180
28.3,1.180
28.3,1.180
28.3,1.180
28.3,1.180
28.3,1.180
28.2,1.180
28.2,1.180
28.2,1.180
28.2,1.180
28.2,1.180
28.2,1.180
28.2,1.180
28.2,1.175
28.2,1.175
28.2,1.175
28.2,1.175
28.2,1.175
28.2,1.175
28.2,1.175
28.2,1.175
28.2,1.175
28.2,1.175
28.2,1.175
28.2,1.175
28.2,1.175
28.2,1.175
28.2,1.175
28.2,1.175
28.2,1.175
28.2,1.175
28.2,1.175
28.2,1.175
28.2,1.175
28.2,1.175
28.2,1.175
28.2,1.170
28.2,1.170
28.2,1.170
28.2,1.170
28.2,1.170
28.2,1.170
28.2,1.170
28.2,1.170
28.2,1.170
28.2,1.170
28.2,1.170
28.2,1.170
28.2,1.170
28.2,1.170
28.2,1.170
28.2,1.170
28.2,1.170
28.2,1.170
28.2,1.170
28.2,1.170
28.2,1.170
28.2,1.165
28.2,1.165
28.2,1.165
28.2,1.165
28.2,1.165
28.2,1.165
28.2,1.165
28.2,1.165
28.2,1.165
28.2,1.165
28.2,1.165
28.2,1.165
28.2,1.165
28.2,1.165
28.2,1.165
28.2,1.165
28.2,1.165
28.2,1.165
28.2,1.165
28.2,1.165
28.2,1.165
28.2,1.165
28.2,1.160
28.2,1.160
28.2,1.160
28.2,1.160
28.2,1.160
28.2,1.160
28.2,1.160
28.2,1.160
28.2,1.160
28.2,1.160
28.2,1.160
28.2,1.160
28.2,1.160
28.2,1.160
28.2,1.160
28.2,1.160
28.2,1.160
28.3,1.160
28.3,1.160
28.3,1.160
28.3,1.160
28.3,1.160
28.3,1.160
28.3,1.155
28.3,1.155
28.3,1.155
28.3,1.155
28.3,1.155
28.3,1.155
28.3,1.155
28.3,1.155
28.3,1.155
28.3,1.155
28.3,1.155
28.3,1.155
28.3,1.155
28.3,1.155
28.3,1.155
28.3,1.155
28.3,1.155
28.3,1.155
28.3,1.155
28.3,1.155
28.3,1.155
28.3,1.155
28.3,1.155
28.3,1.150
28.3,1.150
28.3,1.150
28.3,1.150
28.4,1.150
28.4,1.150
28.4,1.150
28.4,1.150
28.4,1.150
28.4,1.150
28.4,1.150
28.3,1.150
28.3,1.150
28.3,1.150
28.3,1.150
28.3,1.150
28.3,1.150
28.3,1.150
28.3,1.150
28.3,1.150
28.3,1.150
28.3,1.150
28.3,1.150
28.3,1.145
28.3,1.145
28.3,1.145
28.3,1.145
28.3,1.145
28.3,1.145
28.3,1.145
28.3,1.145
28.3,1.145
28.3,1.145
28.3,1.145
28.3,1.145
28.3,1.145
28.3,1.145
28.3,1.145
28.3,1.145
28.3,1.145
28.3,1.145
28.3,1.145
28.3,1.145
28.3,1.145
28.3,1.145
28.3,1.145
28.3,1.145
28.3,1.140
28.2,1.140
28.2,1.140
28.2,1.140
28.2,1.140
28.2,1.140
28.2,1.140
28.2,1.140
28.2,1.140
28.2,1.140
28.2,1.140
28.2,1.140
28.2,1.140
28.2,1.140
28.2,1.140
28.2,1.140
28.2,1.140
28.2,1.140
28.2,1.140
28.2,1.140
28.2,1.140
28.2,1.140
28.2,1.140
28.2,1.140
28.2,1.140
28.2,1.135
28.2,1.135
28.2,1.135
28.2,1.135
28.2,1.135
28.2,1.135
28.2,1.135
28.2,1.135
28.2,1.135
28.2,1.135
28.2,1.135
28.2,1.135
28.2,1.135
28.1,1.135
28.1,1.135
28.1,1.135
28.1,1.135
28.1,1.135
28.1,1.135
28.1,1.135
28.1,1.135
28.1,1.135
28.1,1.135
28.1,1.135
28.1,1.135
28.1,1.130
28.1,1.130
28.1,1.130
28.1,1.130
28.1,1.130
28.1,1.130
28.0,1.130
28.0,1.130
28.0,1.130
28.0,1.130
28.0,1.130
28.0,1.130
28.0,1.130
28.0,1.130
28.0,1.130
28.0,1.130
28.0,1.130
28.0,1.130
28.0,1.130
28.0,1.130
28.0,1.130
28.1,1.130
28.1,1.130
28.1,1.130
28.1,1.130
28.1,1.130
28.1,1.125
28.1,1.125
28.1,1.125
28.0,1.125
28.0,1.125
28.0,1.125
28.0,1.125
28.0,1.125
28.0,1.125
28.0,1.125
28.0,1.125
28.0,1.125
28.0,1.125
28.0,1.125
28.0,1.125
28.0,1.125
28.0,1.125
28.0,1.125
28.0,1.125
28.0,1.125
28.0,1.125
28.0,1.125
28.0,1.125
28.0,1.125
28.0,1.125
28.0,1.120
28.0,1.120
28.0,1.120
28.0,1.120
28.0,1.120
28.0,1.120
28.0,1.120
28.0,1.120
28.0,1.120
28.0,1.120
28.0,1.120
28.0,1.120
28.0,1.120
28.0,1.120
28.0,1.120
28.0,1.120
28.0,1.120
28.0,1.120
28.0,1.120
28.0,1.120
28.0,1.120
27.9,1.120
27.9,1.120
27.9,1.120
27.9,1.120
27.9,1.120
27.9,1.120
27.9,1.115
27.9,1.115
28.0,1.115
28.0,1.115
28.0,1.115
28.0,1.115
28.0,1.115
28.0,1.115
28.0,1.115
28.0,1.115
28.0,1.115
28.0,1.115
28.0,1.115
28.0,1.115
28.0,1.115
28.0,1.115
28.0,1.115
28.0,1.115
28.0,1.115
27.9,1.115
27.9,1.115
27.9,1.115
27.9,1.115
27.9,1.115
27.9,1.115
27.9,1.115
27.9,1.110
27.9,1.110
27.9,1.110
27.9,1.110
27.9,1.110
27.9,1.110
27.9,1.110
27.9,1.110
27.9,1.110
27.9,1.110
27.9,1.110
27.9,1.110
27.9,1.110
27.9,1.110
27.9,1.110
27.9,1.110
27.9,1.110
27.9,1.110
27.9,1.110
27.9,1.110
27.9,1.110
27.9,1.110
27.9,1.110
27.9,1.110
27.9,1.110
27.9,1.110
27.9,1.105
27.9,1.105
27.9,1.105
27.9,1.105
27.9,1.105
27.9,1.105
27.9,1.105
27.9,1.105
27.9,1.105
27.9,1.105
27.9,1.105
27.9,1.105
27.9,1.105
27.9,1.105
27.9,1.105
27.9,1.105
27.9,1.105
27.9,1.105
27.9,1.105
28.0,1.105
28.0,1.105
28.0,1.105
28.0,1.105
28.0,1.105
28.0,1.100
28.0,1.100
28.0,1.100
28.0,1.100
28.0,1.100
28.0,1.100
28.0,1.100
28.0,1.100
28.0,1.100
28.0,1.100
28.0,1.100
28.0,1.100
28.0,1.100
28.0,1.100
28.0,1.100
28.0,1.100
28.1,1.100
28.1,1.100
28.1,1.100
28.1,1.100
28.1,1.100
28.1,1.100
28.1,1.100
28.1,1.100
28.1,1.100
28.1,1.100
28.1,1.095
28.0,1.095
28.0,1.095
28.0,1.095
28.0,1.095
28.0,1.095
28.0,1.095
28.0,1.095
28.0,1.095
28.0,1.095
28.0,1.095
28.0,1.095
28.0,1.095
28.0,1.095
28.0,1.095
28.0,1.095
28.0,1.095
28.0,1.095
28.0,1.095
28.0,1.095
28.0,1.095
28.0,1.095
28.0,1.095
28.0,1.095
28.0,1.095
28.0,1.095
28.0,1.095
28.0,1.090
28.0,1.090
28.0,1.090
28.0,1.090
28.0,1.090
28.0,1.090
28.0,1.090
28.0,1.090
28.0,1.090
28.0,1.090
28.0,1.090
28.0,1.090
28.0,1.090
28.0,1.090
28.0,1.090
28.0,1.090
28.0,1.090
28.0,1.090
28.0,1.090
28.0,1.090
28.0,1.090
28.0,1.090
28.0,1.090
28.0,1.090
28.0,1.085
28.0,1.085
28.0,1.085
28.0,1.085
28.0,1.085
28.0,1.085
28.0,1.085
28.0,1.085
28.0,1.085
28.0,1.085
28.0,1.085
28.0,1.085
28.0,1.085
28.0,1.085
28.0,1.085
28.0,1.085
28.0,1.085
28.0,1.085
28.0,1.085
28.0,1.085
27.9,1.085
27.9,1.085
27.9,1.085
27.9,1.085
27.9,1.085
27.9,1.085
27.9,1.085
27.9,1.085
27.9,1.085
27.9,1.080
27.9,1.080
27.9,1.080
27.9,1.080
27.9,1.080
27.9,1.080
27.9,1.080
27.9,1.080
27.9,1.080
27.9,1.080
27.9,1.080
27.9,1.080
27.9,1.080
27.9,1.080
27.9,1.080
27.9,1.080
27.9,1.080
27.9,1.080
27.9,1.080
27.9,1.080
27.9,1.080
27.9,1.080
27.9,1.080
27.9,1.080
27.9,1.080
27.9,1.080
27.9,1.080
27.9,1.080
27.9,1.080
27.9,1.080
27.9,1.075
27.9,1.075
27.9,1.075
27.9,1.075
27.9,1.075
27.9,1.075
27.9,1.075
27.9,1.075
27.9,1.075
27.9,1.075
27.8,1.075
27.8,1.075
27.8,1.075
27.8,1.075
27.8,1.075
27.8,1.075
27.8,1.075
27.8,1.075
27.8,1.075
27.8,1.075
27.8,1.075
27.8,1.075
27.8,1.075
27.8,1.075
27.8,1.075
27.8,1.075
27.8,1.075
27.8,1.075
27.8,1.075
27.8,1.075
27.8,1.075
27.8,1.070
27.8,1.070
27.8,1.070
27.8,1.070
27.8,1.070
27.8,1.070
27.8,1.070
27.8,1.070
27.8,1.070
27.8,1.070
27.8,1.070
27.8,1.070
27.8,1.070
27.8,1.070
27.8,1.070
27.8,1.070
27.8,1.070
27.8,1.070
27.8,1.070
27.8,1.070
27.8,1.070
27.8,1.070
27.8,1.070
27.8,1.070
27.8,1.070
27.8,1.070
27.8,1.070
27.8,1.070
27.8,1.070
27.8,1.070
27.8,1.070
27.8,1.070
27.9,1.065
27.9,1.065
27.9,1.065
27.9,1.065
27.9,1.065
27.9,1.065
27.9,1.065
27.9,1.065
27.9,1.065
27.9,1.065
27.9,1.065
27.9,1.065
27.9,1.065
27.9,1.065
27.9,1.065
27.9,1.065
27.9,1.065
27.9,1.065
27.9,1.065
27.9,1.065
27.9,1.065
27.9,1.065
27.9,1.065
27.9,1.065
27.9,1.065
27.9,1.065
27.9,1.065
27.9,1.065
27.9,1.065
27.9,1.065
27.9,1.065
27.9,1.065
27.9,1.065
27.9,1.065
27.8,1.060
27.8,1.060
27.8,1.060
27.8,1.060
27.8,1.060
27.8,1.060
27.8,1.060
27.8,1.060
27.8,1.060
27.8,1.060
27.8,1.060
27.8,1.060
27.8,1.060
27.8,1.060
27.8,1.060
27.8,1.060
27.8,1.060
27.8,1.060
27.8,1.060
27.8,1.060
27.8,1.060
27.7,1.060
27.7,1.060
27.6,1.060
27.7,1.060
27.7,1.060
27.7,1.060
27.7,1.060
27.7,1.060
27.7,1.060
27.6,1.060
27.6,1.060
27.6,1.060
27.6,1.060
27.6,1.060
27.6,1.055
27.6,1.055
27.6,1.055
27.6,1.055
27.6,1.055
27.6,1.055
27.6,1.055
27.6,1.055
27.6,1.055
27.5,1.055
27.5,1.055
27.5,1.055
27.5,1.055
27.5,1.055
27.5,1.055
27.5,1.055
27.5,1.055
27.5,1.055
27.5,1.055
27.5,1.055
27.5,1.055
27.5,1.055
27.5,1.055
27.5,1.055
27.5,1.055
27.5,1.055
27.5,1.055
27.5,1.055
27.6,1.055
27.6,1.055
27.6,1.055
27.6,1.055
27.6,1.055
27.6,1.055
27.6,1.055
27.6,1.050
27.6,1.050
27.6,1.050
27.6,1.050
27.6,1.050
27.6,1.050
27.6,1.050
27.6,1.050
27.7,1.050
27.7,1.050
27.7,1.050
27.7,1.050
27.7,1.050
27.7,1.050
27.7,1.050
27.7,1.050
27.7,1.050
27.7,1.050
27.7,1.050
27.7,1.050
27.7,1.050
27.7,1.050
27.7,1.050
27.7,1.050
27.7,1.050
27.7,1.050
27.7,1.050
27.7,1.050
27.7,1.050
27.7,1.050
27.7,1.050
27.7,1.050
27.7,1.050
27.7,1.050
27.7,1.050
27.7,1.050
27.7,1.050
27.7,1.045
27.7,1.045
27.7,1.045
27.7,1.045
27.7,1.045
27.7,1.045
27.7,1.045
27.7,1.045
27.7,1.045
27.7,1.045
27.7,1.045
27.7,1.045
27.7,1.045
27.7,1.045
27.7,1.045
27.7,1.045
27.7,1.045
27.7,1.045
27.7,1.045
27.7,1.045
27.7,1.045
27.7,1.045
27.7,1.045
27.7,1.045
27.7,1.045
27.7,1.045
27.7,1.045
27.7,1.045
27.7,1.045
27.7,1.045
27.7,1.045
27.7,1.045
27.7,1.045
27.7,1.045
27.7,1.045
27.7,1.045
27.7,1.045
27.7,1.040
27.7,1.040
27.7,1.040
27.7,1.040
27.7,1.040
27.7,1.040
27.7,1.040
27.7,1.040
27.7,1.040
27.7,1.040
27.7,1.040
27.7,1.040
27.7,1.040
27.7,1.040
27.7,1.040
27.7,1.040
27.7,1.040
27.7,1.040
27.7,1.040
27.7,1.040
27.7,1.040
27.7,1.040
27.7,1.040
27.7,1.040
27.7,1.040
27.7,1.040
27.7,1.040
27.7,1.040
27.7,1.040
27.7,1.040
27.7,1.040
27.7,1.040
27.7,1.040
27.7,1.040
27.7,1.040
27.7,1.040
27.7,1.040
27.7,1.040
27.7,1.040
27.7,1.040
27.7,1.040
27.7,1.040
27.7,1.040
27.7,1.040
27.7,1.040
27.7,1.035
27.7,1.035
27.7,1.035
27.7,1.035
27.7,1.035
27.7,1.035
27.7,1.035
27.7,1.035
27.7,1.035
27.7,1.035
27.7,1.035
27.7,1.035
27.7,1.035
27.7,1.035
27.7,1.035
27.7,1.035
27.7,1.035
27.7,1.035
27.7,1.035
27.7,1.035
27.7,1.035
27.7,1.035
27.7,1.035
27.7,1.035
27.7,1.035
27.7,1.035
27.7,1.035
27.7,1.035
27.7,1.035
27.7,1.035
27.7,1.035
27.7,1.035
27.7,1.035
27.7,1.035
27.7,1.035
27.7,1.035
27.7,1.035
27.7,1.035
27.7,1.035
27.7,1.035
27.7,1.035
27.7,1.035
27.7,1.035
27.7,1.035
27.7,1.035
27.7,1.035
27.7,1.035
27.7,1.035
27.7,1.035
27.7,1.035
27.7,1.030
27.7,1.030
27.7,1.030
27.7,1.030
27.7,1.030
27.7,1.030
27.7,1.030
27.7,1.030
27.7,1.030
27.7,1.030
27.7,1.030
27.7,1.030
27.7,1.030
27.7,1.030
27.7,1.030
27.7,1.030
27.7,1.030
27.7,1.030
27.7,1.030
27.7,1.030
27.7,1.030
27.7,1.030
27.7,1.030
27.7,1.030
27.7,1.030
27.7,1.030
27.7,1.030
27.7,1.030
27.7,1.030
27.7,1.030
27.7,1.030
27.7,1.030
27.7,1.030
27.7,1.030
27.7,1.030
27.7,1.030
27.7,1.030
27.7,1.030
27.7,1.030
27.7,1.030
27.7,1.030
27.7,1.030
27.7,1.030
27.7,1.030
27.7,1.030
27.7,1.030
27.7,1.030
27.7,1.030
27.7,1.030
27.7,1.030
27.7,1.030
27.7,1.030
27.7,1.030
27.7,1.030
27.7,1.030
27.7,1.030
27.7,1.030
27.7,1.030
27.7,1.025
27.7,1.025
27.7,1.025
27.7,1.025
27.7,1.025
27.7,1.025
27.7,1.025
27.7,1.025
27.7,1.025
27.7,1.025
27.7,1.025
27.7,1.025
27.7,1.025
27.7,1.025
27.7,1.025
27.7,1.025
27.7,1.025
27.6,1.025
27.6,1.025
27.6,1.025
27.6,1.025
27.6,1.025
27.6,1.025
27.6,1.025
27.6,1.025
27.6,1.025
27.6,1.025
27.6,1.025
27.6,1.025
27.6,1.025
27.6,1.025
27.6,1.025
27.6,1.025
27.6,1.025
27.6,1.025
27.6,1.025
27.6,1.025
27.6,1.025
27.6,1.025
27.6,1.025
27.6,1.025
27.6,1.025
27.6,1.025
27.6,1.025
27.6,1.025
27.6,1.025
27.6,1.025
27.6,1.025
27.6,1.025
27.6,1.025
27.6,1.025
27.6,1.025
27.6,1.025
27.6,1.025
27.6,1.025
27.6,1.020
27.6,1.020
27.6,1.020
27.6,1.020
27.6,1.020
27.6,1.020
27.6,1.020
27.6,1.020
27.6,1.020
27.6,1.020
27.6,1.020
27.6,1.020
27.6,1.020
27.6,1.020
27.6,1.020
27.6,1.020
27.6,1.020
27.6,1.020
27.6,1.020
27.6,1.020
27.6,1.020
27.6,1.020
27.6,1.020
27.6,1.020
27.6,1.020
27.6,1.020
27.6,1.020
27.6,1.020
27.6,1.020
27.6,1.020
27.6,1.020
27.6,1.020
27.6,1.020
27.6,1.020
27.6,1.020
27.6,1.020
27.6,1.020
27.6,1.020
27.6,1.020
27.6,1.020
27.6,1.020
27.6,1.020
27.6,1.020
27.6,1.020
27.6,1.020
27.6,1.020
27.6,1.020
27.6,1.020
27.6,1.020
27.6,1.020
27.6,1.020
27.6,1.020
27.6,1.020
27.6,1.015
27.6,1.015
27.6,1.015
27.6,1.015
27.6,1.015
27.6,1.015
27.6,1.015
27.6,1.015
27.6,1.015
27.6,1.015
27.6,1.015
27.6,1.015
27.5,1.015
27.5,1.015
27.5,1.015
27.5,1.015
27.5,1.015
27.5,1.015
27.5,1.015
27.5,1.015
27.5,1.015
27.5,1.015
27.5,1.015
27.5,1.015
27.5,1.015
27.5,1.015
27.5,1.015
27.5,1.015
27.5,1.015
27.5,1.015
27.5,1.015
27.5,1.015
27.5,1.015
27.5,1.015
27.5,1.015
27.5,1.015
27.5,1.015
27.5,1.015
27.5,1.015
27.5,1.015
27.5,1.015
27.5,1.015
27.5,1.015
27.5,1.015
27.5,1.015
27.5,1.015
27.5,1.015
27.5,1.015
27.5,1.015
27.5,1.015
27.5,1.015
27.5,1.010
27.5,1.010
27.5,1.010
27.5,1.010
27.5,1.010
27.5,1.010
27.5,1.010
27.5,1.010
27.5,1.010
27.5,1.010
27.5,1.010
27.5,1.010
27.5,1.010
27.4,1.010
27.4,1.010
27.4,1.010
27.4,1.010
27.4,1.010
27.4,1.010
27.4,1.010
27.4,1.010
27.4,1.010
27.4,1.010
27.4,1.010
27.4,1.010
27.4,1.010
27.4,1.010
27.4,1.010
27.4,1.010
27.4,1.010
27.4,1.010
27.4,1.010
27.4,1.010
27.4,1.010
27.4,1.010
27.4,1.010
27.4,1.010
27.4,1.010
27.4,1.010
27.4,1.010
27.4,1.010
27.4,1.010
27.4,1.010
27.4,1.010
27.4,1.010
27.4,1.005
27.4,1.005
27.4,1.005
27.4,1.005
27.4,1.005
27.4,1.005
27.4,1.005
27.4,1.005
27.4,1.005
27.4,1.005
27.4,1.005
27.4,1.005
27.4,1.005
27.4,1.005
27.4,1.005
27.4,1.005
27.4,1.005
27.4,1.005
27.4,1.005
27.4,1.005
27.4,1.005
27.4,1.005
27.4,1.005
27.4,1.005
27.4,1.005
27.4,1.005
27.4,1.005
27.4,1.005
27.4,1.005
27.4,1.005
27.4,1.005
27.4,1.005
27.4,1.005
27.4,1.005
27.4,1.005
27.4,1.005
27.4,1.005
27.4,1.005
27.4,1.005
27.4,1.005
27.4,1.005
27.4,1.005
27.4,1.005
27.4,1.005
27.4,1.005
27.4,1.005
27.4,1.005
27.4,1.000
27.4,1.000
27.4,1.000
27.4,1.000
27.4,1.000
27.4,1.000
27.4,1.000
27.4,1.000
27.4,1.000
27.4,1.000
27.4,1.000
27.4,1.000
27.4,1.000
27.4,1.000
27.4,1.000
27.4,1.000
27.4,1.000
27.4,1.000
27.4,1.000
27.4,1.000
27.4,1.000
27.4,1.000
27.4,1.000
27.4,1.000
27.4,1.000
27.4,1.000
27.4,1.000
27.4,1.000
27.4,1.000
27.4,1.000
27.4,1.000
27.4,1.000
27.4,1.000
27.4,1.000
27.4,1.000
27.4,1.000
27.4,1.000
27.4,1.000
27.4,1.000
27.4,1.000
27.4,1.000
27.4,1.000
27.4,1.000
27.4,1.000
27.4,1.000
27.4,1.000
27.4,0.995
27.4,0.995
27.4,0.995
27.4,0.995
27.4,0.995
27.4,0.995
27.4,0.995
27.4,0.995
27.4,0.995
27.4,0.995
27.4,0.995
27.4,0.995
27.4,0.995
27.4,0.995
27.4,0.995
27.4,0.995
27.3,0.995
27.3,0.995
27.3,0.995
27.3,0.995
27.3,0.995
27.3,0.995
27.3,0.995
27.3,0.995
27.3,0.995
27.3,0.995
27.3,0.995
27.3,0.995
27.3,0.995
27.3,0.995
27.3,0.995
27.3,0.995
27.3,0.995
27.3,0.995
27.3,0.995
27.3,0.995
27.3,0.995
27.3,0.995
27.3,0.995
27.3,0.995
27.3,0.995
27.3,0.995
27.3,0.995
27.3,0.990
27.3,0.990
27.3,0.990
27.3,0.990
27.3,0.990
27.3,0.990
27.3,0.990
27.3,0.990
27.3,0.990
27.3,0.990
27.3,0.990
27.3,0.990
27.3,0.990
27.3,0.990
27.3,0.990
27.3,0.990
27.3,0.990
27.3,0.990
27.3,0.990
27.3,0.990
27.3,0.990
27.3,0.990
27.3,0.990
27.3,0.990
27.3,0.990
27.4,0.990
27.4,0.990
27.4,0.990
27.4,0.990
27.4,0.990
27.4,0.990
27.4,0.990
27.4,0.990
27.4,0.990
27.4,0.990
27.4,0.990
27.4,0.990
27.4,0.990
27.4,0.990
27.4,0.990
27.4,0.990
27.4,0.985
27.4,0.985
27.4,0.985
27.4,0.985
27.4,0.985
27.4,0.985
27.4,0.985
27.4,0.985
27.4,0.985
27.4,0.985
27.4,0.985
27.4,0.985
27.4,0.985
27.4,0.985
27.4,0.985
27.4,0.985
27.4,0.985
27.4,0.985
27.4,0.985
27.4,0.985
27.4,0.985
27.4,0.985
27.4,0.985
27.4,0.985
27.4,0.985
27.4,0.985
27.4,0.985
27.4,0.985
27.4,0.985
27.4,0.985
27.4,0.985
27.4,0.985
27.4,0.985
27.4,0.985
27.4,0.985
27.4,0.985
27.4,0.985
27.4,0.985
27.4,0.985
27.4,0.985
27.4,0.985
27.4,0.985
27.4,0.980
27.4,0.980
27.4,0.980
27.4,0.980
27.4,0.980
27.4,0.980
27.4,0.980
27.4,0.980
27.4,0.980
27.4,0.980
27.4,0.980
27.4,0.980
27.4,0.980
27.4,0.980
27.4,0.980
27.3,0.980
27.3,0.980
27.3,0.980
27.3,0.980
27.3,0.980
27.3,0.980
27.3,0.980
27.3,0.980
27.3,0.980
27.3,0.980
27.3,0.980
27.3,0.980
27.3,0.980
27.3,0.980
27.3,0.980
27.3,0.980
27.3,0.980
27.3,0.980
27.3,0.980
27.3,0.980
27.3,0.980
27.3,0.980
27.2,0.980
27.2,0.980
27.2,0.980
27.2,0.980
27.2,0.980
27.2,0.975
27.2,0.975
27.2,0.975
27.2,0.975
27.2,0.975
27.2,0.975
27.2,0.975
27.2,0.975
27.2,0.975
27.3,0.975
27.3,0.975
27.3,0.975
27.2,0.975
27.2,0.975
27.2,0.975
27.2,0.975
27.2,0.975
27.2,0.975
27.2,0.975
27.2,0.975
27.2,0.975
27.2,0.975
27.2,0.975
27.2,0.975
27.2,0.975
27.2,0.975
27.2,0.975
27.2,0.975
27.2,0.975
27.2,0.975
27.2,0.975
27.2,0.975
27.2,0.975
27.2,0.975
27.2,0.975
27.2,0.975
27.2,0.975
27.2,0.975
27.2,0.975
27.2,0.975
27.2,0.975
27.2,0.975
27.2,0.975
27.2,0.975
27.2,0.970
27.2,0.970
27.2,0.970
27.2,0.970
27.2,0.970
27.2,0.970
27.2,0.970
27.2,0.970
27.2,0.970
27.2,0.970
27.2,0.970
27.2,0.970
27.2,0.970
27.2,0.970
27.2,0.970
27.2,0.970
27.2,0.970
27.2,0.970
27.2,0.970
27.2,0.970
27.2,0.970
27.2,0.970
27.2,0.970
27.2,0.970
27.2,0.970
27.2,0.970
27.2,0.970
27.2,0.970
27.2,0.970
27.2,0.970
27.2,0.970
27.2,0.970
27.2,0.970
27.2,0.970
27.2,0.970
27.2,0.970
27.2,0.970
27.2,0.970
27.2,0.970
27.2,0.970
27.2,0.970
27.2,0.970
27.2,0.970
27.2,0.970
27.2,0.970
27.2,0.965
27.2,0.965
27.2,0.965
27.2,0.965
27.2,0.965
27.2,0.965
27.2,0.965
27.2,0.965
27.2,0.965
27.2,0.965
27.2,0.965
27.2,0.965
27.2,0.965
27.2,0.965
27.2,0.965
27.2,0.965
27.2,0.965
27.2,0.965
27.2,0.965
27.2,0.965
27.2,0.965
27.2,0.965
27.2,0.965
27.2,0.965
27.2,0.965
27.2,0.965
27.2,0.965
27.2,0.965
27.2,0.965
27.2,0.965
27.2,0.965
27.2,0.965
27.2,0.965
27.2,0.965
27.2,0.965
27.2,0.965
27.2,0.965
27.2,0.965
27.2,0.965
27.2,0.965
27.2,0.965
27.2,0.965
27.2,0.965
27.2,0.960
27.2,0.960
27.2,0.960
27.2,0.960
27.2,0.960
27.2,0.960
27.2,0.960
27.2,0.960
27.2,0.960
27.2,0.960
27.2,0.960
27.2,0.960
27.2,0.960
27.2,0.960
27.2,0.960
27.2,0.960
27.2,0.960
27.2,0.960
27.2,0.960
27.2,0.960
27.2,0.960
27.2,0.960
27.2,0.960
27.2,0.960
27.2,0.960
27.2,0.960
27.2,0.960
27.2,0.960
27.2,0.960
27.2,0.960
27.2,0.960
27.2,0.960
27.2,0.960
27.2,0.960
27.2,0.960
27.2,0.960
27.2,0.960
27.2,0.960
27.2,0.960
27.2,0.960
27.2,0.960
27.2,0.960
27.1,0.960
27.1,0.960
27.1,0.960
27.1,0.960
27.1,0.960
27.1,0.960
27.1,0.955
27.1,0.955
27.1,0.955
27.1,0.955
27.1,0.955
27.1,0.955
27.1,0.955
27.1,0.955
27.1,0.955
27.1,0.955
27.1,0.955
27.1,0.955
27.1,0.955
27.1,0.955
27.1,0.955
27.1,0.955
27.1,0.955
27.1,0.955
27.1,0.955
27.1,0.955
27.1,0.955
27.1,0.955
27.1,0.955
27.1,0.955
27.1,0.955
27.1,0.955
27.1,0.955
27.1,0.955
27.1,0.955
27.1,0.955
27.1,0.955
27.1,0.955
27.1,0.955
27.1,0.955
27.1,0.955
27.1,0.955
27.1,0.955
27.1,0.955
27.1,0.955
27.1,0.955
27.1,0.955
27.1,0.955
27.1,0.955
27.1,0.955
27.1,0.955
27.1,0.955
27.1,0.950
27.1,0.950
27.1,0.950
27.1,0.950
27.1,0.950
27.1,0.950
27.1,0.950
27.1,0.950
27.1,0.950
27.1,0.950
27.1,0.950
27.1,0.950
27.1,0.950
27.1,0.950
27.1,0.950
27.1,0.950
27.1,0.950
27.1,0.950
27.1,0.950
27.1,0.950
27.1,0.950
27.1,0.950
27.1,0.950
27.1,0.950
27.1,0.950
27.1,0.950
27.1,0.950
27.1,0.950
27.1,0.950
27.1,0.950
27.1,0.950
27.1,0.950
27.1,0.950
27.1,0.950
27.1,0.950
27.1,0.950
27.1,0.950
27.1,0.950
27.1,0.950
27.1,0.950
27.1,0.950
27.1,0.950
27.1,0.950
27.1,0.950
27.1,0.950
27.1,0.950
27.1,0.945
27.1,0.945
27.1,0.945
27.1,0.945
27.1,0.945
27.1,0.945
27.1,0.945
27.1,0.945
27.1,0.945
27.1,0.945
27.1,0.945
27.1,0.945
27.1,0.945
27.1,0.945
27.1,0.945
27.1,0.945
27.1,0.945
27.1,0.945
27.1,0.945
27.1,0.945
27.1,0.945
27.1,0.945
27.1,0.945
27.1,0.945
27.1,0.945
27.1,0.945
27.1,0.945
27.1,0.945
27.1,0.945
27.1,0.945
27.1,0.945
27.1,0.945
27.1,0.945
27.1,0.945
27.1,0.945
27.0,0.945
27.0,0.945
27.0,0.945
27.0,0.945
27.0,0.945
27.0,0.945
27.0,0.945
27.0,0.945
27.0,0.945
27.0,0.945
27.0,0.945
27.0,0.945
27.0,0.945
27.0,0.940
27.0,0.940
27.0,0.940
27.0,0.940
27.0,0.940
27.0,0.940
26.9,0.940
26.9,0.940
26.9,0.940
26.9,0.940
26.9,0.940
26.9,0.940
26.9,0.940
26.9,0.940
26.9,0.940
26.9,0.940
26.9,0.940
26.9,0.940
26.9,0.940
26.9,0.940
26.9,0.940
26.9,0.940
26.9,0.940
26.9,0.940
26.9,0.940
26.9,0.940
26.9,0.940
26.9,0.940
26.9,0.940
26.9,0.940
26.9,0.940
26.9,0.940
26.9,0.940
26.9,0.940
26.9,0.940
26.9,0.940
26.9,0.940
26.9,0.940
26.9,0.940
26.9,0.940
26.9,0.940
26.9,0.940
26.9,0.940
26.9,0.940
26.9,0.940
26.9,0.940
26.9,0.940
26.9,0.940
26.9,0.940
26.9,0.940
26.9,0.940
26.9,0.940
26.9,0.935
26.9,0.935
26.9,0.935
26.9,0.935
26.9,0.935
26.9,0.935
26.9,0.935
26.9,0.935
26.9,0.935
26.9,0.935
26.9,0.935
26.9,0.935
26.9,0.935
26.9,0.935
26.9,0.935
26.9,0.935
26.9,0.935
26.9,0.935
26.9,0.935
26.9,0.935
26.9,0.935
26.9,0.935
26.9,0.935
26.9,0.935
26.9,0.935
26.9,0.935
26.9,0.935
26.9,0.935
26.9,0.935
26.9,0.935
26.9,0.935
26.9,0.935
26.9,0.935
26.9,0.935
26.9,0.935
26.9,0.935
26.9,0.935
26.9,0.935
26.9,0.935
26.9,0.935
26.9,0.935
26.9,0.935
26.9,0.935
26.9,0.935
26.9,0.935
26.9,0.935
26.9,0.935
26.9,0.935
26.9,0.935
26.9,0.935
26.9,0.935
26.9,0.935
26.9,0.930
26.9,0.930
26.9,0.930
26.9,0.930
26.9,0.930
26.9,0.930
26.9,0.930
26.9,0.930
26.9,0.930
26.9,0.930
26.9,0.930
26.9,0.930
26.9,0.930
26.9,0.930
26.8,0.930
26.8,0.930
26.8,0.930
26.8,0.930
26.8,0.930
26.8,0.930
26.8,0.930
26.8,0.930
26.8,0.930
26.9,0.930
26.9,0.930
26.9,0.930
26.9,0.930
26.9,0.930
26.9,0.930
26.9,0.930
26.9,0.930
26.9,0.930
26.9,0.930
26.9,0.930
26.9,0.930
26.9,0.930
26.9,0.930
26.9,0.930
26.9,0.930
26.9,0.930
26.9,0.930
26.9,0.930
26.9,0.930
26.9,0.930
26.9,0.930
26.9,0.930
26.9,0.930
26.9,0.930
26.9,0.930
26.9,0.930
26.9,0.930
26.9,0.925
26.9,0.925
26.9,0.925
26.9,0.925
26.9,0.925
26.9,0.925
27.0,0.925
27.0,0.925
27.0,0.925
27.0,0.925
27.0,0.925
27.0,0.925
27.0,0.925
27.0,0.925
27.0,0.925
27.0,0.925
27.0,0.925
27.0,0.925
27.0,0.925
27.0,0.925
27.0,0.925
27.0,0.925
27.0,0.925
26.9,0.925
26.9,0.925
26.9,0.925
26.9,0.925
26.9,0.925
26.9,0.925
26.9,0.925
26.9,0.925
26.9,0.925
26.9,0.925
26.9,0.925
26.9,0.925
26.9,0.925
26.9,0.925
26.9,0.925
26.9,0.925
26.9,0.925
26.9,0.925
26.9,0.925
26.9,0.925
26.9,0.925
26.9,0.925
26.9,0.925
26.9,0.925
26.9,0.925
26.9,0.925
26.9,0.925
26.9,0.925
26.9,0.925
26.9,0.925
26.9,0.925
26.9,0.925
26.9,0.925
26.9,0.925
26.9,0.925
26.9,0.925
26.9,0.925
26.9,0.925
26.9,0.920
26.9,0.920
26.9,0.920
26.9,0.920
26.9,0.920
26.9,0.920
26.9,0.920
26.9,0.920
26.9,0.920
26.9,0.920
26.9,0.920
26.9,0.920
26.9,0.920
26.9,0.920
26.9,0.920
26.9,0.920
26.9,0.920
26.9,0.920
26.9,0.920
26.9,0.920
26.9,0.920
26.8,0.920
26.9,0.920
26.9,0.920
26.9,0.920
26.9,0.920
26.9,0.920
26.9,0.920
26.9,0.920
26.9,0.920
26.9,0.920
26.9,0.920
26.9,0.920
26.9,0.920
26.9,0.920
26.9,0.920
26.9,0.920
26.9,0.920
26.9,0.920
26.9,0.920
26.9,0.920
26.9,0.920
26.9,0.920
26.9,0.920
26.9,0.920
26.8,0.920
26.8,0.920
26.8,0.920
26.8,0.920
26.8,0.920
26.8,0.920
26.8,0.920
26.8,0.920
26.8,0.920
26.8,0.920
26.8,0.920
26.8,0.920
26.8,0.920
26.8,0.920
26.8,0.920
26.8,0.920
26.8,0.920
26.8,0.920
26.8,0.920
26.8,0.920
26.8,0.920
26.8,0.920
26.8,0.920
26.8,0.920
26.8,0.915
26.8,0.915
26.8,0.915
26.8,0.915
26.8,0.915
26.8,0.915
26.8,0.915
26.8,0.915
26.8,0.915
26.8,0.915
26.8,0.915
26.8,0.915
26.8,0.915
26.8,0.915
26.7,0.915
26.8,0.915
26.8,0.915
26.8,0.915
26.8,0.915
26.8,0.915
26.8,0.915
26.8,0.915
26.8,0.915
26.8,0.915
26.8,0.915
26.8,0.915
26.8,0.915
26.8,0.915
26.8,0.915
26.8,0.915
26.8,0.915
26.8,0.915
26.8,0.915
26.8,0.915
26.8,0.915
26.8,0.915
26.8,0.915
26.8,0.915
26.8,0.915
26.8,0.915
26.8,0.915
26.8,0.915
26.8,0.915
26.8,0.915
26.8,0.915
26.8,0.915
26.8,0.915
26.8,0.915
26.8,0.915
26.8,0.915
26.8,0.915
26.8,0.915
26.8,0.915
26.8,0.915
26.8,0.915
26.8,0.915
26.8,0.915
26.8,0.915
26.8,0.915
26.8,0.915
26.8,0.915
26.8,0.915
26.8,0.915
26.8,0.915
26.8,0.915
26.8,0.915
26.8,0.915
26.8,0.915
26.8,0.915
26.7,0.915
26.7,0.915
26.7,0.915
26.7,0.915
26.7,0.915
26.7,0.915
26.7,0.910
26.7,0.910
26.7,0.910
26.7,0.910
26.7,0.910
26.7,0.910
26.8,0.910
26.8,0.910
26.8,0.910
26.8,0.910
26.8,0.910
26.8,0.910
26.8,0.910
26.8,0.910
26.8,0.910
26.8,0.910
26.8,0.910
26.8,0.910
26.8,0.910
26.8,0.910
26.8,0.910
26.8,0.910
26.8,0.910
26.8,0.910
26.8,0.910
26.8,0.910
26.8,0.910
26.8,0.910
26.8,0.910
26.8,0.910
26.8,0.910
26.8,0.910
26.8,0.910
26.9,0.910
26.9,0.910
26.9,0.910
26.9,0.910
26.9,0.910
26.9,0.910
26.9,0.910
26.9,0.910
26.9,0.910
26.9,0.910
26.9,0.910
26.9,0.910
26.9,0.910
26.9,0.910
26.9,0.910
26.9,0.910
26.9,0.910
26.9,0.910
26.9,0.910
26.9,0.910
26.9,0.910
26.9,0.910
26.9,0.910
26.9,0.910
26.9,0.910
26.9,0.910
26.9,0.910
26.9,0.910
26.9,0.910
26.9,0.910
26.9,0.910
26.9,0.910
26.9,0.910
26.9,0.910
26.9,0.910
26.9,0.910
26.9,0.910
26.9,0.910
26.9,0.910
26.9,0.910
26.9,0.910
26.9,0.910
26.9,0.910
26.9,0.905
26.9,0.905
26.9,0.905
26.9,0.905
26.9,0.905
26.8,0.905
26.8,0.905
26.8,0.905
26.8,0.905
26.8,0.905
26.8,0.905
26.8,0.905
26.8,0.905
26.8,0.905
26.8,0.905
26.8,0.905
26.8,0.905
26.8,0.905
26.8,0.905
26.8,0.905
26.8,0.905
26.8,0.905
26.8,0.905
26.8,0.905
26.8,0.905
26.8,0.905
26.8,0.905
26.8,0.905
26.8,0.905
26.8,0.905
26.8,0.905
26.8,0.905
26.8,0.905
26.8,0.905
26.8,0.905
26.8,0.905
26.8,0.905
26.8,0.905
26.8,0.905
26.8,0.905
26.8,0.905
26.7,0.905
26.7,0.905
26.7,0.905
26.7,0.905
26.7,0.905
26.7,0.905
26.7,0.905
26.7,0.905
26.7,0.905
26.7,0.905
26.7,0.905
26.7,0.905
26.7,0.905
26.7,0.905
26.7,0.905
26.7,0.905
26.7,0.905
26.7,0.905
26.7,0.905
26.7,0.905
26.7,0.905
26.7,0.905
26.7,0.905
26.7,0.905
26.7,0.905
26.7,0.905
26.7,0.905
26.7,0.905
26.7,0.905
26.7,0.905
26.7,0.905
26.7,0.905
26.7,0.905
26.7,0.905
26.7,0.905
26.7,0.905
26.7,0.905
26.7,0.905
26.7,0.905
26.7,0.905
26.7,0.900
26.7,0.900
26.7,0.900
26.7,0.900
26.7,0.900
26.7,0.900
26.7,0.900
26.7,0.900
26.7,0.900
26.7,0.900
26.7,0.900
26.7,0.900
26.7,0.900
26.7,0.900
26.7,0.900
26.7,0.900
26.7,0.900
26.7,0.900
26.7,0.900
26.7,0.900
26.7,0.900
26.7,0.900
26.7,0.900
26.7,0.900
26.7,0.900
26.7,0.900
26.7,0.900
26.7,0.900
26.7,0.900
26.7,0.900
26.7,0.900
26.7,0.900
26.7,0.900
26.7,0.900
26.6,0.900
26.6,0.900
26.6,0.900
26.6,0.900
26.6,0.900
26.6,0.900
26.6,0.900
26.6,0.900
26.6,0.900
26.6,0.900
26.6,0.900
26.6,0.900
26.6,0.900
26.6,0.900
26.6,0.900
26.6,0.900
26.6,0.900
26.6,0.900
26.6,0.900
26.6,0.900
26.6,0.900
26.6,0.900
26.6,0.900
26.6,0.900
26.6,0.900
26.6,0.900
26.6,0.900
26.6,0.900
26.6,0.900
26.6,0.900
26.6,0.900
26.6,0.900
26.6,0.900
26.6,0.900
26.6,0.900
26.6,0.900
26.6,0.900
26.6,0.900
26.6,0.900
26.6,0.900
26.6,0.900
26.6,0.900
26.6,0.900
26.6,0.900
26.6,0.900
26.6,0.900
26.6,0.900
26.6,0.900
26.6,0.895
26.6,0.895
26.6,0.895
26.6,0.895
26.6,0.895
26.6,0.895
26.6,0.895
26.6,0.895
26.6,0.895
26.6,0.895
26.6,0.895
26.6,0.895
26.6,0.895
26.6,0.895
26.6,0.895
26.6,0.895
26.6,0.895
26.6,0.895
26.6,0.895
26.6,0.895
26.6,0.895
26.6,0.895
26.6,0.895
26.6,0.895
26.6,0.895
26.6,0.895
26.6,0.895
26.6,0.895
26.6,0.895
26.6,0.895
26.6,0.895
26.6,0.895
26.6,0.895
26.6,0.895
26.6,0.895
26.6,0.895
26.6,0.895
26.6,0.895
26.6,0.895
26.6,0.895
26.6,0.895
26.6,0.895
26.6,0.895
26.6,0.895
26.6,0.895
26.6,0.895
26.6,0.895
26.6,0.895
26.6,0.895
26.6,0.895
26.6,0.895
26.6,0.895
26.6,0.895
26.6,0.895
26.6,0.895
26.6,0.895
26.6,0.895
26.6,0.895
26.6,0.895
26.6,0.895
26.6,0.895
26.6,0.895
26.6,0.895
26.6,0.895
26.6,0.895
26.6,0.895
26.6,0.895
26.6,0.895
26.6,0.895
26.6,0.895
26.6,0.895
26.6,0.895
26.6,0.895
26.6,0.895
26.6,0.895
26.6,0.895
26.6,0.895
26.6,0.895
26.6,0.895
26.6,0.890
26.6,0.890
26.6,0.890
26.6,0.890
26.6,0.890
26.6,0.890
26.6,0.890
26.6,0.890
26.6,0.890
26.6,0.890
26.6,0.890
26.6,0.890
26.6,0.890
26.6,0.890
26.6,0.890
26.6,0.890
26.6,0.890
26.6,0.890
26.6,0.890
26.6,0.890
26.6,0.890
26.6,0.890
26.6,0.890
26.6,0.890
26.6,0.890
26.6,0.890
26.6,0.890
26.6,0.890
26.6,0.890
26.6,0.890
26.6,0.890
26.6,0.890
26.6,0.890
26.6,0.890
26.6,0.890
26.6,0.890
26.6,0.890
26.6,0.890
26.6,0.890
26.6,0.890
26.6,0.890
26.5,0.890
26.5,0.890
26.5,0.890
26.5,0.890
26.5,0.890
26.5,0.890
26.5,0.890
26.5,0.890
26.5,0.890
26.5,0.890
26.5,0.890
26.5,0.890
26.5,0.890
26.5,0.890
26.5,0.890
26.5,0.890
26.5,0.890
26.5,0.890
26.5,0.890
26.5,0.890
26.5,0.890
26.5,0.890
26.5,0.890
26.5,0.890
26.5,0.890
26.5,0.890
26.5,0.890
26.5,0.890
26.5,0.890
26.5,0.890
26.5,0.885
26.5,0.885
26.5,0.885
26.5,0.885
26.5,0.885
26.5,0.885
26.5,0.885
26.5,0.885
26.5,0.885
26.5,0.885
26.5,0.885
26.5,0.885
26.5,0.885
26.5,0.885
26.5,0.885
26.5,0.885
26.5,0.885
26.5,0.885
26.5,0.885
26.5,0.885
26.5,0.885
26.5,0.885
26.5,0.885
26.5,0.885
26.5,0.885
26.5,0.885
26.5,0.885
26.5,0.885
26.5,0.885
26.5,0.885
26.5,0.885
26.5,0.885
26.5,0.885
26.5,0.885
26.5,0.885
26.5,0.885
26.5,0.885
26.5,0.885
26.5,0.885
26.5,0.885
26.5,0.885
26.5,0.885
26.5,0.885
26.5,0.885
26.5,0.885
26.5,0.885
26.5,0.885
26.5,0.885
26.5,0.885
26.5,0.885
26.5,0.885
26.5,0.885
26.5,0.885
26.5,0.885
26.5,0.885
26.5,0.885
26.5,0.885
26.5,0.885
26.5,0.885
26.5,0.885
26.5,0.885
26.5,0.885
26.5,0.885
26.5,0.880
26.5,0.880
26.5,0.880
26.5,0.880
26.5,0.880
26.5,0.880
26.5,0.880
26.5,0.880
26.5,0.880
26.5,0.880
26.5,0.880
26.5,0.880
26.5,0.880
26.5,0.880
26.5,0.880
26.5,0.880
26.5,0.880
26.5,0.880
26.5,0.880
26.5,0.880
26.5,0.880
26.5,0.880
26.5,0.880
26.5,0.880
26.5,0.880
26.5,0.880
26.5,0.880
26.5,0.880
26.5,0.880
26.5,0.880
26.5,0.880
26.5,0.880
26.5,0.880
26.5,0.880
26.5,0.880
26.5,0.880
26.5,0.880
26.5,0.880
26.5,0.880
26.5,0.880
26.5,0.880
26.5,0.880
26.5,0.880
26.5,0.880
26.5,0.880
26.5,0.880
26.5,0.880
26.5,0.880
26.5,0.880
26.5,0.880
26.5,0.880
26.5,0.880
26.5,0.880
26.5,0.880
26.4,0.880
26.4,0.880
26.4,0.880
26.4,0.880
26.4,0.880
26.4,0.880
26.4,0.880
26.4,0.880
26.4,0.880
26.4,0.880
26.4,0.875
26.4,0.875
26.4,0.875
26.4,0.875
26.4,0.875
26.4,0.875
26.4,0.875
26.4,0.875
26.4,0.875
26.4,0.875
26.4,0.875
26.4,0.875
26.4,0.875
26.4,0.875
26.4,0.875
26.4,0.875
26.4,0.875
26.4,0.875
26.4,0.875
26.4,0.875
26.4,0.875
26.4,0.875
26.4,0.875
26.4,0.875
26.4,0.875
26.4,0.875
26.4,0.875
26.4,0.875
26.5,0.875
26.5,0.875
26.5,0.875
26.5,0.875
26.5,0.875
26.5,0.875
26.5,0.875
26.5,0.875
26.5,0.875
26.5,0.875
26.5,0.875
26.5,0.875
26.5,0.875
26.5,0.875
26.5,0.875
26.5,0.875
26.5,0.875
26.5,0.875
26.5,0.875
26.5,0.875
26.5,0.875
26.5,0.875
26.5,0.875
26.5,0.875
26.5,0.875
26.5,0.875
26.5,0.875
26.5,0.875
26.5,0.870
26.5,0.870
26.5,0.870
26.5,0.870
26.5,0.870
26.5,0.870
26.5,0.870
26.5,0.870
26.5,0.870
26.5,0.870
26.5,0.870
26.5,0.870
26.5,0.870
26.5,0.870
26.5,0.870
26.5,0.870
26.5,0.870
26.5,0.870
26.5,0.870
26.5,0.870
26.5,0.870
26.5,0.870
26.5,0.870
26.5,0.870
26.5,0.870
26.4,0.870
26.4,0.870
26.4,0.870
26.4,0.870
26.4,0.870
26.4,0.870
26.4,0.870
26.4,0.870
26.4,0.870
26.4,0.870
26.4,0.870
26.3,0.870
26.3,0.870
26.3,0.870
26.3,0.870
26.3,0.870
26.3,0.870
26.3,0.870
26.4,0.870
26.4,0.870
26.4,0.870
26.4,0.870
26.4,0.870
26.4,0.870
26.4,0.870
26.4,0.870
26.4,0.865
26.4,0.865
26.4,0.865
26.4,0.865
26.4,0.865
26.4,0.865
26.4,0.865
26.4,0.865
26.4,0.865
26.4,0.865
26.4,0.865
26.4,0.865
26.4,0.865
26.4,0.865
26.4,0.865
26.4,0.865
26.4,0.865
26.4,0.865
26.4,0.865
26.4,0.865
26.4,0.865
26.4,0.865
26.4,0.865
26.4,0.865
26.4,0.865
26.4,0.865
26.4,0.865
26.4,0.865
26.4,0.865
26.4,0.865
26.4,0.865
26.4,0.865
26.4,0.865
26.4,0.865
26.4,0.865
26.4,0.865
26.4,0.865
26.4,0.865
26.4,0.865
26.4,0.865
26.4,0.865
26.4,0.865
26.4,0.865
26.4,0.865
26.4,0.865
26.5,0.860
26.5,0.860
26.5,0.860
26.5,0.860
26.5,0.860
26.5,0.860
26.5,0.860
26.5,0.860
26.5,0.860
26.5,0.860
26.5,0.860
26.5,0.860
26.5,0.860
26.5,0.860
26.5,0.860
26.5,0.860
26.5,0.860
26.5,0.860
26.5,0.860
26.5,0.860
26.5,0.860
26.5,0.860
26.5,0.860
26.5,0.860
26.5,0.860
26.5,0.860
26.5,0.860
26.5,0.860
26.5,0.860
26.5,0.860
26.5,0.860
26.5,0.860
26.5,0.860
26.5,0.860
26.5,0.860
26.5,0.860
26.5,0.860
26.5,0.860
26.5,0.860
26.5,0.860
26.5,0.860
26.5,0.860
26.5,0.860
26.5,0.860
26.5,0.860
26.5,0.860
26.5,0.860
26.6,0.860
26.6,0.855
26.6,0.855
26.6,0.855
26.6,0.855
26.6,0.855
26.6,0.855
26.6,0.855
26.6,0.855
26.6,0.855
26.6,0.855
26.6,0.855
26.6,0.855
26.6,0.855
26.6,0.855
26.6,0.855
26.6,0.855
26.6,0.855
26.6,0.855
26.6,0.855
26.6,0.855
26.6,0.855
26.6,0.855
26.6,0.855
26.6,0.855
26.6,0.855
26.6,0.855
26.6,0.855
26.6,0.855
26.6,0.855
26.6,0.855
26.6,0.855
26.6,0.855
26.6,0.855
26.6,0.855
26.6,0.855
26.6,0.855
26.6,0.855
26.6,0.855
26.6,0.855
26.6,0.855
26.6,0.855
26.6,0.855
26.6,0.855
26.6,0.855
26.6,0.855
26.6,0.855
26.6,0.855
26.6,0.855
26.6,0.855
26.6,0.855
26.6,0.855
26.6,0.855
26.6,0.855
26.6,0.855
26.6,0.850
26.6,0.850
26.6,0.850
26.6,0.850
26.6,0.850
26.6,0.850
26.6,0.850
26.6,0.850
26.6,0.850
26.6,0.850
26.6,0.850
26.6,0.850
26.6,0.850
26.6,0.850
26.6,0.850
26.6,0.850
26.6,0.850
26.6,0.850
26.6,0.850
26.6,0.850
26.6,0.850
26.6,0.850
26.6,0.850
26.6,0.850
26.6,0.850
26.6,0.850
26.6,0.850
26.6,0.850
26.6,0.850
26.6,0.850
26.6,0.850
26.6,0.850
26.6,0.850
26.6,0.850
26.6,0.850
26.6,0.850
26.6,0.850
26.6,0.850
26.6,0.850
26.6,0.850
26.6,0.850
26.6,0.850
26.6,0.850
26.6,0.850
26.6,0.850
26.6,0.850
26.6,0.850
26.6,0.850
26.6,0.850
26.6,0.850
26.6,0.850
26.6,0.850
26.6,0.845
26.6,0.845
26.6,0.845
26.6,0.845
26.6,0.845
26.6,0.845
26.6,0.845
26.6,0.845
26.6,0.845
26.6,0.845
26.6,0.845
26.6,0.845
26.6,0.845
26.6,0.845
26.6,0.845
26.6,0.845
26.6,0.845
26.6,0.845
26.6,0.845
26.6,0.845
26.6,0.845
26.6,0.845
26.6,0.845
26.6,0.845
26.6,0.845
26.6,0.845
26.6,0.845
26.6,0.845
26.6,0.845
26.6,0.845
26.6,0.845
26.6,0.845
26.6,0.845
26.6,0.845
26.6,0.845
26.6,0.845
26.6,0.845
26.6,0.845
26.6,0.845
26.6,0.845
26.6,0.845
26.6,0.845
26.6,0.845
26.6,0.845
26.6,0.845
26.6,0.845
26.6,0.845
26.6,0.845
26.6,0.845
26.6,0.845
26.6,0.845
26.6,0.845
26.6,0.845
26.6,0.845
26.6,0.845
26.6,0.845
26.6,0.845
26.6,0.845
26.6,0.840
26.6,0.840
26.6,0.840
26.6,0.840
26.6,0.840
26.6,0.840
26.6,0.840
26.6,0.840
26.6,0.840
26.6,0.840
26.6,0.840
26.6,0.840
26.6,0.840
26.6,0.840
26.6,0.840
26.6,0.840
26.6,0.840
26.6,0.840
26.6,0.840
26.6,0.840
26.6,0.840
26.6,0.840
26.6,0.840
26.6,0.840
26.6,0.840
26.6,0.840
26.6,0.840
26.6,0.840
26.6,0.840
26.6,0.840
26.6,0.840
26.6,0.840
26.6,0.840
26.6,0.840
26.6,0.840
26.6,0.840
26.6,0.840
26.6,0.840
26.6,0.840
26.6,0.840
26.6,0.840
26.6,0.840
26.6,0.840
26.6,0.840
26.6,0.840
26.6,0.840
26.6,0.840
26.6,0.840
26.6,0.840
26.6,0.840
26.6,0.840
26.6,0.840
26.6,0.840
26.6,0.840
26.6,0.840
26.6,0.840
26.6,0.840
26.6,0.840
26.6,0.840
26.6,0.835
26.6,0.835
26.6,0.835
26.6,0.835
26.6,0.835
26.6,0.835
26.7,0.835
26.7,0.835
26.7,0.835
26.7,0.835
26.7,0.835
26.7,0.835
26.7,0.835
26.7,0.835
26.7,0.835
26.7,0.835
26.7,0.835
26.7,0.835
26.7,0.835
26.7,0.835
26.7,0.835
26.7,0.835
26.7,0.835
26.7,0.835
26.7,0.835
26.6,0.835
26.6,0.835
26.6,0.835
26.6,0.835
26.6,0.835
26.6,0.835
26.6,0.835
26.6,0.835
26.6,0.835
26.6,0.835
26.6,0.835
26.6,0.835
26.5,0.835
26.5,0.835
26.5,0.835
26.5,0.835
26.5,0.835
26.5,0.835
26.5,0.835
26.5,0.835
26.5,0.835
26.5,0.835
26.5,0.835
26.5,0.835
26.5,0.835
26.5,0.835
26.5,0.835
26.5,0.835
26.5,0.835
26.5,0.835
26.5,0.835
26.5,0.835
26.5,0.835
26.5,0.835
26.5,0.835
26.5,0.830
26.5,0.830
26.5,0.830
26.5,0.830
26.5,0.830
26.5,0.830
26.5,0.830
26.5,0.830
26.5,0.830
26.5,0.830
26.5,0.830
26.5,0.830
26.5,0.830
26.5,0.830
26.5,0.830
26.5,0.830
26.5,0.830
26.5,0.830
26.5,0.830
26.5,0.830
26.5,0.830
26.5,0.830
26.5,0.830
26.5,0.830
26.5,0.830
26.5,0.830
26.5,0.830
26.5,0.830
26.5,0.830
26.5,0.830
26.5,0.830
26.5,0.830
26.5,0.830
26.5,0.830
26.5,0.830
26.5,0.830
26.5,0.830
26.5,0.830
26.5,0.830
26.5,0.830
26.5,0.830
26.5,0.830
26.5,0.830
26.5,0.830
26.5,0.830
26.5,0.830
26.5,0.830
26.5,0.830
26.5,0.830
26.5,0.830
26.5,0.830
26.5,0.830
26.5,0.830
26.5,0.830
26.5,0.825
26.5,0.825
26.5,0.825
26.5,0.825
26.5,0.825
26.5,0.825
26.5,0.825
26.5,0.825
26.5,0.825
26.5,0.825
26.5,0.825
26.5,0.825
26.5,0.825
26.5,0.825
26.5,0.825
26.5,0.825
26.5,0.825
26.5,0.825
26.5,0.825
26.5,0.825
26.5,0.825
26.5,0.825
26.5,0.825
26.5,0.825
26.5,0.825
26.5,0.825
26.5,0.825
26.5,0.825
26.5,0.825
26.5,0.825
26.5,0.825
26.5,0.825
26.5,0.825
26.5,0.825
26.5,0.825
26.5,0.825
26.5,0.825
26.5,0.825
26.5,0.825
26.5,0.825
26.5,0.825
26.5,0.825
26.5,0.825
26.5,0.825
26.5,0.825
26.5,0.825
26.5,0.825
26.5,0.825
26.5,0.820
26.5,0.820
26.5,0.820
26.5,0.820
26.5,0.820
26.5,0.820
26.5,0.820
26.5,0.820
26.5,0.820
26.5,0.820
26.5,0.820
26.5,0.820
26.5,0.820
26.5,0.820
26.5,0.820
26.5,0.820
26.5,0.820
26.5,0.820
26.5,0.820
26.5,0.820
26.5,0.820
26.5,0.820
26.5,0.820
26.5,0.820
26.5,0.820
26.5,0.820
26.5,0.820
26.5,0.820
26.5,0.820
26.5,0.820
26.5,0.820
26.5,0.820
26.5,0.820
26.5,0.820
26.5,0.820
26.5,0.820
26.5,0.820
26.5,0.820
26.5,0.820
26.5,0.820
26.5,0.820
26.5,0.820
26.5,0.820
26.5,0.820
26.5,0.820
26.5,0.820
26.5,0.820
26.5,0.815
26.5,0.815
26.5,0.815
26.5,0.815
26.5,0.815
26.5,0.815
26.5,0.815
26.5,0.815
26.5,0.815
26.5,0.815
26.5,0.815
26.5,0.815
26.5,0.815
26.5,0.815
26.5,0.815
26.5,0.815
26.5,0.815
26.5,0.815
26.5,0.815
26.5,0.815
26.5,0.815
26.5,0.815
26.5,0.815
26.6,0.815
26.6,0.815
26.6,0.815
26.6,0.815
26.6,0.815
26.6,0.815
26.6,0.815
26.6,0.815
26.6,0.815
26.6,0.815
26.6,0.815
26.6,0.815
26.6,0.815
26.6,0.815
26.6,0.815
26.6,0.815
26.6,0.815
26.6,0.815
26.6,0.815
26.6,0.815
26.6,0.815
26.6,0.815
26.6,0.815
26.6,0.810
26.6,0.810
26.6,0.810
26.6,0.810
26.6,0.810
26.6,0.810
26.6,0.810
26.6,0.810
26.6,0.810
26.6,0.810
26.6,0.810
26.6,0.810
26.6,0.810
26.6,0.810
26.6,0.810
26.6,0.810
26.6,0.810
26.6,0.810
26.6,0.810
26.6,0.810
26.6,0.810
26.6,0.810
26.6,0.810
26.6,0.810
26.6,0.810
26.6,0.810
26.6,0.810
26.6,0.810
26.6,0.810
26.6,0.810
26.6,0.810
26.5,0.810
26.5,0.810
26.5,0.810
26.5,0.810
26.5,0.810
26.5,0.810
26.5,0.810
26.5,0.810
26.5,0.810
26.5,0.810
26.5,0.810
26.5,0.810
26.5,0.810
26.5,0.810
26.5,0.805
26.5,0.805
26.5,0.805
26.5,0.805
26.5,0.805
26.5,0.805
26.5,0.805
26.5,0.805
26.5,0.805
26.5,0.805
26.5,0.805
26.5,0.805
26.5,0.805
26.5,0.805
26.5,0.805
26.5,0.805
26.5,0.805
26.5,0.805
26.5,0.805
26.5,0.805
26.5,0.805
26.5,0.805
26.5,0.805
26.5,0.805
26.5,0.805
26.5,0.805
26.5,0.805
26.5,0.805
26.5,0.805
26.5,0.805
26.5,0.805
26.5,0.805
26.5,0.805
26.5,0.805
26.5,0.805
26.5,0.805
26.5,0.805
26.5,0.805
26.5,0.805
26.5,0.805
26.5,0.805
26.5,0.805
26.5,0.800
26.6,0.800
26.6,0.800
26.6,0.800
26.6,0.800
26.6,0.800
26.6,0.800
26.5,0.800
26.5,0.800
26.5,0.800
26.5,0.800
26.5,0.800
26.5,0.800
26.5,0.800
26.5,0.800
26.5,0.800
26.5,0.800
26.5,0.800
26.5,0.800
26.4,0.800
26.4,0.800
26.4,0.800
26.4,0.800
26.4,0.800
26.4,0.800
26.4,0.800
26.4,0.800
26.4,0.800
26.4,0.800
26.4,0.800
26.4,0.800
26.4,0.800
26.4,0.800
26.4,0.800
26.4,0.800
26.4,0.800
26.4,0.800
26.4,0.800
26.4,0.800
26.4,0.800
26.4,0.800
26.4,0.800
26.4,0.795
26.4,0.795
26.4,0.795
26.4,0.795
26.4,0.795
26.4,0.795
26.4,0.795
26.4,0.795
26.4,0.795
26.4,0.795
26.4,0.795
26.4,0.795
26.4,0.795
26.4,0.795
26.4,0.795
26.4,0.795
26.5,0.795
26.5,0.795
26.5,0.795
26.5,0.795
26.5,0.795
26.5,0.795
26.5,0.795
26.5,0.795
26.5,0.795
26.5,0.795
26.5,0.795
26.5,0.795
26.5,0.795
26.5,0.795
26.5,0.795
26.5,0.795
26.5,0.795
26.5,0.795
26.5,0.795
26.5,0.795
26.4,0.795
26.4,0.795
26.4,0.795
26.4,0.790
26.4,0.790
26.4,0.790
26.4,0.790
26.4,0.790
26.4,0.790
26.4,0.790
26.4,0.790
26.4,0.790
26.4,0.790
26.4,0.790
26.4,0.790
26.4,0.790
26.4,0.790
26.4,0.790
26.4,0.790
26.4,0.790
26.4,0.790
26.4,0.790
26.4,0.790
26.4,0.790
26.4,0.790
26.4,0.790
26.4,0.790
26.4,0.790
26.4,0.790
26.4,0.790
26.4,0.790
26.4,0.790
26.4,0.790
26.4,0.790
26.4,0.790
26.4,0.790
26.4,0.790
26.4,0.790
26.4,0.790
26.4,0.785
26.4,0.785
26.4,0.785
26.4,0.785
26.4,0.785
26.4,0.785
26.4,0.785
26.4,0.785
26.4,0.785
26.4,0.785
26.4,0.785
26.4,0.785
26.4,0.785
26.4,0.785
26.4,0.785
26.4,0.785
26.4,0.785
26.4,0.785
26.4,0.785
26.4,0.785
26.4,0.785
26.4,0.785
26.4,0.785
26.4,0.785
26.4,0.785
26.4,0.785
26.4,0.785
26.4,0.785
26.4,0.785
26.4,0.785
26.4,0.785
26.4,0.785
26.4,0.785
26.4,0.785
26.4,0.785
26.4,0.785
26.4,0.785
26.4,0.780
26.4,0.780
26.4,0.780
26.4,0.780
26.4,0.780
26.4,0.780
26.4,0.780
26.4,0.780
26.4,0.780
26.4,0.780
26.4,0.780
26.4,0.780
26.4,0.780
26.4,0.780
26.4,0.780
26.4,0.780
26.4,0.780
26.4,0.780
26.4,0.780
26.4,0.780
26.4,0.780
26.4,0.780
26.4,0.780
26.4,0.780
26.4,0.780
26.4,0.780
26.4,0.780
26.4,0.780
26.4,0.780
26.4,0.780
26.4,0.780
26.4,0.780
26.4,0.780
26.4,0.780
26.4,0.780
26.4,0.780
26.4,0.780
26.4,0.775
26.4,0.775
26.4,0.775
26.4,0.775
26.4,0.775
26.4,0.775
26.4,0.775
26.4,0.775
26.4,0.775
26.4,0.775
26.4,0.775
26.4,0.775
26.4,0.775
26.4,0.775
26.4,0.775
26.4,0.775
26.4,0.775
26.4,0.775
26.4,0.775
26.4,0.775
26.4,0.775
26.4,0.775
26.4,0.775
26.4,0.775
26.4,0.775
26.4,0.775
26.4,0.775
26.4,0.775
26.3,0.775
26.3,0.775
26.3,0.775
26.3,0.775
26.3,0.775
26.3,0.775
26.3,0.775
26.3,0.775
26.3,0.775
26.3,0.770
26.3,0.770
26.3,0.770
26.3,0.770
26.3,0.770
26.3,0.770
26.3,0.770
26.3,0.770
26.3,0.770
26.3,0.770
26.3,0.770
26.3,0.770
26.3,0.770
26.3,0.770
26.3,0.770
26.3,0.770
26.3,0.770
26.3,0.770
26.3,0.770
26.4,0.770
26.4,0.770
26.4,0.770
26.4,0.770
26.4,0.770
26.4,0.770
26.4,0.770
26.4,0.770
26.4,0.770
26.4,0.770
26.4,0.770
26.4,0.770
26.4,0.770
26.4,0.770
26.4,0.770
26.4,0.770
26.4,0.765
26.4,0.765
26.4,0.765
26.4,0.765
26.4,0.765
26.4,0.765
26.4,0.765
26.4,0.765
26.4,0.765
26.4,0.765
26.4,0.765
26.4,0.765
26.4,0.765
26.4,0.765
26.4,0.765
26.4,0.765
26.4,0.765
26.4,0.765
26.5,0.765
26.5,0.765
26.5,0.765
26.5,0.765
26.5,0.765
26.5,0.765
26.5,0.765
26.5,0.765
26.5,0.765
26.5,0.765
26.5,0.765
26.5,0.765
26.5,0.765
26.5,0.765
26.5,0.765
26.5,0.765
26.5,0.765
26.5,0.765
26.5,0.765
26.4,0.765
26.4,0.765
26.4,0.760
26.4,0.760
26.4,0.760
26.4,0.760
26.4,0.760
26.4,0.760
26.4,0.760
26.4,0.760
26.4,0.760
26.4,0.760
26.4,0.760
26.4,0.760
26.4,0.760
26.4,0.760
26.4,0.760
26.4,0.760
26.4,0.760
26.4,0.760
26.4,0.760
26.4,0.760
26.4,0.760
26.4,0.760
26.4,0.760
26.4,0.760
26.4,0.760
26.4,0.760
26.4,0.760
26.4,0.760
26.3,0.760
26.3,0.760
26.3,0.760
26.3,0.760
26.3,0.760
26.3,0.760
26.3,0.760
26.3,0.760
26.3,0.760
26.3,0.760
26.3,0.760
26.4,0.760
26.4,0.760
26.4,0.760
26.4,0.760
26.4,0.755
26.4,0.755
26.4,0.755
26.4,0.755
26.4,0.755
26.4,0.755
26.4,0.755
26.4,0.755
26.4,0.755
26.4,0.755
26.4,0.755
26.4,0.755
26.4,0.755
26.4,0.755
26.4,0.755
26.4,0.755
26.4,0.755
26.4,0.755
26.4,0.755
26.3,0.755
26.3,0.755
26.3,0.755
26.3,0.755
26.3,0.755
26.3,0.755
26.3,0.755
26.3,0.755
26.3,0.755
26.3,0.755
26.3,0.755
26.3,0.755
26.3,0.755
26.4,0.755
26.3,0.755
26.3,0.755
26.3,0.755
26.4,0.755
26.4,0.755
26.4,0.755
26.4,0.755
26.4,0.755
26.4,0.755
26.4,0.750
26.4,0.750
26.4,0.750
26.4,0.750
26.4,0.750
26.4,0.750
26.4,0.750
26.4,0.750
26.4,0.750
26.4,0.750
26.4,0.750
26.4,0.750
26.4,0.750
26.4,0.750
26.4,0.750
26.4,0.750
26.4,0.750
26.4,0.750
26.4,0.750
26.4,0.750
26.4,0.750
26.4,0.750
26.4,0.750
26.4,0.750
26.4,0.750
26.4,0.750
26.4,0.750
26.4,0.750
26.4,0.750
26.4,0.750
26.4,0.750
26.4,0.750
26.4,0.750
26.4,0.750
26.4,0.750
26.4,0.750
26.4,0.750
26.4,0.750
26.4,0.750
26.4,0.750
26.4,0.750
26.4,0.745
26.4,0.745
26.4,0.745
26.4,0.745
26.4,0.745
26.4,0.745
26.4,0.745
26.4,0.745
26.4,0.745
26.4,0.745
26.4,0.745
26.4,0.745
26.4,0.745
26.4,0.745
26.4,0.745
26.4,0.745
26.4,0.745
26.4,0.745
26.4,0.745
26.4,0.745
26.4,0.745
26.4,0.745
26.4,0.745
26.4,0.745
26.4,0.745
26.4,0.745
26.4,0.745
26.4,0.745
26.4,0.745
26.4,0.745
26.4,0.745
26.4,0.745
26.4,0.745
26.4,0.745
26.3,0.745
26.3,0.745
26.3,0.745
26.3,0.745
26.3,0.745
26.3,0.745
26.3,0.745
26.3,0.740
26.3,0.740
26.3,0.740
26.3,0.740
26.3,0.740
26.3,0.740
26.3,0.740
26.3,0.740
26.2,0.740
26.2,0.740
26.2,0.740
26.2,0.740
26.2,0.740
26.2,0.740
26.2,0.740
26.2,0.740
26.3,0.740
26.3,0.740
26.3,0.740
26.3,0.740
26.3,0.740
26.3,0.740
26.3,0.740
26.3,0.740
26.3,0.740
26.3,0.740
26.3,0.740
26.3,0.740
26.2,0.740
26.2,0.740
26.2,0.740
26.2,0.740
26.2,0.740
26.2,0.740
26.2,0.740
26.2,0.740
26.2,0.740
26.2,0.740
26.2,0.740
26.2,0.740
26.2,0.740
26.2,0.740
26.2,0.735
26.2,0.735
26.2,0.735
26.2,0.735
26.2,0.735
26.2,0.735
26.2,0.735
26.2,0.735
26.3,0.735
26.3,0.735
26.3,0.735
26.3,0.735
26.3,0.735
26.3,0.735
26.3,0.735
26.3,0.735
26.3,0.735
26.3,0.735
26.3,0.735
26.3,0.735
26.3,0.735
26.3,0.735
26.3,0.735
26.3,0.735
26.3,0.735
26.3,0.735
26.3,0.735
26.3,0.735
26.3,0.735
26.3,0.735
26.3,0.735
26.3,0.735
26.3,0.735
26.3,0.735
26.3,0.735
26.4,0.735
26.4,0.735
26.4,0.735
26.4,0.735
26.4,0.735
26.4,0.735
26.4,0.730
26.4,0.730
26.4,0.730
26.4,0.730
26.4,0.730
26.4,0.730
26.4,0.730
26.4,0.730
26.4,0.730
26.4,0.730
26.4,0.730
26.4,0.730
26.4,0.730
26.4,0.730
26.4,0.730
26.4,0.730
26.4,0.730
26.4,0.730
26.4,0.730
26.4,0.730
26.4,0.730
26.4,0.730
26.4,0.730
26.4,0.730
26.4,0.730
26.4,0.730
26.4,0.730
26.4,0.730
26.4,0.730
26.4,0.730
26.4,0.730
26.4,0.730
26.4,0.730
26.4,0.730
26.4,0.730
26.4,0.730
26.4,0.730
26.4,0.730
26.4,0.730
26.4,0.730
26.4,0.730
26.3,0.730
26.3,0.730
26.3,0.730
26.3,0.725
26.3,0.725
26.3,0.725
26.3,0.725
26.3,0.725
26.3,0.725
26.3,0.725
26.3,0.725
26.3,0.725
26.3,0.725
26.3,0.725
26.3,0.725
26.3,0.725
26.3,0.725
26.3,0.725
26.3,0.725
26.3,0.725
26.3,0.725
26.4,0.725
26.4,0.725
26.4,0.725
26.4,0.725
26.4,0.725
26.4,0.725
26.4,0.725
26.4,0.725
26.4,0.725
26.4,0.725
26.4,0.725
26.5,0.725
26.5,0.725
26.5,0.725
26.5,0.725
26.5,0.725
26.5,0.725
26.5,0.725
26.5,0.725
26.5,0.725
26.4,0.725
26.4,0.725
26.4,0.725
26.4,0.725
26.4,0.725
26.4,0.725
26.4,0.720
26.4,0.720
26.4,0.720
26.4,0.720
26.4,0.720
26.4,0.720
26.4,0.720
26.4,0.720
26.4,0.720
26.4,0.720
26.4,0.720
26.4,0.720
26.4,0.720
26.4,0.720
26.4,0.720
26.4,0.720
26.4,0.720
26.4,0.720
26.4,0.720
26.4,0.720
26.4,0.720
26.4,0.720
26.4,0.720
26.4,0.720
26.4,0.720
26.4,0.720
26.4,0.720
26.4,0.720
26.4,0.720
26.3,0.720
26.3,0.720
26.3,0.720
26.3,0.720
26.3,0.720
26.3,0.720
26.3,0.720
26.3,0.720
26.3,0.720
26.3,0.720
26.3,0.720
26.3,0.720
26.3,0.720
26.3,0.720
26.3,0.720
26.3,0.720
26.3,0.720
26.3,0.715
26.3,0.715
26.3,0.715
26.3,0.715
26.3,0.715
26.3,0.715
26.3,0.715
26.3,0.715
26.3,0.715
26.3,0.715
26.3,0.715
26.3,0.715
26.3,0.715
26.3,0.715
26.3,0.715
26.3,0.715
26.3,0.715
26.3,0.715
26.3,0.715
26.3,0.715
26.3,0.715
26.3,0.715
26.3,0.715
26.3,0.715
26.3,0.715
26.3,0.715
26.3,0.715
26.3,0.715
26.3,0.715
26.3,0.715
26.3,0.715
26.3,0.715
26.3,0.715
26.3,0.715
26.3,0.715
26.3,0.715
26.3,0.715
26.3,0.710
26.3,0.710
26.3,0.710
26.3,0.710
26.3,0.710
26.3,0.710
26.3,0.710
26.3,0.710
26.3,0.710
26.3,0.710
26.3,0.710
26.3,0.710
26.3,0.710
26.3,0.710
26.3,0.710
26.3,0.710
26.3,0.710
26.3,0.710
26.3,0.710
26.3,0.710
26.3,0.710
26.3,0.710
26.3,0.710
26.3,0.710
26.3,0.710
26.3,0.710
26.3,0.710
26.3,0.710
26.3,0.710
26.3,0.710
26.3,0.710
26.3,0.710
26.3,0.710
26.3,0.705
26.3,0.705
26.3,0.705
26.3,0.705
26.3,0.705
26.3,0.705
26.3,0.705
26.3,0.705
26.3,0.705
26.2,0.705
26.2,0.705
26.2,0.705
26.2,0.705
26.2,0.705
26.2,0.705
26.2,0.705
26.2,0.705
26.2,0.705
26.2,0.705
26.2,0.705
26.2,0.705
26.2,0.705
26.2,0.705
26.2,0.705
26.2,0.705
26.2,0.705
26.2,0.705
26.2,0.705
26.2,0.705
26.2,0.705
26.2,0.705
26.2,0.705
26.2,0.700
26.2,0.700
26.2,0.700
26.2,0.700
26.2,0.700
26.2,0.700
26.2,0.700
26.2,0.700
26.2,0.700
26.2,0.700
26.2,0.700
26.2,0.700
26.2,0.700
26.2,0.700
26.2,0.700
26.2,0.700
26.2,0.700
26.2,0.700
26.2,0.700
26.2,0.700
26.2,0.700
26.2,0.700
26.1,0.700
26.1,0.700
26.1,0.700
26.1,0.700
26.1,0.700
26.1,0.700
26.1,0.700
26.1,0.700
26.1,0.700
26.1,0.700
26.1,0.700
26.1,0.700
26.2,0.700
26.2,0.700
26.2,0.695
26.2,0.695
26.2,0.695
26.2,0.695
26.2,0.695
26.2,0.695
26.2,0.695
26.2,0.695
26.1,0.695
26.1,0.695
26.1,0.695
26.1,0.695
26.1,0.695
26.1,0.695
26.1,0.695
26.1,0.695
26.2,0.695
26.2,0.695
26.2,0.695
26.2,0.695
26.2,0.695
26.2,0.695
26.2,0.695
26.2,0.695
26.2,0.695
26.2,0.695
26.2,0.695
26.2,0.695
26.2,0.695
26.2,0.695
26.2,0.695
26.2,0.695
26.2,0.695
26.2,0.695
26.2,0.695
26.2,0.695
26.2,0.695
26.2,0.695
26.2,0.695
26.2,0.690
26.2,0.690
26.2,0.690
26.2,0.690
26.2,0.690
26.2,0.690
26.2,0.690
26.2,0.690
26.2,0.690
26.2,0.690
26.2,0.690
26.2,0.690
26.2,0.690
26.2,0.690
26.2,0.690
26.2,0.690
26.2,0.690
26.1,0.690
26.1,0.690
26.1,0.690
26.1,0.690
26.1,0.690
26.1,0.690
26.1,0.690
26.1,0.690
26.1,0.690
26.1,0.690
26.1,0.690
26.1,0.690
26.1,0.690
26.1,0.690
26.1,0.690
26.1,0.690
26.1,0.690
26.1,0.690
26.1,0.690
26.1,0.690
26.1,0.690
26.1,0.690
26.1,0.690
26.1,0.690
26.1,0.685
26.1,0.685
26.1,0.685
26.1,0.685
26.1,0.685
26.1,0.685
26.1,0.685
26.1,0.685
26.1,0.685
26.1,0.685
26.1,0.685
26.1,0.685
26.1,0.685
26.1,0.685
26.1,0.685
26.1,0.685
26.1,0.685
26.1,0.685
26.1,0.685
26.1,0.685
26.1,0.685
26.1,0.685
26.1,0.685
26.1,0.685
26.1,0.685
26.1,0.685
26.1,0.685
26.1,0.685
26.1,0.685
26.1,0.685
26.1,0.685
26.1,0.685
26.1,0.685
26.1,0.685
26.1,0.685
26.1,0.685
26.1,0.685
26.1,0.685
26.1,0.685
26.1,0.685
26.1,0.685
26.1,0.685
26.1,0.685
26.1,0.685
26.1,0.685
26.1,0.685
26.1,0.685
26.1,0.685
26.1,0.680
26.1,0.680
26.1,0.680
26.1,0.680
26.1,0.680
26.1,0.680
26.1,0.680
26.1,0.680
26.1,0.680
26.1,0.680
26.1,0.680
26.1,0.680
26.1,0.680
26.1,0.680
26.1,0.680
26.1,0.680
26.1,0.680
26.1,0.680
26.1,0.680
26.1,0.680
26.1,0.680
26.1,0.680
26.1,0.680
26.1,0.680
26.1,0.680
26.1,0.680
26.1,0.680
26.1,0.680
26.1,0.680
26.1,0.680
26.1,0.680
26.1,0.680
26.1,0.680
26.1,0.680
26.1,0.680
26.1,0.680
26.1,0.680
26.1,0.680
26.1,0.680
26.1,0.680
26.1,0.680
26.1,0.680
26.1,0.680
26.1,0.680
26.1,0.680
26.1,0.680
26.1,0.680
26.1,0.680
26.1,0.680
26.1,0.675
26.1,0.675
26.1,0.675
26.1,0.675
26.0,0.675
26.0,0.675
26.0,0.675
26.0,0.675
26.0,0.675
26.0,0.675
26.0,0.675
26.0,0.675
26.0,0.675
26.0,0.675
26.0,0.675
26.0,0.675
26.0,0.675
26.0,0.675
26.0,0.675
26.0,0.675
26.0,0.675
26.0,0.675
26.0,0.675
26.0,0.675
26.0,0.675
26.0,0.675
26.0,0.675
26.0,0.675
26.0,0.675
26.0,0.675
26.0,0.675
26.0,0.675
26.0,0.675
26.0,0.675
26.0,0.675
26.0,0.675
26.0,0.675
26.0,0.675
26.0,0.675
26.0,0.675
26.0,0.675
26.0,0.675
26.0,0.675
25.9,0.675
25.9,0.675
25.9,0.675
25.9,0.675
25.9,0.675
25.9,0.675
25.9,0.670
25.9,0.670
25.9,0.670
25.9,0.670
25.9,0.670
25.9,0.670
25.9,0.670
25.9,0.670
25.9,0.670
25.9,0.670
25.9,0.670
25.9,0.670
26.0,0.670
26.0,0.670
26.0,0.670
26.0,0.670
26.0,0.670
26.0,0.670
26.0,0.670
25.9,0.670
25.9,0.670
25.9,0.670
25.9,0.670
25.9,0.670
25.9,0.670
25.9,0.670
25.9,0.670
25.9,0.670
25.9,0.670
25.9,0.670
25.9,0.670
25.9,0.670
25.9,0.670
25.9,0.670
25.9,0.670
25.9,0.670
25.9,0.670
25.9,0.670
25.9,0.670
25.9,0.670
25.9,0.670
25.9,0.670
25.9,0.670
25.9,0.670
25.9,0.665
25.9,0.665
25.9,0.665
25.8,0.665
25.8,0.665
25.8,0.665
25.8,0.665
25.8,0.665
25.8,0.665
25.8,0.665
25.8,0.665
25.8,0.665
25.8,0.665
25.8,0.665
25.8,0.665
25.8,0.665
25.8,0.665
25.8,0.665
25.8,0.665
25.8,0.665
25.8,0.665
25.8,0.665
25.8,0.665
25.8,0.665
25.8,0.665
25.8,0.665
25.8,0.665
25.8,0.665
25.8,0.665
25.8,0.665
25.8,0.665
25.8,0.665
25.8,0.665
25.8,0.665
25.8,0.665
25.8,0.665
25.8,0.665
25.8,0.665
25.8,0.665
25.8,0.665
25.8,0.665
25.8,0.665
25.8,0.665
25.8,0.660
25.8,0.660
25.8,0.660
25.9,0.660
25.9,0.660
25.9,0.660
25.9,0.660
25.9,0.660
25.9,0.660
25.9,0.660
25.9,0.660
25.9,0.660
25.9,0.660
25.9,0.660
25.9,0.660
25.9,0.660
25.9,0.660
25.9,0.660
25.9,0.660
25.9,0.660
25.9,0.660
25.9,0.660
25.9,0.660
25.8,0.660
25.8,0.660
25.8,0.660
25.8,0.660
25.8,0.660
25.8,0.660
25.8,0.660
25.8,0.660
25.8,0.660
25.8,0.660
25.8,0.660
25.8,0.660
25.8,0.660
25.9,0.660
25.9,0.660
25.9,0.660
25.9,0.660
25.9,0.660
25.9,0.660
25.9,0.660
25.9,0.660
25.9,0.660
25.9,0.660
25.9,0.655
25.9,0.655
25.9,0.655
25.9,0.655
25.9,0.655
25.9,0.655
25.9,0.655
25.9,0.655
25.9,0.655
25.9,0.655
25.9,0.655
25.9,0.655
25.9,0.655
25.9,0.655
25.9,0.655
25.9,0.655
25.9,0.655
25.9,0.655
25.9,0.655
25.9,0.655
25.9,0.655
25.9,0.655
25.9,0.655
25.9,0.655
25.9,0.655
25.9,0.655
25.9,0.655
25.9,0.655
25.9,0.655
25.9,0.655
25.9,0.655
25.9,0.655
25.9,0.655
25.9,0.655
25.9,0.655
25.9,0.655
25.9,0.655
25.9,0.655
25.9,0.655
25.9,0.655
25.9,0.655
25.9,0.655
25.9,0.655
25.9,0.655
25.9,0.655
25.9,0.655
25.9,0.655
25.9,0.650
25.9,0.650
25.9,0.650
25.9,0.650
25.9,0.650
25.9,0.650
25.9,0.650
25.9,0.650
25.9,0.650
25.9,0.650
25.9,0.650
25.9,0.650
25.9,0.650
25.9,0.650
25.9,0.650
25.9,0.650
25.9,0.650
25.9,0.650
25.9,0.650
25.9,0.650
25.9,0.650
25.9,0.650
25.9,0.650
25.9,0.650
25.8,0.650
25.8,0.650
25.8,0.650
25.8,0.650
25.8,0.650
25.8,0.650
25.8,0.650
25.8,0.650
25.8,0.650
25.8,0.650
25.8,0.650
25.8,0.650
25.8,0.650
25.8,0.650
25.8,0.650
25.8,0.650
25.8,0.650
25.8,0.650
25.8,0.650
25.8,0.650
25.8,0.650
25.8,0.650
25.8,0.650
25.8,0.650
25.8,0.650
25.8,0.650
25.8,0.650
25.8,0.645
25.8,0.645
25.8,0.645
25.8,0.645
25.8,0.645
25.8,0.645
25.8,0.645
25.8,0.645
25.8,0.645
25.8,0.645
25.8,0.645
25.8,0.645
25.8,0.645
25.8,0.645
25.8,0.645
25.8,0.645
25.8,0.645
25.8,0.645
25.8,0.645
25.8,0.645
25.8,0.645
25.8,0.645
25.8,0.645
25.8,0.645
25.8,0.645
25.8,0.645
25.8,0.645
25.8,0.645
25.8,0.645
25.8,0.645
25.8,0.645
25.8,0.645
25.8,0.645
25.8,0.645
25.8,0.645
25.8,0.645
25.8,0.645
25.8,0.645
25.9,0.645
25.9,0.645
25.9,0.645
25.9,0.645
25.9,0.645
25.9,0.645
25.9,0.645
25.9,0.645
25.9,0.645
25.9,0.645
25.9,0.640
25.9,0.640
25.9,0.640
25.9,0.640
25.9,0.640
25.9,0.640
25.9,0.640
25.9,0.640
25.9,0.640
25.9,0.640
25.9,0.640
25.9,0.640
25.9,0.640
25.9,0.640
25.9,0.640
25.9,0.640
25.9,0.640
25.9,0.640
25.9,0.640
25.9,0.640
25.9,0.640
25.9,0.640
25.9,0.640
25.9,0.640
25.9,0.640
25.9,0.640
25.9,0.640
25.9,0.640
25.9,0.640
25.9,0.640
25.9,0.640
25.9,0.640
25.9,0.640
25.9,0.640
25.9,0.640
25.9,0.640
25.9,0.640
25.9,0.640
25.9,0.640
25.9,0.640
25.9,0.640
25.9,0.640
25.9,0.640
25.9,0.635
25.9,0.635
25.9,0.635
25.9,0.635
25.9,0.635
25.9,0.635
25.9,0.635
25.9,0.635
25.9,0.635
25.9,0.635
25.8,0.635
25.8,0.635
25.8,0.635
25.8,0.635
25.8,0.635
25.8,0.635
25.8,0.635
25.8,0.635
25.8,0.635
25.8,0.635
25.8,0.635
25.8,0.635
25.8,0.635
25.8,0.635
25.8,0.635
25.8,0.635
25.8,0.635
25.8,0.635
25.8,0.635
25.8,0.635
25.8,0.635
25.8,0.635
25.8,0.635
25.8,0.635
25.8,0.630
25.8,0.630
25.8,0.630
25.8,0.630
25.8,0.630
25.8,0.630
25.8,0.630
25.8,0.630
25.8,0.630
25.8,0.630
25.8,0.630
25.8,0.630
25.8,0.630
25.8,0.630
25.8,0.630
25.8,0.630
25.8,0.630
25.8,0.630
25.8,0.630
25.8,0.630
25.8,0.630
25.8,0.630
25.8,0.630
25.8,0.630
25.8,0.630
25.8,0.630
25.8,0.630
25.8,0.630
25.8,0.630
25.8,0.630
25.8,0.625
25.8,0.625
25.8,0.625
25.8,0.625
25.8,0.625
25.8,0.625
25.8,0.625
25.8,0.625
25.8,0.625
25.8,0.625
25.8,0.625
25.8,0.625
25.8,0.625
25.8,0.625
25.8,0.625
25.8,0.625
25.8,0.625
25.8,0.625
25.8,0.625
25.8,0.625
25.8,0.625
25.8,0.625
25.8,0.625
25.8,0.625
25.8,0.625
25.8,0.625
25.8,0.625
25.8,0.625
25.8,0.625
25.8,0.625
25.8,0.620
25.9,0.620
25.9,0.620
25.9,0.620
25.9,0.620
25.9,0.620
25.9,0.620
25.9,0.620
25.9,0.620
25.9,0.620
25.9,0.620
25.9,0.620
25.9,0.620
25.9,0.620
25.9,0.620
25.9,0.620
25.9,0.620
25.9,0.620
26.0,0.620
26.0,0.620
26.0,0.620
26.0,0.620
26.0,0.620
26.0,0.620
26.0,0.620
26.0,0.620
26.0,0.620
26.0,0.620
26.0,0.620
26.0,0.620
26.0,0.620
26.0,0.620
26.0,0.620
26.0,0.615
26.0,0.615
26.0,0.615
26.0,0.615
26.0,0.615
26.0,0.615
26.0,0.615
26.0,0.615
26.0,0.615
26.0,0.615
26.0,0.615
26.0,0.615
26.1,0.615
26.1,0.615
26.1,0.615
26.1,0.615
26.1,0.615
26.1,0.615
26.1,0.615
26.1,0.615
26.0,0.615
26.0,0.615
26.0,0.615
26.0,0.615
26.0,0.615
26.0,0.615
26.0,0.615
26.0,0.615
26.0,0.615
26.0,0.615
26.0,0.615
26.0,0.615
26.0,0.615
26.0,0.615
26.0,0.615
26.0,0.615
26.0,0.615
26.0,0.615
26.0,0.610
26.0,0.610
26.0,0.610
26.0,0.610
26.0,0.610
26.0,0.610
26.0,0.610
26.0,0.610
26.0,0.610
26.0,0.610
26.0,0.610
26.0,0.610
26.0,0.610
26.0,0.610
26.0,0.610
26.0,0.610
26.0,0.610
26.0,0.610
26.0,0.610
26.0,0.610
26.0,0.610
26.0,0.610
26.0,0.610
26.0,0.610
26.0,0.610
26.0,0.610
26.0,0.610
26.0,0.610
26.0,0.610
26.0,0.610
26.0,0.610
26.0,0.610
26.0,0.610
26.0,0.610
26.0,0.610
26.0,0.610
25.9,0.610
25.9,0.610
25.9,0.610
25.9,0.610
25.9,0.605
25.9,0.605
25.9,0.605
25.9,0.605
25.9,0.605
25.9,0.605
25.9,0.605
25.9,0.605
25.9,0.605
25.9,0.605
25.9,0.605
25.9,0.605
25.9,0.605
25.9,0.605
25.9,0.605
25.9,0.605
25.9,0.605
26.0,0.605
26.0,0.605
26.0,0.605
26.0,0.605
26.0,0.605
26.0,0.605
26.0,0.605
26.0,0.605
26.0,0.605
26.0,0.605
26.0,0.605
26.0,0.605
26.0,0.605
26.0,0.605
26.0,0.605
26.0,0.605
26.0,0.605
26.0,0.605
26.0,0.605
26.0,0.605
26.0,0.605
26.0,0.605
26.0,0.605
26.0,0.605
26.0,0.605
26.0,0.605
26.0,0.605
26.0,0.605
26.0,0.605
26.0,0.605
26.0,0.605
26.0,0.605
26.0,0.605
26.0,0.605
26.0,0.605
26.0,0.600
26.0,0.600
26.0,0.600
26.0,0.600
26.0,0.600
26.0,0.600
26.0,0.600
26.0,0.600
26.0,0.600
26.0,0.600
26.1,0.600
26.1,0.600
26.1,0.600
26.1,0.600
26.1,0.600
26.1,0.600
26.1,0.600
26.1,0.600
26.1,0.600
26.1,0.600
26.1,0.600
26.1,0.600
26.1,0.600
26.1,0.600
26.1,0.600
26.1,0.600
26.1,0.600
26.1,0.600
26.1,0.600
26.1,0.600
26.1,0.600
26.1,0.600
26.1,0.600
26.0,0.600
26.0,0.600
26.0,0.600
26.0,0.600
26.0,0.600
26.0,0.600
26.0,0.600
26.0,0.600
26.0,0.600
26.0,0.600
26.0,0.600
26.0,0.600
26.0,0.600
26.0,0.600
26.0,0.600
26.0,0.600
26.0,0.600
26.0,0.600
26.0,0.600
26.0,0.600
26.0,0.600
26.0,0.600
26.0,0.600
26.0,0.600
26.0,0.600
26.0,0.600
26.0,0.600
26.0,0.595
26.0,0.595
26.0,0.595
26.0,0.595
26.0,0.595
26.0,0.595
26.0,0.595
26.0,0.595
26.0,0.595
26.0,0.595
26.0,0.595
26.0,0.595
26.0,0.595
26.0,0.595
26.0,0.595
26.0,0.595
26.0,0.595
26.0,0.595
26.0,0.595
26.0,0.595
26.0,0.595
26.0,0.595
26.0,0.595
25.9,0.595
25.9,0.595
25.9,0.595
25.9,0.595
25.9,0.595
25.9,0.595
25.9,0.595
25.9,0.595
25.9,0.595
25.9,0.595
25.9,0.595
25.9,0.595
25.9,0.595
25.9,0.595
25.9,0.595
25.9,0.595
25.9,0.595
25.9,0.595
25.9,0.595
25.9,0.595
25.9,0.595
25.9,0.595
25.9,0.595
25.9,0.595
25.9,0.595
25.9,0.595
25.9,0.595
25.9,0.595
25.9,0.595
25.9,0.595
25.9,0.595
25.9,0.595
25.9,0.595
25.9,0.595
25.9,0.595
25.9,0.590
25.9,0.590
25.8,0.590
25.8,0.590
25.8,0.590
25.8,0.590
25.8,0.590
25.8,0.590
25.8,0.590
25.8,0.590
25.8,0.590
25.8,0.590
25.8,0.590
25.8,0.590
25.8,0.590
25.8,0.590
25.8,0.590
25.8,0.590
25.8,0.590
25.8,0.590
25.8,0.590
25.8,0.590
25.8,0.590
25.8,0.590
25.8,0.590
25.8,0.590
25.8,0.590
25.8,0.590
25.8,0.590
25.8,0.590
25.8,0.590
25.8,0.590
25.8,0.590
25.8,0.590
25.8,0.590
25.7,0.590
25.7,0.590
25.7,0.590
25.7,0.590
25.7,0.590
25.7,0.590
25.7,0.590
25.7,0.590
25.7,0.590
25.7,0.590
25.7,0.590
25.7,0.590
25.7,0.590
25.7,0.590
25.7,0.590
25.7,0.590
25.7,0.590
25.7,0.590
25.7,0.590
25.7,0.585
25.7,0.585
25.7,0.585
25.7,0.585
25.7,0.585
25.7,0.585
25.7,0.585
25.6,0.585
25.6,0.585
25.6,0.585
25.6,0.585
25.6,0.585
25.6,0.585
25.6,0.585
25.6,0.585
25.6,0.585
25.6,0.585
25.6,0.585
25.6,0.585
25.6,0.585
25.6,0.585
25.6,0.585
25.6,0.585
25.6,0.585
25.6,0.585
25.6,0.585
25.6,0.585
25.6,0.585
25.6,0.585
25.6,0.585
25.6,0.585
25.6,0.585
25.6,0.585
25.6,0.585
25.6,0.585
25.6,0.585
25.6,0.585
25.6,0.585
25.6,0.585
25.6,0.585
25.6,0.585
25.6,0.585
25.7,0.585
25.7,0.585
25.7,0.585
25.7,0.585
25.7,0.585
25.7,0.585
25.7,0.585
25.7,0.585
25.7,0.585
25.7,0.585
25.7,0.580
25.7,0.580
25.7,0.580
25.7,0.580
25.7,0.580
25.7,0.580
25.7,0.580
25.7,0.580
25.7,0.580
25.7,0.580
25.7,0.580
25.7,0.580
25.7,0.580
25.7,0.580
25.7,0.580
25.7,0.580
25.7,0.580
25.8,0.580
25.8,0.580
25.8,0.580
25.8,0.580
25.8,0.580
25.8,0.580
25.8,0.580
25.8,0.580
25.8,0.580
25.8,0.580
25.8,0.580
25.8,0.580
25.8,0.580
25.8,0.580
25.8,0.580
25.8,0.580
25.8,0.580
25.8,0.580
25.8,0.580
25.8,0.580
25.8,0.580
25.8,0.580
25.8,0.580
25.8,0.580
25.8,0.580
25.8,0.580
25.8,0.580
25.8,0.580
25.8,0.580
25.8,0.580
25.8,0.580
25.8,0.580
25.8,0.580
25.8,0.580
25.8,0.580
25.8,0.580
25.8,0.580
25.8,0.580
25.8,0.575
25.8,0.575
25.8,0.575
25.8,0.575
25.8,0.575
25.8,0.575
25.8,0.575
25.8,0.575
25.8,0.575
25.8,0.575
25.8,0.575
25.8,0.575
25.8,0.575
25.8,0.575
25.8,0.575
25.8,0.575
25.8,0.575
25.8,0.575
25.8,0.575
25.8,0.575
25.8,0.575
25.7,0.575
25.7,0.575
25.7,0.575
25.7,0.575
25.7,0.575
25.7,0.575
25.7,0.575
25.7,0.575
25.8,0.575
25.8,0.575
25.8,0.575
25.8,0.575
25.8,0.575
25.8,0.575
25.8,0.575
25.8,0.575
25.8,0.575
25.8,0.575
25.8,0.575
25.7,0.575
25.7,0.575
25.7,0.575
25.7,0.575
25.7,0.575
25.7,0.575
25.7,0.575
25.7,0.575
25.7,0.575
25.7,0.575
25.7,0.575
25.7,0.575
25.7,0.575
25.7,0.575
25.7,0.575
25.7,0.575
25.7,0.575
25.7,0.575
25.7,0.570
25.7,0.570
25.7,0.570
25.7,0.570
25.7,0.570
25.7,0.570
25.7,0.570
25.7,0.570
25.7,0.570
25.7,0.570
25.7,0.570
25.7,0.570
25.7,0.570
25.7,0.570
25.7,0.570
25.7,0.570
25.7,0.570
25.7,0.570
25.7,0.570
25.7,0.570
25.7,0.570
25.7,0.570
25.7,0.570
25.7,0.570
25.7,0.570
25.7,0.570
25.7,0.570
25.7,0.570
25.7,0.570
25.7,0.570
25.7,0.570
25.7,0.570
25.7,0.570
25.7,0.570
25.7,0.570
25.7,0.570
25.7,0.570
25.7,0.570
25.7,0.570
25.7,0.570
25.7,0.570
25.7,0.570
25.7,0.570
25.7,0.570
25.7,0.570
25.7,0.570
25.7,0.570
25.7,0.570
25.7,0.570
25.7,0.570
25.8,0.570
25.8,0.570
25.8,0.570
25.8,0.570
25.8,0.570
25.8,0.570
25.8,0.570
25.8,0.570
25.8,0.570
25.8,0.570
25.8,0.570
25.8,0.570
25.8,0.565
25.8,0.565
25.8,0.565
25.8,0.565
25.8,0.565
25.8,0.565
25.8,0.565
25.8,0.565
25.8,0.565
25.8,0.565
25.8,0.565
25.9,0.565
25.9,0.565
25.9,0.565
25.9,0.565
25.9,0.565
25.9,0.565
25.9,0.565
25.9,0.565
25.9,0.565
25.9,0.565
25.9,0.565
25.9,0.565
25.9,0.565
25.9,0.565
25.9,0.565
25.9,0.565
25.9,0.565
25.9,0.565
25.9,0.565
25.9,0.565
25.9,0.565
25.9,0.565
25.9,0.565
25.9,0.565
25.9,0.565
25.9,0.565
25.9,0.565
25.9,0.565
25.9,0.565
25.9,0.565
25.9,0.565
25.9,0.565
25.9,0.565
25.9,0.565
25.9,0.565
25.9,0.565
25.9,0.565
25.9,0.565
25.9,0.565
25.9,0.565
25.9,0.565
25.9,0.565
25.9,0.565
25.9,0.565
25.9,0.565
25.9,0.565
25.9,0.565
25.9,0.565
25.9,0.565
25.9,0.565
25.9,0.565
25.9,0.565
25.9,0.565
25.9,0.565
25.9,0.565
25.9,0.565
25.9,0.565
25.9,0.560
25.9,0.560
25.9,0.560
25.9,0.560
25.8,0.560
25.8,0.560
25.8,0.560
25.8,0.560
25.8,0.560
25.8,0.560
25.8,0.560
25.8,0.560
25.8,0.560
25.8,0.560
25.8,0.560
25.8,0.560
25.8,0.560
25.8,0.560
25.8,0.560
25.8,0.560
25.8,0.560
25.8,0.560
25.8,0.560
25.8,0.560
25.8,0.560
25.8,0.560
25.8,0.560
25.8,0.560
25.8,0.560
25.8,0.560
25.8,0.560
25.8,0.560
25.8,0.560
25.8,0.560
25.8,0.560
25.8,0.560
25.8,0.560
25.8,0.560
25.8,0.560
25.8,0.560
25.8,0.560
25.8,0.560
25.8,0.560
25.8,0.560
25.8,0.560
25.8,0.560
25.8,0.560
25.8,0.560
25.8,0.560
25.8,0.560
25.8,0.560
25.8,0.560
25.8,0.560
25.8,0.560
25.8,0.560
25.8,0.560
25.8,0.560
25.8,0.560
25.8,0.560
25.8,0.560
25.8,0.560
25.8,0.560
25.8,0.560
25.8,0.560
25.8,0.560
25.8,0.560
25.8,0.560
25.8,0.560
25.8,0.560
25.8,0.560
25.8,0.560
25.8,0.560
25.8,0.560
25.8,0.555
25.8,0.555
25.8,0.555
25.8,0.555
25.8,0.555
25.8,0.555
25.8,0.555
25.8,0.555
25.8,0.555
25.8,0.555
25.8,0.555
25.8,0.555
25.8,0.555
25.8,0.555
25.8,0.555
25.8,0.555
25.8,0.555
25.8,0.555
25.8,0.555
25.8,0.555
25.8,0.555
25.8,0.555
25.8,0.555
25.8,0.555
25.8,0.555
25.8,0.555
25.8,0.555
25.8,0.555
25.8,0.555
25.8,0.555
25.8,0.555
25.8,0.555
25.8,0.555
25.8,0.555
25.8,0.555
25.8,0.555
25.8,0.555
25.8,0.555
25.8,0.555
25.8,0.555
25.8,0.555
25.8,0.555
25.8,0.555
25.8,0.555
25.8,0.555
25.8,0.555
25.8,0.555
25.8,0.555
25.8,0.555
25.8,0.555
25.8,0.555
25.8,0.555
25.8,0.555
25.7,0.555
25.7,0.555
25.7,0.555
25.7,0.555
25.7,0.555
25.7,0.555
25.7,0.555
25.7,0.555
25.7,0.555
25.7,0.555
25.7,0.555
25.7,0.555
25.7,0.555
25.7,0.555
25.7,0.555
25.7,0.555
25.7,0.555
25.7,0.555
25.7,0.555
25.7,0.555
25.7,0.550
25.7,0.550
25.7,0.550
25.8,0.550
25.8,0.550
25.8,0.550
25.8,0.550
25.8,0.550
25.8,0.550
25.8,0.550
25.8,0.550
25.8,0.550
25.8,0.550
25.8,0.550
25.8,0.550
25.8,0.550
25.8,0.550
25.8,0.550
25.8,0.550
25.7,0.550
25.7,0.550
25.7,0.550
25.7,0.550
25.7,0.550
25.7,0.550
25.7,0.550
25.7,0.550
25.7,0.550
25.7,0.550
25.7,0.550
25.7,0.550
25.7,0.550
25.7,0.550
25.7,0.550
25.7,0.550
25.7,0.550
25.7,0.550
25.7,0.550
25.7,0.550
25.7,0.550
25.7,0.550
25.7,0.550
25.7,0.550
25.7,0.550
25.7,0.550
25.7,0.550
25.7,0.550
25.7,0.550
25.7,0.550
25.7,0.550
25.7,0.550
25.7,0.550
25.7,0.550
25.7,0.550
25.7,0.550
25.7,0.550
25.7,0.550
25.7,0.550
25.7,0.550
25.7,0.550
25.7,0.550
25.7,0.550
25.6,0.550
25.6,0.550
25.6,0.550
25.6,0.550
25.6,0.550
25.6,0.550
25.6,0.550
25.6,0.550
25.6,0.550
25.6,0.550
25.6,0.550
25.6,0.550
25.6,0.550
25.6,0.550
25.6,0.550
25.6,0.545
25.6,0.545
25.6,0.545
25.6,0.545
25.6,0.545
25.6,0.545
25.6,0.545
25.6,0.545
25.6,0.545
25.6,0.545
25.6,0.545
25.6,0.545
25.6,0.545
25.6,0.545
25.5,0.545
25.5,0.545
25.5,0.545
25.5,0.545
25.5,0.545
25.6,0.545
25.6,0.545
25.6,0.545
25.6,0.545
25.6,0.545
25.6,0.545
25.5,0.545
25.5,0.545
25.5,0.545
25.5,0.545
25.5,0.545
25.5,0.545
25.5,0.545
25.5,0.545
25.5,0.545
25.5,0.545
25.5,0.545
25.5,0.545
25.5,0.545
25.5,0.545
25.5,0.545
25.5,0.545
25.5,0.545
25.5,0.545
25.5,0.545
25.5,0.545
25.5,0.545
25.5,0.545
25.5,0.545
25.5,0.545
25.5,0.545
25.5,0.545
25.5,0.545
25.5,0.545
25.5,0.545
25.5,0.545
25.5,0.545
25.5,0.545
25.5,0.545
25.5,0.545
25.5,0.545
25.5,0.545
25.5,0.545
25.5,0.545
25.5,0.545
25.5,0.540
25.5,0.540
25.5,0.540
25.5,0.540
25.5,0.540
25.5,0.540
25.5,0.540
25.5,0.540
25.5,0.540
25.5,0.540
25.5,0.540
25.5,0.540
25.5,0.540
25.5,0.540
25.5,0.540
25.5,0.540
25.5,0.540
25.5,0.540
25.5,0.540
25.5,0.540
25.5,0.540
25.5,0.540
25.5,0.540
25.5,0.540
25.5,0.540
25.5,0.540
25.5,0.540
25.5,0.540
25.5,0.540
25.5,0.540
25.5,0.540
25.5,0.540
25.5,0.540
25.5,0.540
25.5,0.540
25.5,0.540
25.5,0.540
25.5,0.540
25.5,0.540
25.5,0.540
25.5,0.540
25.5,0.540
25.5,0.540
25.5,0.540
25.5,0.540
25.5,0.540
25.5,0.540
25.5,0.540
25.5,0.540
25.5,0.540
25.5,0.540
25.5,0.540
25.5,0.540
25.5,0.540
25.5,0.540
25.4,0.540
25.4,0.540
25.4,0.540
25.4,0.540
25.4,0.540
25.4,0.535
25.4,0.535
25.4,0.535
25.4,0.535
25.4,0.535
25.4,0.535
25.4,0.535
25.4,0.535
25.4,0.535
25.4,0.535
25.4,0.535
25.4,0.535
25.4,0.535
25.4,0.535
25.4,0.535
25.4,0.535
25.4,0.535
25.4,0.535
25.4,0.535
25.4,0.535
25.4,0.535
25.4,0.535
25.4,0.535
25.4,0.535
25.4,0.535
25.4,0.535
25.4,0.535
25.4,0.535
25.4,0.535
25.4,0.535
25.4,0.535
25.4,0.535
25.4,0.535
25.4,0.535
25.4,0.535
25.4,0.535
25.4,0.535
25.4,0.535
25.4,0.535
25.4,0.535
25.4,0.535
25.4,0.535
25.4,0.535
25.4,0.535
25.4,0.535
25.4,0.535
25.4,0.535
25.4,0.535
25.4,0.535
25.4,0.535
25.4,0.535
25.4,0.535
25.4,0.535
25.4,0.535
25.4,0.535
25.4,0.535
25.4,0.530
25.4,0.530
25.4,0.530
25.4,0.530
25.4,0.530
25.4,0.530
25.4,0.530
25.4,0.530
25.4,0.530
25.4,0.530
25.4,0.530
25.4,0.530
25.4,0.530
25.4,0.530
25.4,0.530
25.4,0.530
25.4,0.530
25.4,0.530
25.4,0.530
25.4,0.530
25.4,0.530
25.4,0.530
25.4,0.530
25.4,0.530
25.4,0.530
25.4,0.530
25.4,0.530
25.4,0.530
25.4,0.530
25.4,0.530
25.4,0.530
25.4,0.530
25.4,0.530
25.4,0.530
25.4,0.530
25.4,0.530
25.4,0.530
25.4,0.530
25.4,0.530
25.4,0.530
25.3,0.530
25.3,0.530
25.3,0.530
25.3,0.530
25.3,0.530
25.3,0.530
25.3,0.525
25.3,0.525
25.3,0.525
25.3,0.525
25.3,0.525
25.3,0.525
25.3,0.525
25.3,0.525
25.3,0.525
25.3,0.525
25.3,0.525
25.3,0.525
25.3,0.525
25.3,0.525
25.3,0.525
25.3,0.525
25.2,0.525
25.2,0.525
25.2,0.525
25.2,0.525
25.2,0.525
25.2,0.525
25.2,0.525
25.2,0.525
25.2,0.525
25.2,0.525
25.2,0.525
25.2,0.525
25.2,0.525
25.2,0.525
25.2,0.525
25.2,0.525
25.2,0.525
25.2,0.525
25.2,0.525
25.2,0.525
25.2,0.525
25.2,0.525
25.2,0.525
25.2,0.525
25.2,0.525
25.2,0.525
25.2,0.525
25.2,0.525
25.2,0.520
25.2,0.520
25.2,0.520
25.2,0.520
25.2,0.520
25.2,0.520
25.2,0.520
25.2,0.520
25.2,0.520
25.2,0.520
25.2,0.520
25.3,0.520
25.3,0.520
25.3,0.520
25.3,0.520
25.3,0.520
25.3,0.520
25.3,0.520
25.3,0.520
25.3,0.520
25.3,0.520
25.3,0.520
25.3,0.520
25.3,0.520
25.3,0.520
25.3,0.520
25.3,0.520
25.4,0.520
25.4,0.520
25.4,0.520
25.4,0.520
25.4,0.520
25.4,0.520
25.4,0.520
25.4,0.520
25.4,0.520
25.4,0.520
25.4,0.520
25.4,0.520
25.5,0.520
25.5,0.520
25.5,0.520
25.5,0.520
25.5,0.520
25.5,0.520
25.5,0.515
25.5,0.515
25.5,0.515
25.5,0.515
25.5,0.515
25.5,0.515
25.5,0.515
25.5,0.515
25.5,0.515
25.5,0.515
25.5,0.515
25.5,0.515
25.5,0.515
25.5,0.515
25.5,0.515
25.5,0.515
25.5,0.515
25.5,0.515
25.5,0.515
25.5,0.515
25.5,0.515
25.5,0.515
25.5,0.515
25.5,0.515
25.5,0.515
25.5,0.515
25.5,0.515
25.5,0.515
25.5,0.515
25.5,0.515
25.5,0.515
25.5,0.515
25.5,0.515
25.5,0.515
25.5,0.515
25.5,0.515
25.5,0.515
25.5,0.515
25.5,0.515
25.5,0.515
25.5,0.515
25.5,0.515
25.5,0.515
25.5,0.515
25.5,0.515
25.5,0.515
25.5,0.515
25.5,0.515
25.5,0.515
25.5,0.515
25.5,0.515
25.5,0.510
25.5,0.510
25.5,0.510
25.6,0.510
25.6,0.510
25.6,0.510
25.6,0.510
25.6,0.510
25.6,0.510
25.6,0.510
25.6,0.510
25.6,0.510
25.6,0.510
25.6,0.510
25.6,0.510
25.6,0.510
25.6,0.510
25.6,0.510
25.6,0.510
25.6,0.510
25.6,0.510
25.6,0.510
25.6,0.510
25.6,0.510
25.6,0.510
25.6,0.510
25.6,0.510
25.6,0.510
25.6,0.510
25.6,0.510
25.6,0.510
25.6,0.510
25.6,0.510
25.6,0.510
25.6,0.510
25.6,0.510
25.6,0.510
25.6,0.510
25.6,0.510
25.6,0.510
25.6,0.510
25.6,0.510
25.6,0.510
25.6,0.510
25.6,0.510
25.6,0.510
25.6,0.510
25.6,0.510
25.6,0.510
25.6,0.510
25.6,0.510
25.6,0.510
25.6,0.510
25.6,0.510
25.6,0.510
25.6,0.510
25.6,0.510
25.6,0.510
25.6,0.510
25.6,0.510
25.6,0.510
25.6,0.505
25.6,0.505
25.6,0.505
25.6,0.505
25.6,0.505
25.6,0.505
25.6,0.505
25.6,0.505
25.6,0.505
25.6,0.505
25.6,0.505
25.6,0.505
25.6,0.505
25.6,0.505
25.6,0.505
25.6,0.505
25.6,0.505
25.6,0.505
25.6,0.505
25.6,0.505
25.6,0.505
25.6,0.505
25.6,0.505
25.6,0.505
25.6,0.505
25.6,0.505
25.5,0.505
25.5,0.505
25.5,0.505
25.5,0.505
25.5,0.505
25.5,0.505
25.5,0.505
25.5,0.505
25.5,0.505
25.5,0.505
25.5,0.505
25.5,0.505
25.6,0.505
25.6,0.505
25.6,0.505
25.6,0.505
25.6,0.505
25.6,0.505
25.6,0.505
25.6,0.505
25.6,0.505
25.6,0.505
25.6,0.505
25.6,0.505
25.6,0.505
25.6,0.505
25.6,0.505
25.6,0.505
25.6,0.505
25.6,0.505
25.5,0.505
25.5,0.505
25.5,0.505
25.5,0.505
25.5,0.505
25.5,0.505
25.5,0.505
25.5,0.505
25.5,0.505
25.5,0.505
25.5,0.505
25.5,0.505
25.5,0.505
25.5,0.505
25.5,0.505
25.5,0.505
25.5,0.505
25.5,0.500
25.5,0.500
25.5,0.500
25.5,0.500
25.5,0.500
25.5,0.500
25.5,0.500
25.5,0.500
25.5,0.500
25.5,0.500
25.5,0.500
25.5,0.500
25.5,0.500
25.5,0.500
25.5,0.500
25.5,0.500
25.5,0.500
25.5,0.500
25.5,0.500
25.5,0.500
25.5,0.500
25.5,0.500
25.5,0.500
25.5,0.500
25.5,0.500
25.5,0.500
25.5,0.500
25.5,0.500
25.5,0.500
25.5,0.500
25.5,0.500
25.5,0.500
25.5,0.500
25.5,0.500
25.5,0.500
25.5,0.500
25.5,0.500
25.5,0.500
25.5,0.500
25.5,0.500
25.5,0.500
25.5,0.500
25.5,0.500
25.5,0.500
25.5,0.500
25.5,0.500
25.5,0.500
25.5,0.500
25.5,0.500
25.5,0.500
25.5,0.500
25.5,0.500
25.5,0.500
25.5,0.500
25.5,0.500
25.5,0.500
25.5,0.500
25.5,0.500
25.5,0.500
25.5,0.500
25.5,0.500
25.5,0.500
25.5,0.500
25.4,0.500
25.4,0.500
25.4,0.500
25.4,0.500
25.4,0.500
25.4,0.500
25.4,0.500
25.4,0.500
25.4,0.500
25.4,0.500
25.4,0.500
25.4,0.500
25.4,0.500
25.4,0.500
25.4,0.500
25.5,0.500
25.5,0.500
25.5,0.500
25.5,0.500
25.5,0.500
25.5,0.500
25.5,0.500
25.5,0.500
25.5,0.500
25.5,0.500
25.5,0.500
25.5,0.500
25.5,0.500
25.5,0.500
25.5,0.495
25.5,0.495
25.5,0.495
25.5,0.495
25.5,0.495
25.5,0.495
25.6,0.495
25.6,0.495
25.6,0.495
25.6,0.495
25.6,0.495
25.6,0.495
25.6,0.495
25.6,0.495
25.6,0.495
25.6,0.495
25.6,0.495
25.6,0.495
25.6,0.495
25.6,0.495
25.6,0.495
25.6,0.495
25.6,0.495
25.6,0.495
25.6,0.495
25.6,0.495
25.6,0.495
25.6,0.495
25.6,0.495
25.6,0.495
25.6,0.495
25.6,0.495
25.6,0.495
25.6,0.495
25.6,0.495
25.6,0.495
25.6,0.495
25.6,0.495
25.6,0.495
25.6,0.495
25.6,0.495
25.6,0.495
25.6,0.495
25.6,0.495
25.6,0.495
25.6,0.495
25.6,0.495
25.6,0.495
25.6,0.495
25.6,0.495
25.6,0.495
25.6,0.495
25.6,0.495
25.6,0.495
25.6,0.495
25.6,0.495
25.6,0.495
25.5,0.495
25.5,0.495
25.5,0.495
25.5,0.495
25.5,0.495
25.5,0.495
25.5,0.495
25.5,0.495
25.5,0.495
25.5,0.495
25.5,0.495
25.5,0.495
25.5,0.495
25.5,0.495
25.5,0.495
25.5,0.495
25.5,0.495
25.5,0.495
25.5,0.495
25.5,0.495
25.5,0.495
25.5,0.495
25.5,0.495
25.5,0.495
25.5,0.495
25.5,0.495
25.5,0.495
25.4,0.495
25.4,0.495
25.4,0.495
25.4,0.495
25.4,0.495
25.4,0.495
25.4,0.495
25.4,0.495
25.4,0.495
25.4,0.495
25.4,0.495
25.4,0.495
25.4,0.495
25.4,0.495
25.4,0.495
25.4,0.495
25.4,0.495
25.4,0.495
25.4,0.495
25.4,0.490
25.4,0.490
25.4,0.490
25.4,0.490
25.4,0.490
25.4,0.490
25.4,0.490
25.4,0.490
25.4,0.490
25.4,0.490
25.4,0.490
25.4,0.490
25.4,0.490
25.4,0.490
25.4,0.490
25.4,0.490
25.4,0.490
25.4,0.490
25.4,0.490
25.4,0.490
25.4,0.490
25.4,0.490
25.4,0.490
25.4,0.490
25.4,0.490
25.4,0.490
25.4,0.490
25.4,0.490
25.4,0.490
25.4,0.490
25.4,0.490
25.4,0.490
25.4,0.490
25.4,0.490
25.4,0.490
25.4,0.490
25.4,0.490
25.4,0.490
25.4,0.490
25.4,0.490
25.4,0.490
25.4,0.490
25.4,0.490
25.4,0.490
25.4,0.490
25.4,0.490
25.3,0.490
25.3,0.490
25.3,0.490
25.3,0.490
25.3,0.490
25.3,0.490
25.3,0.490
25.3,0.490
25.3,0.490
25.3,0.490
25.3,0.490
25.3,0.490
25.3,0.490
25.3,0.490
25.3,0.490
25.3,0.490
25.3,0.490
25.3,0.490
25.3,0.490
25.3,0.490
25.3,0.490
25.3,0.490
25.3,0.490
25.3,0.490
25.3,0.490
25.3,0.490
25.3,0.490
25.3,0.490
25.3,0.490
25.3,0.490
25.3,0.490
25.3,0.490
25.4,0.490
25.4,0.490
25.4,0.490
25.4,0.490
25.4,0.490
25.4,0.490
25.4,0.490
25.4,0.490
25.4,0.490
25.4,0.490
25.4,0.490
25.4,0.490
25.4,0.490
25.4,0.490
25.4,0.490
25.4,0.490
25.4,0.490
25.4,0.490
25.4,0.485
25.4,0.485
25.4,0.485
25.4,0.485
25.4,0.485
25.4,0.485
25.4,0.485
25.4,0.485
25.4,0.485
25.4,0.485
25.4,0.485
25.4,0.485
25.4,0.485
25.4,0.485
25.4,0.485
25.4,0.485
25.4,0.485
25.4,0.485
25.4,0.485
25.4,0.485
25.4,0.485
25.4,0.485
25.4,0.485
25.4,0.485
25.4,0.485
25.4,0.485
25.4,0.485
25.4,0.485
25.4,0.485
25.4,0.485
25.4,0.485
25.4,0.485
25.4,0.485
25.4,0.485
25.4,0.485
25.4,0.485
25.4,0.485
25.4,0.485
25.4,0.485
25.4,0.485
25.4,0.485
25.4,0.485
25.4,0.485
25.4,0.485
25.4,0.485
25.4,0.485
25.4,0.485
25.4,0.485
25.4,0.485
25.4,0.485
25.4,0.485
25.4,0.485
25.4,0.485
25.4,0.485
25.4,0.485
25.4,0.485
25.4,0.485
25.4,0.485
25.4,0.485
25.4,0.485
25.4,0.485
25.4,0.485
25.4,0.485
25.4,0.485
25.4,0.485
25.4,0.485
25.4,0.485
25.4,0.485
25.4,0.485
25.4,0.485
25.3,0.485
25.3,0.485
25.3,0.485
25.3,0.485
25.3,0.485
25.3,0.485
25.3,0.485
25.3,0.485
25.3,0.485
25.3,0.485
25.3,0.485
25.3,0.480
25.3,0.480
25.3,0.480
25.3,0.480
25.3,0.480
25.3,0.480
25.3,0.480
25.3,0.480
25.3,0.480
25.3,0.480
25.3,0.480
25.3,0.480
25.3,0.480
25.3,0.480
25.3,0.480
25.3,0.480
25.3,0.480
25.3,0.480
25.3,0.480
25.3,0.480
25.3,0.480
25.3,0.480
25.3,0.480
25.3,0.480
25.3,0.480
25.3,0.480
25.3,0.480
25.3,0.480
25.3,0.480
25.3,0.480
25.3,0.480
25.3,0.480
25.3,0.480
25.3,0.480
25.3,0.480
25.3,0.480
25.3,0.480
25.3,0.480
25.3,0.480
25.3,0.480
25.3,0.480
25.3,0.480
25.3,0.480
25.3,0.480
25.3,0.480
25.3,0.480
25.3,0.480
25.3,0.480
25.3,0.480
25.3,0.480
25.3,0.480
25.3,0.480
25.3,0.480
25.3,0.480
25.3,0.480
25.2,0.480
25.2,0.480
25.2,0.480
25.2,0.480
25.2,0.480
25.2,0.480
25.2,0.480
25.2,0.480
25.2,0.480
25.2,0.480
25.2,0.480
25.2,0.480
25.2,0.480
25.2,0.480
25.2,0.480
25.2,0.480
25.2,0.480
25.2,0.480
25.2,0.480
25.2,0.475
25.2,0.475
25.2,0.475
25.2,0.475
25.2,0.475
25.2,0.475
25.2,0.475
25.2,0.475
25.2,0.475
25.2,0.475
25.2,0.475
25.2,0.475
25.2,0.475
25.2,0.475
25.2,0.475
25.2,0.475
25.2,0.475
25.2,0.475
25.2,0.475
25.2,0.475
25.2,0.475
25.2,0.475
25.2,0.475
25.2,0.475
25.2,0.475
25.2,0.475
25.2,0.475
25.2,0.475
25.2,0.475
25.2,0.475
25.2,0.475
25.2,0.475
25.2,0.475
25.2,0.475
25.2,0.475
25.2,0.475
25.2,0.475
25.2,0.475
25.2,0.475
25.2,0.475
25.2,0.475
25.2,0.475
25.2,0.475
25.2,0.475
25.2,0.475
25.2,0.475
25.2,0.475
25.2,0.475
25.2,0.475
25.2,0.475
25.2,0.475
25.2,0.475
25.2,0.475
25.2,0.475
25.2,0.475
25.2,0.475
25.2,0.475
25.2,0.475
25.2,0.475
25.1,0.475
25.1,0.475
25.1,0.475
25.1,0.475
25.1,0.475
25.1,0.475
25.1,0.475
25.1,0.475
25.1,0.475
25.1,0.475
25.1,0.475
25.1,0.470
25.1,0.470
25.1,0.470
25.1,0.470
25.1,0.470
25.1,0.470
25.1,0.470
25.1,0.470
25.1,0.470
25.1,0.470
25.1,0.470
25.1,0.470
25.1,0.470
25.1,0.470
25.1,0.470
25.1,0.470
25.1,0.470
25.0,0.470
25.0,0.470
25.0,0.470
25.0,0.470
25.0,0.470
25.0,0.470
25.0,0.470
25.0,0.470
25.0,0.470
25.0,0.470
25.0,0.470
25.0,0.470
25.0,0.470
25.0,0.470
25.0,0.470
25.0,0.470
25.0,0.470
25.0,0.470
25.0,0.470
25.0,0.470
25.0,0.470
25.0,0.470
25.0,0.470
25.0,0.470
25.0,0.470
25.0,0.470
25.0,0.470
25.0,0.470
25.0,0.470
25.0,0.470
25.0,0.470
25.0,0.470
25.0,0.470
25.1,0.470
25.1,0.470
25.1,0.470
25.1,0.470
25.1,0.470
25.1,0.470
25.1,0.470
25.1,0.470
25.1,0.470
25.1,0.470
25.1,0.470
25.1,0.470
25.1,0.470
25.1,0.470
25.1,0.465
25.1,0.465
25.1,0.465
25.1,0.465
25.1,0.465
25.1,0.465
25.1,0.465
25.1,0.465
25.1,0.465
25.1,0.465
25.1,0.465
25.1,0.465
25.1,0.465
25.1,0.465
25.1,0.465
25.1,0.465
25.1,0.465
25.1,0.465
25.1,0.465
25.1,0.465
25.1,0.465
25.1,0.465
25.1,0.465
25.1,0.465
25.1,0.465
25.1,0.465
25.1,0.465
25.1,0.465
25.1,0.465
25.1,0.465
25.1,0.465
25.1,0.465
25.1,0.465
25.1,0.465
25.1,0.465
25.1,0.465
25.1,0.465
25.1,0.465
25.1,0.465
25.1,0.465
25.1,0.465
25.1,0.465
25.1,0.465
25.1,0.465
25.1,0.465
25.1,0.465
25.1,0.465
25.1,0.465
25.1,0.465
25.1,0.465
25.1,0.465
25.1,0.465
25.1,0.465
25.1,0.465
25.1,0.465
25.1,0.465
25.1,0.465
25.1,0.465
25.1,0.465
25.1,0.460
25.1,0.460
25.1,0.460
25.1,0.460
25.1,0.460
25.1,0.460
25.1,0.460
25.1,0.460
25.1,0.460
25.1,0.460
25.1,0.460
25.1,0.460
25.1,0.460
25.1,0.460
25.1,0.460
25.1,0.460
25.1,0.460
25.1,0.460
25.1,0.460
25.1,0.460
25.1,0.460
25.1,0.460
25.1,0.460
25.1,0.460
25.1,0.460
25.1,0.460
25.1,0.460
25.1,0.460
25.1,0.460
25.1,0.460
25.1,0.460
25.1,0.460
25.1,0.460
25.1,0.460
25.1,0.460
25.1,0.460
25.1,0.460
25.1,0.460
25.1,0.460
25.1,0.460
25.1,0.460
25.1,0.460
25.1,0.460
25.1,0.460
25.2,0.460
25.2,0.460
25.2,0.460
25.2,0.460
25.2,0.460
25.2,0.460
25.2,0.460
25.2,0.460
25.2,0.460
25.2,0.455
25.2,0.455
25.2,0.455
25.2,0.455
25.2,0.455
25.2,0.455
25.2,0.455
25.2,0.455
25.2,0.455
25.2,0.455
25.1,0.455
25.1,0.455
25.1,0.455
25.1,0.455
25.1,0.455
25.1,0.455
25.1,0.455
25.1,0.455
25.1,0.455
25.1,0.455
25.1,0.455
25.1,0.455
25.1,0.455
25.1,0.455
25.1,0.455
25.1,0.455
25.1,0.455
25.1,0.455
25.1,0.455
25.1,0.455
25.1,0.455
25.1,0.455
25.1,0.455
25.1,0.455
25.1,0.455
25.1,0.455
25.1,0.455
25.1,0.455
25.1,0.455
25.1,0.455
25.1,0.455
25.1,0.455
25.1,0.455
25.1,0.455
25.1,0.455
25.1,0.455
25.1,0.455
25.1,0.455
25.1,0.455
25.1,0.455
25.1,0.455
25.1,0.450
25.1,0.450
25.1,0.450
25.1,0.450
25.1,0.450
25.1,0.450
25.1,0.450
25.1,0.450
25.1,0.450
25.1,0.450
25.1,0.450
25.1,0.450
25.1,0.450
25.1,0.450
25.1,0.450
25.1,0.450
25.1,0.450
25.1,0.450
25.1,0.450
25.1,0.450
25.1,0.450
25.1,0.450
25.1,0.450
25.1,0.450
25.1,0.450
25.1,0.450
25.1,0.450
25.1,0.450
25.1,0.450
25.1,0.450
25.1,0.450
25.1,0.450
25.1,0.450
25.1,0.450
25.1,0.450
25.1,0.450
25.1,0.450
25.1,0.450
25.1,0.450
25.1,0.450
25.1,0.450
25.1,0.450
25.1,0.450
25.1,0.450
25.1,0.450
25.1,0.450
25.1,0.450
25.1,0.450
25.1,0.445
25.1,0.445
25.1,0.445
25.1,0.445
25.1,0.445
25.1,0.445
25.1,0.445
25.1,0.445
25.1,0.445
25.1,0.445
25.1,0.445
25.1,0.445
25.1,0.445
25.1,0.445
25.1,0.445
25.1,0.445
25.1,0.445
25.1,0.445
25.1,0.445
25.1,0.445
25.1,0.445
25.1,0.445
25.1,0.445
25.1,0.445
25.1,0.445
25.1,0.445
25.1,0.445
25.1,0.445
25.1,0.445
25.1,0.445
25.1,0.445
25.1,0.445
25.1,0.445
25.1,0.445
25.1,0.445
25.1,0.445
25.1,0.445
25.1,0.445
25.1,0.445
25.1,0.445
25.1,0.445
25.1,0.445
25.1,0.445
25.1,0.445
25.2,0.445
25.2,0.445
25.2,0.445
25.2,0.445
25.2,0.445
25.2,0.445
25.2,0.445
25.2,0.445
25.2,0.445
25.2,0.445
25.2,0.445
25.2,0.440
25.2,0.440
25.2,0.440
25.2,0.440
25.2,0.440
25.2,0.440
25.2,0.440
25.2,0.440
25.2,0.440
25.2,0.440
25.2,0.440
25.2,0.440
25.2,0.440
25.2,0.440
25.2,0.440
25.2,0.440
25.2,0.440
25.2,0.440
25.2,0.440
25.2,0.440
25.2,0.440
25.2,0.440
25.2,0.440
25.2,0.440
25.2,0.440
25.2,0.440
25.2,0.440
25.2,0.440
25.2,0.440
25.2,0.440
25.2,0.440
25.2,0.440
25.2,0.440
25.2,0.440
25.2,0.440
25.2,0.440
25.2,0.440
25.2,0.440
25.2,0.440
25.2,0.440
25.2,0.440
25.2,0.440
25.2,0.440
25.2,0.440
25.2,0.440
25.2,0.440
25.2,0.440
25.2,0.440
25.2,0.440
25.2,0.440
25.2,0.440
25.2,0.440
25.2,0.440
25.2,0.440
25.2,0.440
25.2,0.440
25.2,0.440
25.2,0.440
25.2,0.440
25.2,0.440
25.2,0.440
25.2,0.440
25.2,0.440
25.2,0.435
25.2,0.435
25.2,0.435
25.2,0.435
25.2,0.435
25.2,0.435
25.2,0.435
25.2,0.435
25.2,0.435
25.2,0.435
25.2,0.435
25.2,0.435
25.2,0.435
25.2,0.435
25.2,0.435
25.2,0.435
25.2,0.435
25.2,0.435
25.2,0.435
25.2,0.435
25.2,0.435
25.2,0.435
25.2,0.435
25.2,0.435
25.2,0.435
25.2,0.435
25.2,0.435
25.2,0.435
25.2,0.435
25.2,0.435
25.2,0.435
25.2,0.435
25.2,0.435
25.1,0.435
25.1,0.435
25.1,0.435
25.1,0.435
25.1,0.435
25.1,0.435
25.1,0.435
25.1,0.435
25.1,0.435
25.1,0.435
25.1,0.435
25.1,0.435
25.1,0.435
25.1,0.435
25.1,0.435
25.1,0.435
25.1,0.435
25.1,0.435
25.1,0.435
25.1,0.435
25.1,0.435
25.1,0.435
25.1,0.435
25.1,0.435
25.1,0.435
25.1,0.435
25.1,0.435
25.1,0.435
25.1,0.435
25.1,0.435
25.1,0.435
25.1,0.435
25.1,0.435
25.1,0.435
25.1,0.435
25.1,0.430
25.1,0.430
25.1,0.430
25.1,0.430
25.1,0.430
25.1,0.430
25.1,0.430
25.1,0.430
25.0,0.430
25.0,0.430
25.0,0.430
25.0,0.430
25.0,0.430
25.0,0.430
25.0,0.430
25.0,0.430
25.0,0.430
25.0,0.430
25.0,0.430
25.0,0.430
25.0,0.430
25.0,0.430
25.1,0.430
25.1,0.430
25.1,0.430
25.1,0.430
25.0,0.430
25.0,0.430
25.0,0.430
25.0,0.430
25.0,0.430
25.0,0.430
25.0,0.430
25.0,0.430
25.0,0.430
25.0,0.430
25.0,0.430
25.0,0.430
25.0,0.430
25.0,0.430
25.0,0.430
25.0,0.430
25.0,0.430
25.0,0.430
25.0,0.430
25.0,0.430
25.0,0.430
25.0,0.430
25.0,0.430
25.0,0.430
25.0,0.430
25.0,0.430
25.0,0.430
25.0,0.430
25.0,0.430
25.0,0.430
25.0,0.430
25.0,0.430
25.0,0.430
25.0,0.430
25.0,0.430
25.0,0.430
25.0,0.430
25.0,0.430
25.0,0.430
25.0,0.430
25.0,0.430
25.0,0.425
25.0,0.425
25.0,0.425
25.0,0.425
25.0,0.425
25.0,0.425
25.0,0.425
25.0,0.425
25.0,0.425
25.0,0.425
25.0,0.425
25.0,0.425
25.0,0.425
25.0,0.425
25.1,0.425
25.1,0.425
25.1,0.425
25.1,0.425
25.1,0.425
25.1,0.425
25.1,0.425
25.1,0.425
25.1,0.425
25.1,0.425
25.1,0.425
25.1,0.425
25.1,0.425
25.1,0.425
25.1,0.425
25.1,0.425
25.1,0.425
25.1,0.425
25.1,0.425
25.1,0.425
25.1,0.425
25.1,0.425
25.1,0.425
25.1,0.425
25.1,0.425
25.1,0.425
25.1,0.425
25.1,0.425
25.1,0.425
25.1,0.425
25.1,0.425
25.1,0.425
25.1,0.425
25.1,0.425
25.1,0.425
25.1,0.425
25.1,0.425
25.1,0.425
25.1,0.425
25.1,0.425
25.1,0.425
25.1,0.425
25.1,0.425
25.1,0.425
25.1,0.425
25.1,0.425
25.1,0.425
25.0,0.425
25.0,0.425
25.0,0.425
25.0,0.425
25.0,0.425
25.0,0.425
25.0,0.425
25.0,0.425
25.0,0.420
25.0,0.420
25.0,0.420
25.0,0.420
25.0,0.420
25.0,0.420
25.0,0.420
25.0,0.420
25.0,0.420
25.0,0.420
25.0,0.420
25.0,0.420
25.0,0.420
25.0,0.420
25.0,0.420
25.0,0.420
25.0,0.420
25.0,0.420
25.0,0.420
25.0,0.420
25.0,0.420
25.0,0.420
25.0,0.420
25.0,0.420
25.0,0.420
25.0,0.420
25.0,0.420
25.0,0.420
25.0,0.420
25.0,0.420
25.0,0.420
25.0,0.420
25.0,0.420
25.0,0.420
25.0,0.420
25.0,0.420
25.0,0.420
25.0,0.420
25.0,0.420
25.0,0.420
25.0,0.420
25.0,0.420
25.0,0.420
25.0,0.420
25.0,0.420
25.0,0.420
25.0,0.420
25.0,0.420
25.0,0.420
25.0,0.420
25.0,0.420
25.0,0.420
25.0,0.420
25.0,0.420
25.0,0.420
25.0,0.420
25.0,0.420
25.0,0.420
25.0,0.420
25.0,0.420
25.0,0.420
25.0,0.420
25.0,0.420
25.0,0.420
25.0,0.420
25.0,0.420
25.0,0.420
25.0,0.420
25.0,0.420
25.0,0.420
25.0,0.420
25.0,0.420
25.0,0.415
25.0,0.415
25.0,0.415
25.0,0.415
25.0,0.415
25.0,0.415
25.0,0.415
25.0,0.415
25.0,0.415
25.0,0.415
25.0,0.415
25.0,0.415
25.0,0.415
25.0,0.415
25.0,0.415
25.0,0.415
25.0,0.415
25.0,0.415
25.0,0.415
25.0,0.415
25.0,0.415
25.0,0.415
25.0,0.415
25.0,0.415
25.0,0.415
25.0,0.415
25.0,0.415
25.0,0.415
25.0,0.415
25.0,0.415
24.9,0.415
24.9,0.415
24.9,0.415
24.9,0.415
24.9,0.415
24.9,0.415
24.9,0.415
24.9,0.415
24.9,0.415
24.9,0.415
24.9,0.415
24.9,0.415
24.9,0.415
24.9,0.415
24.9,0.415
24.9,0.415
24.9,0.415
24.9,0.415
24.9,0.415
24.9,0.415
24.9,0.415
24.9,0.415
24.9,0.415
24.9,0.415
24.9,0.415
24.9,0.415
24.9,0.415
24.9,0.415
24.9,0.415
24.9,0.415
24.9,0.415
24.9,0.415
24.9,0.415
24.9,0.415
24.9,0.415
24.9,0.415
24.9,0.415
24.9,0.415
24.9,0.415
24.9,0.415
24.9,0.415
24.9,0.415
24.9,0.415
24.9,0.415
24.9,0.415
24.9,0.415
24.9,0.410
24.9,0.410
24.9,0.410
24.9,0.410
24.9,0.410
24.9,0.410
24.9,0.410
24.9,0.410
24.9,0.410
24.9,0.410
24.9,0.410
24.9,0.410
24.9,0.410
24.9,0.410
24.9,0.410
24.9,0.410
24.9,0.410
24.9,0.410
24.9,0.410
24.9,0.410
24.9,0.410
24.9,0.410
24.9,0.410
24.9,0.410
24.9,0.410
24.9,0.410
24.9,0.410
24.9,0.410
24.9,0.410
24.9,0.410
24.9,0.410
24.9,0.410
24.9,0.410
24.9,0.410
24.9,0.410
24.9,0.410
24.9,0.410
24.9,0.410
24.9,0.410
24.9,0.410
24.9,0.410
24.9,0.410
24.9,0.410
24.9,0.410
24.9,0.410
24.9,0.410
24.9,0.410
24.9,0.410
24.9,0.410
24.9,0.410
24.9,0.410
24.9,0.410
24.9,0.410
24.9,0.410
24.9,0.410
24.9,0.410
24.9,0.410
24.9,0.410
24.9,0.410
24.9,0.410
24.9,0.410
24.9,0.410
24.9,0.410
24.9,0.410
24.9,0.410
24.9,0.410
24.9,0.410
24.9,0.410
24.9,0.410
24.9,0.410
24.9,0.410
24.9,0.410
24.9,0.410
24.9,0.410
24.9,0.410
24.9,0.410
24.9,0.410
24.9,0.410
24.9,0.410
24.9,0.410
24.9,0.410
24.9,0.410
24.9,0.410
24.9,0.410
24.9,0.405
24.9,0.405
24.9,0.405
24.9,0.405
24.9,0.405
24.8,0.405
24.8,0.405
24.8,0.405
24.8,0.405
24.8,0.405
24.8,0.405
24.8,0.405
24.8,0.405
24.8,0.405
24.8,0.405
24.8,0.405
24.8,0.405
24.8,0.405
24.8,0.405
24.8,0.405
24.8,0.405
24.9,0.405
24.9,0.405
24.9,0.405
24.9,0.405
24.9,0.405
24.9,0.405
24.9,0.405
24.9,0.405
24.9,0.405
24.8,0.405
24.8,0.405
24.8,0.405
24.8,0.405
24.8,0.405
24.8,0.405
24.8,0.405
24.8,0.405
24.8,0.405
24.8,0.405
24.8,0.405
24.8,0.405
24.8,0.405
24.8,0.405
24.8,0.405
24.8,0.405
24.8,0.405
24.8,0.405
24.8,0.405
24.8,0.405
24.8,0.405
24.8,0.405
24.8,0.405
24.8,0.405
24.8,0.405
24.8,0.405
24.8,0.405
24.8,0.405
24.8,0.405
24.8,0.405
24.8,0.405
24.8,0.405
24.8,0.405
24.8,0.405
24.8,0.405
24.8,0.405
24.8,0.405
24.8,0.405
24.8,0.405
24.8,0.405
24.8,0.405
24.8,0.405
24.8,0.405
24.8,0.405
24.8,0.405
24.8,0.405
24.8,0.405
24.8,0.405
24.8,0.405
24.8,0.405
24.8,0.405
24.8,0.405
24.8,0.405
24.8,0.405
24.8,0.405
24.8,0.405
24.8,0.405
24.8,0.405
24.8,0.400
24.8,0.400
24.8,0.400
24.8,0.400
24.8,0.400
24.8,0.400
24.7,0.400
24.7,0.400
24.7,0.400
24.7,0.400
24.7,0.400
24.7,0.400
24.7,0.400
24.7,0.400
24.7,0.400
24.7,0.400
24.7,0.400
24.7,0.400
24.7,0.400
24.7,0.400
24.7,0.400
24.7,0.400
24.7,0.400
24.7,0.400
24.7,0.400
24.7,0.400
24.7,0.400
24.7,0.400
24.7,0.400
24.7,0.400
24.7,0.400
24.7,0.400
24.7,0.400
24.7,0.400
24.7,0.400
24.7,0.400
24.7,0.400
24.7,0.400
24.7,0.400
24.8,0.400
24.8,0.400
24.8,0.400
24.8,0.400
24.8,0.400
24.8,0.400
24.8,0.400
24.8,0.400
24.8,0.400
24.8,0.400
24.8,0.400
24.8,0.400
24.8,0.400
24.7,0.400
24.7,0.400
24.7,0.400
24.7,0.400
24.7,0.400
24.7,0.400
24.7,0.400
24.7,0.400
24.7,0.400
24.7,0.400
24.7,0.400
24.7,0.400
24.7,0.400
24.7,0.400
24.7,0.400
24.7,0.400
24.7,0.400
24.7,0.400
24.7,0.400
24.7,0.400
24.7,0.400
24.7,0.400
24.7,0.400
24.7,0.400
24.7,0.400
24.7,0.400
24.7,0.400
24.7,0.400
24.7,0.400
24.7,0.400
24.7,0.400
24.7,0.400
24.7,0.400
24.7,0.400
24.7,0.400
24.7,0.400
24.7,0.400
24.7,0.400
24.7,0.400
24.7,0.400
24.7,0.400
24.7,0.400
24.7,0.400
24.7,0.400
24.7,0.400
24.7,0.400
24.7,0.400
24.7,0.395
24.7,0.395
24.7,0.395
24.7,0.395
24.7,0.395
24.7,0.395
24.7,0.395
24.7,0.395
24.7,0.395
24.7,0.395
24.7,0.395
24.7,0.395
24.7,0.395
24.7,0.395
24.7,0.395
24.7,0.395
24.7,0.395
24.7,0.395
24.7,0.395
24.7,0.395
24.7,0.395
24.7,0.395
24.7,0.395
24.7,0.395
24.7,0.395
24.7,0.395
24.7,0.395
24.7,0.395
24.8,0.395
24.8,0.395
24.8,0.395
24.8,0.395
24.8,0.395
24.8,0.395
24.8,0.395
24.8,0.395
24.8,0.395
24.8,0.395
24.8,0.395
24.8,0.395
24.8,0.395
24.8,0.395
24.8,0.395
24.8,0.395
24.8,0.395
24.8,0.395
24.8,0.395
24.8,0.395
24.8,0.395
24.8,0.395
24.8,0.395
24.8,0.395
24.8,0.395
24.8,0.395
24.8,0.395
24.8,0.395
24.8,0.395
24.8,0.395
24.8,0.395
24.8,0.395
24.8,0.395
24.8,0.395
24.8,0.395
24.8,0.395
24.8,0.395
24.8,0.395
24.8,0.395
24.8,0.395
24.8,0.395
24.8,0.395
24.7,0.395
24.7,0.395
24.7,0.395
24.7,0.395
24.7,0.395
24.7,0.395
24.7,0.395
24.7,0.395
24.7,0.395
24.7,0.395
24.7,0.395
24.7,0.395
24.7,0.395
24.6,0.395
24.6,0.395
24.6,0.395
24.6,0.395
24.6,0.395
24.6,0.395
24.6,0.390
24.6,0.390
24.6,0.390
24.6,0.390
24.6,0.390
24.6,0.390
24.6,0.390
24.6,0.390
24.6,0.390
24.6,0.390
24.6,0.390
24.6,0.390
24.6,0.390
24.6,0.390
24.6,0.390
24.6,0.390
24.6,0.390
24.5,0.390
24.5,0.390
24.5,0.390
24.5,0.390
24.5,0.390
24.5,0.390
24.5,0.390
24.5,0.390
24.5,0.390
24.5,0.390
24.5,0.390
24.5,0.390
24.5,0.390
24.5,0.390
24.5,0.390
24.4,0.390
24.4,0.390
24.4,0.390
24.4,0.390
24.4,0.390
24.4,0.390
24.4,0.390
24.4,0.390
24.4,0.390
24.4,0.390
24.4,0.390
24.4,0.390
24.4,0.390
24.4,0.390
24.4,0.390
24.4,0.390
24.4,0.390
24.4,0.390
24.4,0.390
24.4,0.390
24.4,0.390
24.4,0.390
24.4,0.390
24.4,0.390
24.4,0.390
24.4,0.390
24.4,0.390
24.4,0.390
24.4,0.390
24.4,0.390
24.4,0.390
24.4,0.390
24.4,0.385
24.4,0.385
24.4,0.385
24.4,0.385
24.4,0.385
24.4,0.385
24.4,0.385
24.4,0.385
24.4,0.385
24.4,0.385
24.4,0.385
24.4,0.385
24.4,0.385
24.4,0.385
24.5,0.385
24.5,0.385
24.5,0.385
24.5,0.385
24.5,0.385
24.5,0.385
24.5,0.385
24.5,0.385
24.5,0.385
24.5,0.385
24.5,0.385
24.5,0.385
24.5,0.385
24.5,0.385
24.5,0.385
24.5,0.385
24.5,0.385
24.5,0.385
24.5,0.385
24.5,0.385
24.5,0.385
24.5,0.385
24.5,0.385
24.5,0.385
24.5,0.385
24.5,0.385
24.5,0.385
24.5,0.385
24.5,0.385
24.5,0.385
24.5,0.385
24.5,0.385
24.5,0.385
24.5,0.385
24.5,0.385
24.5,0.385
24.5,0.385
24.5,0.385
24.5,0.385
24.5,0.385
24.5,0.385
24.5,0.385
24.5,0.385
24.5,0.385
24.5,0.385
24.5,0.385
24.5,0.385
24.5,0.385
24.5,0.385
24.5,0.385
24.5,0.385
24.5,0.380
24.5,0.380
24.6,0.380
24.6,0.380
24.6,0.380
24.6,0.380
24.6,0.380
24.6,0.380
24.6,0.380
24.6,0.380
24.6,0.380
24.6,0.380
24.6,0.380
24.6,0.380
24.6,0.380
24.6,0.380
24.6,0.380
24.6,0.380
24.6,0.380
24.6,0.380
24.6,0.380
24.6,0.380
24.6,0.380
24.6,0.380
24.6,0.380
24.6,0.380
24.6,0.380
24.6,0.380
24.6,0.380
24.6,0.380
24.6,0.380
24.6,0.380
24.6,0.380
24.6,0.380
24.6,0.380
24.6,0.380
24.6,0.380
24.6,0.380
24.6,0.380
24.6,0.380
24.6,0.380
24.6,0.380
24.6,0.380
24.6,0.380
24.6,0.380
24.6,0.380
24.6,0.380
24.6,0.380
24.6,0.380
24.6,0.380
24.6,0.380
24.6,0.380
24.6,0.380
24.6,0.380
24.6,0.380
24.6,0.380
24.6,0.380
24.6,0.380
24.6,0.380
24.6,0.380
24.6,0.380
24.6,0.380
24.6,0.380
24.6,0.380
24.6,0.380
24.6,0.380
24.6,0.380
24.6,0.380
24.6,0.380
24.6,0.380
24.6,0.380
24.6,0.380
24.6,0.380
24.6,0.380
24.6,0.380
24.6,0.380
24.6,0.380
24.6,0.380
24.6,0.380
24.6,0.380
24.6,0.380
24.6,0.380
24.6,0.380
24.6,0.380
24.6,0.380
24.6,0.380
24.6,0.375
24.6,0.375
24.6,0.375
24.6,0.375
24.6,0.375
24.6,0.375
24.6,0.375
24.6,0.375
24.6,0.375
24.6,0.375
24.6,0.375
24.6,0.375
24.6,0.375
24.6,0.375
24.6,0.375
24.6,0.375
24.6,0.375
24.6,0.375
24.6,0.375
24.6,0.375
24.6,0.375
24.6,0.375
24.6,0.375
24.6,0.375
24.6,0.375
24.6,0.375
24.6,0.375
24.6,0.375
24.6,0.375
24.6,0.375
24.6,0.375
24.6,0.375
24.6,0.375
24.6,0.375
24.5,0.375
24.5,0.375
24.5,0.375
24.5,0.375
24.5,0.375
24.5,0.375
24.5,0.375
24.5,0.375
24.5,0.375
24.5,0.375
24.5,0.375
24.5,0.375
24.5,0.375
24.5,0.375
24.5,0.375
24.4,0.375
24.4,0.375
24.4,0.375
24.4,0.375
24.4,0.375
24.4,0.375
24.4,0.375
24.4,0.375
24.4,0.375
24.4,0.375
24.4,0.375
24.4,0.375
24.4,0.375
24.4,0.375
24.4,0.375
24.4,0.375
24.4,0.375
24.4,0.375
24.4,0.375
24.4,0.375
24.4,0.375
24.4,0.375
24.4,0.375
24.4,0.375
24.4,0.375
24.4,0.375
24.4,0.375
24.4,0.375
24.4,0.375
24.4,0.375
24.4,0.375
24.4,0.375
24.4,0.375
24.4,0.375
24.4,0.375
24.4,0.375
24.4,0.375
24.4,0.375
24.4,0.375
24.3,0.375
24.3,0.375
24.3,0.375
24.3,0.375
24.3,0.375
24.3,0.370
24.3,0.370
24.3,0.370
24.3,0.370
24.3,0.370
24.3,0.370
24.3,0.370
24.3,0.370
24.3,0.370
24.3,0.370
24.3,0.370
24.3,0.370
24.3,0.370
24.3,0.370
24.3,0.370
24.3,0.370
24.3,0.370
24.3,0.370
24.3,0.370
24.3,0.370
24.3,0.370
24.3,0.370
24.3,0.370
24.3,0.370
24.3,0.370
24.3,0.370
24.3,0.370
24.3,0.370
24.3,0.370
24.3,0.370
24.3,0.370
24.3,0.370
24.3,0.370
24.3,0.370
24.3,0.370
24.3,0.370
24.3,0.370
24.3,0.370
24.3,0.370
24.3,0.370
24.3,0.370
24.3,0.370
24.3,0.370
24.3,0.370
24.3,0.370
24.3,0.370
24.3,0.370
24.3,0.370
24.3,0.370
24.3,0.370
24.2,0.370
24.2,0.370
24.2,0.370
24.2,0.370
24.2,0.370
24.2,0.370
24.2,0.370
24.2,0.370
24.2,0.370
24.2,0.370
24.2,0.370
24.2,0.370
24.2,0.370
24.2,0.370
24.2,0.370
24.2,0.370
24.2,0.370
24.2,0.370
24.2,0.365
24.2,0.365
24.2,0.365
24.2,0.365
24.2,0.365
24.2,0.365
24.2,0.365
24.2,0.365
24.2,0.365
24.2,0.365
24.2,0.365
24.1,0.365
24.1,0.365
24.1,0.365
24.1,0.365
24.1,0.365
24.1,0.365
24.1,0.365
24.1,0.365
24.1,0.365
24.1,0.365
24.1,0.365
24.1,0.365
24.1,0.365
24.1,0.365
24.1,0.365
24.1,0.365
24.1,0.365
24.1,0.365
24.1,0.365
24.1,0.365
24.1,0.365
24.1,0.365
24.1,0.365
24.1,0.365
24.1,0.365
24.1,0.365
24.1,0.365
24.1,0.365
24.1,0.365
24.1,0.365
24.1,0.365
24.1,0.365
24.1,0.365
24.1,0.365
24.1,0.365
24.1,0.365
24.1,0.365
24.1,0.365
24.1,0.365
24.1,0.365
24.1,0.365
24.1,0.365
24.1,0.360
24.1,0.360
24.1,0.360
24.1,0.360
24.1,0.360
24.1,0.360
24.2,0.360
24.2,0.360
24.2,0.360
24.2,0.360
24.2,0.360
24.2,0.360
24.2,0.360
24.2,0.360
24.2,0.360
24.2,0.360
24.2,0.360
24.3,0.360
24.3,0.360
24.3,0.360
24.3,0.360
24.3,0.360
24.3,0.360
24.3,0.360
24.3,0.360
24.3,0.360
24.3,0.360
24.3,0.360
24.3,0.360
24.3,0.360
24.3,0.360
24.3,0.360
24.3,0.360
24.3,0.360
24.3,0.360
24.3,0.360
24.3,0.360
24.3,0.360
24.3,0.360
24.3,0.360
24.3,0.360
24.4,0.360
24.4,0.360
24.4,0.360
24.4,0.360
24.4,0.360
24.4,0.355
24.4,0.355
24.4,0.355
24.4,0.355
24.4,0.355
24.4,0.355
24.4,0.355
24.4,0.355
24.4,0.355
24.4,0.355
24.4,0.355
24.4,0.355
24.4,0.355
24.4,0.355
24.4,0.355
24.4,0.355
24.4,0.355
24.5,0.355
24.5,0.355
24.5,0.355
24.5,0.355
24.5,0.355
24.5,0.355
24.5,0.355
24.5,0.355
24.5,0.355
24.5,0.355
24.5,0.355
24.5,0.355
24.5,0.355
24.5,0.355
24.5,0.355
24.5,0.355
24.5,0.355
24.5,0.355
24.5,0.355
24.5,0.355
24.5,0.355
24.5,0.355
24.5,0.355
24.5,0.355
24.5,0.355
24.5,0.355
24.5,0.355
24.5,0.355
24.5,0.355
24.5,0.350
24.5,0.350
24.5,0.350
24.5,0.350
24.5,0.350
24.5,0.350
24.4,0.350
24.4,0.350
24.4,0.350
24.4,0.350
24.4,0.350
24.4,0.350
24.4,0.350
24.4,0.350
24.4,0.350
24.4,0.350
24.4,0.350
24.4,0.350
24.4,0.350
24.4,0.350
24.4,0.350
24.4,0.350
24.4,0.350
24.4,0.350
24.4,0.350
24.4,0.350
24.4,0.350
24.4,0.350
24.4,0.350
24.4,0.350
24.4,0.350
24.4,0.350
24.4,0.350
24.4,0.350
24.4,0.350
24.4,0.350
24.4,0.350
24.4,0.350
24.4,0.350
24.4,0.350
24.4,0.350
24.4,0.350
24.4,0.345
24.4,0.345
24.4,0.345
24.4,0.345
24.4,0.345
24.4,0.345
24.4,0.345
24.4,0.345
24.4,0.345
24.4,0.345
24.4,0.345
24.4,0.345
24.4,0.345
24.4,0.345
24.4,0.345
24.4,0.345
24.4,0.345
24.4,0.345
24.4,0.345
24.4,0.345
24.4,0.345
24.4,0.345
24.4,0.345
24.4,0.345
24.5,0.345
24.5,0.345
24.5,0.345
24.5,0.345
24.5,0.345
24.5,0.345
24.5,0.345
24.5,0.345
24.5,0.345
24.5,0.345
24.5,0.345
24.5,0.345
24.5,0.345
24.5,0.345
24.5,0.345
24.5,0.345
24.5,0.345
24.5,0.340
24.5,0.340
24.5,0.340
24.5,0.340
24.5,0.340
24.5,0.340
24.5,0.340
24.5,0.340
24.5,0.340
24.5,0.340
24.5,0.340
24.5,0.340
24.5,0.340
24.5,0.340
24.5,0.340
24.5,0.340
24.5,0.340
24.5,0.340
24.5,0.340
24.5,0.340
24.5,0.340
24.5,0.340
24.5,0.340
24.5,0.340
24.5,0.340
24.5,0.340
24.5,0.340
24.5,0.340
24.5,0.340
24.5,0.340
24.5,0.340
24.5,0.340
24.5,0.340
24.5,0.340
24.5,0.340
24.5,0.340
24.5,0.340
24.5,0.340
24.5,0.340
24.5,0.335
24.5,0.335
24.5,0.335
24.5,0.335
24.5,0.335
24.5,0.335
24.5,0.335
24.5,0.335
24.5,0.335
24.5,0.335
24.5,0.335
24.5,0.335
24.5,0.335
24.5,0.335
24.5,0.335
24.5,0.335
24.5,0.335
24.5,0.335
24.5,0.335
24.5,0.335
24.5,0.335
24.5,0.335
24.5,0.335
24.5,0.335
24.5,0.335
24.5,0.335
24.5,0.335
24.5,0.335
24.5,0.335
24.5,0.335
24.5,0.335
24.5,0.335
24.5,0.335
24.5,0.335
24.5,0.335
24.5,0.330
24.5,0.330
24.5,0.330
24.5,0.330
24.5,0.330
24.5,0.330
24.5,0.330
24.5,0.330
24.5,0.330
24.5,0.330
24.5,0.330
24.5,0.330
24.5,0.330
24.5,0.330
24.5,0.330
24.5,0.330
24.5,0.330
24.5,0.330
24.5,0.330
24.5,0.330
24.5,0.330
24.5,0.330
24.5,0.330
24.5,0.330
24.5,0.330
24.5,0.330
24.5,0.330
24.5,0.330
24.5,0.330
24.5,0.330
24.5,0.330
24.5,0.330
24.5,0.330
24.5,0.325
24.5,0.325
24.5,0.325
24.5,0.325
24.5,0.325
24.5,0.325
24.5,0.325
24.5,0.325
24.5,0.325
24.5,0.325
24.5,0.325
24.5,0.325
24.5,0.325
24.5,0.325
24.5,0.325
24.5,0.325
24.5,0.325
24.5,0.325
24.5,0.325
24.5,0.325
24.5,0.325
24.5,0.325
24.5,0.325
24.5,0.325
24.5,0.325
24.5,0.325
24.5,0.325
24.6,0.325
24.6,0.325
24.6,0.325
24.6,0.325
24.6,0.320
24.6,0.320
24.6,0.320
24.6,0.320
24.6,0.320
24.6,0.320
24.5,0.320
24.5,0.320
24.5,0.320
24.5,0.320
24.5,0.320
24.5,0.320
24.5,0.320
24.5,0.320
24.5,0.320
24.5,0.320
24.5,0.320
24.5,0.320
24.5,0.320
24.5,0.320
24.5,0.320
24.5,0.320
24.5,0.320
24.5,0.320
24.5,0.320
24.5,0.320
24.5,0.320
24.5,0.320
24.5,0.320
24.5,0.320
24.5,0.320
24.4,0.320
24.4,0.320
24.4,0.315
24.4,0.315
24.4,0.315
24.4,0.315
24.4,0.315
24.4,0.315
24.4,0.315
24.4,0.315
24.4,0.315
24.4,0.315
24.4,0.315
24.4,0.315
24.4,0.315
24.4,0.315
24.4,0.315
24.4,0.315
24.4,0.315
24.4,0.315
24.4,0.315
24.4,0.315
24.4,0.315
24.4,0.315
24.4,0.315
24.4,0.315
24.4,0.315
24.4,0.315
24.4,0.315
24.4,0.315
24.4,0.315
24.4,0.315
24.4,0.315
24.4,0.315
24.4,0.310
24.4,0.310
24.4,0.310
24.4,0.310
24.4,0.310
24.4,0.310
24.4,0.310
24.4,0.310
24.4,0.310
24.4,0.310
24.4,0.310
24.4,0.310
24.4,0.310
24.4,0.310
24.4,0.310
24.4,0.310
24.4,0.310
24.4,0.310
24.4,0.310
24.4,0.310
24.4,0.310
24.4,0.310
24.4,0.310
24.4,0.310
24.4,0.310
24.4,0.310
24.4,0.310
24.4,0.310
24.4,0.310
24.4,0.310
24.4,0.305
24.4,0.305
24.4,0.305
24.4,0.305
24.4,0.305
24.3,0.305
24.3,0.305
24.3,0.305
24.3,0.305
24.3,0.305
24.3,0.305
24.3,0.305
24.3,0.305
24.3,0.305
24.3,0.305
24.3,0.305
24.3,0.305
24.3,0.305
24.3,0.305
24.3,0.305
24.3,0.305
24.3,0.305
24.3,0.305
24.3,0.305
24.3,0.305
24.3,0.305
24.3,0.305
24.3,0.305
24.2,0.305
24.2,0.305
24.2,0.300
24.2,0.300
24.2,0.300
24.2,0.300
24.2,0.300
24.2,0.300
24.2,0.300
24.2,0.300
24.2,0.300
24.2,0.300
24.2,0.300
24.2,0.300
24.2,0.300
24.2,0.300
24.2,0.300
24.2,0.300
24.2,0.300
24.2,0.300
24.2,0.300
24.2,0.300
24.2,0.300
24.2,0.300
24.2,0.300
24.2,0.300
24.2,0.300
24.2,0.300
24.2,0.300
24.2,0.300
24.2,0.300
24.2,0.300
24.2,0.300
24.2,0.300
24.2,0.295
24.2,0.295
24.2,0.295
24.2,0.295
24.2,0.295
24.2,0.295
24.2,0.295
24.2,0.295
24.1,0.295
24.1,0.295
24.1,0.295
24.1,0.295
24.1,0.295
24.1,0.295
24.1,0.295
24.1,0.295
24.1,0.295
24.2,0.295
24.2,0.295
24.2,0.295
24.2,0.295
24.2,0.295
24.2,0.295
24.2,0.295
24.2,0.295
24.2,0.295
24.2,0.295
24.2,0.295
24.1,0.295
24.1,0.295
24.1,0.295
24.1,0.295
24.1,0.295
24.1,0.295
24.2,0.290
24.2,0.290
24.2,0.290
24.2,0.290
24.2,0.290
24.2,0.290
24.2,0.290
24.2,0.290
24.2,0.290
24.2,0.290
24.2,0.290
24.2,0.290
24.2,0.290
24.2,0.290
24.2,0.290
24.2,0.290
24.2,0.290
24.2,0.290
24.2,0.290
24.3,0.290
24.3,0.290
24.3,0.290
24.3,0.290
24.3,0.290
24.3,0.290
24.3,0.290
24.3,0.290
24.3,0.290
24.3,0.290
24.3,0.290
24.3,0.290
24.3,0.290
24.3,0.290
24.3,0.290
24.3,0.290
24.3,0.285
24.3,0.285
24.3,0.285
24.3,0.285
24.3,0.285
24.3,0.285
24.3,0.285
24.3,0.285
24.3,0.285
24.3,0.285
24.3,0.285
24.3,0.285
24.2,0.285
24.2,0.285
24.2,0.285
24.2,0.285
24.2,0.285
24.2,0.285
24.2,0.285
24.2,0.285
24.2,0.285
24.2,0.285
24.2,0.285
24.2,0.285
24.2,0.285
24.2,0.285
24.2,0.285
24.2,0.285
24.2,0.285
24.2,0.285
24.2,0.285
24.2,0.285
24.2,0.285
24.2,0.285
24.2,0.285
24.2,0.285
24.2,0.285
24.1,0.285
24.1,0.285
24.1,0.285
24.1,0.280
24.1,0.280
24.1,0.280
24.1,0.280
24.2,0.280
24.2,0.280
24.2,0.280
24.2,0.280
24.2,0.280
24.2,0.280
24.2,0.280
24.2,0.280
24.2,0.280
24.2,0.280
24.2,0.280
24.2,0.280
24.2,0.280
24.2,0.280
24.2,0.280
24.2,0.280
24.2,0.280
24.2,0.280
24.2,0.280
24.2,0.280
24.2,0.280
24.2,0.280
24.2,0.280
24.2,0.280
24.2,0.280
24.2,0.280
24.2,0.280
24.2,0.280
24.2,0.280
24.2,0.280
24.2,0.280
24.2,0.280
24.2,0.280
24.2,0.280
24.2,0.280
24.2,0.280
24.2,0.280
24.2,0.275
24.2,0.275
24.2,0.275
24.2,0.275
24.2,0.275
24.2,0.275
24.2,0.275
24.2,0.275
24.2,0.275
24.2,0.275
24.2,0.275
24.2,0.275
24.1,0.275
24.1,0.275
24.1,0.275
24.1,0.275
24.1,0.275
24.1,0.275
24.1,0.275
24.1,0.275
24.1,0.275
24.1,0.275
24.1,0.275
24.1,0.275
24.1,0.275
24.1,0.275
24.1,0.275
24.1,0.275
24.1,0.275
24.1,0.275
24.1,0.275
24.1,0.275
24.1,0.275
24.1,0.275
24.1,0.275
24.1,0.275
24.1,0.275
24.1,0.275
24.1,0.275
24.1,0.275
24.1,0.270
24.1,0.270
24.1,0.270
24.2,0.270
24.2,0.270
24.2,0.270
24.2,0.270
24.2,0.270
24.2,0.270
24.2,0.270
24.2,0.270
24.2,0.270
24.2,0.270
24.2,0.270
24.2,0.270
24.2,0.270
24.2,0.270
24.2,0.270
24.2,0.270
24.2,0.270
24.2,0.270
24.2,0.270
24.2,0.270
24.2,0.270
24.2,0.270
24.2,0.270
24.2,0.270
24.2,0.270
24.2,0.270
24.2,0.270
24.2,0.270
24.2,0.270
24.2,0.270
24.2,0.270
24.2,0.270
24.2,0.270
24.2,0.270
24.2,0.270
24.2,0.270
24.2,0.270
24.2,0.265
24.2,0.265
24.2,0.265
24.2,0.265
24.2,0.265
24.2,0.265
24.2,0.265
24.2,0.265
24.2,0.265
24.2,0.265
24.2,0.265
24.2,0.265
24.2,0.265
24.1,0.265
24.1,0.265
24.1,0.265
24.1,0.265
24.1,0.265
24.1,0.265
24.1,0.265
24.1,0.265
24.1,0.265
24.1,0.265
24.1,0.265
24.1,0.265
24.1,0.265
24.1,0.265
24.1,0.265
24.1,0.265
24.1,0.265
24.1,0.265
24.1,0.265
24.1,0.265
24.1,0.265
24.1,0.265
24.1,0.265
24.1,0.265
24.1,0.265
24.1,0.265
24.1,0.265
24.1,0.265
24.1,0.265
24.1,0.260
24.1,0.260
24.1,0.260
24.1,0.260
24.1,0.260
24.1,0.260
24.1,0.260
24.1,0.260
24.1,0.260
24.1,0.260
24.1,0.260
24.1,0.260
24.1,0.260
24.1,0.260
24.1,0.260
24.1,0.260
24.1,0.260
24.1,0.260
24.1,0.260
24.1,0.260
24.1,0.260
24.1,0.260
24.1,0.260
24.1,0.260
24.1,0.260
24.1,0.260
24.1,0.260
24.1,0.260
24.1,0.260
24.1,0.260
24.1,0.260
24.1,0.260
24.1,0.260
24.1,0.260
24.1,0.260
24.1,0.260
24.1,0.260
24.1,0.260
24.1,0.260
24.1,0.260
24.1,0.260
24.1,0.260
24.1,0.260
24.1,0.260
24.1,0.260
24.1,0.260
24.1,0.255
24.0,0.255
24.0,0.255
24.0,0.255
24.1,0.255
24.1,0.255
24.1,0.255
24.1,0.255
24.1,0.255
24.1,0.255
24.1,0.255
24.1,0.255
24.1,0.255
24.1,0.255
24.1,0.255
24.1,0.255
24.1,0.255
24.1,0.255
24.1,0.255
24.1,0.255
24.1,0.255
24.1,0.255
24.1,0.255
24.1,0.255
24.1,0.255
24.1,0.255
24.1,0.255
24.1,0.255
24.1,0.255
24.1,0.255
24.1,0.255
24.1,0.255
24.1,0.255
24.1,0.255
24.1,0.255
24.1,0.255
24.1,0.255
24.1,0.255
24.1,0.255
24.1,0.255
24.2,0.255
24.2,0.255
24.2,0.255
24.2,0.255
24.2,0.255
24.2,0.255
24.2,0.250
24.2,0.250
24.2,0.250
24.2,0.250
24.2,0.250
24.2,0.250
24.2,0.250
24.2,0.250
24.2,0.250
24.2,0.250
24.2,0.250
24.2,0.250
24.2,0.250
24.2,0.250
24.2,0.250
24.2,0.250
24.2,0.250
24.2,0.250
24.2,0.250
24.2,0.250
24.2,0.250
24.2,0.250
24.2,0.250
24.2,0.250
24.2,0.250
24.2,0.250
24.2,0.250
24.2,0.250
24.2,0.250
24.2,0.250
24.2,0.250
24.2,0.250
24.2,0.250
24.2,0.250
24.2,0.250
24.2,0.250
24.2,0.250
24.2,0.250
24.2,0.250
24.2,0.250
24.2,0.250
24.2,0.250
24.2,0.250
24.2,0.250
24.2,0.250
24.2,0.250
24.2,0.250
24.2,0.250
24.2,0.245
24.2,0.245
24.2,0.245
24.2,0.245
24.2,0.245
24.2,0.245
24.2,0.245
24.2,0.245
24.2,0.245
24.2,0.245
24.2,0.245
24.2,0.245
24.2,0.245
24.2,0.245
24.2,0.245
24.2,0.245
24.2,0.245
24.2,0.245
24.2,0.245
24.2,0.245
24.2,0.245
24.2,0.245
24.2,0.245
24.2,0.245
24.2,0.245
24.2,0.245
24.2,0.245
24.2,0.245
24.2,0.245
24.2,0.245
24.2,0.245
24.2,0.245
24.2,0.245
24.2,0.245
24.2,0.245
24.2,0.245
24.2,0.245
24.2,0.245
24.2,0.245
24.2,0.245
24.2,0.245
24.2,0.245
24.2,0.245
24.2,0.245
24.2,0.245
24.2,0.245
24.2,0.245
24.2,0.245
24.2,0.245
24.2,0.240
24.2,0.240
24.2,0.240
24.2,0.240
24.3,0.240
24.3,0.240
24.3,0.240
24.3,0.240
24.3,0.240
24.3,0.240
24.3,0.240
24.3,0.240
24.3,0.240
24.3,0.240
24.3,0.240
24.3,0.240
24.3,0.240
24.3,0.240
24.3,0.240
24.3,0.240
24.3,0.240
24.3,0.240
24.3,0.240
24.3,0.240
24.3,0.240
24.3,0.240
24.3,0.240
24.3,0.240
24.3,0.240
24.3,0.240
24.3,0.240
24.3,0.240
24.3,0.240
24.3,0.240
24.3,0.240
24.3,0.240
24.2,0.240
24.2,0.240
24.2,0.240
24.2,0.240
24.2,0.240
24.2,0.240
24.2,0.240
24.2,0.240
24.2,0.240
24.2,0.240
24.2,0.240
24.2,0.240
24.2,0.240
24.2,0.240
24.2,0.240
24.2,0.240
24.2,0.240
24.2,0.240
24.2,0.235
24.2,0.235
24.2,0.235
24.2,0.235
24.2,0.235
24.2,0.235
24.2,0.235
24.2,0.235
24.2,0.235
24.2,0.235
24.2,0.235
24.2,0.235
24.2,0.235
24.2,0.235
24.2,0.235
24.2,0.235
24.2,0.235
24.2,0.235
24.2,0.235
24.1,0.235
24.1,0.235
24.1,0.235
24.1,0.235
24.1,0.235
24.1,0.235
24.1,0.235
24.1,0.235
24.1,0.235
24.1,0.235
24.1,0.235
24.1,0.235
24.1,0.235
24.1,0.235
24.1,0.235
24.1,0.235
24.1,0.235
24.1,0.235
24.1,0.235
24.1,0.235
24.1,0.235
24.1,0.235
24.1,0.235
24.1,0.235
24.1,0.235
24.1,0.235
24.1,0.235
24.1,0.235
24.1,0.235
24.1,0.230
24.1,0.230
24.1,0.230
24.1,0.230
24.1,0.230
24.1,0.230
24.1,0.230
24.1,0.230
24.1,0.230
24.1,0.230
24.1,0.230
24.1,0.230
24.1,0.230
24.1,0.230
24.1,0.230
24.1,0.230
24.1,0.230
24.1,0.230
24.1,0.230
24.1,0.230
24.1,0.230
24.1,0.230
24.1,0.230
24.1,0.230
24.1,0.230
24.1,0.230
24.1,0.230
24.1,0.230
24.1,0.230
24.1,0.230
24.1,0.230
24.1,0.230
24.1,0.230
24.1,0.230
24.1,0.230
24.1,0.230
24.1,0.230
24.1,0.230
24.1,0.230
24.1,0.230
24.1,0.230
24.1,0.230
24.1,0.230
24.2,0.230
24.2,0.230
24.2,0.225
24.2,0.225
24.2,0.225
24.2,0.225
24.2,0.225
24.2,0.225
24.2,0.225
24.2,0.225
24.2,0.225
24.2,0.225
24.2,0.225
24.2,0.225
24.2,0.225
24.2,0.225
24.2,0.225
24.2,0.225
24.2,0.225
24.2,0.225
24.2,0.225
24.2,0.225
24.2,0.225
24.2,0.225
24.2,0.225
24.2,0.225
24.1,0.225
24.1,0.225
24.1,0.225
24.1,0.225
24.1,0.225
24.1,0.225
24.1,0.225
24.1,0.225
24.1,0.225
24.1,0.225
24.1,0.225
24.1,0.225
24.1,0.225
24.1,0.225
24.1,0.225
24.1,0.225
24.1,0.225
24.1,0.225
24.1,0.225
24.1,0.220
24.1,0.220
24.1,0.220
24.1,0.220
24.1,0.220
24.1,0.220
24.1,0.220
24.1,0.220
24.1,0.220
24.1,0.220
24.1,0.220
24.1,0.220
24.1,0.220
24.1,0.220
24.1,0.220
24.1,0.220
24.1,0.220
24.1,0.220
24.1,0.220
24.1,0.220
24.1,0.220
24.1,0.220
24.1,0.220
24.1,0.220
24.1,0.220
24.1,0.220
24.1,0.220
24.1,0.220
24.1,0.220
24.1,0.220
24.1,0.220
24.1,0.220
24.1,0.220
24.1,0.220
24.0,0.220
24.0,0.220
24.0,0.220
24.0,0.220
24.0,0.220
24.0,0.220
24.0,0.220
24.0,0.220
24.0,0.220
24.0,0.220
24.0,0.220
24.0,0.215
24.0,0.215
24.0,0.215
24.0,0.215
24.0,0.215
24.0,0.215
24.0,0.215
24.0,0.215
24.1,0.215
24.1,0.215
24.1,0.215
24.1,0.215
24.1,0.215
24.1,0.215
24.1,0.215
24.1,0.215
24.1,0.215
24.1,0.215
24.1,0.215
24.1,0.215
24.1,0.215
24.1,0.215
24.1,0.215
24.1,0.215
24.1,0.215
24.1,0.215
24.1,0.215
24.1,0.215
24.1,0.215
24.1,0.215
24.1,0.215
24.1,0.215
24.1,0.215
24.1,0.215
24.1,0.215
24.1,0.215
24.1,0.215
24.1,0.215
24.1,0.215
24.1,0.215
24.1,0.215
24.1,0.215
24.1,0.215
24.1,0.215
24.1,0.215
24.1,0.210
24.1,0.210
24.1,0.210
24.1,0.210
24.1,0.210
24.1,0.210
24.0,0.210
24.0,0.210
24.0,0.210
24.0,0.210
24.0,0.210
24.0,0.210
24.0,0.210
24.0,0.210
24.0,0.210
24.0,0.210
24.0,0.210
24.0,0.210
24.0,0.210
24.0,0.210
24.0,0.210
24.0,0.210
24.0,0.210
24.0,0.210
24.0,0.210
24.0,0.210
23.9,0.210
23.9,0.210
23.9,0.210
23.9,0.210
23.9,0.210
23.8,0.210
23.8,0.210
23.8,0.210
23.8,0.210
23.8,0.210
23.8,0.205
23.7,0.205
23.7,0.205
23.6,0.205
23.6,0.205
23.6,0.205
23.6,0.205
23.5,0.205
23.5,0.205
23.5,0.205
23.5,0.205
23.4,0.205
23.4,0.205
23.4,0.205
23.3,0.205
23.3,0.205
23.3,0.205
23.2,0.205
23.2,0.205
23.2,0.205
23.1,0.205
23.1,0.205
23.1,0.205
23.0,0.205
22.9,0.205
22.9,0.205
22.8,0.205
22.8,0.205
22.8,0.205
22.7,0.205
22.7,0.205
22.7,0.205
22.6,0.205
22.6,0.205
22.5,0.205
22.5,0.205
22.4,0.200
22.4,0.200
22.3,0.200
22.3,0.200
22.2,0.200
22.1,0.200
22.1,0.200
22.0,0.200
21.9,0.200
21.9,0.200
21.8,0.200
21.7,0.200
21.6,0.200
21.6,0.200
21.5,0.200
21.4,0.200
21.3,0.200
21.2,0.200
21.1,0.200
21.0,0.200
20.9,0.200
20.8,0.200
20.7,0.200
20.6,0.200
20.5,0.200
20.4,0.200
20.3,0.200
20.2,0.200
20.1,0.200
20.0,0.200
20.0,0.200
19.9,0.200
19.8,0.200
19.7,0.200
19.6,0.200
19.5,0.200
19.4,0.200
19.3,0.195
19.2,0.195
19.1,0.195
19.0,0.195
18.9,0.195
18.8,0.195
18.7,0.195
18.6,0.195
18.5,0.195
18.4,0.195
18.3,0.195
18.2,0.195
18.0,0.195
17.9,0.195
17.8,0.195
17.7,0.195
17.7,0.195
17.6,0.195
17.5,0.195
17.4,0.195
17.3,0.195
17.2,0.195
17.1,0.195
17.0,0.195
16.9,0.195
16.8,0.195
16.7,0.195
16.6,0.195
16.5,0.195
16.4,0.195
16.3,0.195
16.2,0.195
16.1,0.195
16.0,0.195
15.9,0.195
15.8,0.195
15.7,0.195
15.6,0.195
15.5,0.190
15.4,0.190
15.3,0.190
15.2,0.190
15.1,0.190
15.0,0.190
14.9,0.190
14.8,0.190
14.7,0.190
14.6,0.190
14.5,0.190
14.4,0.190
14.3,0.190
14.3,0.190
14.2,0.190
14.1,0.190
14.0,0.190
13.9,0.190
13.8,0.190
13.7,0.190
13.6,0.190
13.6,0.190
13.5,0.190
13.4,0.190
13.3,0.190
13.2,0.190
13.1,0.190
13.1,0.190
13.0,0.190
12.9,0.190
12.8,0.190
12.7,0.190
12.7,0.190
12.6,0.190
12.5,0.190
12.4,0.190
12.4,0.190
12.3,0.190
12.2,0.190
12.1,0.185
12.0,0.185
11.9,0.185
11.8,0.185
11.8,0.185
11.7,0.185
11.6,0.185
11.5,0.185
11.5,0.185
11.4,0.185
11.3,0.185
11.2,0.185
11.1,0.185
11.0,0.185
10.9,0.185
10.8,0.185
10.7,0.185
10.6,0.185
10.5,0.185
10.4,0.185
10.3,0.185
10.2,0.185
10.1,0.185
10.0,0.185
9.9,0.185
9.8,0.185
9.7,0.185
9.6,0.185
9.5,0.185
9.4,0.185
9.3,0.185
9.2,0.185
9.1,0.185
9.0,0.185
8.9,0.185
8.8,0.185
8.8,0.185
8.7,0.185
8.6,0.185
8.5,0.185
8.4,0.185
8.3,0.185
8.2,0.185
8.1,0.185
8.0,0.185
8.0,0.185
7.9,0.185
7.8,0.180
7.7,0.180
7.6,0.180
7.5,0.180
7.4,0.180
7.4,0.180
7.3,0.180
7.2,0.180
7.1,0.180
7.0,0.180
7.0,0.180
6.9,0.180
6.8,0.180
6.7,0.180
6.6,0.180
6.6,0.180
6.5,0.180
6.4,0.180
6.3,0.180
6.3,0.180
6.2,0.180
6.1,0.180
6.0,0.180
6.0,0.180
5.9,0.180
5.8,0.180
5.8,0.180
5.7,0.180
5.6,0.180
5.6,0.180
5.5,0.180
5.4,0.180
5.3,0.180
5.2,0.180
5.1,0.180
5.1,0.180
5.0,0.180
4.9,0.180
4.9,0.180
4.8,0.180
4.7,0.180
4.7,0.180
4.6,0.180
4.5,0.180
4.4,0.180
4.3,0.180
4.3,0.180
4.2,0.180
4.1,0.180
4.1,0.180
4.0,0.180
3.9,0.180
3.8,0.180
3.8,0.180
3.7,0.180
3.6,0.180
3.6,0.180
3.5,0.180
3.4,0.180
3.4,0.180
3.3,0.180
3.2,0.180
3.2,0.180
3.1,0.180
3.0,0.180
3.0,0.180
2.9,0.175
2.9,0.175
2.8,0.175
2.7,0.175
2.7,0.175
2.6,0.175
2.5,0.175
2.5,0.175
2.4,0.175
2.4,0.175
2.3,0.175
2.2,0.175
2.2,0.175
2.1,0.175
2.0,0.175
2.0,0.175
1.9,0.175
1.8,0.175
1.8,0.175
1.7,0.175
1.7,0.175
1.6,0.175
1.5,0.175
1.5,0.175
1.4,0.175
1.4,0.175
1.3,0.175
1.2,0.175
1.2,0.175
1.1,0.175
1.1,0.175
1.0,0.175
0.9,0.175
0.9,0.175
0.8,0.175
0.8,0.175
0.7,0.175
0.7,0.175
0.6,0.175
0.5,0.175
0.5,0.175
0.4,0.175
0.4,0.175
0.3,0.175
0.3,0.175
0.2,0.175
0.2,0.175
0.1,0.175
0.1,0.175
0.1,0.175
0.0,0.175
0.0,0.175
0.0,0.175
0.0,0.175
0.0,0.175
0.0,0.175
0.0,0.175
0.0,0.175
0.0,0.175
0.0,0.175
0.0,0.175
0.1,0.175
0.1,0.175
0.1,0.175
0.1,0.175
0.1,0.175
0.1,0.175
0.1,0.175
0.1,0.175
0.1,0.175
0.1,0.175
0.1,0.175
0.0,0.175
0.0,0.175
0.0,0.170
0.0,0.170
0.0,0.170
0.0,0.170
0.0,0.170
0.0,0.170
0.0,0.170
0.1,0.170
0.1,0.170
0.1,0.170
0.1,0.170
0.1,0.170
0.1,0.170
0.1,0.170
0.1,0.170
0.1,0.170
0.1,0.170
0.1,0.170
0.0,0.170
0.0,0.170
-0.1,0.170
-0.1,0.170
-0.1,0.170
-0.1,0.170
-0.1,0.170
0.0,0.170
0.1,0.170
0.1,0.170
0.1,0.170
0.1,0.170
0.1,0.170
0.2,0.170
0.1,0.170
0.1,0.170
0.1,0.170
0.1,0.170
0.1,0.170
0.0,0.170
0.0,0.170
0.0,0.170
0.0,0.170
0.0,0.170
0.0,0.170
0.0,0.170
0.0,0.170
0.0,0.170
0.1,0.170
0.1,0.170
0.1,0.170
0.1,0.170
0.1,0.170
0.1,0.170
0.1,0.170
0.1,0.170
0.1,0.170
0.1,0.170
0.1,0.170
0.1,0.170
0.1,0.170
0.1,0.170
0.1,0.170
0.1,0.170
0.0,0.170
0.0,0.170
0.0,0.170
0.0,0.170
0.0,0.170
0.0,0.170
0.0,0.170
0.0,0.170
0.1,0.170
0.1,0.170
0.1,0.170
0.1,0.170
0.1,0.170
0.1,0.170
0.1,0.170
0.1,0.170
0.1,0.170
0.1,0.170
0.1,0.165
0.0,0.165
0.0,0.165
0.0,0.165
0.0,0.165
0.0,0.165
0.0,0.165
0.0,0.165
0.0,0.165
0.0,0.165
0.0,0.165
0.0,0.165
0.0,0.165
0.0,0.165
0.0,0.165
0.0,0.165
0.0,0.165
0.1,0.165
0.1,0.165
0.1,0.165
0.0,0.165
0.0,0.165
0.0,0.165
0.0,0.165
0.0,0.165
0.0,0.165
0.0,0.165
0.0,0.165
0.0,0.165
0.0,0.165
0.0,0.165
0.0,0.165
0.0,0.165
0.0,0.165
0.0,0.165
0.0,0.165
0.0,0.165
0.0,0.165
0.0,0.165
0.0,0.165
0.0,0.165
0.0,0.165
0.0,0.165
0.0,0.165
0.0,0.165
0.0,0.165
0.0,0.165
0.0,0.165
0.0,0.165
0.0,0.165
0.1,0.165
0.1,0.165
0.1,0.165
0.1,0.165
0.1,0.165
0.1,0.165
0.1,0.165
0.1,0.165
0.1,0.165
0.1,0.165
0.1,0.165
0.1,0.165
0.1,0.165
0.0,0.165
0.0,0.165
0.0,0.165
0.0,0.165
0.0,0.165
0.0,0.165
0.0,0.165
0.0,0.165
0.0,0.165
0.0,0.165
0.0,0.165
0.0,0.165
0.0,0.165
0.0,0.165
0.0,0.165
0.0,0.165
0.0,0.165
0.0,0.165
0.0,0.165
0.0,0.165
0.0,0.160
0.0,0.160
0.0,0.160
0.0,0.160
0.0,0.160
0.0,0.160
0.0,0.160
0.0,0.160
0.0,0.160
0.0,0.160
0.0,0.160
0.0,0.160
0.0,0.160
0.0,0.160
0.0,0.160
0.0,0.160
0.0,0.160
0.0,0.160
0.0,0.160
0.0,0.160
0.0,0.160
0.0,0.160
0.0,0.160
0.0,0.160
0.0,0.160
0.0,0.160
0.0,0.160
0.0,0.160
0.0,0.160
0.0,0.160
0.0,0.160
0.0,0.160
0.0,0.160
0.0,0.160
0.1,0.160
0.1,0.160
0.1,0.160
0.1,0.160
0.1,0.160
0.1,0.160
0.1,0.160
0.1,0.160
0.0,0.160
0.0,0.160
0.0,0.160
0.0,0.160
0.0,0.160
0.0,0.160
0.0,0.160
0.0,0.160
0.0,0.160
0.1,0.160
0.1,0.160
0.2,0.160
0.2,0.160
0.1,0.160
0.1,0.160
0.1,0.160
0.0,0.160
0.0,0.160
0.0,0.160
-0.1,0.160
-0.1,0.160
-0.1,0.160
-0.1,0.160
-0.1,0.160
-0.1,0.160
0.0,0.160
0.0,0.160
0.0,0.160
0.1,0.160
0.1,0.160
0.1,0.160
0.1,0.160
0.1,0.160
0.1,0.160
0.1,0.160
0.1,0.160
0.1,0.160
0.0,0.160
0.0,0.160
0.0,0.160
0.0,0.160
0.0,0.160
0.0,0.160
0.0,0.160
0.0,0.160
0.0,0.160
0.0,0.160
0.0,0.160
0.0,0.155
0.0,0.155
0.0,0.155
0.0,0.155
0.0,0.155
0.0,0.155
0.0,0.155
0.0,0.155
0.0,0.155
0.0,0.155
0.0,0.155
0.0,0.155
0.0,0.155
0.0,0.155
0.0,0.155
0.0,0.155
0.0,0.155
0.1,0.155
0.1,0.155
0.1,0.155
0.1,0.155
0.1,0.155
0.1,0.155
0.1,0.155
0.1,0.155
0.1,0.155
0.1,0.155
0.1,0.155
0.1,0.155
0.0,0.155
0.0,0.155
0.0,0.155
0.0,0.155
0.0,0.155
0.0,0.155
0.0,0.155
0.0,0.155
0.0,0.155
0.0,0.155
0.0,0.155
0.0,0.155
0.0,0.155
0.0,0.155
0.0,0.155
0.1,0.155
0.1,0.155
0.1,0.155
0.1,0.155
0.1,0.155
0.1,0.155
0.1,0.155
0.0,0.155
0.0,0.155
0.0,0.155
0.0,0.155
0.0,0.155
0.0,0.155
0.0,0.155
0.0,0.155
0.0,0.155
0.0,0.155
0.0,0.155
0.0,0.155
0.0,0.150
0.0,0.150
0.0,0.150
0.0,0.150
0.0,0.150
0.0,0.150
0.0,0.150
0.0,0.150
0.0,0.150
0.0,0.150
0.0,0.150
0.1,0.150
0.1,0.150
0.1,0.150
0.1,0.150
0.1,0.150
0.1,0.150
0.1,0.150
0.1,0.150
0.1,0.150
0.1,0.150
0.1,0.150
0.1,0.150
0.1,0.150
0.0,0.150
0.0,0.150
0.0,0.150
0.0,0.150
0.0,0.150
0.0,0.150
0.0,0.150
0.0,0.150
0.1,0.150
0.1,0.150
0.1,0.150
0.1,0.150
0.1,0.150
0.1,0.150
0.1,0.150
0.1,0.150
0.1,0.150
0.1,0.150
0.1,0.150
0.0,0.150
0.0,0.150
0.0,0.150
0.0,0.150
0.0,0.150
0.0,0.150
0.0,0.150
0.0,0.150
0.0,0.150
0.0,0.150
0.0,0.150
0.0,0.150
0.0,0.150
0.0,0.150
0.1,0.150
0.1,0.150
0.1,0.145
0.1,0.145
0.1,0.145
0.1,0.145
0.1,0.145
0.1,0.145
0.1,0.145
0.1,0.145
0.1,0.145
0.1,0.145
0.1,0.145
0.1,0.145
0.1,0.145
0.1,0.145
0.1,0.145
0.1,0.145
0.1,0.145
0.1,0.145
0.1,0.145
0.1,0.145
0.1,0.145
0.1,0.145
0.1,0.145
0.1,0.145
0.1,0.145
0.1,0.145
0.1,0.145
0.1,0.145
0.1,0.145
0.1,0.145
0.1,0.145
0.1,0.145
0.1,0.145
0.0,0.145
0.0,0.145
0.0,0.145
0.0,0.145
0.1,0.145
0.1,0.145
0.1,0.145
0.1,0.145
0.1,0.145
0.1,0.145
0.1,0.145
0.1,0.145
0.0,0.145
0.0,0.145
0.0,0.145
0.0,0.145
0.0,0.145
0.0,0.145
0.0,0.145
0.0,0.145
0.0,0.145
0.1,0.145
0.1,0.145
0.1,0.145
0.1,0.145
0.1,0.145
0.1,0.145
0.1,0.145
0.1,0.145
0.1,0.145
0.1,0.145
0.1,0.145
0.1,0.145
0.1,0.145
0.1,0.145
0.1,0.145
0.1,0.145
0.1,0.145
0.1,0.145
0.1,0.145
0.1,0.140
0.1,0.140
0.1,0.140
0.1,0.140
0.1,0.140
0.1,0.140
0.1,0.140
0.1,0.140
0.0,0.140
0.0,0.140
0.0,0.140
0.0,0.140
0.0,0.140
0.0,0.140
0.0,0.140
0.0,0.140
0.0,0.140
0.0,0.140
0.0,0.140
0.0,0.140
0.0,0.140
0.0,0.140
0.0,0.140
0.1,0.140
0.1,0.140
0.1,0.140
0.1,0.140
0.0,0.140
0.0,0.140
0.0,0.140
0.0,0.140
0.0,0.140
0.0,0.140
0.0,0.140
0.0,0.140
0.0,0.140
0.0,0.140
0.0,0.140
0.0,0.140
0.0,0.140
0.0,0.140
0.0,0.140
0.0,0.140
0.0,0.140
0.0,0.140
0.0,0.140
0.0,0.140
0.0,0.140
0.0,0.140
0.0,0.140
0.0,0.140
0.0,0.140
0.0,0.140
0.0,0.140
0.0,0.140
0.0,0.140
0.0,0.140
0.0,0.140
0.0,0.140
0.0,0.140
0.1,0.140
0.1,0.140
0.1,0.140
0.1,0.140
0.1,0.140
0.1,0.140
0.1,0.140
0.1,0.140
0.1,0.140
0.1,0.140
0.0,0.140
0.0,0.140
0.0,0.140
0.0,0.140
0.0,0.140
0.0,0.140
0.0,0.140
0.0,0.140
0.0,0.140
0.0,0.140
0.0,0.140
0.0,0.140
0.0,0.140
0.0,0.140
0.0,0.140
0.0,0.140
0.0,0.140
0.0,0.140
0.0,0.140
0.0,0.140
0.0,0.140
0.0,0.140
0.0,0.135
0.0,0.135
0.0,0.135
0.0,0.135
0.1,0.135
0.1,0.135
0.1,0.135
0.1,0.135
0.1,0.135
0.1,0.135
0.1,0.135
0.1,0.135
0.1,0.135
0.1,0.135
0.1,0.135
0.0,0.135
0.0,0.135
0.0,0.135
0.0,0.135
0.0,0.135
0.0,0.135
0.0,0.135
0.0,0.135
0.0,0.135
0.0,0.135
0.0,0.135
0.1,0.135
0.1,0.135
0.1,0.135
0.1,0.135
0.1,0.135
0.1,0.135
0.1,0.135
0.1,0.135
0.1,0.135
0.1,0.135
0.1,0.135
0.0,0.135
0.0,0.135
0.0,0.135
0.0,0.135
0.0,0.135
0.0,0.135
0.0,0.135
0.0,0.135
0.0,0.135
0.0,0.135
0.0,0.135
0.0,0.135
0.0,0.135
0.0,0.135
0.0,0.135
0.0,0.135
0.0,0.135
0.0,0.135
0.0,0.135
0.0,0.135
0.0,0.135
0.0,0.135
0.0,0.135
0.0,0.135
0.0,0.135
0.0,0.135
0.0,0.135
0.0,0.135
0.0,0.135
0.0,0.135
0.0,0.135
0.0,0.135
0.0,0.135
0.0,0.135
0.0,0.135
0.0,0.135
0.0,0.135
0.0,0.135
0.0,0.135
0.0,0.135
0.0,0.135
0.0,0.135
0.0,0.135
0.0,0.135
0.0,0.135
0.0,0.135
0.0,0.135
0.0,0.135
0.0,0.135
0.0,0.135
0.0,0.135
0.0,0.135
0.0,0.135
0.0,0.135
0.0,0.135
0.1,0.135
0.1,0.135
0.1,0.135
0.1,0.135
0.1,0.135
0.1,0.135
0.1,0.135
0.1,0.135
0.1,0.135
0.1,0.130
0.1,0.130
0.0,0.130
0.0,0.130
0.0,0.130
0.0,0.130
0.0,0.130
0.0,0.130
0.0,0.130
0.0,0.130
0.0,0.130
0.0,0.130
0.0,0.130
0.0,0.130
0.0,0.130
0.0,0.130
0.1,0.130
0.1,0.130
0.1,0.130
0.1,0.130
0.1,0.130
0.1,0.130
0.1,0.130
0.1,0.130
0.1,0.130
0.1,0.130
0.0,0.130
0.0,0.130
0.0,0.130
0.0,0.130
0.0,0.130
0.0,0.130
0.0,0.130
0.0,0.130
0.0,0.130
0.0,0.130
0.0,0.130
0.0,0.130
0.0,0.130
0.0,0.130
0.0,0.130
0.0,0.130
0.0,0.130
0.0,0.130
0.0,0.130
0.0,0.130
0.0,0.130
0.0,0.130
0.0,0.130
0.0,0.130
0.0,0.130
0.0,0.130
0.0,0.130
0.0,0.130
0.0,0.130
0.0,0.130
0.0,0.130
0.0,0.130
0.0,0.130
0.0,0.130
0.0,0.130
0.0,0.130
0.0,0.130
0.0,0.130
0.0,0.130
0.0,0.130
0.0,0.130
0.0,0.130
0.0,0.130
0.0,0.130
0.0,0.130
0.0,0.130
0.0,0.130
0.0,0.130
0.0,0.130
0.0,0.130
0.0,0.130
0.0,0.130
0.0,0.130
0.0,0.130
0.0,0.130
0.0,0.130
0.0,0.130
0.0,0.130
0.0,0.130
0.0,0.130
0.0,0.130
0.0,0.130
0.0,0.130
0.0,0.130
0.0,0.130
0.0,0.130
0.0,0.130
0.0,0.130
0.0,0.130
0.0,0.130
0.0,0.130
0.0,0.130
0.0,0.130
0.0,0.130
0.0,0.130
0.0,0.130
0.0,0.130
0.0,0.130
0.1,0.130
0.1,0.130
0.1,0.130
0.1,0.130
0.1,0.130
0.1,0.130
0.1,0.130
0.1,0.130
0.0,0.130
0.0,0.130
0.0,0.130
0.0,0.130
0.0,0.130
0.0,0.130
0.0,0.130
0.0,0.130
0.0,0.130
0.0,0.130
0.0,0.125
0.0,0.125
0.1,0.125
0.1,0.125
0.1,0.125
0.1,0.125
0.1,0.125
0.1,0.125
0.1,0.125
0.1,0.125
0.1,0.125
0.1,0.125
0.1,0.125
0.1,0.125
0.0,0.125
0.0,0.125
0.0,0.125
0.0,0.125
0.0,0.125
0.0,0.125
0.0,0.125
0.0,0.125
0.0,0.125
0.0,0.125
0.0,0.125
0.0,0.125
0.0,0.125
0.0,0.125
0.0,0.125
0.0,0.125
0.0,0.125
0.0,0.125
0.0,0.125
0.0,0.125
0.0,0.125
0.0,0.125
0.0,0.125
0.0,0.125
0.0,0.125
0.0,0.125
0.0,0.125
0.0,0.125
0.1,0.125
0.1,0.125
0.1,0.125
0.1,0.125
0.1,0.125
0.1,0.125
0.1,0.125
0.1,0.125
0.1,0.125
0.1,0.125
0.1,0.125
0.1,0.125
0.1,0.125
0.1,0.125
0.1,0.125
0.1,0.125
0.1,0.125
0.1,0.125
0.1,0.125
0.0,0.125
0.0,0.125
0.0,0.125
0.0,0.125
0.0,0.125
0.0,0.125
0.0,0.125
0.0,0.125
0.0,0.125
0.0,0.125
0.0,0.125
0.0,0.125
0.0,0.125
0.0,0.125
0.0,0.125
0.0,0.125
0.0,0.125
0.0,0.125
0.0,0.125
0.0,0.125
0.0,0.125
0.0,0.125
0.0,0.125
0.0,0.125
0.0,0.125
0.0,0.125
0.0,0.125
0.0,0.125
0.0,0.125
0.0,0.125
0.0,0.125
0.0,0.125
0.0,0.125
0.0,0.125
0.0,0.125
0.0,0.125
0.0,0.125
0.0,0.125
0.0,0.125
0.0,0.125
0.0,0.125
0.0,0.125
0.0,0.125
0.0,0.125
0.0,0.125
0.0,0.125
0.0,0.125
0.1,0.125
0.0,0.125
0.0,0.125
0.0,0.125
0.1,0.125
0.1,0.125
0.1,0.125
0.1,0.125
0.1,0.125
0.1,0.125
0.1,0.125
0.1,0.125
0.1,0.125
0.1,0.125
0.1,0.125
0.0,0.125
0.0,0.125
0.0,0.125
0.0,0.125
0.0,0.125
0.0,0.125
0.0,0.125
0.0,0.125
0.0,0.125
0.0,0.125
0.0,0.125
0.0,0.125
0.0,0.125
0.0,0.125
0.0,0.125
0.0,0.125
0.0,0.125
0.0,0.125
0.0,0.125
0.0,0.125
0.0,0.125
0.0,0.125
0.0,0.120
0.0,0.120
0.0,0.120
0.0,0.120
0.0,0.120
0.0,0.120
0.0,0.120
0.1,0.120
0.1,0.120
0.1,0.120
0.1,0.120
0.1,0.120
0.1,0.120
0.1,0.120
0.1,0.120
0.1,0.120
0.1,0.120
0.0,0.120
0.0,0.120
0.0,0.120
0.0,0.120
0.0,0.120
0.0,0.120
0.0,0.120
0.0,0.120
0.0,0.120
0.0,0.120
0.0,0.120
0.0,0.120
0.1,0.120
0.1,0.120
0.1,0.120
0.1,0.120
0.1,0.120
0.1,0.120
0.0,0.120
0.0,0.120
0.0,0.120
0.0,0.120
0.0,0.120
0.0,0.120
0.0,0.120
0.0,0.120
0.0,0.120
0.0,0.120
0.0,0.120
0.0,0.120
0.0,0.120
0.0,0.120
0.0,0.120
0.0,0.120
0.0,0.120
0.0,0.120
0.0,0.120
0.0,0.120
0.0,0.120
0.0,0.120
0.0,0.120
0.0,0.120
0.0,0.120
0.0,0.120
0.0,0.120
0.0,0.120
0.0,0.120
0.0,0.120
0.0,0.120
0.0,0.120
0.0,0.120
0.0,0.120
0.0,0.120
0.0,0.120
0.0,0.120
0.0,0.120
0.0,0.120
0.1,0.120
0.1,0.120
0.1,0.120
0.1,0.120
0.1,0.120
0.1,0.120
0.1,0.120
0.1,0.120
0.1,0.120
0.1,0.120
0.1,0.120
0.1,0.120
0.1,0.120
0.1,0.120
0.1,0.120
0.1,0.120
0.1,0.120
0.0,0.120
0.0,0.120
0.0,0.120
0.0,0.120
0.0,0.120
0.0,0.120
0.0,0.120
0.0,0.120
0.0,0.120
0.0,0.120
0.0,0.120
0.1,0.120
0.1,0.120
0.1,0.120
0.1,0.120
0.1,0.120
0.1,0.120
0.1,0.120
0.1,0.120
0.1,0.120
0.1,0.120
0.1,0.120
0.1,0.120
0.1,0.120
0.1,0.120
0.1,0.120
0.1,0.120
0.1,0.120
0.1,0.120
0.1,0.120
0.1,0.120
0.1,0.120
0.0,0.120
0.0,0.120
0.0,0.120
0.0,0.120
0.0,0.120
0.0,0.120
0.0,0.120
0.0,0.120
0.0,0.120
0.0,0.120
0.0,0.120
0.0,0.120
0.0,0.120
0.0,0.120
0.0,0.115
0.0,0.115
0.0,0.115
0.0,0.115
0.0,0.115
0.0,0.115
0.0,0.115
0.0,0.115
0.0,0.115
0.0,0.115
0.0,0.115
0.0,0.115
0.0,0.115
0.0,0.115
0.0,0.115
0.0,0.115
0.0,0.115
0.0,0.115
0.0,0.115
0.0,0.115
0.0,0.115
0.0,0.115
0.0,0.115
0.0,0.115
0.0,0.115
0.0,0.115
0.0,0.115
0.0,0.115
0.0,0.115
0.0,0.115
0.0,0.115
0.0,0.115
0.0,0.115
0.0,0.115
0.0,0.115
0.0,0.115
0.0,0.115
0.0,0.115
0.0,0.115
0.0,0.115
0.0,0.115
0.0,0.115
0.0,0.115
0.0,0.115
0.0,0.115
0.0,0.115
0.0,0.115
0.0,0.115
0.0,0.115
0.0,0.115
0.0,0.115
0.0,0.115
0.0,0.115
0.0,0.115
0.0,0.115
0.0,0.115
0.0,0.115
0.0,0.115
0.0,0.115
0.0,0.115
0.0,0.115
0.0,0.115
0.0,0.115
0.0,0.115
0.0,0.115
0.0,0.115
0.0,0.115
0.0,0.115
0.0,0.115
0.0,0.115
0.0,0.115
0.0,0.115
0.0,0.115
0.0,0.115
0.0,0.115
0.0,0.115
0.0,0.115
0.0,0.115
0.0,0.115
0.0,0.115
0.0,0.115
0.0,0.115
0.0,0.115
0.0,0.115
0.0,0.115
0.0,0.115
0.0,0.115
0.0,0.115
0.0,0.115
0.0,0.115
0.0,0.115
0.0,0.115
0.0,0.115
0.0,0.115
0.0,0.115
0.0,0.115
0.0,0.115
0.0,0.115
0.0,0.115
0.0,0.115
0.0,0.115
0.0,0.115
0.0,0.115
0.0,0.115
0.0,0.115
0.0,0.115
0.0,0.115
0.0,0.115
0.0,0.115
0.0,0.115
0.0,0.115
0.0,0.115
0.0,0.115
0.0,0.115
0.0,0.115
0.0,0.115
0.0,0.115
0.0,0.115
0.0,0.115
0.0,0.115
0.0,0.115
0.0,0.115
0.0,0.115
0.0,0.115
0.0,0.115
0.0,0.115
0.0,0.115
0.0,0.115
0.0,0.115
0.0,0.115
0.0,0.115
0.0,0.115
0.0,0.115
0.0,0.115
0.0,0.115
0.0,0.115
0.0,0.115
0.0,0.115
0.0,0.115
0.0,0.115
0.0,0.115
0.0,0.110
0.0,0.110
0.0,0.110
0.0,0.110
0.0,0.110
0.0,0.110
0.0,0.110
0.0,0.110
0.0,0.110
0.0,0.110
0.0,0.110
0.0,0.110
0.0,0.110
0.0,0.110
0.0,0.110
0.0,0.110
0.0,0.110
0.0,0.110
0.0,0.110
0.0,0.110
0.0,0.110
0.0,0.110
0.0,0.110
0.0,0.110
0.0,0.110
0.0,0.110
0.0,0.110
0.0,0.110
0.0,0.110
0.0,0.110
0.0,0.110
0.0,0.110
0.0,0.110
0.0,0.110
0.0,0.110
0.0,0.110
0.0,0.110
0.0,0.110
0.0,0.110
0.0,0.110
0.0,0.110
0.0,0.110
0.0,0.110
0.0,0.110
0.0,0.110
0.0,0.110
0.0,0.110
0.0,0.110
0.0,0.110
0.0,0.110
0.0,0.110
0.0,0.110
0.0,0.110
0.0,0.110
0.0,0.110
0.0,0.110
0.0,0.110
0.0,0.110
0.0,0.110
0.0,0.110
0.0,0.110
0.0,0.110
0.0,0.110
0.0,0.110
0.0,0.110
0.0,0.110
0.0,0.110
0.0,0.110
0.0,0.110
0.0,0.110
0.0,0.110
0.0,0.110
0.0,0.110
0.0,0.110
0.0,0.110
0.0,0.110
0.0,0.110
0.0,0.110
0.0,0.110
0.0,0.110
0.0,0.110
0.0,0.110
0.0,0.110
0.0,0.110
0.0,0.110
0.0,0.110
0.0,0.110
0.0,0.110
0.0,0.110
0.0,0.110
0.0,0.110
0.0,0.110
0.0,0.110
0.0,0.110
0.0,0.110
0.0,0.110
0.0,0.110
0.0,0.110
0.0,0.110
0.0,0.110
0.0,0.110
0.0,0.110
0.0,0.110
0.0,0.110
0.0,0.110
0.0,0.110
0.0,0.110
0.0,0.110
0.0,0.110
0.0,0.110
0.0,0.110
0.0,0.110
0.0,0.110
0.0,0.110
0.0,0.110
0.0,0.110
0.0,0.110
0.0,0.110
0.0,0.110
0.0,0.110
0.0,0.110
0.0,0.110
0.0,0.110
0.0,0.110
0.0,0.110
0.0,0.110
0.0,0.110
0.0,0.110
0.0,0.110
0.0,0.110
0.0,0.110
0.0,0.110
0.0,0.110
0.0,0.110
0.0,0.110
0.0,0.110
0.0,0.110
0.0,0.110
0.0,0.105
0.0,0.105
0.0,0.105
0.0,0.105
0.0,0.105
0.0,0.105
0.0,0.105
0.0,0.105
0.0,0.105
0.0,0.105
0.0,0.105
0.0,0.105
0.0,0.105
0.0,0.105
0.0,0.105
0.0,0.105
0.0,0.105
0.0,0.105
0.0,0.105
0.0,0.105
0.0,0.105
0.0,0.105
0.0,0.105
0.0,0.105
0.0,0.105
0.0,0.105
0.0,0.105
0.0,0.105
0.0,0.105
0.0,0.105
0.0,0.105
0.0,0.105
0.0,0.105
0.0,0.105
0.0,0.105
0.0,0.105
0.0,0.105
0.0,0.105
0.0,0.105
0.0,0.105
0.0,0.105
0.0,0.105
0.0,0.105
0.0,0.105
0.0,0.105
0.0,0.105
0.0,0.105
0.0,0.105
0.0,0.105
0.0,0.105
0.0,0.105
0.0,0.105
0.0,0.105
0.0,0.105
0.0,0.105
0.0,0.105
0.0,0.105
0.0,0.105
0.0,0.105
0.0,0.105
0.0,0.105
0.0,0.105
0.0,0.105
0.0,0.105
0.0,0.105
0.0,0.105
0.1,0.105
0.1,0.105
0.1,0.105
0.1,0.105
0.1,0.105
0.1,0.105
0.1,0.105
0.0,0.105
0.0,0.105
0.0,0.105
0.0,0.105
0.0,0.105
0.0,0.105
0.0,0.105
0.0,0.105
0.0,0.105
0.0,0.105
0.0,0.105
0.0,0.105
0.0,0.105
0.0,0.105
0.0,0.105
0.0,0.105
0.0,0.105
0.0,0.105
0.0,0.105
0.0,0.105
0.0,0.105
0.0,0.105
0.0,0.105
0.0,0.105
0.0,0.105
0.0,0.105
0.0,0.105
0.0,0.105
0.0,0.105
0.0,0.105
0.0,0.100
0.0,0.100
0.0,0.100
0.0,0.100
0.0,0.100
0.1,0.100
0.1,0.100
0.1,0.100
0.1,0.100
0.1,0.100
0.1,0.100
0.1,0.100
0.1,0.100
0.1,0.100
0.1,0.100
0.0,0.100
0.0,0.100
0.0,0.100
0.0,0.100
0.0,0.100
0.0,0.100
0.0,0.100
0.0,0.100
0.0,0.100
0.0,0.100
0.0,0.100
0.0,0.100
0.0,0.100
0.0,0.100
0.0,0.100
0.0,0.100
0.0,0.100
0.0,0.100
0.0,0.100
0.0,0.100
0.0,0.100
0.0,0.100
0.0,0.100
0.0,0.100
0.0,0.100
0.0,0.100
0.0,0.100
0.0,0.100
0.0,0.100
0.0,0.100
0.0,0.100
0.0,0.100
0.0,0.100
0.0,0.100
0.0,0.100
0.1,0.100
0.1,0.100
0.1,0.100
0.1,0.100
0.1,0.100
0.1,0.100
0.1,0.100
0.1,0.100
0.1,0.100
0.0,0.100
0.0,0.100
0.0,0.100
0.0,0.100
0.0,0.100
0.0,0.100
0.0,0.100
0.0,0.100
0.0,0.100
0.0,0.100
0.0,0.100
0.0,0.100
0.0,0.100
0.0,0.100
0.0,0.100
0.0,0.100
0.0,0.100
0.0,0.100
0.0,0.100
0.0,0.100
0.0,0.100
0.0,0.100
0.0,0.100
0.0,0.100
0.0,0.100
0.0,0.100
0.0,0.100
0.0,0.100
0.0,0.100
0.0,0.100
0.0,0.100
0.0,0.100
0.0,0.100
0.0,0.095
0.0,0.095
0.1,0.095
0.1,0.095
0.1,0.095
0.1,0.095
0.1,0.095
0.1,0.095
0.1,0.095
0.1,0.095
0.1,0.095
0.1,0.095
0.0,0.095
0.0,0.095
0.0,0.095
0.0,0.095
0.0,0.095
0.0,0.095
0.0,0.095
0.0,0.095
0.0,0.095
0.0,0.095
0.0,0.095
0.0,0.095
0.0,0.095
0.0,0.095
0.0,0.095
0.0,0.095
0.0,0.095
0.0,0.095
0.0,0.095
0.0,0.095
0.0,0.095
0.0,0.095
0.0,0.095
0.0,0.095
0.0,0.095
0.0,0.095
0.0,0.095
0.0,0.095
0.0,0.095
0.0,0.095
0.0,0.095
0.0,0.095
0.0,0.095
0.0,0.095
0.0,0.095
0.0,0.095
0.0,0.095
0.0,0.095
0.0,0.095
0.0,0.095
0.0,0.095
0.0,0.095
0.0,0.095
0.0,0.095
0.0,0.095
0.0,0.095
0.0,0.095
0.0,0.095
0.0,0.095
0.0,0.095
0.0,0.095
0.0,0.095
0.0,0.095
0.0,0.095
0.0,0.095
0.1,0.095
0.1,0.095
0.1,0.095
0.1,0.095
0.1,0.095
0.1,0.095
0.1,0.095
0.1,0.095
0.1,0.095
0.1,0.095
0.0,0.095
0.0,0.095
0.0,0.095
0.0,0.095
0.0,0.095
0.0,0.095
0.0,0.095
0.0,0.095
0.0,0.090
0.0,0.090
0.0,0.090
0.0,0.090
0.0,0.090
0.0,0.090
0.0,0.090
0.0,0.090
0.0,0.090
0.0,0.090
0.0,0.090
0.0,0.090
0.0,0.090
0.0,0.090
0.0,0.090
0.0,0.090
0.0,0.090
0.0,0.090
0.0,0.090
0.0,0.090
0.0,0.090
0.0,0.090
0.0,0.090
0.0,0.090
0.0,0.090
0.0,0.090
0.0,0.090
0.0,0.090
0.0,0.090
0.0,0.090
0.0,0.090
0.0,0.090
0.0,0.090
0.0,0.090
0.0,0.090
0.0,0.090
0.0,0.090
0.0,0.090
0.0,0.090
0.0,0.090
0.0,0.090
0.0,0.090
0.0,0.090
0.0,0.090
0.0,0.090
0.0,0.090
0.0,0.090
0.0,0.090
0.0,0.090
0.0,0.090
0.0,0.090
0.0,0.090
0.0,0.090
0.0,0.090
0.0,0.090
0.0,0.090
0.0,0.090
0.0,0.090
0.0,0.090
0.0,0.090
0.0,0.090
0.0,0.090
0.0,0.090
0.0,0.090
0.0,0.090
0.0,0.090
0.0,0.090
0.0,0.090
0.0,0.090
0.0,0.090
0.0,0.090
0.0,0.090
0.0,0.090
0.0,0.090
0.0,0.090
0.0,0.090
0.0,0.090
0.0,0.090
0.0,0.090
0.0,0.090
0.0,0.090
0.0,0.090
0.0,0.090
0.0,0.090
0.0,0.090
0.0,0.090
0.0,0.090
0.0,0.090
0.0,0.090
0.0,0.090
0.0,0.090
0.0,0.090
0.0,0.085
0.0,0.085
0.0,0.085
0.0,0.085
0.0,0.085
0.0,0.085
0.0,0.085
0.0,0.085
0.0,0.085
0.0,0.085
0.0,0.085
0.0,0.085
0.0,0.085
0.0,0.085
0.0,0.085
0.0,0.085
0.0,0.085
0.0,0.085
0.0,0.085
0.0,0.085
0.0,0.085
0.0,0.085
0.0,0.085
0.0,0.085
0.0,0.085
0.0,0.085
0.0,0.085
0.0,0.085
0.0,0.085
0.0,0.085
0.0,0.085
0.0,0.085
0.0,0.085
0.0,0.085
0.0,0.085
0.0,0.085
0.0,0.085
0.0,0.085
0.0,0.085
0.0,0.085
0.0,0.085
0.0,0.085
0.0,0.085
0.0,0.085
0.0,0.085
0.0,0.085
0.0,0.085
0.0,0.085
0.0,0.085
0.0,0.085
0.0,0.085
0.0,0.085
0.0,0.085
0.0,0.085
0.0,0.085
0.0,0.085
0.0,0.085
0.0,0.085
0.0,0.085
0.0,0.085
0.0,0.085
0.0,0.085
0.0,0.085
0.0,0.085
0.0,0.085
0.0,0.085
0.0,0.085
0.0,0.085
0.0,0.085
0.0,0.085
0.0,0.085
0.0,0.085
0.0,0.085
0.0,0.085
0.0,0.085
0.0,0.085
0.0,0.085
0.0,0.085
0.0,0.085
0.0,0.085
0.0,0.085
0.0,0.085
0.0,0.085
0.0,0.085
0.0,0.085
0.0,0.085
0.0,0.085
0.0,0.085
0.0,0.085
0.0,0.085
0.0,0.085
0.0,0.085
0.0,0.085
0.0,0.085
0.0,0.085
0.0,0.085
0.0,0.085
0.0,0.085
0.0,0.085
0.0,0.085
0.0,0.085
0.0,0.085
0.0,0.085
0.0,0.085
0.0,0.085
0.0,0.085
0.0,0.085
0.0,0.085
0.0,0.085
0.0,0.085
0.0,0.080
0.0,0.080
0.0,0.080
0.0,0.080
0.0,0.080
0.0,0.080
0.0,0.080
0.0,0.080
0.0,0.080
0.0,0.080
0.0,0.080
0.0,0.080
0.0,0.080
0.0,0.080
0.0,0.080
0.0,0.080
0.0,0.080
0.0,0.080
0.0,0.080
0.0,0.080
0.0,0.080
0.0,0.080
0.0,0.080
0.0,0.080
0.0,0.080
0.0,0.080
0.0,0.080
0.0,0.080
0.0,0.080
0.0,0.080
0.0,0.080
0.0,0.080
0.0,0.080
0.0,0.080
0.0,0.080
0.0,0.080
0.0,0.080
0.0,0.080
0.0,0.080
0.0,0.080
0.0,0.080
0.0,0.080
0.0,0.080
0.0,0.080
0.0,0.080
0.0,0.080
0.0,0.080
0.0,0.080
0.0,0.080
0.0,0.080
0.0,0.080
0.0,0.080
0.0,0.080
0.0,0.080
0.0,0.080
0.0,0.080
0.0,0.080
0.0,0.080
0.0,0.080
0.0,0.080
0.0,0.080
0.0,0.080
0.0,0.080
0.0,0.080
0.0,0.080
0.0,0.080
0.0,0.080
0.0,0.080
0.0,0.080
0.0,0.080
0.0,0.080
0.0,0.080
0.0,0.080
0.0,0.080
0.0,0.080
0.0,0.080
0.0,0.080
0.0,0.080
0.0,0.080
0.0,0.080
0.0,0.080
0.0,0.080
0.0,0.080
0.0,0.080
0.0,0.080
0.0,0.080
0.0,0.080
0.0,0.080
0.0,0.080
0.0,0.080
0.0,0.080
0.0,0.080
0.0,0.080
0.0,0.080
0.0,0.080
0.0,0.080
0.0,0.080
0.0,0.080
0.0,0.080
0.0,0.080
0.0,0.080
0.0,0.080
0.0,0.080
0.0,0.080
0.0,0.080
0.0,0.080
0.0,0.080
0.0,0.080
0.0,0.080
0.0,0.080
0.0,0.080
0.0,0.080
0.0,0.080
0.0,0.080
0.0,0.080
0.0,0.080
0.0,0.080
0.0,0.080
0.0,0.080
0.0,0.080
0.0,0.080
0.0,0.080
0.0,0.080
0.0,0.080
0.1,0.080
0.1,0.080
0.1,0.080
0.1,0.080
0.1,0.080
0.1,0.080
0.1,0.080
0.0,0.080
0.0,0.080
0.0,0.080
0.0,0.080
0.0,0.080
0.0,0.075
0.0,0.075
0.0,0.075
0.0,0.075
0.0,0.075
0.0,0.075
0.0,0.075
0.0,0.075
0.0,0.075
0.0,0.075
0.0,0.075
0.0,0.075
0.0,0.075
0.0,0.075
0.0,0.075
0.0,0.075
0.0,0.075
0.0,0.075
0.0,0.075
0.0,0.075
0.1,0.075
0.1,0.075
0.1,0.075
0.1,0.075
0.1,0.075
0.1,0.075
0.1,0.075
0.1,0.075
0.1,0.075
0.1,0.075
0.0,0.075
0.0,0.075
0.0,0.075
0.0,0.075
0.0,0.075
0.0,0.075
0.0,0.075
0.0,0.075
0.0,0.075
0.0,0.075
0.0,0.075
0.0,0.075
0.0,0.075
0.0,0.075
0.0,0.075
0.0,0.075
0.0,0.075
0.0,0.075
0.0,0.075
0.0,0.075
0.1,0.075
0.1,0.075
0.1,0.075
0.1,0.075
0.1,0.075
0.1,0.075
0.0,0.075
0.0,0.075
0.0,0.075
0.0,0.075
0.0,0.075
0.0,0.075
0.0,0.075
0.0,0.075
0.0,0.075
0.0,0.075
0.0,0.075
0.0,0.075
0.0,0.075
0.0,0.075
0.0,0.075
0.0,0.075
0.0,0.075
0.0,0.075
0.0,0.075
0.0,0.075
0.0,0.075
0.0,0.075
0.0,0.075
0.0,0.075
0.0,0.075
0.0,0.075
0.0,0.075
0.0,0.075
0.0,0.075
0.0,0.075
0.0,0.075
0.0,0.075
0.0,0.075
0.0,0.075
0.0,0.075
0.0,0.075
0.1,0.075
0.1,0.075
0.1,0.075
0.1,0.075
0.1,0.075
0.1,0.075
0.1,0.075
0.0,0.075
0.0,0.075
0.0,0.075
0.0,0.075
0.0,0.075
0.0,0.075
0.0,0.075
0.0,0.075
0.0,0.075
0.0,0.075
0.0,0.075
0.0,0.075
0.0,0.075
0.0,0.075
0.0,0.075
0.0,0.075
0.0,0.075
0.0,0.075
0.0,0.075
0.1,0.075
0.1,0.075
0.1,0.075
0.0,0.075
0.0,0.075
0.0,0.075
0.0,0.075
0.0,0.075
0.0,0.075
0.0,0.075
0.0,0.075
0.0,0.075
0.0,0.075
0.0,0.075
0.0,0.075
0.0,0.075
0.0,0.075
0.0,0.075
0.0,0.075
0.0,0.075
0.0,0.075
0.0,0.075
0.0,0.070
0.0,0.070
0.0,0.070
0.0,0.070
0.0,0.070
0.0,0.070
0.0,0.070
0.0,0.070
0.0,0.070
0.0,0.070
0.0,0.070
0.0,0.070
0.0,0.070
0.0,0.070
0.0,0.070
0.0,0.070
0.0,0.070
0.0,0.070
0.1,0.070
0.1,0.070
0.1,0.070
0.1,0.070
0.1,0.070
0.1,0.070
0.1,0.070
0.1,0.070
0.1,0.070
0.0,0.070
0.0,0.070
0.0,0.070
0.0,0.070
0.0,0.070
0.0,0.070
0.0,0.070
0.0,0.070
0.0,0.070
0.0,0.070
0.0,0.070
0.0,0.070
0.0,0.070
0.0,0.070
0.0,0.070
0.0,0.070
0.0,0.070
0.0,0.070
0.0,0.070
0.0,0.070
0.0,0.070
0.0,0.070
0.0,0.070
0.0,0.070
0.0,0.070
0.0,0.070
0.0,0.070
0.0,0.070
0.0,0.070
0.0,0.070
0.0,0.070
0.0,0.070
0.0,0.070
0.0,0.070
0.1,0.070
0.1,0.070
0.1,0.070
0.1,0.070
0.1,0.070
0.1,0.070
0.1,0.070
0.0,0.070
0.0,0.070
0.0,0.070
0.0,0.070
0.0,0.070
0.0,0.070
0.0,0.070
0.0,0.070
0.0,0.070
0.0,0.070
0.0,0.070
0.0,0.070
0.0,0.070
0.0,0.070
0.0,0.070
0.0,0.070
0.0,0.070
0.0,0.070
0.0,0.070
0.0,0.065
0.0,0.065
0.0,0.065
0.0,0.065
0.0,0.065
0.0,0.065
0.0,0.065
0.0,0.065
0.0,0.065
0.0,0.065
0.0,0.065
0.0,0.065
0.0,0.065
0.0,0.065
0.0,0.065
0.0,0.065
0.0,0.065
0.0,0.065
0.0,0.065
0.0,0.065
0.0,0.065
0.0,0.065
0.0,0.065
0.0,0.065
0.0,0.065
0.0,0.065
0.0,0.065
0.0,0.065
0.0,0.065
0.0,0.065
0.0,0.065
0.0,0.065
0.0,0.065
0.0,0.065
0.0,0.065
0.0,0.065
0.0,0.065
0.0,0.065
0.0,0.065
0.0,0.065
0.0,0.065
0.0,0.065
0.0,0.065
0.0,0.065
0.0,0.065
0.0,0.065
0.0,0.065
0.0,0.065
0.0,0.065
0.0,0.065
0.0,0.065
0.0,0.065
0.0,0.065
0.0,0.065
0.0,0.065
0.0,0.065
0.0,0.065
0.0,0.065
0.0,0.065
0.0,0.065
0.0,0.065
0.0,0.065
0.0,0.065
0.1,0.065
0.1,0.065
0.1,0.065
0.1,0.060
0.1,0.060
0.1,0.060
0.1,0.060
0.1,0.060
0.1,0.060
0.1,0.060
0.1,0.060
0.1,0.060
0.1,0.060
0.1,0.060
0.0,0.060
0.0,0.060
0.0,0.060
0.0,0.060
0.0,0.060
0.0,0.060
0.0,0.060
0.0,0.060
0.0,0.060
0.0,0.060
0.0,0.060
0.0,0.060
0.0,0.060
0.0,0.060
0.0,0.060
0.0,0.060
0.0,0.060
0.0,0.060
0.0,0.060
0.0,0.060
0.0,0.060
0.0,0.060
0.0,0.060
0.0,0.060
0.0,0.060
0.0,0.060
0.0,0.060
0.0,0.060
0.0,0.060
0.0,0.060
0.1,0.060
0.1,0.060
0.1,0.060
0.1,0.060
0.1,0.060
0.1,0.060
0.1,0.060
0.1,0.060
0.1,0.060
0.1,0.060
0.1,0.060
0.1,0.060
0.0,0.060
0.0,0.060
0.0,0.060
0.0,0.060
0.0,0.060
0.0,0.060
0.0,0.060
0.0,0.060
0.0,0.060
0.0,0.060
0.1,0.060
0.1,0.060
0.1,0.060
0.1,0.060
0.1,0.060
0.0,0.060
0.1,0.060
0.0,0.055
0.0,0.055
0.0,0.055
0.0,0.055
0.0,0.055
0.0,0.055
0.0,0.055
0.0,0.055
0.0,0.055
0.0,0.055
0.0,0.055
0.0,0.055
0.1,0.055
0.1,0.055
0.1,0.055
0.1,0.055
0.1,0.055
0.1,0.055
0.1,0.055
0.1,0.055
0.1,0.055
0.1,0.055
0.0,0.055
0.0,0.055
0.0,0.055
0.0,0.055
0.0,0.055
0.0,0.055
0.0,0.055
0.0,0.055
0.0,0.055
0.0,0.055
0.0,0.055
0.0,0.055
0.0,0.055
0.0,0.055
0.0,0.055
0.0,0.055
0.0,0.055
0.0,0.055
0.0,0.055
0.0,0.055
0.0,0.055
0.0,0.055
0.0,0.055
0.0,0.055
-0.1,0.055
0.0,0.055
0.0,0.055
0.0,0.055
0.0,0.055
0.0,0.055
0.0,0.055
0.0,0.055
0.0,0.055
0.0,0.055
0.0,0.055
0.0,0.055
0.0,0.055
0.0,0.055
0.1,0.055
0.1,0.055
0.1,0.055
0.1,0.055
0.1,0.055
0.1,0.055
0.1,0.055
0.1,0.055
0.1,0.055
0.0,0.055
0.0,0.055
0.0,0.055
0.0,0.055
0.0,0.055
0.0,0.055
0.0,0.055
0.0,0.055
0.0,0.055
0.0,0.055
0.0,0.055
0.0,0.055
0.0,0.055
0.0,0.055
0.0,0.050
0.0,0.050
0.0,0.050
0.0,0.050
0.0,0.050
0.0,0.050
0.0,0.050
0.0,0.050
0.0,0.050
0.0,0.050
0.0,0.050
0.0,0.050
0.0,0.050
0.0,0.050
0.0,0.050
0.0,0.050
0.0,0.050
0.0,0.050
0.0,0.050
0.0,0.050
0.1,0.050
0.1,0.050
0.1,0.050
0.1,0.050
0.1,0.050
0.0,0.050
0.0,0.050
0.0,0.050
0.0,0.050
0.0,0.050
0.0,0.050
0.0,0.050
0.0,0.050
0.0,0.050
0.0,0.050
0.0,0.050
0.0,0.050
0.0,0.050
0.0,0.050
0.0,0.050
0.0,0.050
0.0,0.050
0.0,0.050
0.0,0.050
0.0,0.050
0.0,0.050
0.0,0.050
0.0,0.050
0.0,0.050
0.0,0.050
0.0,0.050
0.0,0.050
0.0,0.050
0.0,0.050
0.0,0.050
0.0,0.050
0.0,0.050
0.0,0.050
0.0,0.050
0.0,0.050
0.0,0.050
0.0,0.045
0.0,0.045
0.0,0.045
0.0,0.045
0.0,0.045
0.0,0.045
0.0,0.045
0.0,0.045
0.0,0.045
0.0,0.045
0.0,0.045
0.0,0.045
0.0,0.045
0.0,0.045
0.0,0.045
0.0,0.045
0.0,0.045
0.0,0.045
0.0,0.045
0.0,0.045
0.0,0.045
0.0,0.045
0.0,0.045
0.0,0.045
0.0,0.045
0.0,0.045
0.0,0.045
0.0,0.045
0.0,0.045
0.0,0.045
0.0,0.045
0.0,0.045
0.0,0.045
0.0,0.045
0.0,0.045
0.0,0.045
0.0,0.045
0.0,0.045
0.1,0.045
0.1,0.045
0.1,0.045
0.1,0.045
0.1,0.045
0.1,0.045
0.1,0.045
0.0,0.045
0.0,0.045
0.0,0.045
0.0,0.045
0.0,0.045
0.0,0.045
0.0,0.045
0.0,0.045
0.0,0.045
0.0,0.045
0.0,0.045
0.0,0.045
0.1,0.045
0.1,0.045
0.1,0.045
0.1,0.045
0.1,0.045
0.1,0.045
0.1,0.045
0.1,0.045
0.1,0.045
0.1,0.045
0.1,0.045
0.1,0.045
0.1,0.045
0.1,0.045
0.1,0.045
0.0,0.045
0.0,0.045
0.0,0.045
0.0,0.045
0.0,0.045
0.0,0.040
0.0,0.040
0.0,0.040
0.0,0.040
0.0,0.040
0.0,0.040
0.0,0.040
0.0,0.040
0.0,0.040
0.0,0.040
0.0,0.040
0.0,0.040
0.0,0.040
0.0,0.040
0.0,0.040
0.0,0.040
0.0,0.040
0.0,0.040
0.0,0.040
0.0,0.040
0.0,0.040
0.0,0.040
0.0,0.040
0.0,0.040
0.0,0.040
0.0,0.040
0.0,0.040
0.0,0.040
0.0,0.040
0.0,0.040
0.0,0.040
0.0,0.040
0.0,0.040
0.0,0.040
0.0,0.040
0.0,0.040
0.0,0.040
0.0,0.040
0.0,0.040
0.0,0.040
0.0,0.040
0.0,0.040
0.0,0.040
0.0,0.040
0.0,0.040
0.0,0.040
0.0,0.040
0.0,0.040
0.0,0.040
0.0,0.040
0.0,0.040
0.0,0.040
0.1,0.040
0.1,0.040
0.1,0.040
0.1,0.040
0.1,0.040
0.1,0.040
0.1,0.040
0.1,0.040
0.0,0.040
0.0,0.040
0.0,0.040
0.0,0.040
0.0,0.040
0.0,0.040
0.0,0.040
0.0,0.040
0.0,0.040
0.0,0.040
0.0,0.040
0.0,0.040
0.0,0.040
0.0,0.040
0.0,0.040
0.0,0.040
0.0,0.040
0.0,0.040
0.0,0.040
0.0,0.040
0.0,0.040
0.0,0.040
0.0,0.040
0.0,0.040
0.0,0.040
0.0,0.040
0.0,0.040
0.0,0.040
0.0,0.040
0.0,0.040
0.0,0.040
0.0,0.040
0.0,0.040
0.0,0.040
0.0,0.040
0.0,0.040
0.0,0.040
0.0,0.040
0.0,0.040
0.0,0.040
0.0,0.040
0.0,0.040
0.0,0.040
0.0,0.040
0.0,0.040
0.0,0.040
0.0,0.040
0.0,0.040
0.0,0.040
0.0,0.040
0.0,0.040
0.0,0.040
0.0,0.040
0.0,0.040
0.0,0.040
0.0,0.040
0.0,0.040
0.0,0.040
0.0,0.040
0.0,0.040
0.0,0.040
0.0,0.040
0.0,0.040
0.0,0.040
0.0,0.040
0.0,0.040
0.0,0.040
0.0,0.040
0.0,0.040
0.0,0.040
0.0,0.040
0.0,0.040
0.0,0.040
0.0,0.040
0.0,0.040
0.0,0.040
0.0,0.040
0.0,0.040
0.0,0.040
0.0,0.040
0.0,0.040
0.0,0.040
0.0,0.040
0.0,0.040
0.0,0.040
0.0,0.040
0.0,0.040
0.0,0.040
0.0,0.040
0.0,0.040
0.0,0.040
0.0,0.040
0.0,0.035
0.0,0.035
0.0,0.035
0.0,0.035
0.0,0.035
0.0,0.035
0.0,0.035
0.0,0.035
0.0,0.035
0.0,0.035
0.0,0.035
0.0,0.035
0.0,0.035
0.0,0.035
0.0,0.035
0.0,0.035
0.0,0.035
0.0,0.035
0.0,0.035
0.0,0.035
0.0,0.035
0.0,0.035
0.0,0.035
0.0,0.035
0.0,0.035
0.0,0.035
0.0,0.035
0.0,0.035
0.0,0.035
0.0,0.035
0.0,0.035
0.0,0.035
0.0,0.035
0.0,0.035
0.0,0.035
0.0,0.035
0.0,0.035
0.0,0.035
0.0,0.035
0.0,0.035
0.0,0.035
0.0,0.035
0.0,0.035
0.0,0.035
0.0,0.035
0.0,0.035
0.0,0.035
0.0,0.035
0.0,0.035
0.0,0.035
0.0,0.035
0.0,0.035
0.0,0.035
0.1,0.035
0.1,0.035
0.1,0.035
0.1,0.035
0.1,0.035
0.1,0.035
0.1,0.035
0.1,0.035
0.1,0.035
0.1,0.035
0.0,0.035
0.0,0.035
0.0,0.035
0.0,0.035
0.0,0.035
0.0,0.035
0.0,0.035
0.0,0.035
0.0,0.035
0.0,0.035
0.0,0.035
0.0,0.035
0.0,0.035
0.0,0.035
0.0,0.035
0.0,0.035
0.0,0.035
0.0,0.035
0.0,0.035
0.0,0.035
0.0,0.035
0.0,0.035
0.0,0.035
0.0,0.035
0.0,0.035
0.0,0.035
0.0,0.035
0.0,0.035
0.0,0.035
0.0,0.035
0.0,0.035
0.0,0.035
0.0,0.035
0.0,0.035
0.0,0.035
0.0,0.035
0.0,0.035
0.0,0.035
0.0,0.035
0.0,0.035
0.0,0.035
0.0,0.035
0.0,0.035
0.0,0.035
0.0,0.035
0.0,0.035
0.0,0.035
0.0,0.035
0.0,0.035
0.0,0.035
0.0,0.035
0.0,0.035
0.0,0.035
0.0,0.035
0.0,0.035
0.0,0.035
0.0,0.035
0.0,0.035
0.0,0.035
0.0,0.035
0.0,0.035
0.0,0.035
0.0,0.035
0.0,0.035
0.0,0.035
0.0,0.035
0.0,0.035
0.0,0.035
0.0,0.035
0.0,0.035
0.1,0.035
0.1,0.035
0.1,0.035
0.1,0.035
0.1,0.035
0.1,0.035
0.1,0.035
0.1,0.035
0.1,0.035
0.1,0.035
0.0,0.035
0.0,0.035
0.0,0.035
0.0,0.035
0.0,0.035
0.0,0.035
0.0,0.035
0.0,0.035
0.0,0.035
0.0,0.035
0.0,0.035
0.0,0.035
0.0,0.035
0.0,0.035
0.0,0.035
0.0,0.035
0.0,0.035
0.0,0.035
0.0,0.035
0.0,0.035
0.0,0.035
0.0,0.035
0.0,0.035
0.0,0.035
0.0,0.035
0.0,0.035
0.0,0.035
0.0,0.035
0.0,0.035
0.0,0.035
0.0,0.035
0.0,0.035
0.0,0.035
0.0,0.035
0.0,0.035
0.0,0.030
0.0,0.030
0.0,0.030
0.0,0.030
0.0,0.030
0.0,0.030
0.0,0.030
0.0,0.030
0.0,0.030
0.0,0.030
0.0,0.030
0.0,0.030
0.0,0.030
0.0,0.030
0.0,0.030
0.0,0.030
0.0,0.030
0.0,0.030
0.0,0.030
0.0,0.030
0.0,0.030
0.0,0.030
0.0,0.030
0.0,0.030
0.0,0.030
0.0,0.030
0.0,0.030
0.0,0.030
0.0,0.030
0.0,0.030
0.0,0.030
0.0,0.030
0.0,0.030
0.0,0.030
0.0,0.030
0.0,0.030
0.0,0.030
0.0,0.030
0.0,0.030
0.0,0.030
0.0,0.030
0.0,0.030
0.0,0.030
0.0,0.030
0.0,0.030
0.0,0.030
0.0,0.030
0.0,0.030
0.0,0.030
0.0,0.030
0.0,0.030
0.0,0.030
0.0,0.030
0.0,0.030
0.0,0.030
0.0,0.030
0.0,0.030
0.0,0.030
0.0,0.030
0.0,0.030
0.0,0.030
0.0,0.030
0.0,0.030
0.0,0.030
0.0,0.030
0.0,0.030
0.0,0.030
0.0,0.030
0.1,0.030
0.1,0.030
0.1,0.030
0.1,0.030
0.0,0.030
0.0,0.030
0.0,0.030
0.0,0.030
0.0,0.030
0.0,0.030
0.0,0.030
0.0,0.030
0.0,0.030
0.0,0.030
0.0,0.030
0.0,0.030
0.0,0.030
0.0,0.030
0.0,0.030
0.0,0.030
0.0,0.030
0.0,0.030
0.0,0.030
0.0,0.030
0.0,0.030
0.0,0.030
0.0,0.030
0.0,0.030
0.0,0.030
0.0,0.030
0.0,0.030
0.0,0.030
0.0,0.030
0.0,0.030
0.0,0.030
0.0,0.030
0.0,0.030
0.0,0.030
0.0,0.030
0.0,0.030
0.0,0.030
0.0,0.030
0.0,0.030
0.0,0.030
0.0,0.030
0.0,0.030
0.0,0.030
0.0,0.030
0.0,0.030
0.0,0.030
0.0,0.030
0.0,0.030
0.0,0.030
0.0,0.030
0.0,0.030
0.0,0.030
0.0,0.030
0.0,0.030
0.0,0.030
0.0,0.030
0.0,0.030
0.0,0.030
0.0,0.030
0.0,0.030
0.0,0.030
0.0,0.030
0.0,0.030
0.0,0.030
0.0,0.030
0.0,0.030
0.0,0.030
0.0,0.030
0.0,0.030
0.0,0.030
0.0,0.030
0.0,0.030
0.0,0.030
0.0,0.030
0.0,0.030
0.0,0.030
0.0,0.030
0.0,0.030
0.0,0.030
0.0,0.030
0.0,0.030
0.0,0.030
0.0,0.030
0.0,0.030
0.0,0.030
0.0,0.030
0.0,0.030
0.0,0.030
0.0,0.030
0.0,0.030
0.0,0.030
0.0,0.030
0.0,0.030
0.0,0.030
0.0,0.030
0.0,0.030
0.0,0.030
0.0,0.030
0.0,0.030
0.0,0.030
0.0,0.030
0.0,0.030
0.0,0.030
0.0,0.030
0.0,0.030
0.0,0.030
0.0,0.030
0.0,0.030
0.0,0.030
0.0,0.030
0.0,0.030
0.0,0.030
0.0,0.030
0.0,0.030
0.0,0.030
0.0,0.030
0.0,0.030
0.0,0.030
0.0,0.030
0.0,0.030
0.0,0.030
0.0,0.030
0.0,0.030
0.0,0.030
0.1,0.030
0.1,0.030
0.1,0.030
0.1,0.030
0.1,0.030
0.1,0.030
0.1,0.030
0.1,0.030
0.1,0.030
0.1,0.030
0.0,0.030
0.0,0.030
0.0,0.030
0.0,0.030
0.0,0.030
0.0,0.030
0.0,0.030
0.0,0.030
0.0,0.030
0.0,0.030
0.0,0.030
0.0,0.030
0.0,0.030
0.1,0.030
0.1,0.030
0.1,0.030
0.1,0.030
0.1,0.030
0.1,0.030
0.1,0.025
0.1,0.025
0.0,0.025
0.0,0.025
0.0,0.025
0.0,0.025
0.0,0.025
0.0,0.025
0.0,0.025
0.0,0.025
0.0,0.025
0.0,0.025
0.0,0.025
0.0,0.025
0.0,0.025
0.0,0.025
0.0,0.025
0.0,0.025
0.0,0.025
0.0,0.025
0.0,0.025
0.0,0.025
0.0,0.025
0.0,0.025
0.0,0.025
0.0,0.025
0.0,0.025
0.0,0.025
0.0,0.025
0.0,0.025
0.0,0.025
0.0,0.025
0.0,0.025
0.0,0.025
0.0,0.025
0.0,0.025
0.0,0.025
0.1,0.025
0.1,0.025
0.1,0.025
0.1,0.025
0.1,0.025
0.1,0.025
0.1,0.025
0.1,0.025
0.1,0.025
0.1,0.025
0.1,0.025
0.1,0.025
0.1,0.025
0.1,0.025
0.0,0.025
0.0,0.025
0.0,0.025
0.0,0.025
0.0,0.025
0.0,0.025
0.0,0.025
0.0,0.025
0.0,0.025
0.0,0.025
0.0,0.025
0.0,0.025
0.0,0.025
0.0,0.025
0.0,0.025
0.0,0.025
0.0,0.025
0.0,0.025
0.0,0.025
0.0,0.025
0.0,0.025
0.0,0.025
0.0,0.025
0.0,0.025
0.0,0.025
0.0,0.025
0.0,0.025
0.0,0.025
0.0,0.025
0.0,0.025
0.0,0.025
0.0,0.025
0.0,0.025
0.0,0.025
0.0,0.025
0.0,0.025
0.0,0.025
0.0,0.025
0.0,0.025
0.0,0.025
0.0,0.025
0.0,0.025
0.0,0.025
0.0,0.025
0.0,0.025
0.0,0.025
0.0,0.025
0.0,0.025
0.0,0.025
0.0,0.025
0.0,0.025
0.0,0.025
0.0,0.025
0.0,0.025
0.0,0.025
0.0,0.025
0.0,0.025
0.0,0.025
0.0,0.025
0.0,0.025
0.0,0.025
0.0,0.025
0.0,0.025
0.0,0.025
0.0,0.025
0.0,0.025
0.0,0.025
0.0,0.025
0.0,0.025
0.0,0.025
0.0,0.025
0.0,0.025
0.0,0.025
0.0,0.025
0.0,0.025
0.0,0.025
0.0,0.025
0.0,0.025
0.0,0.025
0.0,0.025
0.0,0.025
0.0,0.025
0.0,0.025
0.0,0.025
0.0,0.025
0.0,0.025
0.0,0.025
0.0,0.025
0.0,0.025
0.0,0.025
0.0,0.025
0.0,0.025
0.0,0.025
0.0,0.025
0.0,0.025
0.0,0.025
0.0,0.025
0.0,0.025
0.0,0.025
0.0,0.025
0.0,0.025
0.0,0.025
0.0,0.025
0.0,0.025
0.0,0.025
0.0,0.025
0.0,0.025
0.0,0.025
0.0,0.025
0.0,0.025
0.0,0.025
0.0,0.025
0.0,0.025
0.0,0.025
0.0,0.025
0.0,0.025
0.0,0.025
0.0,0.025
0.0,0.025
0.0,0.025
0.0,0.025
0.0,0.025
0.0,0.025
0.0,0.025
0.0,0.025
0.0,0.025
0.0,0.025
0.0,0.025
0.0,0.025
0.0,0.025
0.0,0.025
0.0,0.025
0.0,0.025
0.0,0.025
0.0,0.025
0.0,0.025
0.0,0.025
0.0,0.025
0.0,0.025
0.0,0.025
0.0,0.025
0.0,0.025
0.0,0.025
0.0,0.025
0.0,0.025
0.0,0.025
0.0,0.025
0.0,0.025
0.0,0.025
0.0,0.025
0.0,0.025
0.0,0.025
0.0,0.025
0.0,0.025
0.0,0.025
0.0,0.025
0.0,0.025
0.0,0.025
0.0,0.025
0.0,0.025
0.0,0.025
0.0,0.025
0.0,0.025
0.0,0.025
0.0,0.025
0.0,0.025
0.0,0.025
0.0,0.025
0.0,0.025
0.0,0.025
0.0,0.025
0.0,0.025
0.0,0.025
0.0,0.025
0.0,0.025
0.0,0.025
0.0,0.025
0.0,0.025
0.0,0.025
0.0,0.025
0.0,0.025
0.0,0.025
0.0,0.025
0.0,0.025
0.0,0.025
0.0,0.025
0.0,0.025
0.0,0.025
0.0,0.025
0.0,0.025
0.0,0.025
0.0,0.025
0.0,0.020
0.0,0.020
0.0,0.020
0.0,0.020
0.0,0.020
0.0,0.020
0.0,0.020
0.0,0.020
0.0,0.020
0.0,0.020
0.0,0.020
0.0,0.020
0.0,0.020
0.0,0.020
0.0,0.020
0.0,0.020
0.0,0.020
0.0,0.020
0.0,0.020
0.0,0.020
0.0,0.020
0.0,0.020
0.0,0.020
0.0,0.020
0.0,0.020
0.0,0.020
0.0,0.020
0.0,0.020
0.0,0.020
0.0,0.020
0.0,0.020
0.0,0.020
0.0,0.020
0.0,0.020
0.0,0.020
0.0,0.020
0.0,0.020
0.0,0.020
0.0,0.020
0.0,0.020
0.0,0.020
0.0,0.020
0.0,0.020
0.0,0.020
0.0,0.020
0.0,0.020
0.0,0.020
0.0,0.020
0.0,0.020
0.0,0.020
0.0,0.020
0.0,0.020
0.0,0.020
0.0,0.020
0.0,0.020
0.0,0.020
0.0,0.020
0.0,0.020
0.0,0.020
0.0,0.020
0.0,0.020
0.0,0.020
0.0,0.020
0.0,0.020
0.0,0.020
0.0,0.020
0.0,0.020
0.0,0.020
0.0,0.020
0.0,0.020
0.0,0.020
0.0,0.020
0.0,0.020
0.0,0.020
0.0,0.020
0.0,0.020
0.0,0.020
0.0,0.020
0.0,0.020
0.0,0.020
0.0,0.020
0.0,0.020
0.0,0.020
0.0,0.020
0.0,0.020
0.0,0.020
0.0,0.020
0.0,0.020
0.0,0.020
0.0,0.020
0.0,0.020
0.0,0.020
0.0,0.020
0.0,0.020
0.0,0.020
0.0,0.020
0.0,0.020
0.0,0.020
0.0,0.020
0.0,0.020
0.0,0.020
0.0,0.020
0.0,0.020
0.0,0.020
0.0,0.020
0.0,0.020
0.0,0.020
0.0,0.020
0.0,0.020
0.0,0.020
0.0,0.020
0.0,0.020
0.0,0.020
0.0,0.020
0.0,0.020
0.0,0.020
0.0,0.020
0.0,0.015
0.0,0.015
0.0,0.015
0.0,0.015
0.0,0.015
0.0,0.015
0.0,0.015
0.0,0.015
0.0,0.015
0.0,0.015
0.0,0.015
0.0,0.015
0.0,0.015
0.0,0.015
0.0,0.015
0.1,0.015
0.1,0.015
0.1,0.015
0.1,0.015
0.1,0.015
0.1,0.015
0.1,0.015
0.1,0.015
0.1,0.015
0.1,0.015
0.1,0.015
0.0,0.015
0.0,0.015
0.0,0.015
0.0,0.015
0.0,0.015
0.0,0.015
0.0,0.015
0.0,0.015
0.0,0.015
0.0,0.015
0.0,0.015
0.0,0.015
0.0,0.015
0.0,0.015
0.0,0.015
0.0,0.015
0.0,0.015
0.0,0.015
0.0,0.015
0.0,0.015
0.0,0.015
0.0,0.015
0.0,0.015
0.0,0.015
0.0,0.015
0.0,0.015
0.0,0.015
0.0,0.015
0.0,0.015
0.0,0.015
0.0,0.015
0.0,0.015
0.0,0.015
0.0,0.015
0.0,0.015
0.0,0.015
0.0,0.015
0.0,0.015
0.0,0.015
0.0,0.015
0.0,0.015
0.0,0.015
0.0,0.015
0.0,0.015
0.0,0.015
0.0,0.015
0.0,0.015
0.0,0.015
0.0,0.015
0.0,0.015
0.0,0.015
0.0,0.015
0.0,0.010
0.0,0.010
0.0,0.010
0.0,0.010
0.0,0.010
0.0,0.010
0.1,0.010
0.1,0.010
0.1,0.010
0.1,0.010
0.1,0.010
0.0,0.010
0.0,0.010
0.0,0.010
0.0,0.010
0.0,0.010
0.0,0.010
0.0,0.010
0.0,0.010
0.0,0.010
0.0,0.010
0.0,0.010
0.0,0.010
0.0,0.010
0.0,0.010
0.0,0.010
0.0,0.010
0.0,0.010
0.0,0.010
0.0,0.010
0.0,0.010
0.0,0.010
0.0,0.010
0.0,0.010
0.0,0.010
0.0,0.010
0.0,0.010
0.0,0.010
0.0,0.010
0.0,0.010
0.0,0.010
0.0,0.010
0.0,0.010
0.0,0.010
0.0,0.010
0.0,0.010
0.0,0.010
0.0,0.010
0.0,0.010
0.0,0.010
0.0,0.010
0.0,0.010
0.0,0.010
0.0,0.010
0.0,0.010
0.0,0.010
0.0,0.010
0.0,0.010
0.0,0.010
0.0,0.010
0.0,0.010
0.0,0.010
0.0,0.010
0.0,0.010
0.0,0.010
0.0,0.010
0.0,0.010
0.0,0.010
0.0,0.010
0.0,0.010
0.0,0.010
0.0,0.010
0.0,0.010
0.1,0.010
0.1,0.010
0.1,0.010
0.1,0.010
0.1,0.010
0.1,0.010
0.1,0.010
0.1,0.010
0.1,0.010
0.1,0.010
0.1,0.010
0.0,0.010
0.0,0.010
0.0,0.010
0.0,0.010
0.0,0.010
0.0,0.010
0.0,0.010
0.0,0.010
0.0,0.010
0.0,0.010
0.0,0.010
0.0,0.010
0.0,0.010
0.0,0.010
0.0,0.010
0.0,0.010
0.0,0.010
0.0,0.010
0.0,0.010
0.0,0.010
0.0,0.010
0.0,0.005
0.0,0.005
0.0,0.005
0.0,0.005
0.0,0.005
0.0,0.005
0.0,0.005
0.0,0.005
0.0,0.005
0.0,0.005
0.0,0.005
0.0,0.005
0.0,0.005
0.0,0.005
0.0,0.005
0.0,0.005
0.0,0.005
0.0,0.005
0.0,0.005
0.0,0.005
0.0,0.005
0.0,0.005
0.0,0.005
0.0,0.005
0.0,0.005
0.0,0.005
0.0,0.005
0.0,0.005
0.0,0.005
0.0,0.005
0.0,0.005
0.0,0.005
0.0,0.005
0.1,0.005
0.1,0.005
0.1,0.005
0.1,0.005
0.1,0.005
0.0,0.005
0.0,0.005
0.0,0.005
0.0,0.005
0.0,0.005
0.0,0.005
0.0,0.005
0.0,0.005
0.0,0.005
0.0,0.005
0.0,0.005
0.0,0.005
0.0,0.005
0.1,0.005
0.0,0.005
0.1,0.005
0.1,0.005
0.1,0.005
0.1,0.005
0.1,0.005
0.1,0.005
0.1,0.005
0.1,0.005
0.1,0.005
0.1,0.005
0.1,0.005
0.0,0.005
0.0,0.005
0.0,0.005
0.0,0.005
0.0,0.005
0.0,0.005
0.0,0.005
0.0,0.005
0.0,0.005
0.0,0.005
0.1,0.005
0.1,0.005
0.1,0.005
0.1,0.005
0.1,0.005
0.1,0.005
0.1,0.005
0.1,0.005
0.1,0.005
0.1,0.005
0.1,0.005
0.1,0.005
0.0,0.005
0.0,0.005
0.0,0.005
0.0,0.005
0.0,0.005
0.0,0.005
0.0,0.005
0.0,0.005
0.0,0.005
0.0,0.005
0.0,0.005
0.0,0.005
0.0,0.005
0.0,0.005
0.0,0.005
0.0,0.005
0.0,0.005
0.0,0.005
0.0,0.005
0.0,0.005
0.0,0.005
0.0,0.005
0.0,0.005
0.0,0.005
0.0,0.005
0.0,0.005
0.0,0.005
0.0,0.005
0.0,0.005
0.0,0.005
0.0,0.005
0.0,0.005
0.0,0.005
0.0,0.005
0.0,0.005
0.0,0.005
0.0,0.005
0.0,0.005
0.0,0.005
0.0,0.005
0.0,0.005
0.0,0.005
0.0,0.005
0.0,0.005
0.0,0.005
0.0,0.005
0.0,0.005
0.0,0.005
0.0,0.005
0.0,0.005
0.0,0.005
0.0,0.005
0.0,0.005
0.0,0.005
0.0,0.005
0.0,0.005
0.0,0.005
0.0,0.005
0.0,0.005
0.0,0.005
0.0,0.005
0.0,0.005
0.0,0.005
0.0,0.005
0.0,0.005
0.0,0.005
0.0,0.005
0.0,0.005
0.0,0.005
0.0,0.005
0.0,0.005
0.0,0.005
0.0,0.005
0.0,0.005
0.0,0.005
0.0,0.005
0.0,0.005
0.0,0.005
0.0,0.005
0.0,0.005
0.0,0.005
0.0,0.005
0.0,0.005
0.0,0.005
0.0,0.005
0.0,0.005
0.0,0.005
0.0,0.005
0.0,0.005
0.0,0.005
0.0,0.005
0.0,0.005
0.0,0.005
0.0,0.005
0.0,0.005
0.0,0.005
0.0,0.005
0.0,0.005
0.0,0.005
0.0,0.005
0.0,0.005
0.0,0.005
0.0,0.005
0.0,0.005
0.0,0.005
0.0,0.005
0.0,0.005
0.0,0.005
0.0,0.005
0.0,0.005
0.0,0.005
0.0,0.005
0.0,0.005
0.0,0.005
0.0,0.005
0.0,0.005
0.0,0.005
0.0,0.005
0.0,0.005
0.0,0.005
0.0,0.005
0.0,0.005
0.0,0.005
0.0,0.005
0.0,0.005
0.0,0.005
0.0,0.005
0.0,0.005
0.0,0.005
0.0,0.005
0.0,0.005
0.0,0.005
0.0,0.005
0.0,0.005
0.0,0.005
0.0,0.005
0.0,0.005
0.0,0.005
0.0,0.005
0.0,0.005
0.0,0.005
0.0,0.005
0.0,0.005
0.0,0.005
0.0,0.005
0.0,0.005
0.0,0.005
0.0,0.005
0.0,0.005
0.0,0.005
0.0,0.005
0.0,0.005
0.0,0.005
0.0,0.005
0.0,0.005
0.0,0.005
0.0,0.005
0.0,0.005
0.0,0.005
0.0,0.005
0.0,0.005
0.0,0.005
0.0,0.005
0.0,0.005
0.0,0.005
0.0,0.005
0.0,0.005
0.0,0.005
0.0,0.005
0.0,0.005
0.0,0.005
0.0,0.005
0.0,0.005
0.0,0.005
0.0,0.005
0.0,0.005
0.0,0.005
0.0,0.005
0.0,0.005
0.0,0.005
0.0,0.005
0.0,0.005
0.0,0.005
0.0,0.005
0.1,0.005
0.1,0.005
0.1,0.005
0.1,0.005
0.1,0.005
0.1,0.005
0.1,0.005
0.1,0.005
0.1,0.005
0.0,0.005
0.0,0.005
0.0,0.005
0.0,0.005
0.0,0.005
0.0,0.005
0.0,0.005
0.0,0.005
0.0,0.005
0.0,0.005
0.0,0.005
0.0,0.005
0.0,0.005
0.0,0.005
0.1,0.005
0.1,0.005
0.1,0.005
0.1,0.005
0.1,0.005
0.1,0.005
0.1,0.005
0.1,0.005
0.1,0.005
0.1,0.005
0.1,0.005
0.0,0.005
0.0,0.005
0.0,0.005
0.0,0.005
0.0,0.005
0.0,0.005
0.0,0.005
0.0,0.005
0.0,0.005
0.0,0.005
0.0,0.005
0.0,0.005
0.0,0.005
0.0,0.005
0.0,0.005
0.0,0.005
0.0,0.005
0.0,0.005
0.0,0.005
0.0,0.005
0.0,0.005
0.0,0.005
0.0,0.005
0.0,0.005
0.0,0.005
0.0,0.005
0.0,0.005
0.0,0.005
0.0,0.005
0.0,0.005
0.0,0.005
0.1,0.005
0.1,0.005
0.1,0.005
0.1,0.005
0.1,0.005
0.1,0.005
0.1,0.005
0.1,0.005
0.1,0.005
0.1,0.005
0.0,0.005
0.0,0.005
0.0,0.005
0.0,0.005
0.0,0.005
0.0,0.005
0.0,0.005
0.0,0.005
0.0,0.005
0.0,0.005
0.0,0.005
0.0,0.005
0.0,0.005
0.0,0.005
0.0,0.005
0.0,0.005
0.0,0.005
0.0,0.005
0.0,0.005
0.0,0.005
0.0,0.005
0.0,0.005
0.0,0.005
0.0,0.005
0.0,0.005
0.0,0.005
0.0,0.005
0.0,0.005
0.0,0.005
0.0,0.005
0.0,0.005
0.0,0.005
0.0,0.005
0.0,0.005
0.0,0.005
0.0,0.005
0.0,0.005
0.0,0.005
0.0,0.005
0.0,0.005
0.0,0.005
0.0,0.005
0.0,0.005
0.0,0.005
0.0,0.005
0.0,0.005
0.0,0.005
0.0,0.005
0.0,0.005
0.0,0.005
0.0,0.005
0.0,0.005
0.0,0.005
0.0,0.005
0.0,0.005
0.0,0.005
0.0,0.005
0.0,0.005
0.0,0.005
0.0,0.005
0.0,0.005
0.0,0.005
0.0,0.005
0.0,0.005
0.0,0.005
0.0,0.005
0.0,0.005
0.0,0.005
0.0,0.005
0.0,0.005
0.0,0.005
0.0,0.005
0.0,0.005
0.0,0.005
0.0,0.005
0.0,0.005
0.0,0.005
0.0,0.005
0.0,0.005
0.0,0.005
0.0,0.005
0.0,0.005
0.0,0.005
0.0,0.005
0.0,0.005
0.0,0.005
0.0,0.005
0.0,0.005
0.0,0.005
0.0,0.005
0.0,0.005
0.0,0.005
0.0,0.005
0.0,0.005
0.0,0.005
0.0,0.005
0.0,0.005
0.0,0.005
0.0,0.005
0.0,0.005
0.0,0.005
0.0,0.005
0.0,0.005
0.0,0.005
0.0,0.005
0.0,0.005
0.0,0.005
0.0,0.005
0.0,0.005
0.0,0.005
0.0,0.005
0.0,0.005
0.0,0.005
0.0,0.005
0.0,0.005
0.0,0.005
0.0,0.005
0.0,0.005
0.0,0.005
0.0,0.005
0.0,0.005
0.0,0.005
0.0,0.005
0.0,0.005
0.0,0.005
0.1,0.005
0.0,0.005
0.0,0.005
0.0,0.005
0.0,0.005
0.0,0.005
0.0,0.005
0.0,0.005
0.0,0.005
0.0,0.005
0.0,0.005
0.0,0.005
0.0,0.005
0.0,0.005
0.0,0.005
0.0,0.005
0.0,0.005
0.0,0.005
0.0,0.005
0.0,0.005
0.0,0.005
0.0,0.005
0.0,0.005
0.0,0.005
0.0,0.005
0.0,0.005
0.0,0.005
0.0,0.005
0.0,0.005
0.0,0.005
0.0,0.005
0.0,0.005
0.0,0.005
0.0,0.005
0.0,0.005
0.0,0.005
0.0,0.005
0.0,0.005
0.0,0.005
0.0,0.005
0.0,0.005
0.0,0.005
0.0,0.005
0.0,0.005
0.0,0.005
0.0,0.005
0.0,0.005
0.0,0.005
0.0,0.005
0.0,0.005
0.0,0.005
0.0,0.005
0.0,0.005
0.0,0.005
0.0,0.005
0.0,0.005
0.0,0.005
0.0,0.005
0.0,0.005
0.0,0.005
0.0,0.005
0.0,0.005
0.0,0.005
0.0,0.005
0.0,0.005
0.0,0.005
0.0,0.005
0.0,0.005
0.0,0.005
0.0,0.005
0.0,0.005
0.0,0.005
0.0,0.005
0.0,0.005
0.0,0.005
0.0,0.005
0.1,0.005
0.1,0.005
0.1,0.005
0.1,0.005
0.1,0.005
0.1,0.005
0.1,0.005
0.1,0.005
0.1,0.005
0.0,0.005
0.0,0.005
0.0,0.005
0.0,0.005
0.0,0.005
0.0,0.005
0.0,0.005
0.0,0.005
0.0,0.005
0.0,0.005
0.0,0.005
0.0,0.005
0.0,0.005
0.0,0.005
0.0,0.005
0.0,0.005
0.0,0.005
0.0,0.005
0.0,0.005
0.0,0.005
0.0,0.005
0.0,0.005
0.0,0.005
0.0,0.005
0.0,0.005
0.0,0.005
0.0,0.005
0.0,0.005
0.0,0.005
0.0,0.005
0.0,0.005
0.0,0.005
0.0,0.005
0.0,0.005
0.0,0.005
0.0,0.005
0.0,0.005
0.0,0.005
0.0,0.005
0.0,0.005
0.0,0.005
0.0,0.005
0.0,0.005
0.0,0.005
0.0,0.005
0.0,0.005
0.0,0.005
0.0,0.005
0.0,0.005
0.0,0.005
0.0,0.005
0.0,0.005
0.0,0.005
0.0,0.005
0.0,0.005
0.0,0.005
0.0,0.005
0.0,0.005
0.0,0.005
0.0,0.005
0.0,0.005
0.0,0.005
0.0,0.005
0.0,0.005
0.0,0.005
0.0,0.005
0.0,0.005
0.0,0.005
0.0,0.005
0.0,0.005
0.0,0.005
0.0,0.005
0.0,0.005
0.0,0.005
0.0,0.005
0.0,0.005
0.0,0.005
0.0,0.005
0.0,0.005
0.0,0.005
0.0,0.005
0.0,0.005
0.0,0.005
0.0,0.005
0.0,0.005
0.0,0.005
0.0,0.005
0.0,0.005
0.0,0.005
0.0,0.005
0.0,0.005
0.0,0.005
0.0,0.005
0.0,0.005
0.0,0.005
0.0,0.005
0.0,0.005
0.0,0.005
0.0,0.005
0.0,0.005
0.0,0.005
0.0,0.005
0.0,0.005
0.0,0.005
0.0,0.005
0.0,0.005
0.0,0.005
0.0,0.005
0.0,0.005
0.0,0.005
0.0,0.005
0.0,0.005
0.0,0.005
0.0,0.005
0.0,0.005
0.0,0.005
0.0,0.005
0.0,0.005
0.0,0.005
0.0,0.005
0.0,0.005
0.0,0.005
0.0,0.005
0.0,0.005
0.0,0.005
0.0,0.005
0.1,0.005
0.1,0.005
0.1,0.005
0.0,0.005
0.0,0.005
0.0,0.005
0.0,0.005
0.0,0.005
0.0,0.005
0.0,0.005
0.0,0.005
0.0,0.005
0.0,0.005
0.0,0.005
0.0,0.005
0.0,0.005
0.0,0.005
0.0,0.005
0.0,0.005
0.0,0.005
0.0,0.005
0.0,0.005
0.0,0.005
0.0,0.005
0.0,0.005
0.0,0.005
0.0,0.005
0.0,0.005
0.0,0.005
0.0,0.005
0.0,0.005
0.0,0.005
0.0,0.005
0.0,0.005
0.0,0.005
0.0,0.005
0.0,0.005
0.0,0.005
0.0,0.005
0.0,0.005
0.0,0.005
0.0,0.005
0.0,0.005
0.0,0.005
0.0,0.005
0.0,0.005
0.0,0.005
0.0,0.005
0.0,0.005
0.0,0.005
0.0,0.005
0.0,0.005
0.0,0.005
0.0,0.005
0.0,0.005
0.0,0.005
0.0,0.005
0.0,0.005
0.0,0.005
0.0,0.005
0.0,0.005
0.0,0.005
0.0,0.005
0.0,0.005
0.0,0.005
0.0,0.005
0.0,0.005
0.0,0.005
0.0,0.005
0.0,0.005
0.0,0.005
0.0,0.005
0.0,0.005
0.0,0.005
0.0,0.005
0.0,0.005
0.0,0.005
0.0,0.005
0.0,0.005
0.0,0.005
0.0,0.005
0.0,0.005
0.0,0.005
0.0,0.005
0.0,0.005
0.0,0.005
0.0,0.005
0.0,0.005
0.0,0.005
0.0,0.005
0.0,0.005
0.0,0.005
0.0,0.005
0.0,0.005
0.0,0.005
0.0,0.005
0.0,0.005
0.0,0.005
0.0,0.005
0.0,0.005
0.0,0.005
0.0,0.005
0.0,0.005
0.0,0.005
0.0,0.005
0.0,0.005
0.0,0.005
0.0,0.005
0.0,0.005
0.0,0.005
0.0,0.005
0.0,0.005
0.0,0.005
0.0,0.005
0.0,0.005
0.0,0.005
0.0,0.005
0.0,0.005
0.0,0.005
0.0,0.005
0.0,0.005
0.0,0.005
0.0,0.005
0.0,0.005
0.0,0.005
0.0,0.005
0.0,0.005
0.0,0.005
0.0,0.005
0.0,0.005
0.0,0.005
0.0,0.005
0.1,0.005
0.1,0.005
0.1,0.005
0.1,0.005
0.1,0.005
0.1,0.005
0.1,0.005
0.1,0.005
0.0,0.005
0.0,0.005
0.0,0.005
0.0,0.005
0.0,0.005
0.0,0.005
0.0,0.005
0.0,0.005
0.0,0.005
0.0,0.005
0.0,0.005
0.0,0.005
0.0,0.005
0.0,0.005
0.0,0.005
0.0,0.005
0.0,0.005
0.0,0.005
0.0,0.005
0.0,0.005
0.0,0.005
0.0,0.005
0.0,0.005
0.0,0.005
0.0,0.005
0.0,0.005
0.1,0.005
0.1,0.005
0.1,0.005
0.1,0.005
0.1,0.005
0.1,0.005
0.1,0.005
0.1,0.005
0.1,0.005
0.1,0.005
0.1,0.005
0.0,0.005
0.0,0.005
0.0,0.005
-0.1,0.005
-0.1,0.005
-0.1,0.005
-0.1,0.005
-0.1,0.005
-0.1,0.005
-0.1,0.005
-0.1,0.005
-0.1,0.005
0.0,0.005
0.0,0.005
0.0,0.005
0.0,0.005
0.0,0.005
0.0,0.005
0.0,0.005
0.0,0.005
0.0,0.005
0.0,0.005
0.0,0.005
0.0,0.005
0.0,0.005
0.0,0.005
0.0,0.005
0.0,0.005
0.0,0.005
0.0,0.005
0.0,0.005
0.0,0.005
0.0,0.005
0.0,0.005
0.0,0.005
0.0,0.005
0.0,0.005
0.0,0.005
0.0,0.005
0.0,0.005
0.0,0.005
0.0,0.005
0.0,0.005
0.0,0.005
0.0,0.005
0.0,0.005
0.0,0.005
0.0,0.005
0.0,0.005
0.0,0.005
0.0,0.005
0.0,0.005
0.0,0.005
0.0,0.005
0.0,0.005
0.0,0.005
0.0,0.005
0.0,0.005
0.0,0.005
0.0,0.005
0.0,0.005
0.0,0.005
0.0,0.005
0.0,0.005
0.0,0.005
0.0,0.005
0.0,0.005
0.0,0.005
0.0,0.005
0.0,0.005
0.0,0.005
0.0,0.005
0.0,0.005
0.0,0.005
0.0,0.005
0.0,0.005
0.0,0.005
0.0,0.005
0.0,0.005
0.0,0.005
0.0,0.005
0.0,0.005
0.0,0.005
0.0,0.005
0.0,0.005
0.1,0.005
0.1,0.005
0.1,0.005
0.1,0.005
0.1,0.005
0.1,0.005
0.1,0.005
0.0,0.005
0.0,0.005
0.0,0.005
0.0,0.005
0.0,0.005
0.0,0.005
0.0,0.005
0.0,0.005
0.0,0.005
0.0,0.005
0.0,0.005
0.0,0.005
0.0,0.005
0.0,0.005
0.0,0.005
0.0,0.005
0.0,0.005
0.0,0.005
0.0,0.005
0.0,0.005
0.0,0.005
0.0,0.005
0.0,0.005
0.0,0.005
0.0,0.005
0.0,0.005
0.0,0.005
0.0,0.005
0.0,0.005
0.0,0.005
0.0,0.005
0.0,0.005
0.0,0.005
0.0,0.005
0.0,0.005
0.0,0.005
0.0,0.005
0.0,0.005
0.0,0.005
0.0,0.005
0.0,0.005
0.0,0.005
0.0,0.005
0.0,0.005
0.0,0.005
0.0,0.005
0.0,0.005
-0.1,0.005
-0.1,0.005
-0.1,0.005
-0.1,0.005
-0.1,0.005
-0.1,0.005
0.0,0.005
0.0,0.005
0.0,0.005
0.0,0.005
0.0,0.005
0.0,0.005
0.0,0.005
0.0,0.005
0.0,0.005
0.0,0.005
0.0,0.005
0.0,0.005
0.0,0.005
0.0,0.005
0.0,0.005
0.0,0.005
0.0,0.005
0.0,0.005
0.0,0.005
0.0,0.005
0.0,0.005
0.0,0.005
0.0,0.005
0.0,0.005
0.0,0.005
0.0,0.005
0.0,0.005
0.0,0.005
0.0,0.005
0.0,0.005
0.0,0.005
0.0,0.005
0.0,0.005
0.0,0.005
0.0,0.005
0.0,0.005
0.0,0.005
0.0,0.005
0.0,0.005
0.0,0.005
0.0,0.005
0.0,0.005
0.0,0.005
0.0,0.005
0.0,0.005
0.0,0.005
0.1,0.005
0.1,0.005
0.1,0.005
0.1,0.005
0.1,0.005
0.1,0.005
0.1,0.005
0.0,0.005
0.0,0.005
0.0,0.005
0.0,0.005
0.0,0.005
0.0,0.005
0.0,0.005
0.0,0.005
0.0,0.005
0.0,0.005
0.0,0.005
0.0,0.005
0.0,0.005
0.0,0.005
0.0,0.005
0.0,0.005
0.0,0.005
0.0,0.005
0.0,0.005
0.0,0.005
0.0,0.005
0.0,0.005
0.0,0.005
0.0,0.005
0.0,0.005
0.0,0.005
0.0,0.005
0.0,0.005
0.0,0.005
0.0,0.005
0.0,0.005
0.0,0.005
0.0,0.005
0.0,0.005
0.0,0.005
0.0,0.005
0.0,0.005
0.0,0.005
0.0,0.005
0.0,0.005
0.0,0.005
0.0,0.005
0.0,0.005
0.0,0.005
0.0,0.005
0.0,0.005
0.0,0.005
0.0,0.005
0.0,0.005
0.0,0.005
0.0,0.005
0.0,0.005
0.0,0.005
0.0,0.005
0.0,0.005
0.0,0.005
0.0,0.005
0.0,0.005
0.0,0.005
0.0,0.005
0.0,0.005
0.0,0.005
0.0,0.005
0.0,0.005
0.0,0.005
0.0,0.005
0.0,0.005
0.0,0.005
0.0,0.005
0.0,0.005
0.0,0.005
0.0,0.005
0.0,0.005
0.0,0.005
0.0,0.005
0.0,0.005
0.0,0.005
0.0,0.005
0.0,0.005
0.0,0.005
0.0,0.005
0.0,0.005
0.0,0.005
0.0,0.005
0.0,0.005
0.0,0.005
0.0,0.005
0.0,0.005
0.0,0.005
0.0,0.005
0.0,0.005
0.0,0.005
0.0,0.005
0.0,0.005
0.0,0.005
0.0,0.005
0.0,0.005
0.0,0.005
0.0,0.005
0.0,0.005
0.0,0.005
0.0,0.005
0.0,0.005
0.0,0.005
0.0,0.005
0.0,0.005
0.0,0.005
0.0,0.005
0.0,0.005
0.0,0.005
0.0,0.005
0.0,0.005
0.0,0.005
0.0,0.005
0.0,0.005
0.0,0.005
0.0,0.005
0.0,0.005
0.0,0.005
0.0,0.005
0.0,0.005
0.0,0.005
0.0,0.005
0.0,0.005
0.0,0.005
0.0,0.005
0.0,0.005
0.0,0.005
0.0,0.005
0.0,0.005
0.0,0.005
0.0,0.005
0.0,0.005
0.0,0.005
0.0,0.005
0.0,0.005
0.0,0.005
0.0,0.005
0.0,0.005
0.0,0.005
0.0,0.005
0.0,0.005
0.0,0.005
0.0,0.005
0.0,0.005
0.0,0.005
0.0,0.005
0.0,0.005
0.0,0.005
0.0,0.005
0.0,0.005
0.0,0.005
0.0,0.005
0.0,0.005
0.0,0.005
0.0,0.005
0.0,0.005
0.0,0.005
0.0,0.005
0.0,0.005
0.0,0.005
0.0,0.005
0.0,0.005
0.0,0.005
0.0,0.005
0.0,0.005
0.0,0.005
0.0,0.005
0.0,0.005
0.0,0.005
0.0,0.005
0.0,0.005
0.0,0.005
0.0,0.005
0.0,0.005
0.0,0.005
0.0,0.005
0.0,0.005
0.0,0.005
0.0,0.005
0.0,0.005
0.0,0.005
0.0,0.005
0.0,0.005
0.0,0.005
0.0,0.005
0.0,0.005
0.0,0.005
0.0,0.005
0.0,0.005
0.0,0.005
0.0,0.005
0.0,0.005
0.0,0.005
0.0,0.005
0.0,0.005
0.0,0.005
0.0,0.005
0.0,0.005
0.0,0.005
0.0,0.005
0.0,0.005
0.0,0.005
0.0,0.005
0.0,0.005
0.0,0.005
0.0,0.005
0.0,0.005
0.0,0.005
0.0,0.005
0.0,0.005
0.0,0.005
0.0,0.005
0.0,0.005
0.0,0.005
0.0,0.005
0.0,0.005
0.0,0.005
0.0,0.005
0.0,0.005
0.0,0.005
0.0,0.005
0.0,0.005
0.0,0.005
0.0,0.005
0.0,0.005
0.0,0.005
0.0,0.005
0.0,0.005
0.0,0.005
0.0,0.005
0.0,0.005
0.0,0.005
0.0,0.005
0.0,0.005
0.0,0.005
0.1,0.005
0.1,0.005
0.1,0.005
0.1,0.005
0.1,0.005
0.1,0.005
0.1,0.005
0.1,0.005
0.1,0.005
0.1,0.005
0.1,0.005
0.1,0.005
-0.1,0.005
-0.1,0.005
-0.1,0.005
-0.1,0.005
-0.1,0.005
-0.1,0.005
-0.1,0.005
0.0,0.005
0.0,0.005
0.0,0.005
0.1,0.005
0.1,0.005
0.1,0.005
0.1,0.005
0.1,0.005
0.1,0.005
0.1,0.005
0.1,0.005
0.1,0.005
0.1,0.005
0.1,0.005
0.0,0.005
0.0,0.005
0.0,0.005
0.0,0.005
0.0,0.005
0.0,0.005
0.0,0.005
0.0,0.005
0.0,0.005
0.0,0.005
0.0,0.005
0.0,0.005
0.0,0.005
0.0,0.005
0.0,0.005
-0.1,0.005
-0.1,0.005
-0.1,0.005
-0.1,0.005
-0.1,0.005
-0.1,0.005
-0.1,0.005
0.0,0.005
0.0,0.005
0.1,0.005
0.1,0.005
0.1,0.005
0.1,0.005
0.1,0.005
0.1,0.005
0.1,0.005
0.1,0.005
0.0,0.005
0.0,0.005
0.0,0.005
-0.1,0.005
-0.1,0.005
-0.1,0.005
-0.1,0.005
-0.1,0.005
-0.1,0.005
-0.1,0.005
0.0,0.005
0.1,0.005
0.1,0.005
0.1,0.005
0.1,0.005
0.1,0.005
0.1,0.005
0.1,0.005
0.0,0.005
0.0,0.005
-0.1,0.005
-0.1,0.005
-0.1,0.005
-0.1,0.005
-0.1,0.005
-0.1,0.005
-0.1,0.005
-0.1,0.005
0.0,0.005
0.0,0.005
0.0,0.005
0.1,0.005
0.1,0.005
0.1,0.005
0.1,0.005
0.1,0.005
0.1,0.005
0.1,0.005
0.1,0.005
0.0,0.005
0.0,0.005
0.0,0.005
-0.1,0.005
-0.1,0.005
-0.1,0.005
-0.2,0.005
-0.1,0.005
-0.1,0.005
-0.1,0.005
0.0,0.005
0.1,0.005
0.1,0.005
0.1,0.005
0.2,0.005
0.2,0.005
0.2,0.005
0.2,0.005
0.1,0.005
0.1,0.005
0.0,0.005
-0.1,0.005
-0.1,0.005
-0.1,0.005
-0.2,0.005
-0.2,0.005
-0.2,0.005
-0.2,0.005
-0.1,0.005
0.0,0.005
0.0,0.005
0.1,0.005
0.1,0.005
0.2,0.005
0.2,0.005
0.2,0.005
0.2,0.005
0.2,0.005
0.1,0.005
0.0,0.005
0.0,0.005
-0.1,0.005
-0.1,0.005
-0.1,0.005
-0.1,0.005
-0.1,0.005
-0.1,0.005
-0.1,0.005
-0.1,0.005
-0.1,0.005
0.0,0.005
0.0,0.005
0.1,0.005
0.1,0.005
0.1,0.005
0.1,0.005
0.1,0.005
0.1,0.005
0.1,0.005
0.1,0.005
0.0,0.005
0.0,0.005
0.0,0.005
0.0,0.005
0.0,0.005
-0.1,0.005
-0.1,0.005
-0.1,0.005
-0.1,0.005
-0.1,0.005
-0.1,0.005
0.0,0.005
0.0,0.005
0.0,0.005
0.1,0.005
0.0,0.005
0.0,0.005
0.0,0.005
0.0,0.005
0.0,0.005
0.0,0.005
0.0,0.005
0.0,0.005
0.0,0.005
0.0,0.005
0.0,0.005
0.0,0.005
0.0,0.005
0.0,0.005
0.0,0.005
0.0,0.005
0.1,0.005
0.1,0.005
0.1,0.005
0.1,0.005
0.1,0.005
0.1,0.005
0.1,0.005
0.1,0.005
0.1,0.005
0.1,0.005
0.0,0.005
0.0,0.005
0.0,0.005
0.0,0.005
0.0,0.005
0.0,0.005
0.0,0.005
0.0,0.005
0.0,0.005
0.0,0.005
0.0,0.005
0.0,0.005
0.0,0.005
0.0,0.005
0.0,0.005
0.0,0.005
0.0,0.005
0.0,0.005
0.0,0.005
0.0,0.005
0.0,0.005
0.0,0.005
0.0,0.005
0.0,0.005
0.0,0.005
0.0,0.005
0.0,0.005
0.0,0.005
0.0,0.005
0.0,0.005
0.1,0.005
0.1,0.005
0.1,0.005
0.1,0.005
0.1,0.005
0.1,0.005
0.1,0.005
0.1,0.005
-0.1,0.005
-0.1,0.005
-0.1,0.005
-0.1,0.005
-0.1,0.005
-0.1,0.005
-0.1,0.005
-0.1,0.005
0.0,0.005
0.0,0.005
0.1,0.005
0.1,0.005
0.1,0.005
0.1,0.005
0.1,0.005
0.1,0.005
0.1,0.005
0.1,0.005
0.1,0.005
0.0,0.005
0.0,0.005
0.0,0.005
0.0,0.005
0.0,0.005
0.0,0.005
0.0,0.005
0.0,0.005
0.0,0.005
0.0,0.005
0.0,0.005
0.0,0.005
0.0,0.005
0.1,0.005
0.1,0.005
0.1,0.005
0.1,0.005
0.1,0.005
0.1,0.005
0.0,0.005
-0.1,0.005
-0.1,0.005
-0.1,0.005
-0.1,0.005
-0.1,0.005
-0.1,0.005
-0.1,0.005
0.0,0.005
0.0,0.005
0.1,0.005
0.1,0.005
0.1,0.005
0.1,0.005
0.1,0.005
0.1,0.005
0.1,0.005
0.1,0.005
0.1,0.005
0.0,0.005
0.0,0.005
0.0,0.005
0.0,0.005
0.0,0.005
0.0,0.005
0.0,0.005
0.0,0.005
0.0,0.005
0.0,0.005
0.0,0.005
0.0,0.005
0.0,0.005
0.1,0.005
0.1,0.005
0.1,0.005
0.1,0.005
0.1,0.005
0.1,0.005
0.1,0.005
0.1,0.005
0.0,0.005
0.0,0.005
-0.1,0.005
-0.1,0.005
-0.1,0.005
-0.1,0.005
-0.1,0.005
-0.1,0.005
-0.1,0.005
-0.1,0.005
-0.1,0.005
0.1,0.005
0.1,0.005
0.0,0.005
0.0,0.005
0.0,0.005
0.0,0.005
0.1,0.005
0.1,0.005
0.0,0.005
0.1,0.005
0.1,0.005
0.0,0.005
0.0,0.005
-0.1,0.005
0.0,0.005
0.0,0.005
0.0,0.005
0.0,0.005
0.0,0.005
0.0,0.005
0.0,0.005
0.0,0.005
0.0,0.005
0.0,0.005
0.0,0.005
0.0,0.005
0.0,0.005
0.0,0.005
0.0,0.005
0.0,0.005
0.0,0.005
0.0,0.005
0.0,0.005
0.0,0.005
0.0,0.005
0.0,0.005
0.0,0.005
0.0,0.005
0.0,0.005
0.0,0.005
0.0,0.005
0.0,0.005
0.0,0.005
0.0,0.005
0.0,0.005
0.0,0.005
0.0,0.005
0.0,0.005
0.0,0.005
0.0,0.005
0.0,0.005
0.0,0.005
0.0,0.005
0.0,0.005
0.0,0.005
0.0,0.005
0.0,0.005
0.0,0.005
0.0,0.005
0.0,0.005
0.0,0.005
0.0,0.005
0.0,0.005
0.0,0.005
0.0,0.005
0.0,0.005
0.0,0.005
0.0,0.005
0.0,0.005
0.0,0.005
0.0,0.005
0.0,0.005
0.0,0.005
0.0,0.005
0.0,0.005
0.0,0.005
0.0,0.005
0.0,0.005
0.0,0.005
0.0,0.005
0.0,0.005
0.0,0.005
0.0,0.005
0.0,0.005
0.0,0.005
0.0,0.005
0.0,0.005
0.0,0.005
0.0,0.005
0.0,0.005
0.0,0.005
0.0,0.005
0.0,0.005
0.0,0.005
0.0,0.005
0.0,0.005
0.0,0.005
0.0,0.005
0.0,0.005
0.0,0.005
0.0,0.005
0.0,0.005
0.0,0.005
0.0,0.005
0.0,0.005
0.0,0.005
0.0,0.005
0.0,0.005
0.0,0.005
0.0,0.005
0.0,0.005
0.0,0.005
0.0,0.005
0.0,0.005
0.0,0.005
0.0,0.005
0.0,0.005
0.0,0.005
0.0,0.005
0.0,0.005
0.1,0.005
0.1,0.005
0.1,0.005
0.1,0.005
0.0,0.005
0.0,0.005
-0.1,0.005
-0.1,0.005
-0.1,0.005
-0.1,0.005
-0.1,0.005
-0.1,0.005
-0.1,0.005
-0.1,0.005
-0.1,0.005
-0.1,0.005
0.0,0.005
0.1,0.005
0.1,0.005
0.1,0.005
0.1,0.005
0.1,0.005
0.1,0.005
0.1,0.005
0.1,0.005
0.1,0.005
0.1,0.005
0.0,0.005
0.0,0.005
0.0,0.005
0.0,0.005
0.0,0.005
0.0,0.005
0.0,0.005
0.0,0.005
0.0,0.005
0.0,0.005
0.0,0.005
0.0,0.005
0.0,0.005
0.0,0.005
0.0,0.005
0.0,0.005
0.0,0.005
0.0,0.005
0.0,0.005
0.0,0.005
0.0,0.005
0.0,0.005
0.0,0.005
0.0,0.005
0.0,0.005
0.0,0.005
0.0,0.005
0.0,0.005
0.0,0.005
0.0,0.005
0.0,0.005
0.0,0.005
0.0,0.005
0.0,0.005
0.0,0.005
0.0,0.005
0.0,0.005
0.0,0.005
0.0,0.005
0.0,0.005
0.0,0.005
0.0,0.005
0.0,0.005
0.0,0.005
0.0,0.005
0.0,0.005
0.0,0.005
0.0,0.005
0.0,0.005
0.0,0.005
0.0,0.005
0.0,0.005
0.0,0.005
0.0,0.005
0.0,0.005
0.0,0.005
0.0,0.005
0.1,0.005
0.1,0.005
0.1,0.005
0.1,0.005
0.1,0.005
0.1,0.005
0.1,0.005
0.1,0.005
0.1,0.005
0.1,0.005
0.1,0.005
0.1,0.005
0.1,0.005
0.1,0.005
0.1,0.005
0.1,0.005
0.0,0.005
0.0,0.005
0.0,0.005
0.0,0.005
0.0,0.005
0.0,0.005
0.0,0.005
0.0,0.005
0.0,0.005
0.0,0.005
0.0,0.005
0.0,0.005
0.0,0.005
0.0,0.005
0.0,0.005
0.0,0.005
0.0,0.005
0.0,0.005
0.0,0.005
0.0,0.005
0.0,0.005
0.0,0.005
0.0,0.005
0.0,0.005
0.0,0.005
0.0,0.005
0.0,0.005
0.0,0.005
0.0,0.005
0.0,0.005
0.0,0.005
0.0,0.005
0.0,0.005
0.0,0.005
0.0,0.005
0.0,0.005
0.0,0.005
0.0,0.005
0.0,0.005
0.0,0.005
0.0,0.005
0.0,0.005
0.0,0.005
0.0,0.005
0.0,0.005
0.0,0.005
0.0,0.005
0.0,0.005
0.0,0.005
0.0,0.005
0.0,0.005
0.0,0.005
0.0,0.005
0.0,0.005
0.0,0.005
0.0,0.005
0.0,0.005
0.0,0.005
0.0,0.005
0.1,0.005
0.1,0.005
0.1,0.005
0.0,0.005
0.0,0.005
0.0,0.005
0.0,0.005
0.0,0.005
0.0,0.005
0.0,0.005
0.0,0.005
0.0,0.005
0.0,0.005
0.0,0.005
0.0,0.005
0.0,0.005
0.0,0.005
0.0,0.005
0.0,0.005
0.0,0.005
0.0,0.005
0.0,0.005
0.0,0.005
0.0,0.005
0.0,0.005
0.0,0.005
0.0,0.005
0.0,0.005
0.0,0.005
0.0,0.005
0.0,0.005
0.0,0.005
0.0,0.005
0.0,0.005
0.0,0.005
0.0,0.005
0.0,0.005
0.0,0.005
0.0,0.005
0.0,0.005
0.0,0.005
0.0,0.005
0.0,0.005
0.0,0.005
0.0,0.005
0.0,0.005
0.0,0.005
0.0,0.005
0.0,0.005
0.0,0.005
0.0,0.005
0.0,0.005
0.0,0.005
0.0,0.005
0.0,0.005
0.0,0.005
0.0,0.005
0.0,0.005
0.0,0.005
0.0,0.005
0.0,0.005
0.0,0.005
0.0,0.005
0.0,0.005
0.0,0.005
0.0,0.005
0.0,0.005
0.0,0.005
0.0,0.005
0.0,0.005
0.0,0.005
0.0,0.005
0.0,0.005
0.0,0.005
0.0,0.005
0.0,0.005
0.0,0.005
0.0,0.005
0.0,0.005
0.0,0.005
0.0,0.005
0.0,0.005
0.0,0.005
0.0,0.005
0.0,0.005
0.0,0.005
0.0,0.005
0.0,0.005
0.0,0.005
0.0,0.005
0.0,0.005
0.0,0.005
0.0,0.005
0.0,0.005
0.0,0.005
0.0,0.005
0.0,0.005
0.0,0.005
0.0,0.005
0.0,0.005
0.0,0.005
0.0,0.005
0.0,0.005
0.0,0.005
0.0,0.005
0.0,0.005
0.0,0.005
0.0,0.005
0.0,0.005
0.0,0.005
0.0,0.005
0.0,0.005
0.0,0.005
0.0,0.005
0.0,0.005
0.0,0.005
0.0,0.005
0.0,0.005
0.0,0.005
0.0,0.005
0.0,0.005
0.0,0.005
0.0,0.005
0.0,0.005
0.0,0.005
0.0,0.005
0.0,0.005
0.0,0.005
0.0,0.005
0.0,0.005
0.0,0.005
0.0,0.005
0.0,0.005
0.0,0.005
0.1,0.005
0.1,0.005
0.1,0.005
0.1,0.005
0.1,0.005
0.1,0.005
0.1,0.005
0.0,0.005
0.0,0.005
0.0,0.005
0.0,0.005
0.0,0.005
0.0,0.005
0.0,0.005
0.0,0.005
0.0,0.005
0.0,0.005
0.0,0.005
0.0,0.005
0.0,0.005
0.0,0.005
0.0,0.005
0.0,0.005
0.0,0.005
0.0,0.005
0.0,0.005
0.0,0.005
0.0,0.005
0.0,0.005
0.0,0.005
0.0,0.005
0.0,0.005
0.0,0.005
0.0,0.005
0.0,0.005
0.0,0.005
0.0,0.005
0.0,0.005
0.0,0.005
0.0,0.005
0.0,0.005
0.0,0.005
0.0,0.005
0.0,0.005
0.0,0.005
0.0,0.005
0.0,0.005
0.0,0.005
0.0,0.005
0.0,0.005
0.0,0.005
0.0,0.005
0.0,0.005
0.0,0.005
0.0,0.005
0.0,0.005
0.0,0.005
0.0,0.005
0.0,0.005
0.0,0.005
0.0,0.005
0.1,0.005
0.1,0.005
0.1,0.005
0.1,0.005
0.1,0.005
0.1,0.005
0.1,0.005
0.1,0.005
0.1,0.005
0.1,0.005
0.1,0.005
0.0,0.005
0.0,0.005
0.0,0.005
0.0,0.005
0.0,0.005
0.0,0.005
0.0,0.005
0.0,0.005
0.0,0.005
0.0,0.005
0.0,0.005
0.0,0.005
0.0,0.005
0.0,0.005
0.0,0.005
0.0,0.005
0.0,0.005
0.0,0.005
0.0,0.005
0.0,0.005
0.0,0.005
0.0,0.005
0.0,0.005
0.0,0.005
0.0,0.005
0.0,0.005
0.0,0.005
0.0,0.005
0.0,0.005
0.0,0.005
0.0,0.005
0.0,0.005
0.0,0.005
0.0,0.005
0.0,0.005
0.0,0.005
0.0,0.005
0.0,0.005
0.0,0.005
0.0,0.005
0.0,0.005
0.0,0.005
0.0,0.005
0.0,0.005
0.0,0.005
0.0,0.005
0.0,0.005
0.0,0.005
0.0,0.005
0.0,0.005
0.0,0.005
0.0,0.005
0.0,0.005
0.0,0.005
0.0,0.005
0.0,0.005
0.0,0.005
0.0,0.005
0.0,0.005
0.0,0.005
0.0,0.005
0.0,0.005
0.0,0.005
0.0,0.005
0.0,0.005
0.0,0.005
0.0,0.005
0.0,0.005
0.0,0.005
0.0,0.005
0.0,0.005
0.0,0.005
0.0,0.005
0.0,0.005
0.0,0.005
0.0,0.005
0.0,0.005
0.0,0.005
0.0,0.005
0.0,0.005
0.0,0.005
0.0,0.005
0.0,0.005
0.0,0.005
0.0,0.005
0.0,0.005
0.0,0.005
0.0,0.005
0.0,0.005
0.0,0.005
0.0,0.005
0.0,0.005
0.0,0.005
0.0,0.005
0.0,0.005
0.0,0.005
0.0,0.005
0.0,0.005
0.0,0.005
0.0,0.005
0.0,0.005
0.0,0.005
0.0,0.005
0.0,0.005
0.0,0.005
0.0,0.005
0.0,0.005
0.0,0.005
0.0,0.005
0.0,0.005
0.0,0.005
0.0,0.005
0.0,0.005
0.0,0.005
0.0,0.005
0.0,0.005
0.0,0.005
0.0,0.005
0.0,0.005
0.0,0.005
0.0,0.005
0.0,0.005
0.0,0.005
0.0,0.005
0.0,0.005
0.0,0.005
0.0,0.005
0.0,0.005
0.1,0.005
0.1,0.005
0.1,0.005
0.1,0.005
0.1,0.005
0.0,0.005
0.0,0.005
0.0,0.005
0.0,0.005
0.0,0.005
0.0,0.005
0.0,0.005
0.0,0.005
0.0,0.005
0.0,0.005
0.0,0.005
0.0,0.005
0.0,0.005
0.0,0.005
0.0,0.005
0.0,0.005
0.0,0.005
0.0,0.005
0.0,0.005
0.0,0.005
0.0,0.005
0.0,0.005
0.0,0.005
0.0,0.005
0.0,0.005
0.0,0.005
0.0,0.005
0.0,0.005
0.0,0.005
0.0,0.005
0.0,0.005
0.0,0.005
0.1,0.005
0.1,0.005
0.1,0.005
0.1,0.005
0.1,0.005
0.1,0.005
0.1,0.005
0.1,0.005
0.1,0.005
0.0,0.005
0.0,0.005
0.0,0.005
0.0,0.005
0.0,0.005
0.0,0.005
0.0,0.005
0.0,0.005
0.0,0.005
0.0,0.005
0.0,0.005
0.0,0.005
0.0,0.005
0.0,0.005
0.0,0.005
0.0,0.005
0.0,0.005
0.0,0.005
0.0,0.005
0.0,0.005
0.0,0.005
0.0,0.005
0.0,0.005
0.0,0.005
0.0,0.005
0.0,0.005
0.0,0.005
0.0,0.005
0.0,0.005
0.0,0.005
0.0,0.005
0.0,0.005
0.0,0.005
0.0,0.005
0.0,0.005
0.0,0.005
0.0,0.005
0.0,0.005
0.0,0.005
0.0,0.005
0.0,0.005
0.0,0.005
0.0,0.005
0.0,0.005
0.0,0.005
0.0,0.005
0.0,0.005
0.0,0.005
0.0,0.005
0.0,0.005
0.0,0.005
0.0,0.005
0.0,0.005
0.0,0.005
0.0,0.005
0.0,0.005
0.0,0.005
0.0,0.005
0.0,0.005
0.0,0.005
0.0,0.005
0.0,0.005
0.0,0.005
0.0,0.005
0.0,0.005
0.0,0.005
0.0,0.005
0.0,0.005
0.0,0.005
0.0,0.005
0.0,0.005
0.0,0.005
0.0,0.005
0.0,0.005
0.0,0.005
0.0,0.005
0.0,0.005
0.0,0.005
0.0,0.005
0.0,0.005
0.0,0.005
0.0,0.005
0.0,0.005
0.0,0.005
0.0,0.005
0.0,0.005
0.0,0.005
0.0,0.005
0.0,0.005
0.1,0.005
0.1,0.005
0.1,0.005
0.1,0.005
0.1,0.005
0.0,0.005
0.0,0.005
0.0,0.005
0.0,0.005
0.0,0.005
0.0,0.005
0.0,0.005
0.0,0.005
0.0,0.005
0.0,0.005
0.0,0.005
0.0,0.005
0.0,0.005
0.0,0.005
0.0,0.005
0.0,0.005
0.0,0.005
0.0,0.005
0.0,0.005
0.0,0.005
0.0,0.005
0.0,0.005
0.0,0.005
0.0,0.005
0.0,0.005
0.0,0.005
0.0,0.005
0.0,0.005
0.0,0.005
0.0,0.005
0.0,0.005
0.0,0.005
0.0,0.005
0.0,0.005
0.0,0.005
0.0,0.005
0.0,0.005
0.0,0.005
0.0,0.005
0.0,0.005
0.0,0.005
0.0,0.005
0.0,0.005
0.0,0.005
0.0,0.005
0.0,0.005
0.0,0.005
0.0,0.005
0.0,0.005
0.0,0.005
0.0,0.005
0.0,0.005
0.0,0.005
0.0,0.005
0.0,0.005
0.0,0.005
0.0,0.005
0.0,0.005
0.0,0.005
0.0,0.005
0.0,0.005
0.0,0.005
0.0,0.005
0.0,0.005
0.0,0.005
0.0,0.005
0.0,0.005
0.0,0.005
0.0,0.005
0.0,0.005
0.0,0.005
0.1,0.005
0.1,0.005
0.1,0.005
0.1,0.005
0.1,0.005
0.1,0.005
0.1,0.005
0.1,0.005
0.1,0.005
0.1,0.005
0.0,0.005
0.0,0.005
0.0,0.005
0.0,0.005
0.0,0.005
0.0,0.005
0.0,0.005
0.0,0.005
0.0,0.005
0.0,0.005
0.0,0.005
0.0,0.005
0.0,0.005
0.0,0.005
0.0,0.005
0.0,0.005
0.0,0.005
0.0,0.005
0.0,0.005
0.0,0.005
0.0,0.005
0.0,0.005
0.0,0.005
0.0,0.005
0.0,0.005
0.0,0.005
0.0,0.005
0.0,0.005
0.0,0.005
0.0,0.005
0.0,0.005
0.0,0.005
0.0,0.005
0.0,0.005
0.0,0.005
0.0,0.005
0.0,0.005
0.0,0.005
0.0,0.005
0.0,0.005
0.0,0.005
0.0,0.005
0.0,0.005
0.0,0.005
0.0,0.005
0.0,0.005
0.0,0.005
0.0,0.005
0.0,0.005
0.0,0.005
0.0,0.005
0.0,0.005
0.0,0.005
0.0,0.005
0.0,0.005
0.0,0.005
0.0,0.005
0.0,0.005
0.0,0.005
0.0,0.005
0.0,0.005
0.0,0.005
0.0,0.005
0.0,0.005
0.0,0.005
0.0,0.005
0.0,0.005
0.0,0.005
0.0,0.005
0.0,0.005
0.0,0.005
0.0,0.005
0.0,0.005
0.0,0.005
0.0,0.005
0.0,0.005
0.0,0.005
0.0,0.005
0.0,0.005
0.0,0.005
0.0,0.005
0.0,0.005
0.0,0.005
0.0,0.005
0.0,0.005
0.0,0.005
0.0,0.005
0.0,0.005
0.0,0.005
0.0,0.005
0.0,0.005
0.0,0.005
0.0,0.005
0.0,0.005
0.0,0.005
0.0,0.005
0.0,0.005
0.0,0.005
0.0,0.005
0.0,0.005
0.0,0.005
0.0,0.005
0.0,0.005
0.0,0.005
0.0,0.005
0.0,0.005
0.0,0.005
0.0,0.005
0.0,0.005
0.0,0.005
0.0,0.005
0.0,0.005
0.0,0.005
0.0,0.005
0.0,0.005
0.0,0.005
0.0,0.005
0.0,0.005
0.0,0.005
0.0,0.005
0.0,0.005
0.0,0.005
0.0,0.005
0.0,0.005
0.0,0.005
0.0,0.005
0.0,0.005
0.0,0.005
0.0,0.005
0.0,0.005
0.0,0.005
0.0,0.005
0.0,0.005
0.0,0.005
0.0,0.005
0.0,0.005
0.0,0.005
0.0,0.005
0.0,0.005
0.0,0.005
0.0,0.005
0.0,0.005
0.0,0.005
0.0,0.005
0.0,0.005
0.0,0.005
0.0,0.005
0.0,0.005
0.0,0.005
0.0,0.005
0.0,0.005
0.0,0.005
0.0,0.005
0.0,0.005
0.0,0.005
0.0,0.005
0.0,0.005
0.0,0.005
0.0,0.005
0.0,0.005
0.0,0.005
0.0,0.005
0.0,0.005
0.0,0.005
0.0,0.005
0.0,0.005
0.0,0.005
0.0,0.005
0.0,0.005
0.0,0.005
0.0,0.005
0.0,0.005
0.0,0.005
0.0,0.005
0.0,0.005
0.0,0.005
0.0,0.005
0.0,0.005
0.0,0.005
0.0,0.005
0.0,0.005
0.0,0.005
0.0,0.005
0.0,0.005
0.0,0.005
0.0,0.005
0.0,0.005
0.0,0.005
0.0,0.005
0.0,0.005
0.0,0.005
0.0,0.005
0.0,0.005
0.0,0.005
0.0,0.005
0.0,0.005
0.0,0.005
0.0,0.005
0.0,0.005
0.0,0.005
0.0,0.005
0.0,0.005
0.0,0.005
0.0,0.005
0.0,0.005
0.0,0.005
0.0,0.005
0.0,0.005
0.0,0.005
0.0,0.005
0.0,0.005
0.0,0.005
0.0,0.005
0.0,0.005
0.0,0.005
0.0,0.005
0.0,0.005
0.0,0.005
0.0,0.005
0.0,0.005
0.0,0.005
0.0,0.005
0.0,0.005
0.0,0.005
0.0,0.005
0.0,0.005
0.0,0.005
0.0,0.005
0.0,0.005
0.0,0.005
0.0,0.005
0.0,0.005
0.0,0.005
0.0,0.005
0.0,0.005
0.0,0.005
0.0,0.005
0.0,0.005
0.0,0.005
0.0,0.005
0.0,0.005
0.0,0.005
0.0,0.005
0.0,0.005
0.0,0.005
0.0,0.005
0.0,0.005
0.0,0.005
0.0,0.005
0.0,0.005
0.0,0.005
0.0,0.005
0.0,0.005
0.0,0.005
0.0,0.005
0.0,0.005
0.0,0.005
0.0,0.005
0.0,0.005
0.0,0.005
0.0,0.005
0.0,0.005
0.0,0.005
0.0,0.005
0.0,0.005
0.0,0.005
0.0,0.005
0.0,0.005
0.0,0.005
0.0,0.005
0.0,0.005
0.0,0.005
0.0,0.005
0.0,0.005
0.0,0.005
0.0,0.005
0.0,0.005
0.0,0.005
0.0,0.005
0.0,0.005
0.0,0.005
0.0,0.005
0.0,0.005
0.0,0.005
0.0,0.005
0.0,0.005
0.0,0.005
0.0,0.005
0.0,0.005
0.0,0.005
0.0,0.005
0.0,0.005
0.0,0.005
0.0,0.005
0.0,0.005
0.0,0.005
0.0,0.005
0.0,0.005
0.0,0.005
0.0,0.005
0.0,0.005
0.0,0.005
0.0,0.005
0.0,0.005
0.0,0.005
0.0,0.005
0.0,0.005
0.0,0.005
0.0,0.005
0.0,0.005
0.0,0.005
0.0,0.005
0.0,0.005
0.0,0.005
0.0,0.005
0.0,0.005
0.0,0.010
0.0,0.010
0.0,0.010
0.0,0.010
0.0,0.010
0.0,0.010
0.0,0.010
0.0,0.010
0.0,0.010
0.0,0.010
0.0,0.010
0.0,0.010
0.0,0.010
0.0,0.010
0.0,0.010
0.0,0.010
0.0,0.010
0.0,0.010
0.0,0.010
0.0,0.010
0.0,0.010
0.0,0.010
0.0,0.010
0.0,0.010
0.0,0.010
0.0,0.010
0.0,0.010
0.0,0.010
0.0,0.010
0.0,0.010
0.0,0.010
0.0,0.010
0.0,0.010
0.0,0.010
0.0,0.010
0.0,0.010
0.0,0.010
0.0,0.010
0.0,0.010
0.0,0.010
0.0,0.010
0.0,0.010
0.0,0.010
0.0,0.010
0.0,0.010
0.0,0.010
0.0,0.010
0.0,0.010
0.0,0.010
0.0,0.010
0.0,0.010
0.0,0.010
0.0,0.010
0.0,0.010
0.0,0.010
0.0,0.010
0.0,0.010
0.0,0.010
0.0,0.010
0.0,0.010
0.0,0.010
0.0,0.010
0.0,0.010
0.0,0.010
0.0,0.010
0.0,0.010
0.0,0.010
0.0,0.010
0.0,0.010
0.0,0.010
0.0,0.010
0.0,0.010
0.0,0.010
0.0,0.010
0.0,0.010
0.0,0.010
0.0,0.010
0.0,0.010
0.0,0.010
0.0,0.010
0.0,0.010
0.0,0.010
0.0,0.010
0.0,0.010
0.0,0.010
0.0,0.010
0.0,0.010
0.0,0.010
0.0,0.010
0.0,0.010
0.0,0.010
0.0,0.010
0.0,0.010
0.0,0.010
0.0,0.010
0.0,0.010
0.0,0.010
0.0,0.010
0.0,0.010
0.0,0.010
0.0,0.010
0.0,0.010
0.0,0.010
0.0,0.010
0.0,0.010
0.0,0.010
0.0,0.010
0.0,0.010
0.0,0.010
0.0,0.010
0.0,0.010
0.0,0.010
0.0,0.010
0.0,0.010
0.0,0.010
0.0,0.010
0.0,0.010
0.0,0.010
0.0,0.010
0.0,0.010
0.0,0.010
0.0,0.010
0.0,0.010
0.0,0.010
0.0,0.010
0.0,0.010
0.0,0.010
0.0,0.010
0.0,0.010
0.0,0.010
0.0,0.010
0.0,0.010
0.0,0.010
0.0,0.010
0.0,0.010
0.0,0.010
0.0,0.010
0.0,0.010
0.0,0.010
0.0,0.010
0.0,0.010
0.0,0.010
0.0,0.010
0.0,0.010
0.0,0.010
0.0,0.010
0.0,0.010
0.0,0.010
0.0,0.010
0.1,0.010
0.1,0.010
0.1,0.010
0.1,0.010
0.1,0.010
0.1,0.010
0.1,0.010
0.1,0.010
0.0,0.010
0.0,0.010
0.0,0.010
0.0,0.010
0.0,0.010
0.0,0.010
0.0,0.010
0.0,0.010
0.0,0.010
0.0,0.010
0.0,0.010
0.0,0.010
0.0,0.010
0.0,0.010
0.0,0.010
0.0,0.010
0.0,0.010
0.0,0.010
0.0,0.010
0.0,0.010
0.0,0.010
0.0,0.010
0.0,0.010
0.0,0.010
0.0,0.010
0.0,0.010
0.0,0.010
0.0,0.010
0.0,0.010
0.0,0.010
0.0,0.010
0.0,0.010
0.0,0.010
0.0,0.010
0.0,0.010
0.0,0.010
0.0,0.010
0.0,0.010
0.0,0.010
0.0,0.010
0.0,0.010
0.0,0.010
0.0,0.010
0.0,0.010
0.0,0.010
0.0,0.010
0.0,0.010
0.0,0.010
0.0,0.010
0.0,0.010
0.0,0.010
0.0,0.010
0.0,0.010
0.0,0.010
0.0,0.010
0.0,0.010
0.0,0.010
0.0,0.010
0.0,0.010
0.0,0.010
0.0,0.010
0.0,0.010
0.0,0.010
0.0,0.010
0.0,0.010
0.0,0.010
0.0,0.010
0.0,0.010
0.0,0.010
0.0,0.010
0.0,0.010
0.0,0.010
0.0,0.010
0.0,0.010
0.0,0.010
0.0,0.010
0.0,0.010
0.0,0.010
0.0,0.010
0.0,0.010
0.0,0.010
0.0,0.010
0.0,0.010
0.0,0.010
0.0,0.010
0.0,0.010
0.0,0.010
0.0,0.010
0.0,0.010
0.0,0.010
0.0,0.010
0.0,0.010
0.0,0.010
0.0,0.010
0.0,0.010
0.0,0.010
0.0,0.010
0.0,0.010
0.0,0.010
0.0,0.010
0.0,0.010
0.0,0.010
0.0,0.010
0.0,0.010
0.0,0.010
0.0,0.010
0.0,0.010
0.0,0.010
0.0,0.010
0.0,0.010
0.0,0.010
0.0,0.010
0.0,0.010
0.0,0.010
0.0,0.010
0.0,0.010
0.0,0.010
0.0,0.010
0.0,0.010
0.0,0.010
0.0,0.010
0.0,0.010
0.0,0.010
0.0,0.010
0.0,0.010
0.0,0.010
0.0,0.010
0.0,0.010
0.0,0.010
0.0,0.010
0.0,0.010
0.0,0.010
0.0,0.010
-0.1,0.010
-0.1,0.010
-0.1,0.010
-0.1,0.010
-0.1,0.010
-0.1,0.010
-0.1,0.010
-0.1,0.010
-0.1,0.010
-0.1,0.010
-0.1,0.010
-0.1,0.010
0.0,0.010
0.0,0.010
0.0,0.010
0.0,0.010
0.0,0.010
0.0,0.010
0.0,0.010
0.0,0.010
0.0,0.010
0.0,0.010
0.0,0.010
0.0,0.010
0.0,0.010
0.0,0.010
0.0,0.010
0.0,0.010
0.0,0.010
0.0,0.010
0.0,0.010
0.0,0.010
0.0,0.010
0.0,0.010
0.0,0.010
0.0,0.010
0.0,0.010
0.0,0.010
0.0,0.010
0.0,0.010
0.0,0.010
0.0,0.010
0.0,0.010
0.0,0.010
0.0,0.010
-0.1,0.010
-0.1,0.010
-0.1,0.010
-0.1,0.010
-0.1,0.010
-0.1,0.010
-0.1,0.010
-0.1,0.010
0.1,0.010
0.1,0.010
0.1,0.010
0.1,0.010
0.1,0.010
0.1,0.010
0.1,0.010
0.1,0.010
0.1,0.010
0.1,0.010
0.0,0.010
0.0,0.010
0.0,0.010
0.0,0.010
0.0,0.010
0.0,0.010
0.0,0.010
0.0,0.010
0.0,0.010
0.0,0.010
0.0,0.010
0.0,0.010
0.0,0.010
0.0,0.010
0.0,0.010
0.0,0.010
0.0,0.010
0.0,0.010
0.0,0.010
0.0,0.010
0.0,0.010
0.0,0.010
0.0,0.010
0.0,0.010
0.0,0.010
0.0,0.010
0.0,0.010
0.0,0.010
0.0,0.010
0.0,0.010
0.0,0.010
0.0,0.010
0.0,0.010
0.0,0.010
0.0,0.010
0.0,0.010
0.0,0.010
0.0,0.010
0.0,0.010
0.0,0.010
0.0,0.010
0.0,0.010
0.0,0.010
0.0,0.010
0.0,0.010
0.0,0.010
0.0,0.010
0.0,0.010
0.0,0.010
0.0,0.010
0.0,0.010
0.0,0.010
0.0,0.010
0.0,0.010
0.0,0.010
0.0,0.010
0.0,0.010
0.0,0.010
0.0,0.010
0.0,0.010
0.0,0.010
0.0,0.010
0.0,0.010
0.0,0.010
0.0,0.010
0.0,0.010
0.0,0.010
0.0,0.010
0.0,0.010
0.0,0.010
0.0,0.010
0.0,0.010
0.0,0.010
0.0,0.010
0.0,0.010
0.0,0.010
0.0,0.010
0.0,0.010
0.0,0.010
0.0,0.010
0.0,0.010
0.0,0.010
0.0,0.010
0.0,0.010
0.0,0.010
0.0,0.010
0.0,0.010
0.0,0.010
0.0,0.010
0.0,0.010
0.0,0.010
0.0,0.010
0.0,0.010
0.0,0.010
0.0,0.010
0.0,0.010
0.0,0.010
0.1,0.010
0.1,0.010
0.1,0.010
0.1,0.010
0.1,0.010
0.1,0.010
0.1,0.010
0.1,0.010
0.1,0.010
0.0,0.010
0.0,0.010
0.0,0.010
0.0,0.010
0.0,0.010
0.0,0.010
0.0,0.010
0.0,0.010
0.0,0.010
0.0,0.010
0.0,0.010
0.0,0.010
0.0,0.010
0.0,0.010
0.0,0.010
0.0,0.010
0.0,0.010
0.0,0.010
0.0,0.010
0.0,0.010
0.0,0.010
0.0,0.010
0.0,0.010
0.0,0.010
0.0,0.010
0.0,0.010
0.0,0.010
0.0,0.010
0.0,0.010
0.0,0.010
0.0,0.010
0.0,0.010
0.0,0.010
0.0,0.010
0.0,0.010
0.0,0.010
0.0,0.010
0.0,0.010
0.0,0.010
0.0,0.010
0.0,0.010
0.0,0.010
0.0,0.010
0.0,0.010
0.0,0.010
0.0,0.010
0.0,0.010
0.0,0.010
0.0,0.010
0.0,0.010
0.0,0.010
0.0,0.010
0.0,0.010
0.0,0.010
0.0,0.010
0.0,0.010
0.0,0.010
0.0,0.010
0.0,0.010
0.0,0.010
0.0,0.010
0.0,0.010
0.0,0.010
0.0,0.010
0.0,0.010
0.0,0.010
0.0,0.010
0.0,0.010
0.0,0.010
0.0,0.010
0.0,0.010
0.0,0.010
0.0,0.010
0.0,0.010
0.0,0.010
0.0,0.010
0.0,0.010
0.0,0.010
0.0,0.010
0.0,0.010
0.0,0.010
0.0,0.010
0.0,0.010
0.0,0.010
0.0,0.010
0.0,0.010
0.0,0.010
0.0,0.010
0.0,0.010
0.0,0.010
0.0,0.010
0.0,0.010
0.0,0.010
0.0,0.010
0.0,0.010
0.0,0.010
0.0,0.010
0.0,0.010
0.0,0.010
0.0,0.010
0.0,0.010
0.0,0.010
0.0,0.010
0.0,0.010
0.0,0.010
0.0,0.010
0.0,0.010
0.0,0.010
0.0,0.010
0.0,0.010
0.0,0.010
0.0,0.010
0.0,0.010
0.0,0.010
0.0,0.010
0.0,0.010
0.0,0.010
0.0,0.010
0.0,0.010
0.0,0.010
0.0,0.010
0.0,0.010
0.0,0.010
0.0,0.010
0.0,0.010
0.0,0.010
0.1,0.010
0.1,0.010
0.1,0.010
0.1,0.010
0.0,0.010
0.0,0.010
0.0,0.010
0.0,0.010
0.0,0.010
0.0,0.010
0.0,0.010
0.0,0.010
0.0,0.010
0.0,0.010
0.0,0.010
0.0,0.010
0.0,0.010
0.0,0.010
0.0,0.010
0.0,0.010
0.0,0.010
0.0,0.010
0.0,0.010
0.0,0.010
0.0,0.010
0.0,0.010
0.0,0.010
0.0,0.010
0.0,0.010
0.0,0.010
0.0,0.010
0.0,0.010
0.0,0.010
0.0,0.010
0.0,0.010
0.0,0.010
0.0,0.010
0.0,0.010
0.0,0.010
0.0,0.010
0.0,0.010
0.0,0.010
0.0,0.010
0.0,0.010
0.0,0.010
0.0,0.010
0.0,0.010
0.0,0.010
0.0,0.010
0.0,0.010
0.0,0.010
0.0,0.010
0.0,0.010
0.0,0.010
0.0,0.010
0.0,0.010
0.0,0.010
0.0,0.010
0.0,0.010
0.0,0.010
0.0,0.010
0.0,0.010
0.0,0.010
0.0,0.010
0.0,0.010
0.0,0.010
0.0,0.010
0.0,0.010
0.0,0.010
0.0,0.010
0.0,0.010
0.0,0.010
0.0,0.010
0.0,0.010
0.0,0.010
0.0,0.010
0.0,0.010
0.0,0.010
0.0,0.010
0.0,0.010
0.0,0.010
0.0,0.010
0.0,0.010
0.0,0.010
0.0,0.010
0.0,0.010
0.0,0.010
0.0,0.010
0.0,0.010
0.0,0.010
0.0,0.010
0.0,0.010
0.0,0.010
0.0,0.010
0.0,0.010
0.0,0.010
0.0,0.010
0.0,0.010
0.0,0.010
0.0,0.010
0.0,0.010
0.0,0.010
0.0,0.010
0.0,0.010
0.0,0.010
0.0,0.010
0.0,0.010
0.0,0.010
0.0,0.010
0.0,0.010
0.0,0.010
0.0,0.010
0.0,0.010
0.0,0.010
0.0,0.010
0.0,0.010
0.0,0.010
0.0,0.010
0.0,0.010
0.0,0.010
0.0,0.010
0.0,0.010
0.0,0.010
0.0,0.010
0.0,0.010
0.0,0.010
0.0,0.010
0.0,0.010
0.0,0.010
0.0,0.010
0.0,0.010
0.0,0.010
0.0,0.010
0.0,0.010
0.0,0.010
0.0,0.010
0.0,0.010
0.0,0.010
0.0,0.010
0.0,0.010
0.0,0.010
0.0,0.010
0.0,0.010
0.0,0.010
0.0,0.010
0.0,0.010
0.0,0.010
0.0,0.010
0.0,0.010
0.0,0.010
0.0,0.010
0.0,0.010
0.0,0.010
0.0,0.010
0.0,0.010
0.0,0.010
0.0,0.010
0.0,0.010
0.0,0.010
0.0,0.010
0.0,0.010
0.0,0.010
0.0,0.010
0.0,0.010
0.0,0.010
0.0,0.010
0.0,0.010
0.0,0.010
0.0,0.010
0.0,0.010
0.0,0.010
0.0,0.010
0.0,0.010
0.0,0.010
0.0,0.010
0.0,0.010
0.0,0.010
0.0,0.010
0.0,0.010
0.0,0.010
0.0,0.010
0.0,0.010
0.0,0.010
0.0,0.010
0.0,0.010
0.0,0.010
0.0,0.010
0.0,0.010
0.0,0.010
0.0,0.010
0.0,0.010
0.0,0.010
0.0,0.010
0.0,0.010
0.0,0.010
0.0,0.010
0.0,0.010
0.0,0.010
0.0,0.010
0.0,0.010
0.0,0.010
0.0,0.010
0.0,0.010
0.0,0.010
0.0,0.010
0.0,0.010
0.0,0.010
0.0,0.010
0.0,0.010
0.0,0.010
0.0,0.010
0.0,0.010
0.0,0.010
0.0,0.010
0.0,0.010
0.0,0.010
0.0,0.010
0.0,0.010
0.0,0.010
0.0,0.010
0.0,0.010
0.0,0.010
0.0,0.010
0.0,0.010
0.0,0.010
0.0,0.010
0.0,0.010
0.0,0.010
0.0,0.010
0.0,0.010
0.0,0.010
0.1,0.010
0.1,0.010
0.1,0.010
0.1,0.010
0.1,0.010
0.1,0.010
0.0,0.010
0.0,0.010
0.0,0.010
0.0,0.010
0.0,0.010
0.0,0.010
0.0,0.010
0.0,0.010
0.0,0.010
0.0,0.010
0.0,0.010
0.0,0.010
0.0,0.010
0.0,0.010
0.0,0.010
0.0,0.010
0.0,0.010
0.0,0.010
0.0,0.010
0.0,0.010
0.0,0.010
0.0,0.010
0.0,0.010
0.0,0.010
0.0,0.010
0.0,0.010
0.0,0.010
0.0,0.010
0.0,0.010
0.0,0.010
0.0,0.010
0.0,0.010
0.0,0.010
0.0,0.010
0.0,0.010
0.0,0.010
0.0,0.010
0.0,0.010
0.0,0.010
0.0,0.010
0.0,0.010
0.0,0.010
0.0,0.010
0.0,0.010
0.0,0.010
0.0,0.010
0.0,0.010
0.0,0.010
0.0,0.010
0.0,0.010
0.0,0.010
0.0,0.010
0.0,0.010
0.0,0.010
0.0,0.010
0.0,0.010
0.0,0.010
0.0,0.010
0.0,0.010
0.0,0.010
0.0,0.010
0.0,0.010
0.0,0.010
0.0,0.010
0.0,0.010
0.0,0.010
0.0,0.010
0.0,0.010
0.0,0.010
0.0,0.010
0.0,0.010
0.0,0.010
0.0,0.010
0.0,0.010
0.0,0.010
0.0,0.010
0.0,0.010
0.0,0.010
0.0,0.010
0.0,0.010
0.0,0.010
0.0,0.010
0.0,0.010
0.0,0.010
0.0,0.010
0.0,0.010
0.0,0.010
0.0,0.010
0.0,0.010
0.0,0.010
0.0,0.010
0.0,0.010
0.0,0.010
0.0,0.010
0.0,0.010
0.0,0.010
0.0,0.010
0.0,0.010
0.0,0.010
0.1,0.010
0.1,0.010
0.1,0.010
0.0,0.010
0.0,0.010
0.0,0.010
0.0,0.010
0.0,0.010
0.0,0.010
0.0,0.010
0.0,0.010
0.0,0.010
0.0,0.010
0.0,0.010
0.0,0.010
0.0,0.010
0.0,0.010
0.0,0.010
0.0,0.010
0.0,0.010
0.0,0.010
0.0,0.010
0.0,0.010
0.0,0.010
0.0,0.010
0.0,0.010
0.0,0.010
0.0,0.010
0.0,0.010
0.0,0.010
0.0,0.010
0.0,0.010
0.0,0.010
0.0,0.010
0.0,0.010
0.0,0.010
0.0,0.010
0.0,0.010
0.0,0.010
0.0,0.010
0.0,0.010
0.0,0.010
0.0,0.010
0.0,0.010
0.0,0.010
0.0,0.010
0.0,0.010
0.0,0.010
0.0,0.010
0.0,0.010
0.0,0.010
0.0,0.010
0.0,0.010
0.0,0.010
0.0,0.010
0.0,0.010
0.0,0.010
0.0,0.010
0.0,0.010
0.0,0.010
0.0,0.010
0.0,0.010
0.0,0.010
0.0,0.010
0.0,0.010
0.0,0.010
0.0,0.010
0.0,0.010
0.0,0.010
0.0,0.010
0.1,0.010
0.1,0.010
0.1,0.010
0.1,0.010
0.1,0.010
0.1,0.010
0.1,0.010
0.1,0.010
0.1,0.010
0.1,0.010
0.1,0.010
0.1,0.010
0.1,0.010
0.0,0.010
0.0,0.010
0.0,0.010
0.0,0.010
0.0,0.010
0.0,0.010
0.0,0.010
0.0,0.010
0.0,0.010
0.0,0.010
0.0,0.010
0.0,0.010
0.0,0.010
0.0,0.010
0.0,0.010
0.0,0.010
0.0,0.010
0.0,0.010
0.0,0.010
0.0,0.010
0.0,0.010
0.0,0.010
0.0,0.010
0.0,0.010
0.0,0.010
0.0,0.010
0.0,0.010
0.0,0.010
0.0,0.010
0.0,0.010
0.0,0.010
0.0,0.010
0.0,0.010
0.0,0.010
0.0,0.010
0.0,0.010
0.0,0.010
0.0,0.010
0.0,0.010
0.0,0.010
0.0,0.010
0.0,0.010
0.0,0.010
0.0,0.010
0.0,0.010
0.0,0.010
0.0,0.010
0.0,0.010
0.0,0.010
0.0,0.010
0.0,0.010
0.0,0.010
0.0,0.010
0.0,0.010
0.0,0.010
0.0,0.010
0.0,0.010
0.0,0.010
0.0,0.010
0.0,0.010
0.0,0.010
0.0,0.010
0.0,0.010
0.0,0.010
0.0,0.010
0.0,0.010
0.0,0.010
0.0,0.010
0.0,0.010
0.0,0.010
0.0,0.010
0.0,0.010
0.0,0.010
0.0,0.010
0.0,0.010
0.0,0.010
0.0,0.010
0.0,0.010
0.0,0.010
0.0,0.010
0.0,0.010
0.0,0.010
0.0,0.010
0.0,0.010
0.0,0.010
0.0,0.010
0.0,0.010
0.0,0.010
0.0,0.010
0.0,0.010
0.0,0.010
0.0,0.010
0.0,0.010
0.0,0.010
0.0,0.010
0.0,0.010
0.0,0.010
0.0,0.010
0.0,0.010
0.0,0.010
0.0,0.010
0.0,0.010
0.0,0.010
0.0,0.010
0.0,0.010
0.0,0.010
0.0,0.010
0.0,0.010
0.0,0.010
0.0,0.010
0.0,0.010
-0.1,0.010
0.0,0.010
0.0,0.010
0.0,0.010
0.0,0.010
0.0,0.010
0.0,0.010
0.0,0.010
0.0,0.010
0.0,0.010
0.0,0.010
0.0,0.010
0.0,0.010
0.0,0.010
0.0,0.010
0.0,0.010
0.0,0.010
0.0,0.010
0.0,0.010
0.0,0.010
0.0,0.010
0.0,0.010
0.0,0.010
0.0,0.010
0.0,0.010
0.0,0.010
0.0,0.010
0.0,0.010
0.0,0.010
0.0,0.010
0.0,0.010
0.0,0.010
0.0,0.010
0.0,0.010
0.0,0.010
0.0,0.010
0.0,0.010
0.0,0.010
0.0,0.010
0.0,0.010
0.0,0.010
0.0,0.010
0.0,0.010
0.0,0.010
0.0,0.010
0.0,0.010
0.0,0.010
0.1,0.010
0.1,0.010
0.1,0.010
0.1,0.010
0.1,0.010
0.1,0.010
0.1,0.010
0.1,0.010
0.1,0.010
0.1,0.010
0.1,0.010
0.0,0.010
0.0,0.010
0.0,0.010
0.0,0.010
0.0,0.010
0.0,0.010
0.0,0.010
0.0,0.010
0.0,0.010
0.0,0.010
0.0,0.010
0.0,0.010
0.0,0.010
0.0,0.010
0.0,0.010
0.0,0.010
0.0,0.010
0.0,0.010
0.0,0.010
0.0,0.010
0.0,0.010
0.0,0.010
0.0,0.010
0.0,0.010
0.0,0.010
0.0,0.010
0.0,0.010
0.0,0.010
0.0,0.010
0.0,0.010
0.0,0.010
0.0,0.010
0.0,0.010
0.0,0.010
0.0,0.010
0.0,0.010
0.0,0.010
0.0,0.010
0.0,0.010
0.0,0.010
0.0,0.010
0.0,0.010
0.0,0.010
0.0,0.010
0.0,0.010
0.0,0.010
0.0,0.010
0.0,0.010
0.0,0.010
0.0,0.010
0.0,0.010
0.0,0.010
0.0,0.010
0.0,0.010
0.0,0.010
0.0,0.010
0.0,0.010
0.0,0.010
0.0,0.010
0.0,0.010
0.0,0.010
0.0,0.010
0.0,0.010
0.0,0.010
0.0,0.010
0.0,0.010
0.0,0.010
0.0,0.010
0.0,0.010
0.0,0.010
0.0,0.010
0.0,0.010
0.0,0.010
0.0,0.010
0.0,0.010
0.0,0.010
0.0,0.010
0.0,0.010
0.0,0.010
0.0,0.010
0.0,0.010
0.0,0.010
0.0,0.010
0.0,0.010
0.0,0.010
0.0,0.010
0.0,0.010
0.0,0.010
0.0,0.010
0.0,0.010
0.0,0.010
0.0,0.010
0.0,0.010
0.0,0.010
0.0,0.010
0.0,0.010
0.0,0.010
0.0,0.010
0.0,0.010
0.0,0.010
0.0,0.010
0.0,0.010
0.0,0.010
0.0,0.010
0.0,0.010
0.0,0.010
0.0,0.010
0.0,0.010
0.0,0.010
0.0,0.010
0.0,0.010
0.0,0.010
0.0,0.010
0.0,0.010
0.0,0.010
0.0,0.010
0.0,0.010
0.0,0.010
0.0,0.010
0.0,0.010
0.0,0.010
0.0,0.010
0.0,0.010
0.0,0.010
0.0,0.010
0.0,0.010
0.0,0.010
0.0,0.010
0.0,0.010
0.0,0.010
0.0,0.010
0.0,0.010
0.0,0.010
0.0,0.010
0.0,0.010
0.0,0.010
0.0,0.010
0.0,0.010
0.0,0.010
0.0,0.010
0.0,0.010
0.0,0.010
0.0,0.010
0.0,0.010
0.0,0.010
0.0,0.010
0.0,0.010
0.0,0.010
0.0,0.010
0.0,0.010
0.0,0.010
0.0,0.010
0.0,0.010
0.0,0.010
0.0,0.010
0.0,0.010
0.0,0.010
0.0,0.010
0.0,0.010
0.0,0.010
0.0,0.010
0.0,0.010
0.0,0.010
0.0,0.010
0.0,0.010
0.0,0.010
0.0,0.010
0.0,0.010
0.0,0.010
0.0,0.010
0.0,0.010
0.0,0.010
0.0,0.010
0.0,0.010
0.0,0.010
0.0,0.010
0.0,0.010
0.0,0.010
0.0,0.010
0.0,0.010
0.0,0.010
0.0,0.010
0.0,0.010
0.0,0.010
0.0,0.010
0.0,0.010
0.0,0.010
0.0,0.010
0.0,0.010
0.0,0.010
0.0,0.010
0.0,0.010
0.0,0.010
0.0,0.010
0.0,0.010
0.0,0.010
0.0,0.010
0.0,0.010
0.0,0.010
0.0,0.010
0.0,0.010
0.0,0.010
0.0,0.010
0.0,0.010
0.0,0.010
0.0,0.010
0.0,0.010
0.0,0.010
0.0,0.010
0.0,0.010
0.0,0.010
0.0,0.010
0.0,0.010
0.0,0.010
0.0,0.010
0.0,0.010
0.0,0.010
0.0,0.010
0.0,0.010
0.0,0.010
0.0,0.010
0.0,0.010
0.0,0.010
0.0,0.010
0.0,0.010
0.0,0.010
0.0,0.010
0.0,0.010
0.0,0.010
0.0,0.010
0.0,0.010
0.0,0.010
0.0,0.010
0.0,0.010
0.0,0.010
0.0,0.010
0.0,0.010
0.0,0.010
0.0,0.010
0.0,0.010
0.0,0.010
0.0,0.010
0.0,0.010
0.0,0.010
0.0,0.010
0.0,0.010
0.0,0.010
0.0,0.010
0.0,0.010
0.0,0.010
0.0,0.010
0.0,0.010
0.0,0.010
0.0,0.010
0.0,0.010
0.0,0.010
0.0,0.010
0.0,0.010
0.0,0.010
0.0,0.010
0.0,0.010
0.0,0.010
0.0,0.010
0.0,0.010
0.0,0.010
0.0,0.010
0.0,0.010
0.0,0.010
0.0,0.010
0.0,0.010
0.0,0.010
0.0,0.010
0.0,0.010
0.0,0.010
0.0,0.010
0.0,0.010
0.0,0.010
0.0,0.010
0.0,0.010
0.0,0.010
0.0,0.010
0.0,0.010
0.0,0.010
0.0,0.010
0.0,0.010
0.0,0.010
0.0,0.010
0.0,0.010
0.1,0.010
0.1,0.010
0.1,0.010
0.1,0.010
0.1,0.010
0.1,0.010
0.1,0.010
0.1,0.010
0.1,0.010
0.0,0.010
0.0,0.010
0.0,0.010
0.0,0.010
0.0,0.010
0.0,0.010
0.0,0.010
0.0,0.010
0.0,0.010
0.0,0.010
0.0,0.010
0.0,0.010
0.0,0.010
0.0,0.010
0.0,0.010
0.0,0.010
0.0,0.010
0.0,0.010
0.0,0.010
0.0,0.010
0.0,0.010
0.0,0.010
0.0,0.010
0.0,0.010
0.0,0.010
0.0,0.010
0.0,0.010
0.0,0.010
0.0,0.010
0.0,0.010
0.1,0.010
0.1,0.010
0.1,0.010
0.1,0.010
0.1,0.010
0.1,0.010
0.1,0.010
0.0,0.010
0.0,0.010
0.0,0.010
0.0,0.010
0.0,0.010
0.0,0.010
0.0,0.010
0.0,0.010
0.0,0.010
0.0,0.010
0.0,0.010
0.0,0.010
0.0,0.010
0.0,0.010
0.0,0.010
0.0,0.010
0.0,0.010
0.0,0.010
0.0,0.010
0.0,0.010
0.0,0.010
0.0,0.010
0.0,0.010
0.0,0.010
0.0,0.010
0.0,0.010
0.0,0.010
0.0,0.010
0.0,0.010
0.0,0.010
0.0,0.010
0.0,0.010
0.0,0.010
0.0,0.010
0.0,0.010
0.0,0.010
0.0,0.010
0.0,0.010
0.0,0.010
0.0,0.010
0.0,0.010
0.0,0.010
0.0,0.010
0.0,0.010
0.0,0.010
0.0,0.010
0.0,0.010
0.0,0.010
0.0,0.010
0.0,0.010
0.0,0.010
0.0,0.010
0.0,0.010
0.0,0.010
0.0,0.010
0.0,0.010
0.0,0.010
0.0,0.010
0.0,0.010
0.0,0.010
0.0,0.010
0.0,0.010
0.0,0.010
0.0,0.010
0.0,0.010
0.0,0.010
0.0,0.010
0.0,0.010
0.1,0.010
0.1,0.010
0.1,0.010
0.0,0.010
0.0,0.010
0.0,0.010
0.0,0.010
0.0,0.010
0.0,0.010
0.0,0.010
0.0,0.010
0.0,0.010
0.0,0.010
0.0,0.010
0.0,0.010
0.0,0.010
0.0,0.010
0.0,0.010
0.0,0.010
0.0,0.010
0.0,0.010
0.0,0.010
0.0,0.010
0.0,0.010
0.0,0.010
0.0,0.010
0.0,0.010
0.0,0.010
0.0,0.010
0.0,0.010
0.0,0.010
0.0,0.010
0.0,0.010
0.0,0.010
0.0,0.010
0.0,0.010
0.0,0.010
0.0,0.010
0.0,0.010
0.0,0.010
0.0,0.010
0.0,0.010
0.0,0.010
0.0,0.010
0.0,0.010
0.0,0.010
0.0,0.010
0.0,0.010
0.0,0.010
0.0,0.010
0.0,0.010
0.0,0.010
0.0,0.010
0.0,0.010
0.0,0.010
0.0,0.010
0.0,0.010
0.0,0.010
0.0,0.010
0.0,0.010
0.0,0.010
0.0,0.010
0.0,0.010
0.0,0.010
0.0,0.010
0.0,0.010
0.0,0.010
0.0,0.010
-0.1,0.010
-0.1,0.010
-0.1,0.010
-0.1,0.010
-0.1,0.010
-0.1,0.010
-0.1,0.010
-0.1,0.010
-0.1,0.010
-0.1,0.010
0.0,0.010
0.0,0.010
0.0,0.010
0.0,0.010
0.0,0.010
0.0,0.010
0.0,0.010
0.0,0.010
0.0,0.010
0.0,0.010
0.0,0.010
0.0,0.010
0.0,0.010
0.0,0.010
0.0,0.010
0.0,0.010
0.0,0.010
0.0,0.010
0.0,0.010
0.0,0.010
0.0,0.010
0.0,0.010
0.0,0.010
0.0,0.010
0.0,0.010
0.0,0.010
0.0,0.010
0.0,0.010
0.0,0.010
0.0,0.010
0.0,0.010
0.0,0.010
0.0,0.010
0.0,0.010
0.0,0.010
0.0,0.010
