MAX FORCE = 191.0,3.965
MIN FORCE = -0.5,0.035
AVERAGE FORCE = 49.55,
UNIT = gf,mm
DATA COUNT = 48753,
RECORDING RATE = 0.0005,
FILE DATE = 2/10/2026 7:19:41 PM,
COMMENT = ,
MARK POINT ON = ---,---
MARK POINT OFF = ---,---
THRESHOLD = ---,
1ST PEAK FORCE = ---,---
2ND PEAK FORCE = ---,---
0.0,0.000
0.0,0.000
0.0,0.000
0.0,0.000
0.0,0.000
0.1,0.000
0.1,0.000
0.1,0.000
0.0,0.000
0.0,0.000
0.0,0.000
-0.1,0.000
-0.1,0.000
-0.1,0.000
-0.1,0.000
-0.1,0.000
-0.1,0.000
-0.1,0.000
-0.1,0.000
-0.1,0.000
-0.1,0.000
-0.1,0.000
-0.1,0.000
0.1,0.000
0.0,0.000
0.0,0.000
0.0,0.000
0.0,0.000
0.0,0.000
0.0,0.000
0.0,0.000
0.0,0.000
0.0,0.000
0.0,0.000
0.0,0.000
0.0,0.000
0.0,0.000
0.0,0.000
0.0,0.000
0.0,0.000
0.0,0.000
0.0,0.000
0.0,0.000
0.0,0.000
0.0,0.000
0.0,0.000
0.0,0.000
0.0,0.000
0.0,0.000
0.0,0.000
0.0,0.000
0.0,0.000
0.0,0.000
0.0,0.000
0.0,0.000
0.0,0.000
0.0,0.000
0.0,0.000
0.0,0.000
0.0,0.000
0.0,0.000
0.1,0.000
0.0,0.000
0.0,0.000
0.0,0.000
0.0,0.000
0.0,0.000
0.0,0.000
-0.1,0.000
-0.1,0.000
-0.1,0.000
-0.1,0.000
-0.1,0.000
-0.1,0.000
-0.1,0.000
-0.1,0.000
0.0,0.000
0.0,0.000
0.0,0.000
0.1,0.000
0.1,0.000
0.1,0.000
0.1,0.000
0.1,0.000
0.1,0.000
0.1,0.000
0.1,0.000
0.1,0.000
0.0,0.000
0.0,0.000
-0.1,0.000
-0.1,0.000
-0.1,0.000
-0.1,0.000
-0.1,0.000
-0.1,0.000
-0.1,0.000
-0.1,0.000
-0.1,0.000
-0.1,0.000
0.0,0.000
0.0,0.000
0.0,0.000
0.0,0.000
0.0,0.000
0.0,0.000
0.0,0.000
0.0,0.000
0.0,0.000
0.0,0.000
-0.1,0.000
0.0,0.000
0.0,0.000
0.0,0.000
0.0,0.000
0.0,0.000
0.0,0.000
0.0,0.000
0.0,0.000
0.0,0.000
0.0,0.000
0.0,0.000
0.0,0.000
0.0,0.000
0.0,0.000
0.0,0.000
0.0,0.000
0.0,0.000
0.0,0.000
0.0,0.000
0.0,0.000
0.0,0.000
0.0,0.000
0.0,0.000
0.0,0.000
0.0,0.000
0.0,0.000
0.0,0.000
0.0,0.000
0.0,0.000
0.0,0.000
0.0,0.000
0.0,0.000
0.0,0.000
0.0,0.000
0.0,0.000
0.0,0.000
0.0,0.000
0.0,0.000
0.0,0.000
0.0,0.000
0.0,0.000
-0.1,0.000
-0.1,0.000
-0.1,0.000
-0.1,0.000
-0.1,0.000
0.0,0.000
0.0,0.000
0.0,0.000
0.0,0.000
0.0,0.000
0.0,0.000
0.0,0.000
0.0,0.000
0.0,0.000
-0.1,0.000
0.0,0.000
-0.1,0.000
-0.1,0.000
-0.1,0.000
-0.1,0.000
-0.1,0.000
-0.1,0.000
-0.1,0.000
0.0,0.000
-0.1,0.000
0.0,0.000
0.0,0.000
0.0,0.000
0.1,0.000
0.0,0.000
0.0,0.000
0.0,0.000
0.0,0.000
0.0,0.000
-0.1,0.000
-0.1,0.000
-0.1,0.000
-0.1,0.000
-0.1,0.000
-0.1,0.000
-0.1,0.000
-0.1,0.000
-0.1,0.000
-0.1,0.000
-0.1,0.000
-0.1,0.000
0.0,0.000
0.0,0.000
0.0,0.000
0.0,0.000
0.0,0.000
0.0,0.000
0.0,0.000
0.0,0.000
0.0,0.000
0.0,0.000
0.0,0.000
0.0,0.000
-0.1,0.000
0.0,0.000
0.0,0.000
0.0,0.000
0.0,0.000
0.0,0.000
0.0,0.000
0.0,0.000
0.0,0.000
0.1,0.000
0.1,0.000
0.0,0.000
0.0,0.000
0.0,0.000
0.0,0.000
0.0,0.000
0.0,0.000
0.0,0.000
0.0,0.000
0.0,0.000
0.0,0.000
-0.1,0.000
-0.1,0.000
-0.1,0.000
-0.1,0.000
-0.1,0.000
-0.1,0.000
0.0,0.000
0.0,0.000
0.1,0.000
0.1,0.000
0.1,0.000
0.1,0.000
0.1,0.000
0.1,0.000
0.1,0.000
0.0,0.000
0.1,0.000
-0.1,0.000
-0.1,0.000
-0.1,0.000
-0.1,0.000
-0.1,0.000
-0.1,0.000
-0.1,0.000
-0.1,0.000
-0.1,0.000
-0.1,0.000
0.0,0.000
0.0,0.000
0.0,0.000
0.0,0.000
0.0,0.000
0.0,0.000
0.0,0.000
0.0,0.000
0.0,0.000
0.0,0.000
0.0,0.000
0.0,0.000
0.0,0.000
0.0,0.000
0.0,0.000
0.0,0.000
0.0,0.000
0.0,0.000
0.0,0.000
0.0,0.000
0.0,0.000
0.0,0.000
0.0,0.000
0.0,0.000
0.0,0.000
0.0,0.000
0.0,0.000
0.0,0.000
0.0,0.000
0.0,0.000
0.0,0.000
0.0,0.000
0.0,0.000
0.0,0.000
0.0,0.000
0.0,0.000
0.0,0.000
0.0,0.000
0.0,0.000
0.0,0.000
0.0,0.000
0.0,0.000
0.0,0.000
0.0,0.000
0.0,0.000
0.0,0.000
0.0,0.000
0.0,0.000
0.0,0.000
0.0,0.000
0.0,0.000
0.0,0.000
0.0,0.000
0.0,0.000
0.0,0.000
0.0,0.000
0.0,0.000
0.0,0.000
0.0,0.000
0.0,0.000
0.0,0.000
0.0,0.000
0.0,0.000
0.0,0.000
0.0,0.000
0.0,0.000
0.0,0.000
0.0,0.000
0.0,0.000
0.0,0.000
0.0,0.000
0.0,0.000
0.0,0.000
0.0,0.000
0.0,0.000
0.0,0.000
0.0,0.000
0.0,0.000
0.0,0.000
0.0,0.000
0.0,0.000
0.0,0.000
0.0,0.000
0.0,0.000
0.0,0.000
0.0,0.000
0.0,0.000
0.0,0.000
0.0,0.000
0.0,0.000
0.0,0.000
0.0,0.000
0.0,0.000
0.0,0.000
0.0,0.000
0.0,0.000
0.0,0.000
0.0,0.000
0.0,0.000
0.0,0.000
0.0,0.000
0.0,0.000
0.0,0.000
0.0,0.000
0.0,0.000
0.0,0.000
-0.1,0.000
0.0,0.000
0.0,0.000
-0.1,0.000
-0.1,0.000
-0.1,0.000
-0.1,0.000
-0.1,0.000
-0.1,0.000
0.0,0.000
0.0,0.000
0.0,0.000
0.0,0.000
0.0,0.000
0.0,0.000
0.0,0.000
0.0,0.000
0.0,0.000
0.0,0.000
0.0,0.000
0.0,0.000
0.0,0.000
0.0,0.000
0.0,0.000
0.0,0.000
0.0,0.000
0.0,0.000
0.0,0.000
0.0,0.000
0.0,0.000
0.0,0.000
0.0,0.000
0.0,0.000
0.0,0.000
0.0,0.000
0.0,0.000
0.0,0.000
0.0,0.000
0.0,0.000
0.0,0.000
0.0,0.000
0.0,0.000
0.0,0.000
0.0,0.000
0.0,0.000
0.0,0.000
0.0,0.000
0.0,0.000
0.0,0.000
0.0,0.000
0.0,0.000
0.0,0.000
0.0,0.000
0.0,0.000
0.0,0.000
0.0,0.000
0.0,0.000
0.0,0.000
0.0,0.000
0.0,0.000
0.0,0.000
0.0,0.000
0.0,0.000
0.0,0.000
0.0,0.000
0.0,0.000
0.0,0.000
0.0,0.000
0.0,0.000
0.0,0.000
0.0,0.000
0.0,0.000
0.0,0.000
0.0,0.000
0.0,0.000
0.0,0.000
0.0,0.000
0.0,0.000
0.0,0.000
0.0,0.000
0.0,0.000
0.0,0.000
0.0,0.000
0.0,0.000
0.0,0.000
0.0,0.000
0.0,0.000
0.0,0.000
0.0,0.000
0.0,0.000
0.0,0.000
0.0,0.000
0.0,0.000
0.0,0.000
0.0,0.000
0.0,0.000
0.0,0.000
0.0,0.000
0.0,0.000
0.0,0.000
0.0,0.000
0.0,0.000
0.0,0.000
0.0,0.000
0.0,0.000
0.0,0.000
0.0,0.000
0.0,0.000
0.0,0.000
0.0,0.000
0.0,0.000
0.0,0.000
0.0,0.000
0.0,0.000
0.0,0.000
0.0,0.000
0.0,0.000
0.0,0.000
0.0,0.000
0.0,0.000
0.0,0.000
0.0,0.000
0.0,0.000
0.0,0.000
0.0,0.000
0.0,0.000
0.0,0.000
0.0,0.000
0.0,0.000
0.0,0.000
0.0,0.000
0.0,0.000
0.0,0.000
0.0,0.000
0.0,0.000
0.0,0.000
0.0,0.000
0.0,0.000
0.0,0.000
0.0,0.000
0.0,0.000
0.0,0.000
0.0,0.000
0.0,0.000
0.0,0.000
0.0,0.000
0.0,0.000
0.0,0.000
0.0,0.000
0.0,0.000
0.0,0.000
0.0,0.000
0.0,0.000
0.0,0.000
0.0,0.000
0.0,0.000
0.0,0.000
0.0,0.000
0.0,0.000
0.0,0.000
0.0,0.000
0.0,0.000
0.0,0.000
0.0,0.000
0.0,0.000
0.0,0.000
0.0,0.000
0.0,0.000
0.0,0.000
0.0,0.000
0.0,0.000
0.0,0.000
0.0,0.000
0.0,0.000
0.0,0.000
0.0,0.000
0.0,0.000
0.0,0.000
0.0,0.000
0.0,0.000
0.0,0.000
0.0,0.000
0.0,0.000
0.0,0.000
0.0,0.000
0.0,0.000
0.0,0.000
0.0,0.000
0.0,0.000
0.0,0.000
0.0,0.000
0.0,0.000
0.0,0.000
0.0,0.000
0.0,0.000
0.0,0.000
0.0,0.000
0.0,0.000
0.0,0.000
0.0,0.000
0.0,0.000
0.0,0.000
0.0,0.000
0.0,0.000
0.0,0.000
0.0,0.000
0.0,0.000
0.0,0.000
0.0,0.000
0.0,0.000
0.0,0.000
0.0,0.000
0.0,0.000
0.0,0.000
0.0,0.000
0.0,0.000
0.0,0.000
0.0,0.000
0.0,0.000
0.0,0.000
0.0,0.000
0.0,0.000
0.0,0.000
0.0,0.000
0.0,0.000
0.0,0.000
0.0,0.000
0.0,0.000
0.0,0.000
0.0,0.000
0.0,0.000
0.0,0.005
0.0,0.005
0.0,0.005
0.0,0.005
0.0,0.005
0.0,0.005
0.0,0.005
0.0,0.005
0.0,0.005
0.0,0.005
0.0,0.005
0.0,0.005
0.0,0.005
0.0,0.005
0.0,0.005
0.0,0.005
0.0,0.005
0.0,0.005
-0.1,0.005
-0.1,0.005
-0.1,0.005
-0.1,0.005
-0.1,0.005
-0.1,0.005
-0.1,0.005
-0.1,0.005
-0.1,0.005
-0.1,0.005
-0.1,0.005
0.0,0.005
0.0,0.005
0.0,0.005
0.0,0.005
0.0,0.005
0.0,0.005
0.0,0.005
0.0,0.005
0.0,0.005
0.0,0.005
0.0,0.005
0.0,0.005
0.0,0.005
0.0,0.005
0.0,0.005
0.0,0.005
0.0,0.005
0.0,0.005
0.0,0.005
0.0,0.005
0.0,0.005
0.0,0.005
0.1,0.005
0.1,0.005
0.1,0.005
0.1,0.005
0.1,0.005
0.1,0.005
0.0,0.005
0.0,0.005
0.0,0.005
0.0,0.005
0.0,0.005
0.0,0.005
0.0,0.005
0.0,0.005
0.0,0.005
0.0,0.005
0.0,0.005
0.0,0.005
0.0,0.005
0.0,0.005
0.0,0.005
0.0,0.005
0.0,0.005
0.0,0.005
0.0,0.005
0.0,0.005
0.0,0.005
0.0,0.005
0.0,0.005
0.0,0.005
0.0,0.005
0.0,0.005
0.0,0.005
0.0,0.005
0.0,0.005
0.0,0.005
0.0,0.005
0.0,0.005
0.0,0.005
0.0,0.005
0.0,0.005
0.0,0.005
0.0,0.005
0.0,0.005
0.0,0.005
0.0,0.005
0.0,0.005
0.0,0.005
0.0,0.005
0.0,0.005
0.0,0.005
0.0,0.005
0.0,0.005
0.0,0.005
0.0,0.005
0.0,0.005
0.0,0.005
0.0,0.005
0.0,0.005
0.0,0.005
0.0,0.005
0.0,0.005
0.0,0.005
0.0,0.005
0.0,0.005
0.0,0.005
0.0,0.005
0.0,0.005
0.0,0.005
-0.1,0.005
-0.1,0.005
-0.1,0.005
-0.1,0.005
-0.1,0.005
-0.1,0.005
-0.1,0.005
-0.1,0.005
-0.1,0.005
-0.1,0.005
0.0,0.005
0.0,0.005
0.0,0.005
0.0,0.005
0.0,0.005
0.0,0.005
0.0,0.005
0.0,0.005
0.0,0.005
0.0,0.005
0.0,0.005
0.0,0.005
0.0,0.005
0.0,0.005
0.0,0.005
0.0,0.005
0.0,0.005
0.0,0.005
0.0,0.005
0.0,0.005
0.0,0.005
0.0,0.005
0.0,0.005
0.0,0.005
0.0,0.005
0.0,0.005
0.0,0.005
-0.1,0.005
-0.1,0.005
-0.1,0.005
-0.1,0.005
-0.1,0.005
-0.1,0.005
-0.1,0.005
0.0,0.005
0.0,0.005
0.0,0.005
0.0,0.005
0.0,0.005
0.0,0.005
0.0,0.005
0.0,0.005
0.0,0.005
0.0,0.005
0.0,0.005
0.0,0.005
0.0,0.005
0.0,0.005
0.0,0.005
0.0,0.005
0.0,0.005
0.0,0.005
0.0,0.005
0.0,0.005
0.0,0.005
0.0,0.005
0.0,0.005
0.0,0.005
0.0,0.005
0.0,0.005
0.0,0.005
0.0,0.005
0.0,0.005
0.0,0.005
0.0,0.005
0.0,0.005
0.0,0.005
0.0,0.005
0.0,0.005
0.0,0.005
0.0,0.005
0.0,0.005
0.0,0.005
0.0,0.005
0.0,0.005
0.0,0.005
0.0,0.005
0.0,0.005
0.0,0.005
0.1,0.005
0.1,0.005
0.1,0.005
0.0,0.005
0.0,0.005
-0.1,0.005
-0.1,0.005
-0.1,0.005
-0.1,0.005
-0.1,0.005
-0.1,0.005
-0.1,0.005
-0.1,0.005
-0.1,0.005
-0.1,0.005
0.0,0.005
0.0,0.005
0.0,0.005
0.0,0.005
0.0,0.005
0.0,0.005
0.0,0.005
0.0,0.005
0.0,0.005
-0.1,0.005
0.0,0.005
0.0,0.005
0.0,0.005
-0.1,0.005
-0.1,0.005
-0.1,0.005
-0.1,0.005
-0.1,0.005
-0.1,0.005
-0.1,0.005
0.0,0.005
0.0,0.005
0.0,0.005
0.0,0.005
0.0,0.005
0.0,0.005
0.0,0.005
0.0,0.005
0.0,0.005
0.0,0.005
0.0,0.005
0.0,0.005
0.0,0.005
0.0,0.005
0.0,0.005
0.0,0.005
0.0,0.005
0.0,0.005
0.0,0.005
0.0,0.005
0.0,0.005
0.0,0.005
0.0,0.005
0.0,0.005
0.0,0.005
0.0,0.005
0.0,0.005
0.0,0.005
-0.1,0.005
-0.1,0.005
-0.1,0.005
-0.1,0.005
-0.1,0.005
-0.1,0.005
-0.1,0.005
-0.1,0.005
-0.1,0.005
-0.1,0.005
0.0,0.005
0.0,0.005
0.1,0.005
0.0,0.005
0.0,0.005
0.0,0.005
0.0,0.005
0.0,0.005
0.0,0.005
0.0,0.005
0.0,0.005
0.0,0.005
0.0,0.005
0.0,0.005
0.0,0.005
0.0,0.005
0.0,0.005
0.0,0.005
0.0,0.005
0.0,0.005
0.0,0.005
0.0,0.005
0.0,0.005
0.0,0.005
0.0,0.005
0.0,0.005
0.0,0.005
0.0,0.005
0.0,0.005
0.0,0.005
0.0,0.005
0.0,0.005
0.0,0.005
0.0,0.005
0.0,0.005
0.0,0.005
0.0,0.005
0.0,0.005
0.0,0.005
0.0,0.005
0.0,0.005
0.0,0.005
0.0,0.005
0.0,0.005
0.0,0.005
0.0,0.005
0.0,0.005
0.0,0.005
0.0,0.005
-0.1,0.005
-0.1,0.005
-0.1,0.005
-0.1,0.005
-0.1,0.005
-0.1,0.005
-0.1,0.005
-0.1,0.005
-0.1,0.005
-0.1,0.005
0.0,0.005
0.0,0.005
0.0,0.005
0.0,0.005
0.0,0.005
0.0,0.005
0.0,0.005
0.0,0.005
0.0,0.005
0.0,0.005
0.0,0.005
0.0,0.005
0.0,0.005
0.0,0.005
0.0,0.005
0.0,0.005
0.0,0.005
0.0,0.005
0.0,0.005
0.0,0.005
0.0,0.005
0.0,0.005
0.0,0.005
0.0,0.005
0.0,0.005
0.0,0.005
0.0,0.005
0.0,0.005
0.0,0.005
-0.1,0.005
-0.1,0.005
0.0,0.005
0.0,0.005
0.0,0.005
0.0,0.005
0.0,0.005
0.0,0.005
0.0,0.005
0.0,0.005
0.0,0.005
0.0,0.005
0.0,0.005
0.0,0.005
0.0,0.005
0.0,0.005
0.0,0.005
0.0,0.005
0.0,0.005
0.0,0.005
0.0,0.005
0.0,0.005
0.0,0.005
0.0,0.005
0.0,0.005
0.0,0.005
0.0,0.005
0.0,0.005
0.0,0.005
0.0,0.005
0.0,0.005
0.0,0.005
0.0,0.005
0.0,0.005
0.0,0.005
0.0,0.005
0.0,0.005
0.0,0.005
0.0,0.005
0.0,0.005
0.0,0.005
0.0,0.005
0.0,0.005
0.0,0.005
0.0,0.005
0.0,0.005
-0.1,0.005
-0.1,0.005
-0.1,0.005
-0.1,0.005
-0.1,0.005
-0.1,0.005
0.0,0.005
0.0,0.005
0.0,0.005
0.0,0.005
0.0,0.005
0.0,0.005
0.0,0.005
0.0,0.005
0.0,0.005
0.0,0.005
0.0,0.005
0.0,0.005
0.0,0.005
0.0,0.005
0.0,0.005
0.0,0.005
0.0,0.005
0.0,0.005
0.0,0.005
0.0,0.005
0.0,0.005
0.0,0.005
0.0,0.005
0.0,0.005
0.0,0.005
0.0,0.005
0.0,0.005
0.0,0.005
0.0,0.005
0.0,0.005
0.0,0.005
0.0,0.005
0.0,0.005
0.0,0.005
0.0,0.005
0.0,0.005
0.0,0.005
0.0,0.005
0.0,0.005
0.0,0.005
0.0,0.005
0.0,0.005
0.0,0.005
0.0,0.005
0.0,0.005
0.0,0.005
0.0,0.010
0.0,0.010
0.0,0.010
0.0,0.010
0.0,0.010
0.0,0.010
0.0,0.010
0.0,0.010
0.0,0.010
0.0,0.010
0.0,0.010
0.0,0.010
0.0,0.010
0.0,0.010
0.0,0.010
0.0,0.010
0.0,0.010
0.0,0.010
0.0,0.010
0.0,0.010
0.0,0.010
0.0,0.010
0.0,0.010
0.0,0.010
0.0,0.010
0.0,0.010
0.0,0.010
-0.1,0.010
-0.1,0.010
-0.1,0.010
-0.1,0.010
-0.1,0.010
-0.1,0.010
-0.1,0.010
-0.1,0.010
-0.1,0.010
-0.1,0.010
-0.1,0.010
-0.1,0.010
-0.1,0.010
-0.1,0.010
-0.1,0.010
-0.1,0.010
-0.1,0.010
-0.1,0.010
-0.1,0.010
-0.1,0.010
0.0,0.010
0.0,0.010
0.0,0.010
0.0,0.010
0.0,0.010
0.0,0.010
0.0,0.010
0.0,0.010
0.0,0.010
0.0,0.010
0.0,0.010
0.0,0.010
0.0,0.010
0.0,0.010
0.0,0.010
0.0,0.010
0.0,0.010
0.0,0.010
0.0,0.010
0.0,0.010
0.0,0.010
0.0,0.010
0.0,0.010
0.0,0.010
0.0,0.010
0.0,0.010
0.0,0.010
0.0,0.010
0.0,0.010
0.0,0.010
0.0,0.010
0.0,0.010
0.0,0.010
0.0,0.010
0.0,0.010
0.0,0.010
0.0,0.010
-0.1,0.010
-0.1,0.010
-0.1,0.010
-0.1,0.010
-0.1,0.010
-0.1,0.010
-0.1,0.010
-0.1,0.010
0.0,0.010
0.0,0.010
0.0,0.010
0.0,0.010
0.0,0.010
0.0,0.010
0.0,0.010
0.0,0.010
0.0,0.010
0.0,0.010
0.0,0.010
0.0,0.010
0.0,0.010
0.0,0.010
0.0,0.010
0.0,0.010
0.0,0.010
0.0,0.010
0.0,0.010
0.0,0.010
0.0,0.010
0.0,0.010
0.0,0.010
0.0,0.010
0.0,0.010
-0.1,0.010
-0.1,0.010
-0.1,0.010
-0.1,0.010
-0.1,0.010
-0.1,0.010
-0.1,0.010
-0.1,0.010
0.0,0.010
0.0,0.010
0.0,0.010
0.0,0.010
0.0,0.010
0.0,0.010
0.0,0.010
0.0,0.010
0.0,0.010
0.0,0.010
0.0,0.010
0.0,0.010
0.0,0.010
0.0,0.010
0.0,0.010
0.0,0.010
0.0,0.010
0.0,0.010
0.0,0.010
0.0,0.010
0.0,0.010
0.0,0.010
0.0,0.010
0.0,0.010
0.0,0.010
0.0,0.010
0.0,0.010
0.0,0.010
0.0,0.010
0.0,0.010
0.0,0.010
0.0,0.010
0.0,0.010
0.0,0.010
0.0,0.010
0.0,0.010
0.0,0.010
0.0,0.010
0.0,0.010
0.0,0.010
0.0,0.010
0.0,0.010
0.0,0.010
0.0,0.010
0.0,0.010
0.0,0.010
0.0,0.010
0.0,0.010
0.0,0.010
0.0,0.010
0.0,0.010
0.0,0.010
0.0,0.010
0.0,0.010
0.0,0.010
0.0,0.010
0.0,0.010
0.0,0.010
-0.1,0.010
-0.1,0.010
-0.1,0.010
-0.1,0.010
-0.1,0.010
0.0,0.010
0.0,0.010
0.0,0.010
0.0,0.010
0.0,0.010
0.0,0.010
0.0,0.010
0.0,0.010
0.0,0.010
0.0,0.010
0.0,0.010
0.0,0.010
0.0,0.010
0.0,0.010
0.0,0.010
-0.1,0.010
-0.1,0.010
-0.1,0.010
-0.1,0.010
0.0,0.010
0.0,0.010
0.0,0.010
0.0,0.010
0.0,0.010
0.0,0.010
0.0,0.010
0.0,0.010
0.0,0.010
0.0,0.010
0.0,0.010
0.0,0.010
0.0,0.010
0.0,0.010
0.0,0.010
0.0,0.010
0.0,0.010
0.0,0.010
0.0,0.010
0.0,0.010
0.0,0.010
0.0,0.010
0.0,0.010
0.0,0.010
0.0,0.010
0.0,0.010
0.0,0.010
0.0,0.010
0.0,0.010
-0.1,0.010
-0.1,0.010
-0.1,0.010
-0.1,0.010
-0.1,0.010
-0.1,0.010
-0.1,0.010
-0.1,0.010
-0.1,0.010
-0.1,0.010
-0.1,0.010
-0.1,0.010
-0.1,0.010
-0.1,0.010
0.0,0.010
0.0,0.010
0.0,0.010
0.0,0.010
0.0,0.010
0.0,0.010
0.0,0.010
0.0,0.010
0.0,0.010
0.0,0.010
0.0,0.010
0.0,0.010
0.0,0.010
0.0,0.010
0.0,0.010
0.0,0.010
0.0,0.010
0.0,0.010
0.0,0.010
0.0,0.010
0.0,0.010
0.0,0.010
0.0,0.010
0.0,0.010
0.0,0.010
0.0,0.010
0.0,0.010
0.0,0.010
0.0,0.010
0.0,0.010
0.0,0.010
0.0,0.010
0.0,0.010
-0.1,0.010
-0.1,0.010
-0.1,0.010
-0.1,0.010
-0.1,0.010
-0.1,0.010
-0.1,0.010
-0.1,0.010
0.0,0.010
0.1,0.010
0.1,0.010
0.1,0.010
0.1,0.010
0.1,0.010
0.1,0.010
0.0,0.010
0.0,0.010
0.0,0.010
-0.1,0.010
-0.1,0.010
-0.1,0.010
-0.1,0.010
-0.1,0.010
-0.1,0.010
-0.1,0.010
-0.1,0.010
-0.1,0.010
-0.1,0.010
-0.1,0.010
-0.1,0.010
0.0,0.010
0.0,0.010
0.0,0.010
0.0,0.010
0.0,0.010
0.0,0.010
0.0,0.010
0.0,0.010
0.0,0.010
0.0,0.010
0.0,0.010
0.0,0.010
0.0,0.010
0.0,0.010
0.0,0.010
0.0,0.010
0.0,0.010
0.0,0.010
0.0,0.010
0.0,0.010
0.0,0.010
0.0,0.010
0.0,0.010
0.0,0.010
0.0,0.010
0.0,0.010
0.0,0.010
0.0,0.010
0.0,0.010
0.0,0.010
0.0,0.010
0.0,0.010
0.0,0.010
0.0,0.010
0.0,0.010
0.0,0.010
0.0,0.010
0.0,0.010
0.0,0.010
0.0,0.010
0.0,0.010
0.0,0.010
0.0,0.010
0.0,0.010
0.0,0.010
0.0,0.010
0.0,0.010
0.0,0.010
0.0,0.010
-0.1,0.010
-0.1,0.010
-0.1,0.010
-0.1,0.010
-0.1,0.010
-0.1,0.010
-0.1,0.010
-0.1,0.010
-0.1,0.010
-0.1,0.010
-0.1,0.010
0.0,0.010
0.1,0.010
0.1,0.010
0.1,0.010
0.1,0.010
0.1,0.010
0.1,0.010
0.1,0.010
0.1,0.010
0.1,0.010
0.1,0.010
0.1,0.010
0.1,0.010
-0.1,0.010
0.0,0.010
0.0,0.010
0.0,0.010
0.0,0.010
0.0,0.010
0.0,0.010
0.0,0.010
0.0,0.010
0.0,0.010
0.0,0.010
0.0,0.010
0.0,0.010
0.0,0.015
0.0,0.015
0.0,0.015
0.0,0.015
0.0,0.015
0.0,0.015
-0.1,0.015
-0.1,0.015
-0.1,0.015
-0.1,0.015
-0.1,0.015
-0.1,0.015
-0.1,0.015
-0.1,0.015
-0.1,0.015
-0.1,0.015
0.0,0.015
0.0,0.015
0.0,0.015
0.0,0.015
0.0,0.015
0.0,0.015
0.0,0.015
0.0,0.015
0.0,0.015
0.0,0.015
0.0,0.015
0.0,0.015
0.0,0.015
0.0,0.015
0.0,0.015
0.0,0.015
0.0,0.015
0.0,0.015
0.0,0.015
0.0,0.015
0.0,0.015
0.0,0.015
0.0,0.015
0.0,0.015
0.0,0.015
0.0,0.015
0.0,0.015
0.0,0.015
0.0,0.015
0.0,0.015
0.0,0.015
0.0,0.015
0.0,0.015
0.0,0.015
0.0,0.015
0.0,0.015
0.0,0.015
0.0,0.015
0.0,0.015
0.0,0.015
0.0,0.015
0.0,0.015
0.0,0.015
0.0,0.015
0.0,0.015
0.0,0.015
0.0,0.015
0.0,0.015
0.0,0.015
0.0,0.015
0.0,0.015
0.0,0.015
0.0,0.015
0.0,0.015
0.0,0.015
0.0,0.015
0.0,0.015
0.0,0.015
0.0,0.015
0.0,0.015
0.0,0.015
0.0,0.015
0.0,0.015
0.0,0.015
0.0,0.015
0.0,0.015
0.0,0.015
0.0,0.015
-0.1,0.015
-0.1,0.015
-0.1,0.015
-0.1,0.015
-0.1,0.015
-0.1,0.015
-0.1,0.015
-0.1,0.015
0.0,0.015
0.0,0.015
0.0,0.015
0.0,0.015
0.0,0.015
0.0,0.015
0.0,0.015
0.0,0.015
0.0,0.015
0.0,0.015
0.0,0.015
0.0,0.015
0.0,0.015
0.0,0.015
0.0,0.015
0.0,0.015
0.0,0.015
0.0,0.015
-0.1,0.015
-0.1,0.015
-0.1,0.015
0.0,0.015
0.0,0.015
0.0,0.015
0.0,0.015
0.0,0.015
0.0,0.015
0.0,0.015
0.0,0.015
0.0,0.015
0.0,0.015
0.0,0.015
0.0,0.015
0.0,0.015
0.0,0.015
0.0,0.015
0.0,0.015
0.0,0.015
0.0,0.015
0.0,0.015
0.0,0.015
0.0,0.015
0.0,0.015
0.0,0.015
0.0,0.015
0.0,0.015
0.0,0.015
0.1,0.015
0.1,0.015
0.0,0.015
0.0,0.015
0.0,0.015
0.0,0.015
0.0,0.015
0.0,0.015
0.0,0.015
0.0,0.015
-0.1,0.015
-0.1,0.015
-0.1,0.015
-0.1,0.015
-0.1,0.015
-0.1,0.015
-0.1,0.015
-0.1,0.015
-0.1,0.015
-0.1,0.015
0.0,0.015
0.0,0.015
0.0,0.015
0.0,0.015
0.0,0.015
0.0,0.015
0.0,0.015
0.0,0.015
0.0,0.015
0.0,0.015
0.0,0.015
0.0,0.015
0.0,0.015
0.0,0.015
0.0,0.015
0.0,0.015
0.0,0.015
0.0,0.015
0.0,0.015
0.0,0.015
0.0,0.015
0.0,0.015
0.0,0.015
0.0,0.015
0.0,0.015
0.0,0.015
0.0,0.015
0.0,0.015
0.0,0.015
0.0,0.015
0.0,0.015
0.0,0.015
0.0,0.015
-0.1,0.015
-0.1,0.015
-0.1,0.015
-0.1,0.015
-0.1,0.015
-0.1,0.015
-0.1,0.015
-0.1,0.015
-0.1,0.015
-0.1,0.015
-0.1,0.015
-0.1,0.015
-0.1,0.015
-0.1,0.015
-0.1,0.015
0.0,0.015
0.0,0.015
0.0,0.015
0.0,0.015
0.0,0.015
0.0,0.015
0.0,0.015
0.0,0.015
0.0,0.015
0.0,0.015
0.0,0.015
0.0,0.015
0.0,0.015
0.0,0.015
0.0,0.015
0.0,0.015
0.0,0.015
0.0,0.015
0.0,0.015
0.0,0.015
0.0,0.015
0.0,0.015
0.0,0.015
0.0,0.015
0.0,0.015
0.0,0.015
0.0,0.015
0.0,0.015
0.0,0.015
0.0,0.015
0.0,0.015
0.0,0.015
-0.1,0.015
-0.1,0.015
-0.1,0.015
-0.1,0.015
-0.1,0.015
-0.1,0.015
-0.1,0.015
-0.1,0.015
-0.1,0.015
0.0,0.015
0.0,0.015
0.0,0.015
0.0,0.015
0.0,0.015
0.0,0.015
0.0,0.015
0.0,0.015
0.0,0.015
0.0,0.015
0.0,0.015
0.0,0.015
0.0,0.015
0.0,0.015
0.0,0.015
0.0,0.015
0.0,0.015
0.0,0.015
0.0,0.015
0.0,0.015
0.0,0.015
0.0,0.015
0.0,0.015
0.0,0.015
0.0,0.015
0.0,0.015
0.0,0.015
0.0,0.015
0.0,0.015
0.0,0.015
0.0,0.015
0.0,0.015
0.0,0.015
-0.1,0.015
-0.1,0.015
-0.1,0.015
-0.1,0.015
-0.1,0.015
-0.1,0.015
0.0,0.015
0.0,0.015
0.0,0.015
0.0,0.015
0.0,0.015
0.0,0.015
0.0,0.015
0.0,0.015
0.0,0.015
0.0,0.015
0.0,0.015
0.0,0.015
0.0,0.015
0.0,0.015
0.0,0.015
0.0,0.015
0.0,0.015
0.0,0.015
0.0,0.015
0.0,0.015
0.0,0.015
0.0,0.015
0.0,0.015
0.0,0.015
0.0,0.015
0.0,0.015
0.1,0.015
0.1,0.015
0.1,0.015
0.1,0.015
0.0,0.015
-0.1,0.015
-0.1,0.015
0.0,0.015
0.0,0.015
0.0,0.015
0.0,0.015
-0.1,0.015
-0.1,0.015
-0.1,0.015
-0.1,0.015
-0.1,0.015
-0.1,0.015
-0.1,0.015
-0.1,0.015
-0.1,0.015
0.0,0.015
0.0,0.015
0.0,0.015
0.0,0.015
0.0,0.015
0.0,0.015
0.0,0.015
0.0,0.015
0.0,0.015
0.0,0.015
-0.1,0.015
-0.1,0.015
-0.1,0.015
-0.1,0.015
-0.1,0.015
0.0,0.015
0.0,0.015
0.0,0.015
0.0,0.015
0.0,0.015
0.0,0.015
0.0,0.015
0.0,0.015
0.0,0.015
0.0,0.015
0.0,0.015
0.0,0.015
0.0,0.015
0.0,0.015
0.0,0.015
0.0,0.015
0.0,0.015
0.0,0.015
0.0,0.015
0.0,0.015
0.0,0.015
0.0,0.015
0.0,0.015
0.0,0.015
0.0,0.015
0.0,0.015
0.0,0.015
0.0,0.015
0.0,0.015
0.0,0.015
0.0,0.015
0.0,0.015
0.0,0.015
0.0,0.015
0.0,0.015
0.0,0.015
0.0,0.015
0.0,0.015
0.0,0.015
0.0,0.015
0.0,0.015
0.0,0.015
0.0,0.015
0.0,0.015
0.0,0.015
0.0,0.015
0.0,0.015
0.0,0.015
0.0,0.015
0.0,0.015
0.0,0.015
0.0,0.015
0.0,0.015
0.0,0.015
0.0,0.015
0.0,0.015
0.0,0.015
0.0,0.015
0.0,0.015
0.0,0.015
0.0,0.015
0.0,0.015
0.0,0.015
0.0,0.015
0.0,0.020
0.0,0.020
0.0,0.020
0.0,0.020
0.0,0.020
0.0,0.020
0.0,0.020
0.0,0.020
0.0,0.020
0.0,0.020
0.0,0.020
0.0,0.020
0.0,0.020
0.0,0.020
0.0,0.020
0.0,0.020
0.0,0.020
0.0,0.020
0.0,0.020
0.0,0.020
0.0,0.020
0.0,0.020
0.0,0.020
0.0,0.020
0.0,0.020
0.0,0.020
0.0,0.020
-0.1,0.020
-0.1,0.020
-0.1,0.020
-0.1,0.020
-0.1,0.020
-0.1,0.020
-0.1,0.020
-0.1,0.020
-0.1,0.020
-0.1,0.020
-0.1,0.020
-0.1,0.020
0.0,0.020
0.0,0.020
0.0,0.020
0.0,0.020
0.0,0.020
0.0,0.020
0.0,0.020
0.0,0.020
0.0,0.020
0.0,0.020
0.0,0.020
-0.1,0.020
-0.1,0.020
-0.1,0.020
-0.1,0.020
-0.1,0.020
-0.1,0.020
-0.1,0.020
-0.1,0.020
-0.1,0.020
0.0,0.020
0.0,0.020
0.0,0.020
0.0,0.020
0.0,0.020
0.0,0.020
0.0,0.020
0.0,0.020
0.0,0.020
0.0,0.020
0.0,0.020
0.0,0.020
0.0,0.020
0.0,0.020
0.0,0.020
0.0,0.020
0.0,0.020
0.0,0.020
0.0,0.020
0.0,0.020
0.0,0.020
0.0,0.020
0.0,0.020
0.0,0.020
0.0,0.020
0.0,0.020
0.0,0.020
0.0,0.020
-0.1,0.020
-0.1,0.020
-0.1,0.020
-0.1,0.020
-0.1,0.020
-0.1,0.020
-0.1,0.020
-0.1,0.020
-0.1,0.020
-0.1,0.020
-0.1,0.020
-0.1,0.020
0.0,0.020
0.0,0.020
0.0,0.020
0.0,0.020
0.0,0.020
0.0,0.020
0.0,0.020
0.0,0.020
0.0,0.020
0.0,0.020
0.0,0.020
0.0,0.020
0.0,0.020
0.0,0.020
0.0,0.020
0.0,0.020
-0.1,0.020
-0.1,0.020
-0.1,0.020
-0.1,0.020
-0.1,0.020
-0.1,0.020
-0.1,0.020
0.0,0.020
0.0,0.020
0.0,0.020
0.0,0.020
0.0,0.020
0.0,0.020
0.0,0.020
0.0,0.020
0.0,0.020
0.0,0.020
0.0,0.020
0.0,0.020
0.0,0.020
0.0,0.020
0.0,0.020
0.0,0.020
0.0,0.020
0.0,0.020
0.0,0.020
0.0,0.020
0.0,0.020
0.0,0.020
0.0,0.020
0.0,0.020
0.0,0.020
0.0,0.020
0.0,0.020
0.0,0.020
0.0,0.020
0.0,0.020
0.0,0.020
0.0,0.020
0.0,0.020
0.0,0.020
0.0,0.020
0.0,0.020
0.0,0.020
0.0,0.020
0.0,0.020
0.0,0.020
0.0,0.020
0.0,0.020
0.0,0.020
0.0,0.020
0.0,0.020
0.0,0.020
0.0,0.020
0.0,0.020
0.0,0.020
0.0,0.020
0.0,0.020
0.0,0.020
0.0,0.020
0.0,0.020
0.0,0.020
0.0,0.020
0.0,0.020
0.0,0.020
0.0,0.020
0.0,0.020
0.0,0.020
0.0,0.020
0.0,0.020
0.0,0.020
0.0,0.020
0.0,0.020
0.0,0.020
0.0,0.020
0.0,0.020
0.0,0.020
0.0,0.020
0.0,0.020
0.0,0.020
0.0,0.020
0.0,0.020
0.0,0.020
0.0,0.020
0.0,0.020
0.0,0.020
0.0,0.020
0.0,0.020
0.0,0.020
0.0,0.020
0.0,0.020
0.0,0.020
0.0,0.020
0.0,0.020
0.0,0.020
0.0,0.020
0.0,0.020
0.0,0.020
0.0,0.020
0.0,0.020
0.0,0.020
0.0,0.020
0.0,0.020
0.0,0.020
0.0,0.020
0.0,0.020
0.0,0.020
0.0,0.020
0.0,0.020
0.0,0.020
0.0,0.020
0.0,0.020
0.0,0.020
0.0,0.020
0.0,0.020
0.0,0.020
0.0,0.020
0.0,0.020
0.0,0.020
0.0,0.020
0.0,0.020
0.0,0.020
0.0,0.020
0.0,0.020
0.0,0.020
0.0,0.020
0.0,0.020
0.0,0.020
0.0,0.020
0.0,0.020
0.0,0.020
0.0,0.020
0.0,0.020
0.0,0.020
0.0,0.020
0.0,0.020
0.0,0.020
0.0,0.020
0.0,0.020
0.0,0.020
0.0,0.020
0.0,0.020
0.0,0.020
0.0,0.020
0.0,0.020
0.0,0.020
0.0,0.020
0.0,0.020
0.0,0.020
0.0,0.020
0.0,0.020
0.0,0.020
0.0,0.020
0.0,0.020
0.0,0.020
0.0,0.020
0.0,0.020
0.0,0.020
0.0,0.020
0.0,0.020
0.0,0.020
0.0,0.020
0.0,0.020
0.0,0.020
0.0,0.020
0.0,0.020
0.0,0.020
0.0,0.020
0.0,0.020
0.0,0.020
0.0,0.020
0.0,0.020
0.0,0.020
0.0,0.020
0.0,0.020
0.0,0.020
0.0,0.020
0.0,0.020
0.0,0.020
0.0,0.020
0.0,0.020
0.0,0.020
0.0,0.020
0.0,0.020
0.0,0.020
0.0,0.020
0.0,0.020
0.0,0.020
0.0,0.020
0.0,0.020
0.0,0.020
0.0,0.020
0.0,0.020
0.0,0.020
0.0,0.020
0.0,0.020
0.0,0.020
0.0,0.020
0.0,0.020
0.0,0.020
0.0,0.020
0.0,0.020
0.0,0.020
0.0,0.020
0.0,0.020
0.0,0.020
0.0,0.020
0.0,0.020
0.0,0.020
0.0,0.020
0.0,0.020
0.0,0.020
0.0,0.020
0.0,0.020
0.0,0.020
0.0,0.020
0.0,0.020
0.0,0.020
0.0,0.020
0.0,0.020
0.0,0.020
0.0,0.020
0.0,0.020
0.0,0.020
0.0,0.020
0.0,0.020
0.0,0.020
0.0,0.020
0.0,0.020
0.0,0.020
0.0,0.020
0.0,0.020
0.0,0.020
0.0,0.020
0.0,0.020
0.0,0.020
0.0,0.020
0.0,0.020
0.0,0.020
0.0,0.020
0.0,0.020
0.0,0.020
0.0,0.020
0.0,0.020
0.0,0.020
0.0,0.020
0.0,0.020
0.0,0.020
0.0,0.020
0.0,0.020
0.0,0.020
0.0,0.020
0.0,0.020
0.0,0.020
0.0,0.020
0.0,0.020
0.0,0.020
0.0,0.020
0.0,0.020
0.0,0.020
0.0,0.020
0.0,0.020
0.0,0.020
0.0,0.020
0.0,0.020
0.0,0.020
0.0,0.020
0.0,0.020
0.0,0.020
0.0,0.020
0.0,0.020
0.0,0.020
0.0,0.020
0.0,0.020
0.0,0.020
0.0,0.020
0.0,0.020
0.0,0.020
0.0,0.020
0.0,0.020
0.0,0.020
0.0,0.020
0.0,0.020
0.0,0.020
0.0,0.020
0.0,0.020
0.0,0.020
0.0,0.020
0.0,0.020
0.0,0.020
0.0,0.025
0.0,0.025
0.0,0.025
0.0,0.025
0.0,0.025
0.0,0.025
0.0,0.025
0.0,0.025
0.0,0.025
0.0,0.025
0.0,0.025
0.0,0.025
0.0,0.025
0.0,0.025
0.0,0.025
0.0,0.025
0.0,0.025
0.0,0.025
0.0,0.025
0.0,0.025
0.0,0.025
0.0,0.025
0.0,0.025
0.0,0.025
0.0,0.025
0.0,0.025
0.0,0.025
0.0,0.025
0.0,0.025
0.0,0.025
0.0,0.025
0.0,0.025
0.0,0.025
0.0,0.025
0.0,0.025
0.0,0.025
0.0,0.025
0.0,0.025
0.0,0.025
0.0,0.025
0.0,0.025
0.0,0.025
0.0,0.025
0.0,0.025
0.0,0.025
0.0,0.025
0.0,0.025
0.0,0.025
0.0,0.025
0.0,0.025
0.0,0.025
0.0,0.025
0.0,0.025
0.0,0.025
0.0,0.025
0.0,0.025
0.0,0.025
0.0,0.025
0.0,0.025
0.0,0.025
0.0,0.025
0.0,0.025
0.0,0.025
0.0,0.025
0.0,0.025
0.0,0.025
0.0,0.025
0.0,0.025
0.0,0.025
0.0,0.025
0.0,0.025
0.0,0.025
0.0,0.025
0.0,0.025
0.0,0.025
0.0,0.025
0.0,0.025
0.0,0.025
0.0,0.025
0.0,0.025
0.0,0.025
0.0,0.025
0.0,0.025
0.0,0.025
0.0,0.025
0.0,0.025
0.0,0.025
0.0,0.025
0.0,0.025
0.0,0.025
0.0,0.025
0.0,0.025
0.0,0.025
0.0,0.025
0.0,0.025
0.0,0.025
0.0,0.025
0.0,0.025
0.0,0.025
0.0,0.025
0.0,0.025
0.0,0.025
0.0,0.025
0.0,0.025
0.0,0.025
0.0,0.025
0.0,0.025
0.0,0.025
0.0,0.025
0.0,0.025
0.0,0.025
0.0,0.025
0.0,0.025
0.0,0.025
0.0,0.025
0.0,0.025
0.0,0.025
0.0,0.025
0.0,0.025
0.0,0.025
0.0,0.025
0.0,0.025
0.0,0.025
0.0,0.025
0.0,0.025
0.0,0.025
0.0,0.025
0.0,0.025
0.0,0.025
0.0,0.025
0.0,0.025
0.0,0.025
0.0,0.025
0.0,0.025
0.0,0.025
0.0,0.025
0.0,0.025
0.0,0.025
0.0,0.025
0.0,0.025
0.0,0.025
0.0,0.025
0.0,0.025
0.0,0.025
0.0,0.025
0.0,0.025
0.0,0.025
0.0,0.025
0.0,0.025
0.0,0.025
0.0,0.025
0.0,0.025
0.0,0.025
0.0,0.025
0.0,0.025
0.0,0.025
0.0,0.025
0.0,0.025
0.0,0.025
0.0,0.025
0.0,0.025
0.0,0.025
0.0,0.025
0.0,0.025
0.0,0.025
0.0,0.025
0.0,0.025
0.0,0.025
0.0,0.025
0.0,0.025
0.0,0.025
0.0,0.025
0.0,0.025
0.0,0.025
0.0,0.025
0.0,0.025
0.0,0.025
0.0,0.025
0.0,0.025
0.0,0.025
0.0,0.025
0.0,0.025
0.0,0.025
0.0,0.025
0.0,0.025
0.0,0.025
0.0,0.025
0.0,0.025
0.0,0.025
0.0,0.025
0.0,0.025
0.0,0.025
0.0,0.025
0.0,0.025
0.0,0.025
0.0,0.025
0.0,0.025
0.0,0.025
0.0,0.025
0.0,0.025
0.0,0.025
0.0,0.025
0.0,0.025
0.0,0.025
0.0,0.025
0.0,0.025
0.0,0.025
0.0,0.025
0.0,0.025
0.0,0.025
0.0,0.025
0.0,0.025
0.0,0.025
0.0,0.025
0.0,0.025
0.0,0.025
0.0,0.025
0.0,0.025
0.0,0.025
0.0,0.025
0.0,0.025
0.0,0.025
0.0,0.025
0.0,0.025
0.0,0.025
0.0,0.025
0.0,0.025
0.0,0.025
0.0,0.025
0.0,0.025
0.0,0.025
0.0,0.025
0.0,0.025
0.0,0.025
0.0,0.025
0.0,0.025
0.0,0.025
0.0,0.025
0.0,0.025
0.0,0.025
0.0,0.025
0.0,0.025
0.0,0.025
0.0,0.025
0.0,0.025
0.0,0.025
0.0,0.025
0.0,0.025
0.0,0.025
0.0,0.025
0.0,0.025
0.0,0.025
0.0,0.025
0.0,0.025
0.0,0.025
0.0,0.025
0.0,0.025
0.0,0.025
0.0,0.025
0.0,0.025
0.0,0.025
0.0,0.025
0.0,0.025
0.0,0.025
0.0,0.025
0.0,0.025
0.0,0.025
0.0,0.025
0.0,0.025
0.0,0.025
0.0,0.025
0.0,0.025
0.0,0.025
0.0,0.025
0.0,0.025
0.0,0.025
0.0,0.025
0.0,0.025
0.0,0.025
0.0,0.025
0.0,0.025
0.0,0.025
0.0,0.025
0.0,0.025
0.0,0.025
0.0,0.025
0.0,0.025
0.0,0.025
0.0,0.025
0.0,0.025
0.0,0.025
0.0,0.025
0.0,0.025
0.0,0.025
0.0,0.025
0.0,0.025
0.0,0.025
0.0,0.025
0.0,0.025
0.0,0.025
0.0,0.025
0.0,0.025
0.0,0.025
0.0,0.025
0.0,0.025
0.0,0.025
0.0,0.025
0.0,0.025
0.0,0.025
0.0,0.025
0.0,0.025
0.0,0.030
0.0,0.030
0.0,0.030
0.0,0.030
0.0,0.030
0.0,0.030
0.0,0.030
0.0,0.030
0.0,0.030
0.0,0.030
0.0,0.030
0.0,0.030
0.0,0.030
0.0,0.030
0.0,0.030
0.0,0.030
0.0,0.030
0.0,0.030
0.0,0.030
0.0,0.030
0.0,0.030
0.0,0.030
0.0,0.030
0.0,0.030
0.0,0.030
0.0,0.030
0.0,0.030
0.0,0.030
0.0,0.030
0.0,0.030
0.0,0.030
0.0,0.030
0.0,0.030
0.0,0.030
0.0,0.030
0.0,0.030
0.0,0.030
0.0,0.030
0.0,0.030
0.0,0.030
0.0,0.030
0.0,0.030
0.0,0.030
0.0,0.030
0.0,0.030
0.0,0.030
0.0,0.030
0.0,0.030
0.0,0.030
0.0,0.030
0.0,0.030
0.0,0.030
0.0,0.030
0.0,0.030
0.0,0.030
0.0,0.030
0.0,0.030
0.0,0.030
0.0,0.030
0.0,0.030
0.0,0.030
0.0,0.030
0.0,0.030
0.0,0.030
0.0,0.030
0.0,0.030
0.0,0.030
0.0,0.030
0.0,0.030
0.0,0.030
0.0,0.030
0.0,0.030
0.0,0.030
0.0,0.030
0.0,0.030
0.0,0.030
0.0,0.030
0.0,0.030
0.0,0.030
0.0,0.030
0.0,0.030
0.0,0.030
0.0,0.030
0.0,0.030
0.0,0.030
0.0,0.030
0.0,0.030
0.0,0.030
0.0,0.030
0.0,0.030
0.0,0.030
0.0,0.030
0.0,0.030
0.0,0.030
0.0,0.030
0.0,0.030
0.0,0.030
0.0,0.030
0.0,0.030
0.0,0.030
0.0,0.030
0.0,0.030
0.0,0.030
0.0,0.030
0.0,0.030
0.0,0.030
0.0,0.030
0.0,0.030
0.0,0.030
0.0,0.030
0.0,0.030
0.0,0.030
0.0,0.030
0.0,0.030
0.0,0.030
0.0,0.030
0.0,0.030
0.0,0.030
0.0,0.030
0.0,0.030
0.0,0.030
0.0,0.030
0.0,0.030
0.1,0.030
0.1,0.030
0.1,0.030
0.1,0.030
0.1,0.030
0.1,0.030
0.1,0.030
0.1,0.030
0.1,0.030
0.1,0.030
0.1,0.030
0.1,0.030
0.1,0.030
0.1,0.030
0.1,0.030
0.1,0.030
0.1,0.030
0.1,0.030
0.1,0.030
0.1,0.030
0.1,0.030
0.1,0.030
0.1,0.030
0.1,0.030
0.1,0.030
0.1,0.030
0.1,0.030
0.1,0.030
0.1,0.030
0.1,0.030
0.1,0.030
0.1,0.030
0.1,0.030
0.2,0.030
0.2,0.030
0.2,0.030
0.2,0.030
0.2,0.030
0.2,0.030
0.2,0.030
0.2,0.030
0.2,0.030
0.2,0.030
0.3,0.030
0.3,0.035
0.3,0.035
0.3,0.035
0.3,0.035
0.3,0.035
0.3,0.035
0.4,0.035
0.4,0.035
0.4,0.035
0.4,0.035
0.4,0.035
0.5,0.035
0.5,0.035
0.5,0.035
0.5,0.035
0.6,0.035
0.6,0.035
0.6,0.035
0.6,0.035
0.7,0.035
0.7,0.035
0.7,0.035
0.7,0.035
0.7,0.035
0.8,0.035
0.8,0.035
0.8,0.035
0.9,0.035
0.9,0.035
0.9,0.035
0.9,0.035
1.0,0.035
1.0,0.035
1.1,0.035
1.1,0.035
1.1,0.035
1.1,0.035
1.1,0.035
1.2,0.035
1.2,0.035
1.2,0.035
1.3,0.035
1.3,0.035
1.3,0.035
1.3,0.035
1.3,0.035
1.4,0.035
1.5,0.035
1.5,0.035
1.5,0.035
1.5,0.035
1.6,0.035
1.6,0.035
1.6,0.035
1.6,0.035
1.7,0.035
1.7,0.035
1.8,0.035
1.8,0.035
1.8,0.035
1.8,0.035
1.8,0.035
1.9,0.035
1.9,0.035
1.9,0.035
2.0,0.035
2.0,0.035
2.0,0.035
2.0,0.035
2.1,0.035
2.1,0.035
2.1,0.035
2.1,0.035
2.1,0.035
2.1,0.035
2.1,0.035
2.2,0.035
2.2,0.035
2.2,0.035
2.3,0.035
2.3,0.035
2.4,0.035
2.4,0.035
2.4,0.035
2.4,0.035
2.5,0.035
2.5,0.035
2.5,0.035
2.6,0.035
2.6,0.035
2.6,0.035
2.6,0.035
2.6,0.035
2.6,0.035
2.6,0.035
2.6,0.035
2.7,0.035
2.7,0.035
2.7,0.035
2.8,0.035
2.8,0.035
2.8,0.035
2.8,0.035
2.8,0.035
2.9,0.035
2.9,0.035
2.9,0.035
3.0,0.035
3.0,0.035
3.0,0.035
3.0,0.035
3.0,0.035
3.1,0.035
3.1,0.035
3.1,0.035
3.2,0.035
3.2,0.035
3.2,0.035
3.2,0.035
3.2,0.035
3.3,0.035
3.3,0.035
3.3,0.035
3.3,0.035
3.3,0.035
3.3,0.035
3.3,0.035
3.3,0.035
3.3,0.035
3.3,0.035
3.5,0.035
3.5,0.035
3.5,0.035
3.6,0.035
3.6,0.035
3.6,0.035
3.6,0.035
3.6,0.035
3.6,0.035
3.6,0.035
3.6,0.035
3.6,0.035
3.6,0.035
3.8,0.035
3.8,0.035
3.8,0.035
3.8,0.035
3.8,0.035
3.8,0.035
3.8,0.035
3.8,0.035
3.8,0.035
3.8,0.035
3.8,0.035
3.9,0.035
4.0,0.035
3.9,0.035
3.9,0.035
4.0,0.035
4.1,0.035
4.1,0.035
4.1,0.035
4.1,0.035
4.1,0.035
4.1,0.035
4.1,0.035
4.1,0.035
4.1,0.035
4.2,0.035
4.3,0.035
4.3,0.035
4.3,0.035
4.3,0.035
4.3,0.035
4.4,0.035
4.3,0.035
4.3,0.035
4.3,0.040
4.4,0.040
4.4,0.040
4.4,0.040
4.4,0.040
4.4,0.040
4.4,0.040
4.5,0.040
4.5,0.040
4.6,0.040
4.6,0.040
4.6,0.040
4.7,0.040
4.7,0.040
4.7,0.040
4.7,0.040
4.7,0.040
4.7,0.040
4.7,0.040
4.7,0.040
4.8,0.040
4.8,0.040
4.8,0.040
4.9,0.040
4.9,0.040
4.9,0.040
4.9,0.040
4.9,0.040
4.9,0.040
4.9,0.040
4.9,0.040
4.9,0.040
4.9,0.040
4.9,0.040
5.0,0.040
5.0,0.040
5.0,0.040
5.1,0.040
5.1,0.040
5.1,0.040
5.1,0.040
5.1,0.040
5.2,0.040
5.2,0.040
5.2,0.040
5.2,0.040
5.3,0.040
5.3,0.040
5.3,0.040
5.3,0.040
5.3,0.040
5.3,0.040
5.3,0.040
5.3,0.040
5.3,0.040
5.3,0.040
5.4,0.040
5.5,0.040
5.5,0.040
5.5,0.040
5.5,0.040
5.6,0.040
5.6,0.040
5.6,0.040
5.6,0.040
5.6,0.040
5.6,0.040
5.6,0.040
5.6,0.040
5.6,0.040
5.6,0.040
5.7,0.040
5.7,0.040
5.8,0.040
5.8,0.040
5.8,0.040
5.8,0.040
5.9,0.040
5.9,0.040
5.9,0.040
5.9,0.040
5.9,0.040
5.9,0.040
5.9,0.040
5.9,0.040
5.9,0.040
5.9,0.040
6.0,0.040
6.0,0.040
6.1,0.040
6.1,0.040
6.1,0.040
6.1,0.040
6.1,0.040
6.1,0.040
6.1,0.040
6.1,0.040
6.1,0.040
6.1,0.040
6.1,0.040
6.2,0.040
6.3,0.040
6.3,0.040
6.3,0.040
6.3,0.040
6.3,0.040
6.3,0.040
6.3,0.040
6.3,0.040
6.4,0.040
6.4,0.040
6.5,0.040
6.5,0.040
6.5,0.040
6.5,0.040
6.6,0.040
6.6,0.040
6.6,0.040
6.6,0.040
6.6,0.040
6.6,0.040
6.6,0.040
6.6,0.040
6.6,0.040
6.6,0.040
6.7,0.040
6.8,0.040
6.8,0.040
6.8,0.040
6.8,0.040
6.8,0.040
6.8,0.040
6.8,0.040
6.8,0.040
6.8,0.040
7.0,0.040
7.0,0.040
7.0,0.040
7.0,0.040
7.0,0.040
7.1,0.040
7.1,0.040
7.1,0.040
7.1,0.040
7.1,0.040
7.2,0.040
7.2,0.040
7.2,0.040
7.3,0.040
7.3,0.040
7.3,0.040
7.3,0.040
7.3,0.040
7.4,0.040
7.3,0.040
7.3,0.040
7.4,0.040
7.4,0.040
7.4,0.040
7.4,0.040
7.4,0.040
7.4,0.040
7.5,0.040
7.5,0.040
7.5,0.040
7.6,0.040
7.6,0.040
7.6,0.040
7.6,0.040
7.6,0.040
7.6,0.040
7.6,0.040
7.6,0.040
7.6,0.040
7.6,0.040
7.7,0.040
7.8,0.040
7.8,0.040
7.8,0.040
7.9,0.040
7.9,0.040
7.9,0.040
7.9,0.040
7.9,0.040
7.9,0.040
7.9,0.040
7.9,0.040
8.0,0.040
8.0,0.040
8.0,0.040
8.0,0.040
8.0,0.040
8.0,0.040
8.1,0.040
8.2,0.040
8.2,0.040
8.2,0.040
8.2,0.040
8.2,0.040
8.2,0.040
8.3,0.040
8.3,0.040
8.3,0.040
8.3,0.040
8.3,0.040
8.3,0.040
8.3,0.040
8.4,0.040
8.4,0.040
8.4,0.040
8.4,0.040
8.4,0.040
8.5,0.040
8.5,0.040
8.5,0.040
8.5,0.040
8.5,0.040
8.5,0.040
8.6,0.040
8.6,0.040
8.6,0.045
8.7,0.045
8.7,0.045
8.7,0.045
8.7,0.045
8.8,0.045
8.8,0.045
8.8,0.045
8.8,0.045
8.9,0.045
8.9,0.045
8.9,0.045
8.9,0.045
8.9,0.045
8.9,0.045
8.9,0.045
8.9,0.045
8.9,0.045
8.9,0.045
9.0,0.045
9.0,0.045
9.1,0.045
9.1,0.045
9.1,0.045
9.2,0.045
9.2,0.045
9.2,0.045
9.2,0.045
9.2,0.045
9.2,0.045
9.2,0.045
9.2,0.045
9.2,0.045
9.2,0.045
9.3,0.045
9.3,0.045
9.3,0.045
9.3,0.045
9.3,0.045
9.3,0.045
9.4,0.045
9.5,0.045
9.5,0.045
9.5,0.045
9.5,0.045
9.6,0.045
9.6,0.045
9.6,0.045
9.6,0.045
9.6,0.045
9.6,0.045
9.6,0.045
9.6,0.045
9.6,0.045
9.6,0.045
9.7,0.045
9.8,0.045
9.8,0.045
9.8,0.045
9.8,0.045
9.8,0.045
9.8,0.045
9.8,0.045
9.8,0.045
9.8,0.045
9.8,0.045
9.9,0.045
9.9,0.045
9.9,0.045
10.0,0.045
10.0,0.045
10.1,0.045
10.1,0.045
10.1,0.045
10.1,0.045
10.1,0.045
10.1,0.045
10.1,0.045
10.2,0.045
10.2,0.045
10.2,0.045
10.2,0.045
10.2,0.045
10.2,0.045
10.2,0.045
10.2,0.045
10.3,0.045
10.4,0.045
10.4,0.045
10.4,0.045
10.4,0.045
10.4,0.045
10.5,0.045
10.5,0.045
10.5,0.045
10.5,0.045
10.5,0.045
10.5,0.045
10.5,0.045
10.5,0.045
10.5,0.045
10.7,0.045
10.7,0.045
10.7,0.045
10.8,0.045
10.8,0.045
10.8,0.045
10.8,0.045
10.8,0.045
10.8,0.045
10.8,0.045
10.8,0.045
10.8,0.045
10.8,0.045
10.8,0.045
11.0,0.045
11.0,0.045
11.0,0.045
11.0,0.045
11.1,0.045
11.1,0.045
11.1,0.045
11.1,0.045
11.2,0.045
11.2,0.045
11.2,0.045
11.2,0.045
11.2,0.045
11.2,0.045
11.2,0.045
11.2,0.045
11.2,0.045
11.2,0.045
11.3,0.045
11.3,0.045
11.3,0.045
11.3,0.045
11.4,0.045
11.4,0.045
11.5,0.045
11.5,0.045
11.5,0.045
11.5,0.045
11.5,0.045
11.5,0.045
11.5,0.045
11.5,0.045
11.5,0.045
11.6,0.045
11.6,0.045
11.7,0.045
11.7,0.045
11.7,0.045
11.7,0.045
11.7,0.045
11.7,0.045
11.7,0.045
11.7,0.045
11.7,0.045
11.7,0.045
11.8,0.045
11.8,0.045
11.8,0.045
11.8,0.045
11.8,0.045
11.8,0.045
11.8,0.045
11.8,0.045
11.8,0.045
11.8,0.045
11.9,0.045
11.9,0.045
12.0,0.045
12.0,0.045
12.0,0.045
12.0,0.050
12.0,0.050
12.0,0.050
12.0,0.050
12.0,0.050
12.0,0.050
12.0,0.050
12.0,0.050
12.1,0.050
12.1,0.050
12.1,0.050
12.1,0.050
12.1,0.050
12.1,0.050
12.1,0.050
12.1,0.050
12.2,0.050
12.2,0.050
12.2,0.050
12.2,0.050
12.2,0.050
12.2,0.050
12.2,0.050
12.2,0.050
12.2,0.050
12.3,0.050
12.3,0.050
12.3,0.050
12.3,0.050
12.3,0.050
12.3,0.050
12.3,0.050
12.3,0.050
12.3,0.050
12.3,0.050
12.3,0.050
12.3,0.050
12.3,0.050
12.3,0.050
12.4,0.050
12.4,0.050
12.4,0.050
12.4,0.050
12.4,0.050
12.4,0.050
12.4,0.050
12.4,0.050
12.4,0.050
12.5,0.050
12.5,0.050
12.5,0.050
12.5,0.050
12.5,0.050
12.5,0.050
12.5,0.050
12.5,0.050
12.6,0.050
12.6,0.050
12.6,0.050
12.6,0.050
12.6,0.050
12.6,0.050
12.6,0.050
12.7,0.050
12.7,0.050
12.7,0.050
12.7,0.050
12.7,0.050
12.7,0.050
12.7,0.050
12.7,0.050
12.7,0.050
12.7,0.050
12.7,0.050
12.8,0.050
12.8,0.050
12.8,0.050
12.8,0.050
12.8,0.050
12.8,0.050
12.8,0.050
12.8,0.050
12.8,0.050
12.9,0.050
12.9,0.050
12.9,0.050
12.9,0.050
12.9,0.050
12.9,0.050
12.9,0.050
12.9,0.050
12.9,0.050
13.0,0.050
13.0,0.050
13.0,0.050
13.0,0.050
13.0,0.050
13.0,0.050
13.0,0.050
13.0,0.050
13.0,0.050
13.0,0.050
13.0,0.050
13.1,0.050
13.2,0.050
13.2,0.050
13.2,0.050
13.2,0.050
13.3,0.050
13.3,0.050
13.3,0.050
13.3,0.050
13.3,0.050
13.3,0.050
13.3,0.050
13.3,0.050
13.3,0.050
13.4,0.050
13.4,0.050
13.4,0.050
13.4,0.050
13.4,0.050
13.4,0.050
13.4,0.050
13.4,0.050
13.4,0.050
13.4,0.050
13.5,0.050
13.5,0.050
13.5,0.050
13.5,0.050
13.5,0.050
13.5,0.050
13.6,0.050
13.6,0.050
13.6,0.050
13.6,0.050
13.6,0.050
13.6,0.050
13.6,0.050
13.6,0.050
13.7,0.050
13.7,0.050
13.7,0.050
13.7,0.050
13.8,0.050
13.8,0.055
13.8,0.055
13.8,0.055
13.9,0.055
13.9,0.055
13.9,0.055
13.9,0.055
13.9,0.055
13.9,0.055
13.9,0.055
13.9,0.055
14.0,0.055
14.1,0.055
14.1,0.055
14.1,0.055
14.2,0.055
14.2,0.055
14.2,0.055
14.2,0.055
14.2,0.055
14.2,0.055
14.2,0.055
14.2,0.055
14.2,0.055
14.3,0.055
14.3,0.055
14.3,0.055
14.3,0.055
14.4,0.055
14.4,0.055
14.5,0.055
14.5,0.055
14.5,0.055
14.5,0.055
14.6,0.055
14.6,0.055
14.6,0.055
14.6,0.055
14.7,0.055
14.7,0.055
14.8,0.055
14.8,0.055
14.8,0.055
14.8,0.055
14.8,0.055
14.8,0.055
14.8,0.055
14.9,0.055
14.9,0.055
14.9,0.055
14.9,0.055
15.0,0.055
15.0,0.055
15.0,0.055
15.0,0.055
15.1,0.055
15.0,0.055
15.1,0.055
15.1,0.055
15.2,0.055
15.2,0.055
15.2,0.055
15.2,0.055
15.3,0.055
15.3,0.055
15.3,0.055
15.3,0.055
15.3,0.055
15.3,0.055
15.3,0.055
15.4,0.055
15.4,0.055
15.4,0.055
15.5,0.055
15.5,0.055
15.6,0.055
15.6,0.055
15.6,0.055
15.6,0.055
15.6,0.055
15.7,0.055
15.7,0.055
15.7,0.055
15.7,0.055
15.7,0.055
15.8,0.055
15.9,0.055
15.9,0.055
15.9,0.055
16.0,0.055
16.0,0.055
16.0,0.055
16.0,0.055
16.1,0.055
16.1,0.055
16.1,0.055
16.1,0.055
16.2,0.055
16.2,0.055
16.2,0.055
16.3,0.055
16.4,0.055
16.4,0.055
16.4,0.055
16.4,0.055
16.4,0.055
16.5,0.055
16.6,0.055
16.6,0.055
16.6,0.055
16.6,0.055
16.7,0.055
16.7,0.055
16.8,0.055
16.8,0.055
16.8,0.055
16.8,0.055
16.9,0.055
16.9,0.055
16.9,0.055
17.0,0.055
17.0,0.055
17.0,0.055
17.1,0.055
17.1,0.055
17.1,0.055
17.2,0.055
17.2,0.055
17.3,0.055
17.3,0.055
17.3,0.055
17.4,0.055
17.4,0.055
17.4,0.055
17.5,0.060
17.5,0.060
17.5,0.060
17.6,0.060
17.6,0.060
17.6,0.060
17.7,0.060
17.7,0.060
17.8,0.060
17.8,0.060
17.8,0.060
17.8,0.060
17.9,0.060
17.9,0.060
18.0,0.060
18.0,0.060
18.1,0.060
18.1,0.060
18.2,0.060
18.2,0.060
18.3,0.060
18.3,0.060
18.3,0.060
18.3,0.060
18.4,0.060
18.4,0.060
18.5,0.060
18.5,0.060
18.5,0.060
18.6,0.060
18.6,0.060
18.6,0.060
18.7,0.060
18.7,0.060
18.7,0.060
18.8,0.060
18.8,0.060
18.9,0.060
18.9,0.060
18.9,0.060
19.0,0.060
19.0,0.060
19.1,0.060
19.1,0.060
19.1,0.060
19.2,0.060
19.2,0.060
19.2,0.060
19.2,0.060
19.3,0.060
19.3,0.060
19.3,0.060
19.4,0.060
19.4,0.060
19.5,0.060
19.5,0.060
19.5,0.060
19.5,0.060
19.6,0.060
19.7,0.060
19.7,0.060
19.7,0.060
19.8,0.060
19.8,0.060
19.9,0.060
19.9,0.060
19.9,0.060
19.9,0.060
20.0,0.060
20.0,0.060
20.0,0.060
20.1,0.060
20.1,0.060
20.2,0.060
20.2,0.060
20.3,0.060
20.3,0.060
20.3,0.060
20.4,0.060
20.4,0.060
20.5,0.060
20.5,0.060
20.6,0.060
20.6,0.060
20.6,0.060
20.6,0.060
20.7,0.060
20.7,0.060
20.8,0.060
20.8,0.060
20.8,0.060
20.9,0.060
20.9,0.060
21.0,0.060
21.0,0.060
21.0,0.060
21.1,0.060
21.1,0.060
21.1,0.060
21.2,0.060
21.2,0.060
21.3,0.060
21.4,0.060
21.4,0.060
21.4,0.060
21.5,0.060
21.5,0.060
21.5,0.060
21.5,0.060
21.5,0.060
21.6,0.060
21.6,0.060
21.6,0.060
21.7,0.060
21.7,0.060
21.8,0.060
21.8,0.060
21.9,0.060
21.9,0.060
21.9,0.060
21.9,0.060
22.0,0.060
22.1,0.060
22.2,0.060
22.2,0.060
22.2,0.060
22.2,0.065
22.3,0.065
22.3,0.065
22.4,0.065
22.4,0.065
22.4,0.065
22.4,0.065
22.5,0.065
22.5,0.065
22.6,0.065
22.6,0.065
22.7,0.065
22.7,0.065
22.7,0.065
22.7,0.065
22.8,0.065
22.9,0.065
22.9,0.065
22.9,0.065
23.0,0.065
23.0,0.065
23.1,0.065
23.1,0.065
23.1,0.065
23.2,0.065
23.2,0.065
23.2,0.065
23.3,0.065
23.3,0.065
23.3,0.065
23.4,0.065
23.4,0.065
23.5,0.065
23.6,0.065
23.6,0.065
23.6,0.065
23.7,0.065
23.8,0.065
23.8,0.065
23.8,0.065
23.9,0.065
23.9,0.065
24.0,0.065
24.0,0.065
24.0,0.065
24.0,0.065
24.0,0.065
24.1,0.065
24.2,0.065
24.2,0.065
24.2,0.065
24.3,0.065
24.3,0.065
24.3,0.065
24.4,0.065
24.4,0.065
24.5,0.065
24.5,0.065
24.5,0.065
24.6,0.065
24.6,0.065
24.6,0.065
24.7,0.065
24.7,0.065
24.8,0.065
24.8,0.065
24.9,0.065
24.9,0.065
25.0,0.065
25.0,0.065
25.1,0.065
25.1,0.065
25.1,0.065
25.2,0.065
25.2,0.065
25.3,0.065
25.3,0.065
25.3,0.065
25.3,0.065
25.4,0.065
25.4,0.065
25.5,0.065
25.5,0.065
25.5,0.065
25.6,0.065
25.6,0.065
25.7,0.065
25.7,0.065
25.8,0.065
25.9,0.065
25.9,0.065
26.0,0.065
26.0,0.065
26.0,0.065
26.1,0.065
26.1,0.065
26.2,0.065
26.2,0.065
26.3,0.065
26.3,0.065
26.3,0.065
26.4,0.065
26.4,0.065
26.4,0.065
26.5,0.065
26.5,0.065
26.6,0.065
26.6,0.070
26.6,0.070
26.7,0.070
26.8,0.070
26.8,0.070
26.8,0.070
26.9,0.070
26.9,0.070
27.0,0.070
27.0,0.070
27.0,0.070
27.1,0.070
27.1,0.070
27.2,0.070
27.2,0.070
27.2,0.070
27.3,0.070
27.4,0.070
27.4,0.070
27.4,0.070
27.5,0.070
27.5,0.070
27.6,0.070
27.6,0.070
27.6,0.070
27.6,0.070
27.7,0.070
27.7,0.070
27.8,0.070
27.8,0.070
27.9,0.070
27.9,0.070
28.0,0.070
28.0,0.070
28.0,0.070
28.1,0.070
28.1,0.070
28.1,0.070
28.2,0.070
28.2,0.070
28.3,0.070
28.3,0.070
28.4,0.070
28.4,0.070
28.5,0.070
28.5,0.070
28.6,0.070
28.6,0.070
28.6,0.070
28.7,0.070
28.7,0.070
28.8,0.070
28.8,0.070
28.8,0.070
28.9,0.070
28.9,0.070
29.0,0.070
29.0,0.070
29.0,0.070
29.1,0.070
29.1,0.070
29.2,0.070
29.2,0.070
29.2,0.070
29.2,0.070
29.3,0.070
29.3,0.070
29.4,0.070
29.4,0.070
29.5,0.070
29.5,0.070
29.6,0.070
29.6,0.070
29.6,0.070
29.7,0.070
29.7,0.070
29.7,0.070
29.8,0.070
29.8,0.070
29.8,0.070
29.9,0.070
29.9,0.070
29.9,0.070
30.0,0.070
30.0,0.070
30.1,0.070
30.2,0.070
30.2,0.070
30.2,0.070
30.3,0.070
30.3,0.070
30.3,0.070
30.4,0.070
30.4,0.070
30.5,0.070
30.5,0.070
30.6,0.070
30.6,0.070
30.6,0.070
30.6,0.070
30.7,0.070
30.7,0.070
30.8,0.070
30.8,0.070
30.9,0.070
30.9,0.070
31.0,0.070
31.0,0.075
31.0,0.075
31.1,0.075
31.1,0.075
31.1,0.075
31.1,0.075
31.2,0.075
31.2,0.075
31.3,0.075
31.3,0.075
31.3,0.075
31.3,0.075
31.4,0.075
31.4,0.075
31.5,0.075
31.5,0.075
31.6,0.075
31.6,0.075
31.7,0.075
31.7,0.075
31.7,0.075
31.7,0.075
31.8,0.075
31.8,0.075
31.8,0.075
31.9,0.075
31.9,0.075
31.9,0.075
31.9,0.075
32.0,0.075
32.0,0.075
32.0,0.075
32.0,0.075
32.0,0.075
32.1,0.075
32.1,0.075
32.1,0.075
32.2,0.075
32.2,0.075
32.2,0.075
32.2,0.075
32.2,0.075
32.2,0.075
32.2,0.075
32.2,0.075
32.2,0.075
32.2,0.075
32.2,0.075
32.4,0.075
32.4,0.075
32.4,0.075
32.4,0.075
32.4,0.075
32.5,0.075
32.4,0.075
32.4,0.075
32.4,0.075
32.5,0.075
32.5,0.075
32.5,0.075
32.5,0.075
32.5,0.075
32.5,0.075
32.5,0.075
32.5,0.075
32.5,0.075
32.5,0.075
32.5,0.075
32.5,0.075
32.5,0.075
32.5,0.075
32.5,0.075
32.5,0.075
32.5,0.075
32.5,0.075
32.5,0.075
32.5,0.075
32.5,0.075
32.5,0.075
32.5,0.075
32.5,0.075
32.5,0.075
32.5,0.075
32.5,0.075
32.5,0.075
32.5,0.075
32.5,0.075
32.5,0.075
32.5,0.075
32.5,0.075
32.5,0.075
32.5,0.075
32.5,0.075
32.5,0.075
32.5,0.075
32.6,0.075
32.6,0.075
32.6,0.075
32.6,0.080
32.6,0.080
32.6,0.080
32.6,0.080
32.6,0.080
32.6,0.080
32.7,0.080
32.7,0.080
32.7,0.080
32.7,0.080
32.7,0.080
32.7,0.080
32.8,0.080
32.8,0.080
32.8,0.080
32.8,0.080
32.8,0.080
32.8,0.080
32.8,0.080
32.8,0.080
32.8,0.080
32.9,0.080
32.9,0.080
33.0,0.080
33.0,0.080
33.0,0.080
33.1,0.080
33.1,0.080
33.0,0.080
33.0,0.080
33.0,0.080
33.0,0.080
33.1,0.080
33.1,0.080
33.1,0.080
33.1,0.080
33.1,0.080
33.1,0.080
33.1,0.080
33.1,0.080
33.2,0.080
33.2,0.080
33.2,0.080
33.2,0.080
33.2,0.080
33.2,0.080
33.3,0.080
33.3,0.080
33.3,0.080
33.3,0.080
33.3,0.080
33.3,0.080
33.3,0.080
33.3,0.080
33.3,0.080
33.3,0.080
33.3,0.080
33.3,0.080
33.3,0.080
33.3,0.080
33.3,0.080
33.3,0.080
33.3,0.080
33.3,0.080
33.3,0.080
33.3,0.080
33.3,0.080
33.3,0.080
33.3,0.080
33.3,0.080
33.3,0.080
33.3,0.080
33.3,0.080
33.3,0.080
33.3,0.080
33.3,0.080
33.3,0.080
33.3,0.080
33.3,0.080
33.3,0.080
33.3,0.080
33.3,0.080
33.3,0.080
33.3,0.080
33.3,0.080
33.3,0.080
33.3,0.080
33.3,0.080
33.3,0.080
33.3,0.080
33.3,0.080
33.3,0.080
33.3,0.080
33.3,0.080
33.3,0.085
33.3,0.085
33.3,0.085
33.3,0.085
33.3,0.085
33.3,0.085
33.3,0.085
33.3,0.085
33.3,0.085
33.3,0.085
33.3,0.085
33.3,0.085
33.3,0.085
33.3,0.085
33.3,0.085
33.3,0.085
33.3,0.085
33.3,0.085
33.3,0.085
33.3,0.085
33.3,0.085
33.3,0.085
33.3,0.085
33.3,0.085
33.3,0.085
33.3,0.085
33.3,0.085
33.3,0.085
33.3,0.085
33.3,0.085
33.3,0.085
33.3,0.085
33.3,0.085
33.3,0.085
33.3,0.085
33.3,0.085
33.3,0.085
33.3,0.085
33.3,0.085
33.3,0.085
33.3,0.085
33.3,0.085
33.3,0.085
33.3,0.085
33.3,0.085
33.3,0.085
33.3,0.085
33.3,0.085
33.3,0.085
33.3,0.085
33.3,0.085
33.3,0.085
33.3,0.085
33.3,0.085
33.3,0.085
33.3,0.085
33.3,0.085
33.3,0.085
33.3,0.085
33.3,0.085
33.3,0.085
33.3,0.085
33.3,0.085
33.3,0.085
33.3,0.085
33.3,0.085
33.3,0.085
33.3,0.085
33.3,0.085
33.3,0.085
33.3,0.085
33.3,0.085
33.3,0.085
33.4,0.085
33.4,0.085
33.4,0.085
33.4,0.085
33.4,0.085
33.4,0.085
33.4,0.085
33.4,0.085
33.4,0.090
33.4,0.090
33.4,0.090
33.4,0.090
33.4,0.090
33.4,0.090
33.4,0.090
33.4,0.090
33.4,0.090
33.4,0.090
33.4,0.090
33.4,0.090
33.4,0.090
33.4,0.090
33.4,0.090
33.4,0.090
33.4,0.090
33.4,0.090
33.4,0.090
33.4,0.090
33.4,0.090
33.4,0.090
33.4,0.090
33.4,0.090
33.4,0.090
33.4,0.090
33.4,0.090
33.4,0.090
33.4,0.090
33.4,0.090
33.4,0.090
33.4,0.090
33.5,0.090
33.5,0.090
33.5,0.090
33.5,0.090
33.5,0.090
33.5,0.090
33.5,0.090
33.4,0.090
33.4,0.090
33.4,0.090
33.4,0.090
33.4,0.090
33.4,0.090
33.4,0.090
33.4,0.090
33.4,0.090
33.4,0.090
33.4,0.090
33.4,0.090
33.4,0.090
33.4,0.090
33.4,0.090
33.4,0.090
33.4,0.090
33.4,0.090
33.4,0.090
33.4,0.090
33.4,0.090
33.4,0.090
33.4,0.090
33.4,0.090
33.4,0.090
33.4,0.090
33.4,0.090
33.4,0.090
33.4,0.095
33.4,0.095
33.4,0.095
33.4,0.095
33.4,0.095
33.4,0.095
33.4,0.095
33.4,0.095
33.4,0.095
33.4,0.095
33.4,0.095
33.4,0.095
33.4,0.095
33.4,0.095
33.4,0.095
33.4,0.095
33.4,0.095
33.4,0.095
33.4,0.095
33.4,0.095
33.4,0.095
33.4,0.095
33.3,0.095
33.3,0.095
33.3,0.095
33.3,0.095
33.3,0.095
33.3,0.095
33.3,0.095
33.3,0.095
33.3,0.095
33.3,0.095
33.3,0.095
33.3,0.095
33.3,0.095
33.3,0.095
33.3,0.095
33.3,0.095
33.3,0.095
33.3,0.095
33.3,0.095
33.3,0.095
33.3,0.095
33.3,0.095
33.3,0.095
33.3,0.095
33.3,0.095
33.3,0.095
33.3,0.095
33.3,0.095
33.3,0.095
33.3,0.095
33.3,0.095
33.3,0.095
33.3,0.095
33.3,0.095
33.3,0.095
33.3,0.095
33.3,0.095
33.3,0.095
33.3,0.095
33.3,0.095
33.3,0.095
33.3,0.100
33.3,0.100
33.3,0.100
33.3,0.100
33.3,0.100
33.3,0.100
33.2,0.100
33.2,0.100
33.2,0.100
33.2,0.100
33.2,0.100
33.2,0.100
33.2,0.100
33.2,0.100
33.2,0.100
33.2,0.100
33.1,0.100
33.1,0.100
33.1,0.100
33.1,0.100
33.1,0.100
33.1,0.100
33.1,0.100
33.1,0.100
33.1,0.100
33.1,0.100
33.1,0.100
33.1,0.100
33.1,0.100
33.1,0.100
33.1,0.100
33.1,0.100
33.1,0.100
33.1,0.100
33.1,0.100
33.1,0.100
33.1,0.100
33.1,0.100
33.1,0.100
33.1,0.100
33.1,0.100
33.1,0.100
33.1,0.100
33.1,0.100
33.1,0.100
33.1,0.100
33.1,0.100
33.1,0.100
33.1,0.100
33.1,0.100
33.1,0.100
33.1,0.100
33.1,0.100
33.1,0.100
33.1,0.100
33.1,0.100
33.1,0.100
33.1,0.100
33.1,0.100
33.1,0.100
33.1,0.100
33.1,0.100
33.1,0.100
33.1,0.105
33.1,0.105
33.1,0.105
33.1,0.105
33.1,0.105
33.1,0.105
33.1,0.105
33.1,0.105
33.1,0.105
33.0,0.105
33.0,0.105
33.0,0.105
33.0,0.105
33.0,0.105
33.0,0.105
33.0,0.105
33.0,0.105
33.0,0.105
33.0,0.105
33.0,0.105
33.0,0.105
33.0,0.105
33.0,0.105
33.0,0.105
33.0,0.105
33.0,0.105
33.0,0.105
33.0,0.105
33.0,0.105
33.0,0.105
33.0,0.105
33.0,0.105
33.0,0.105
33.0,0.105
33.0,0.105
33.0,0.105
33.0,0.105
33.0,0.105
33.0,0.105
33.0,0.105
33.0,0.105
33.0,0.105
33.0,0.105
33.0,0.105
33.0,0.105
33.0,0.105
33.0,0.105
33.0,0.105
33.0,0.105
33.0,0.105
33.0,0.105
33.0,0.105
33.0,0.105
32.9,0.105
32.9,0.105
32.9,0.105
33.0,0.105
33.0,0.105
33.0,0.105
33.0,0.105
33.0,0.105
33.0,0.105
33.0,0.105
33.0,0.105
33.0,0.105
33.0,0.110
33.0,0.110
33.0,0.110
33.0,0.110
33.0,0.110
33.0,0.110
33.0,0.110
33.0,0.110
33.0,0.110
33.0,0.110
33.0,0.110
33.0,0.110
33.0,0.110
33.0,0.110
32.9,0.110
32.9,0.110
32.9,0.110
32.9,0.110
32.9,0.110
32.9,0.110
32.9,0.110
32.9,0.110
32.9,0.110
32.9,0.110
32.9,0.110
32.9,0.110
32.9,0.110
32.9,0.110
32.9,0.110
32.9,0.110
32.9,0.110
32.9,0.110
32.9,0.110
32.9,0.110
32.9,0.110
32.9,0.110
32.9,0.110
32.9,0.110
32.9,0.110
32.9,0.110
32.9,0.110
32.9,0.110
32.9,0.110
32.9,0.110
32.9,0.110
32.9,0.110
32.9,0.110
32.9,0.110
32.9,0.110
32.9,0.110
32.9,0.110
32.9,0.110
32.9,0.110
32.9,0.110
32.9,0.110
32.9,0.110
32.9,0.115
32.9,0.115
32.9,0.115
32.9,0.115
32.9,0.115
32.9,0.115
32.9,0.115
32.9,0.115
32.9,0.115
32.9,0.115
32.9,0.115
32.9,0.115
32.9,0.115
32.9,0.115
32.9,0.115
32.9,0.115
32.9,0.115
32.9,0.115
32.9,0.115
32.9,0.115
32.9,0.115
32.9,0.115
32.9,0.115
32.9,0.115
32.9,0.115
32.9,0.115
32.9,0.115
32.9,0.115
32.9,0.115
32.9,0.115
32.9,0.115
32.9,0.115
32.9,0.115
32.9,0.115
32.9,0.115
32.9,0.115
32.9,0.115
32.9,0.115
32.9,0.115
32.9,0.115
32.9,0.115
32.9,0.115
32.9,0.115
32.9,0.115
32.9,0.115
32.9,0.115
32.9,0.115
32.9,0.115
32.9,0.115
32.9,0.115
32.9,0.115
32.9,0.115
32.9,0.115
32.9,0.115
32.9,0.115
32.9,0.115
32.9,0.115
32.9,0.115
32.9,0.120
32.9,0.120
32.9,0.120
32.9,0.120
32.9,0.120
32.9,0.120
32.9,0.120
32.9,0.120
32.9,0.120
32.9,0.120
32.9,0.120
32.9,0.120
32.9,0.120
32.9,0.120
32.9,0.120
32.9,0.120
32.9,0.120
32.9,0.120
32.9,0.120
32.9,0.120
32.9,0.120
32.9,0.120
32.9,0.120
32.9,0.120
32.9,0.120
32.9,0.120
32.9,0.120
32.9,0.120
32.9,0.120
32.9,0.120
32.9,0.120
32.9,0.120
32.9,0.120
32.9,0.120
32.9,0.120
32.9,0.120
32.9,0.120
32.9,0.120
32.9,0.120
32.9,0.120
32.9,0.120
32.9,0.120
32.9,0.120
32.9,0.120
32.9,0.120
32.9,0.120
32.9,0.120
32.9,0.120
32.9,0.120
32.9,0.120
32.9,0.120
32.9,0.120
32.9,0.120
32.9,0.120
32.9,0.120
32.9,0.120
32.9,0.120
32.9,0.125
32.9,0.125
32.9,0.125
32.9,0.125
32.9,0.125
32.9,0.125
32.9,0.125
32.9,0.125
32.9,0.125
32.9,0.125
32.9,0.125
32.9,0.125
32.9,0.125
32.9,0.125
32.9,0.125
32.9,0.125
32.9,0.125
32.9,0.125
32.9,0.125
32.9,0.125
32.9,0.125
32.9,0.125
32.9,0.125
32.9,0.125
32.9,0.125
32.9,0.125
32.9,0.125
32.9,0.125
32.9,0.125
33.0,0.125
33.0,0.125
33.0,0.125
33.0,0.125
33.0,0.125
33.0,0.125
33.0,0.125
33.0,0.125
33.0,0.125
33.0,0.125
33.0,0.125
33.0,0.125
33.0,0.125
33.0,0.125
33.0,0.125
33.0,0.125
33.0,0.125
33.0,0.125
33.0,0.125
33.0,0.125
33.0,0.125
33.0,0.125
33.0,0.125
33.0,0.125
33.0,0.125
33.0,0.130
33.0,0.130
33.0,0.130
33.0,0.130
33.0,0.130
33.0,0.130
33.0,0.130
33.0,0.130
33.0,0.130
33.0,0.130
33.0,0.130
33.0,0.130
33.0,0.130
33.0,0.130
33.0,0.130
33.0,0.130
33.0,0.130
33.0,0.130
33.0,0.130
33.0,0.130
33.0,0.130
33.0,0.130
33.0,0.130
33.0,0.130
33.0,0.130
33.0,0.130
33.0,0.130
33.0,0.130
33.0,0.130
33.0,0.130
33.0,0.130
33.0,0.130
33.0,0.130
33.0,0.130
33.0,0.130
33.0,0.130
33.0,0.130
33.0,0.130
33.0,0.130
33.0,0.130
33.0,0.130
33.0,0.130
33.0,0.130
33.0,0.130
33.0,0.130
33.0,0.130
33.0,0.130
33.0,0.130
33.0,0.130
33.0,0.130
33.0,0.130
33.0,0.135
33.0,0.135
33.0,0.135
33.0,0.135
33.0,0.135
33.0,0.135
33.0,0.135
33.0,0.135
33.0,0.135
33.0,0.135
33.0,0.135
33.0,0.135
33.0,0.135
33.0,0.135
33.0,0.135
33.0,0.135
33.0,0.135
33.0,0.135
33.0,0.135
33.0,0.135
33.0,0.135
33.0,0.135
33.0,0.135
33.0,0.135
33.0,0.135
33.0,0.135
33.0,0.135
33.0,0.135
33.0,0.135
33.0,0.135
33.0,0.135
33.0,0.135
33.0,0.135
33.0,0.135
33.0,0.135
33.0,0.135
33.0,0.135
33.0,0.135
33.0,0.135
33.0,0.135
33.0,0.135
33.0,0.135
33.0,0.135
33.0,0.135
33.0,0.135
33.0,0.135
33.0,0.135
33.0,0.135
33.0,0.135
33.0,0.140
33.0,0.140
33.0,0.140
33.0,0.140
33.0,0.140
33.0,0.140
33.0,0.140
33.0,0.140
33.0,0.140
33.0,0.140
33.0,0.140
33.0,0.140
33.0,0.140
33.0,0.140
33.0,0.140
33.0,0.140
33.0,0.140
33.0,0.140
33.0,0.140
33.0,0.140
33.0,0.140
33.0,0.140
33.0,0.140
33.0,0.140
33.0,0.140
33.0,0.140
33.0,0.140
33.0,0.140
33.0,0.140
33.0,0.140
33.0,0.140
33.0,0.140
33.0,0.140
33.0,0.140
33.0,0.140
33.0,0.140
33.0,0.140
33.0,0.140
33.0,0.140
33.0,0.140
33.0,0.140
33.0,0.140
33.0,0.140
33.0,0.140
33.0,0.140
33.0,0.140
33.0,0.140
33.0,0.140
33.0,0.140
33.0,0.140
33.0,0.145
33.0,0.145
33.0,0.145
33.0,0.145
33.0,0.145
33.0,0.145
33.0,0.145
33.0,0.145
33.0,0.145
33.0,0.145
33.0,0.145
33.0,0.145
33.0,0.145
33.0,0.145
33.0,0.145
33.0,0.145
33.0,0.145
33.0,0.145
33.0,0.145
33.0,0.145
33.0,0.145
33.0,0.145
33.0,0.145
33.0,0.145
33.0,0.145
33.0,0.145
33.0,0.145
33.0,0.145
33.0,0.145
33.0,0.145
33.0,0.145
33.0,0.145
33.0,0.145
33.1,0.145
33.1,0.145
33.1,0.145
33.1,0.145
33.1,0.145
33.1,0.145
33.1,0.145
33.1,0.145
33.1,0.145
33.1,0.145
33.1,0.145
33.1,0.145
33.1,0.145
33.1,0.145
33.1,0.145
33.1,0.145
33.1,0.145
33.1,0.145
33.1,0.145
33.1,0.145
33.1,0.150
33.1,0.150
33.1,0.150
33.1,0.150
33.1,0.150
33.1,0.150
33.1,0.150
33.1,0.150
33.1,0.150
33.1,0.150
33.1,0.150
33.1,0.150
33.1,0.150
33.1,0.150
33.1,0.150
33.1,0.150
33.1,0.150
33.1,0.150
33.1,0.150
33.1,0.150
33.1,0.150
33.1,0.150
33.1,0.150
33.1,0.150
33.1,0.150
33.1,0.150
33.1,0.150
33.1,0.150
33.1,0.150
33.1,0.150
33.1,0.150
33.1,0.150
33.1,0.150
33.1,0.150
33.1,0.150
33.1,0.150
33.1,0.150
33.1,0.150
33.1,0.150
33.1,0.150
33.1,0.150
33.1,0.150
33.1,0.150
33.1,0.150
33.1,0.150
33.1,0.150
33.1,0.150
33.1,0.150
33.1,0.150
33.1,0.150
33.2,0.150
33.2,0.150
33.2,0.150
33.2,0.150
33.2,0.150
33.2,0.150
33.2,0.150
33.2,0.150
33.2,0.150
33.2,0.150
33.2,0.155
33.2,0.155
33.2,0.155
33.2,0.155
33.2,0.155
33.2,0.155
33.2,0.155
33.2,0.155
33.2,0.155
33.2,0.155
33.2,0.155
33.2,0.155
33.2,0.155
33.2,0.155
33.2,0.155
33.2,0.155
33.2,0.155
33.2,0.155
33.2,0.155
33.2,0.155
33.2,0.155
33.3,0.155
33.3,0.155
33.3,0.155
33.3,0.155
33.3,0.155
33.3,0.155
33.3,0.155
33.3,0.155
33.3,0.155
33.3,0.155
33.3,0.155
33.3,0.155
33.3,0.155
33.3,0.155
33.3,0.155
33.3,0.155
33.3,0.155
33.3,0.155
33.3,0.155
33.3,0.155
33.3,0.155
33.3,0.155
33.3,0.155
33.3,0.155
33.3,0.155
33.3,0.155
33.3,0.155
33.3,0.155
33.3,0.155
33.3,0.155
33.3,0.155
33.3,0.155
33.3,0.155
33.3,0.155
33.3,0.155
33.3,0.155
33.4,0.160
33.4,0.160
33.4,0.160
33.4,0.160
33.4,0.160
33.4,0.160
33.4,0.160
33.4,0.160
33.4,0.160
33.4,0.160
33.4,0.160
33.4,0.160
33.4,0.160
33.4,0.160
33.4,0.160
33.4,0.160
33.4,0.160
33.4,0.160
33.4,0.160
33.4,0.160
33.4,0.160
33.4,0.160
33.4,0.160
33.4,0.160
33.4,0.160
33.4,0.160
33.4,0.160
33.4,0.160
33.4,0.160
33.4,0.160
33.4,0.160
33.4,0.160
33.4,0.160
33.4,0.160
33.4,0.160
33.4,0.160
33.4,0.160
33.4,0.160
33.4,0.160
33.4,0.160
33.4,0.160
33.4,0.160
33.4,0.160
33.4,0.160
33.4,0.160
33.4,0.160
33.4,0.160
33.4,0.160
33.4,0.160
33.4,0.160
33.4,0.160
33.4,0.160
33.4,0.160
33.4,0.160
33.4,0.160
33.4,0.160
33.4,0.165
33.4,0.165
33.4,0.165
33.4,0.165
33.4,0.165
33.4,0.165
33.4,0.165
33.3,0.165
33.3,0.165
33.3,0.165
33.3,0.165
33.3,0.165
33.3,0.165
33.3,0.165
33.3,0.165
33.3,0.165
33.3,0.165
33.3,0.165
33.3,0.165
33.3,0.165
33.3,0.165
33.3,0.165
33.3,0.165
33.3,0.165
33.3,0.165
33.3,0.165
33.3,0.165
33.3,0.165
33.3,0.165
33.3,0.165
33.3,0.165
33.3,0.165
33.3,0.165
33.3,0.165
33.3,0.165
33.3,0.165
33.3,0.165
33.3,0.165
33.3,0.165
33.3,0.165
33.3,0.165
33.3,0.165
33.3,0.165
33.3,0.165
33.3,0.165
33.3,0.165
33.3,0.165
33.3,0.165
33.3,0.165
33.3,0.165
33.3,0.165
33.3,0.165
33.3,0.165
33.3,0.170
33.3,0.170
33.3,0.170
33.3,0.170
33.3,0.170
33.3,0.170
33.3,0.170
33.3,0.170
33.3,0.170
33.3,0.170
33.3,0.170
33.3,0.170
33.3,0.170
33.3,0.170
33.3,0.170
33.3,0.170
33.3,0.170
33.3,0.170
33.3,0.170
33.3,0.170
33.3,0.170
33.3,0.170
33.3,0.170
33.3,0.170
33.3,0.170
33.3,0.170
33.3,0.170
33.3,0.170
33.3,0.170
33.3,0.170
33.3,0.170
33.3,0.170
33.3,0.170
33.3,0.170
33.3,0.170
33.3,0.170
33.3,0.170
33.3,0.170
33.3,0.170
33.3,0.170
33.3,0.170
33.3,0.170
33.3,0.170
33.3,0.170
33.3,0.170
33.3,0.170
33.3,0.170
33.3,0.170
33.3,0.170
33.3,0.170
33.3,0.175
33.3,0.175
33.3,0.175
33.3,0.175
33.3,0.175
33.3,0.175
33.3,0.175
33.3,0.175
33.3,0.175
33.3,0.175
33.3,0.175
33.3,0.175
33.3,0.175
33.3,0.175
33.3,0.175
33.3,0.175
33.3,0.175
33.3,0.175
33.3,0.175
33.3,0.175
33.3,0.175
33.3,0.175
33.3,0.175
33.3,0.175
33.3,0.175
33.3,0.175
33.3,0.175
33.3,0.175
33.3,0.175
33.3,0.175
33.3,0.175
33.3,0.175
33.3,0.175
33.3,0.175
33.3,0.175
33.3,0.175
33.3,0.175
33.3,0.175
33.3,0.175
33.3,0.175
33.3,0.175
33.3,0.175
33.3,0.175
33.3,0.175
33.3,0.175
33.3,0.175
33.3,0.175
33.3,0.175
33.3,0.180
33.3,0.180
33.3,0.180
33.3,0.180
33.3,0.180
33.3,0.180
33.3,0.180
33.3,0.180
33.3,0.180
33.3,0.180
33.3,0.180
33.3,0.180
33.3,0.180
33.3,0.180
33.3,0.180
33.3,0.180
33.3,0.180
33.3,0.180
33.3,0.180
33.3,0.180
33.3,0.180
33.3,0.180
33.3,0.180
33.3,0.180
33.3,0.180
33.3,0.180
33.3,0.180
33.3,0.180
33.3,0.180
33.3,0.180
33.3,0.180
33.3,0.180
33.3,0.180
33.3,0.180
33.3,0.180
33.3,0.180
33.3,0.180
33.3,0.180
33.3,0.180
33.3,0.180
33.3,0.180
33.3,0.180
33.3,0.180
33.3,0.180
33.3,0.185
33.3,0.185
33.3,0.185
33.3,0.185
33.3,0.185
33.3,0.185
33.3,0.185
33.3,0.185
33.3,0.185
33.3,0.185
33.3,0.185
33.3,0.185
33.3,0.185
33.3,0.185
33.3,0.185
33.3,0.185
33.3,0.185
33.3,0.185
33.3,0.185
33.3,0.185
33.3,0.185
33.3,0.185
33.3,0.185
33.3,0.185
33.3,0.185
33.3,0.185
33.3,0.185
33.3,0.185
33.3,0.185
33.3,0.185
33.3,0.185
33.3,0.185
33.3,0.185
33.3,0.185
33.3,0.185
33.3,0.185
33.3,0.185
33.3,0.185
33.3,0.185
33.3,0.190
33.3,0.190
33.3,0.190
33.3,0.190
33.3,0.190
33.3,0.190
33.3,0.190
33.3,0.190
33.3,0.190
33.3,0.190
33.3,0.190
33.3,0.190
33.3,0.190
33.3,0.190
33.4,0.190
33.4,0.190
33.4,0.190
33.4,0.190
33.4,0.190
33.4,0.190
33.4,0.190
33.4,0.190
33.4,0.190
33.4,0.190
33.4,0.190
33.4,0.190
33.4,0.190
33.4,0.190
33.4,0.190
33.4,0.190
33.4,0.190
33.4,0.190
33.4,0.190
33.4,0.195
33.4,0.195
33.4,0.195
33.4,0.195
33.4,0.195
33.4,0.195
33.4,0.195
33.4,0.195
33.4,0.195
33.4,0.195
33.4,0.195
33.4,0.195
33.4,0.195
33.4,0.195
33.4,0.195
33.4,0.195
33.4,0.195
33.4,0.195
33.4,0.195
33.4,0.195
33.4,0.195
33.4,0.195
33.4,0.195
33.4,0.195
33.4,0.195
33.4,0.195
33.4,0.195
33.4,0.195
33.4,0.195
33.4,0.195
33.4,0.195
33.4,0.195
33.4,0.195
33.4,0.195
33.4,0.195
33.4,0.200
33.4,0.200
33.4,0.200
33.4,0.200
33.4,0.200
33.4,0.200
33.4,0.200
33.4,0.200
33.4,0.200
33.4,0.200
33.4,0.200
33.4,0.200
33.4,0.200
33.4,0.200
33.4,0.200
33.4,0.200
33.4,0.200
33.4,0.200
33.4,0.200
33.4,0.200
33.4,0.200
33.4,0.200
33.4,0.200
33.4,0.200
33.4,0.200
33.4,0.200
33.4,0.200
33.4,0.200
33.4,0.200
33.4,0.200
33.4,0.200
33.4,0.200
33.4,0.200
33.4,0.200
33.4,0.205
33.4,0.205
33.4,0.205
33.4,0.205
33.4,0.205
33.4,0.205
33.4,0.205
33.4,0.205
33.4,0.205
33.4,0.205
33.4,0.205
33.4,0.205
33.4,0.205
33.4,0.205
33.4,0.205
33.4,0.205
33.4,0.205
33.4,0.205
33.4,0.205
33.4,0.205
33.3,0.205
33.3,0.205
33.3,0.205
33.3,0.205
33.3,0.205
33.3,0.205
33.3,0.205
33.3,0.205
33.3,0.205
33.3,0.205
33.3,0.205
33.3,0.210
33.3,0.210
33.3,0.210
33.3,0.210
33.3,0.210
33.3,0.210
33.3,0.210
33.3,0.210
33.3,0.210
33.3,0.210
33.3,0.210
33.3,0.210
33.3,0.210
33.3,0.210
33.3,0.210
33.3,0.210
33.3,0.210
33.3,0.210
33.3,0.210
33.3,0.210
33.3,0.210
33.3,0.210
33.3,0.210
33.3,0.210
33.3,0.210
33.2,0.210
33.2,0.210
33.2,0.210
33.2,0.210
33.2,0.210
33.2,0.215
33.2,0.215
33.2,0.215
33.2,0.215
33.2,0.215
33.2,0.215
33.3,0.215
33.3,0.215
33.3,0.215
33.3,0.215
33.3,0.215
33.3,0.215
33.3,0.215
33.3,0.215
33.3,0.215
33.3,0.215
33.3,0.215
33.3,0.215
33.3,0.215
33.2,0.215
33.2,0.215
33.2,0.215
33.2,0.215
33.2,0.215
33.2,0.215
33.2,0.215
33.2,0.215
33.3,0.215
33.3,0.215
33.3,0.215
33.3,0.215
33.3,0.215
33.3,0.220
33.3,0.220
33.3,0.220
33.3,0.220
33.3,0.220
33.3,0.220
33.3,0.220
33.3,0.220
33.3,0.220
33.3,0.220
33.3,0.220
33.3,0.220
33.3,0.220
33.3,0.220
33.2,0.220
33.2,0.220
33.2,0.220
33.2,0.220
33.2,0.220
33.2,0.220
33.2,0.220
33.2,0.220
33.2,0.220
33.2,0.220
33.2,0.220
33.2,0.220
33.2,0.220
33.2,0.220
33.2,0.220
33.2,0.220
33.2,0.220
33.2,0.220
33.2,0.225
33.2,0.225
33.2,0.225
33.2,0.225
33.2,0.225
33.2,0.225
33.2,0.225
33.2,0.225
33.2,0.225
33.2,0.225
33.2,0.225
33.2,0.225
33.2,0.225
33.2,0.225
33.2,0.225
33.2,0.225
33.2,0.225
33.2,0.225
33.2,0.225
33.2,0.225
33.2,0.225
33.2,0.225
33.2,0.225
33.2,0.225
33.2,0.225
33.2,0.225
33.2,0.225
33.2,0.225
33.2,0.225
33.2,0.230
33.2,0.230
33.2,0.230
33.2,0.230
33.2,0.230
33.2,0.230
33.2,0.230
33.2,0.230
33.2,0.230
33.2,0.230
33.2,0.230
33.2,0.230
33.2,0.230
33.2,0.230
33.2,0.230
33.2,0.230
33.2,0.230
33.2,0.230
33.2,0.230
33.2,0.230
33.2,0.230
33.2,0.230
33.2,0.230
33.2,0.230
33.2,0.230
33.2,0.230
33.2,0.230
33.2,0.230
33.2,0.230
33.1,0.230
33.1,0.230
33.1,0.235
33.1,0.235
33.1,0.235
33.1,0.235
33.1,0.235
33.2,0.235
33.2,0.235
33.1,0.235
33.1,0.235
33.1,0.235
33.1,0.235
33.1,0.235
33.1,0.235
33.1,0.235
33.1,0.235
33.1,0.235
33.1,0.235
33.1,0.235
33.1,0.235
33.1,0.235
33.1,0.235
33.0,0.235
33.0,0.235
33.0,0.235
33.0,0.235
33.0,0.235
33.0,0.235
33.0,0.235
33.0,0.235
33.0,0.235
33.0,0.240
33.0,0.240
33.0,0.240
33.0,0.240
33.0,0.240
33.0,0.240
33.0,0.240
33.0,0.240
33.0,0.240
33.0,0.240
33.0,0.240
33.0,0.240
33.0,0.240
33.0,0.240
33.0,0.240
33.0,0.240
33.0,0.240
33.0,0.240
33.0,0.240
33.0,0.240
33.0,0.240
33.0,0.240
33.0,0.240
33.0,0.240
33.0,0.240
33.0,0.240
33.0,0.240
33.0,0.240
33.0,0.240
33.0,0.245
33.0,0.245
33.0,0.245
33.0,0.245
33.0,0.245
33.0,0.245
33.0,0.245
33.0,0.245
33.0,0.245
33.0,0.245
33.0,0.245
33.0,0.245
33.0,0.245
33.0,0.245
33.0,0.245
33.0,0.245
33.0,0.245
33.0,0.245
33.0,0.245
33.0,0.245
33.0,0.245
32.9,0.245
32.9,0.245
32.9,0.245
32.9,0.245
32.9,0.245
32.9,0.245
32.9,0.250
32.9,0.250
32.9,0.250
33.0,0.250
33.0,0.250
33.0,0.250
33.0,0.250
33.0,0.250
33.0,0.250
33.0,0.250
33.0,0.250
33.0,0.250
33.0,0.250
33.0,0.250
33.0,0.250
33.0,0.250
33.0,0.250
33.0,0.250
33.0,0.250
33.0,0.250
33.0,0.250
33.0,0.250
33.0,0.250
33.0,0.250
33.0,0.255
33.0,0.255
33.0,0.255
33.0,0.255
32.9,0.255
32.9,0.255
32.9,0.255
32.9,0.255
32.9,0.255
32.9,0.255
32.9,0.255
32.9,0.255
33.0,0.255
33.0,0.255
33.0,0.255
33.0,0.255
33.0,0.255
33.0,0.255
33.0,0.255
33.0,0.255
33.0,0.255
33.0,0.255
32.9,0.255
32.9,0.255
32.9,0.255
32.9,0.255
32.9,0.255
32.9,0.260
32.9,0.260
32.9,0.260
32.9,0.260
32.9,0.260
32.9,0.260
32.9,0.260
32.9,0.260
32.9,0.260
32.9,0.260
32.9,0.260
32.9,0.260
32.9,0.260
32.9,0.260
32.9,0.260
32.9,0.260
32.9,0.260
32.9,0.260
32.9,0.260
32.9,0.260
32.9,0.260
32.9,0.260
32.9,0.260
32.9,0.260
32.9,0.260
32.9,0.260
32.9,0.265
32.9,0.265
32.9,0.265
32.9,0.265
32.9,0.265
32.9,0.265
32.9,0.265
32.9,0.265
32.9,0.265
32.9,0.265
32.9,0.265
32.9,0.265
32.9,0.265
32.9,0.265
32.9,0.265
32.9,0.265
32.9,0.265
32.9,0.265
32.9,0.265
32.9,0.265
32.9,0.265
32.9,0.265
32.9,0.265
32.9,0.265
32.9,0.265
32.9,0.270
32.9,0.270
32.9,0.270
32.9,0.270
32.9,0.270
32.9,0.270
32.9,0.270
32.9,0.270
32.9,0.270
32.9,0.270
32.9,0.270
32.9,0.270
32.9,0.270
32.9,0.270
32.9,0.270
32.9,0.270
32.9,0.270
32.9,0.270
32.9,0.270
32.9,0.270
32.9,0.270
32.9,0.270
32.9,0.275
32.9,0.275
32.9,0.275
32.9,0.275
32.9,0.275
32.9,0.275
32.9,0.275
32.9,0.275
32.9,0.275
32.9,0.275
32.9,0.275
32.9,0.275
32.9,0.275
32.9,0.275
32.9,0.275
32.9,0.275
32.9,0.275
32.9,0.275
32.9,0.275
32.9,0.275
32.9,0.275
32.9,0.275
32.9,0.275
32.9,0.275
32.9,0.275
32.9,0.280
32.9,0.280
32.9,0.280
32.9,0.280
32.9,0.280
32.9,0.280
32.9,0.280
32.9,0.280
32.9,0.280
32.9,0.280
32.9,0.280
32.9,0.280
32.9,0.280
32.9,0.280
32.9,0.280
32.9,0.280
32.9,0.280
32.9,0.280
32.9,0.280
32.9,0.280
32.9,0.280
32.9,0.280
32.9,0.280
32.9,0.280
32.9,0.285
32.9,0.285
32.9,0.285
32.9,0.285
32.9,0.285
32.9,0.285
32.9,0.285
32.9,0.285
32.9,0.285
32.9,0.285
32.9,0.285
32.9,0.285
32.9,0.285
32.9,0.285
32.9,0.285
32.9,0.285
32.9,0.285
32.9,0.285
32.9,0.285
32.9,0.285
32.9,0.285
32.9,0.290
32.9,0.290
32.9,0.290
32.9,0.290
32.9,0.290
32.9,0.290
32.9,0.290
32.9,0.290
32.9,0.290
32.9,0.290
32.9,0.290
32.9,0.290
32.9,0.290
32.9,0.290
32.9,0.290
32.9,0.290
32.9,0.290
32.9,0.290
32.9,0.290
32.9,0.290
32.9,0.290
32.9,0.290
32.9,0.295
32.9,0.295
32.9,0.295
32.9,0.295
32.9,0.295
32.9,0.295
32.9,0.295
32.9,0.295
32.9,0.295
32.9,0.295
32.9,0.295
32.9,0.295
32.8,0.295
32.8,0.295
32.8,0.295
32.8,0.295
32.8,0.295
32.8,0.295
32.8,0.295
32.8,0.295
32.8,0.295
32.8,0.295
32.8,0.300
32.8,0.300
32.8,0.300
32.8,0.300
32.8,0.300
32.9,0.300
32.9,0.300
32.9,0.300
32.9,0.300
32.9,0.300
32.9,0.300
32.9,0.300
32.9,0.300
32.9,0.300
32.9,0.300
32.9,0.300
32.9,0.300
32.9,0.300
32.9,0.300
32.9,0.300
32.9,0.300
32.9,0.300
32.9,0.305
32.9,0.305
32.9,0.305
32.9,0.305
32.9,0.305
32.9,0.305
32.9,0.305
32.9,0.305
32.9,0.305
32.9,0.305
32.9,0.305
32.9,0.305
32.9,0.305
32.9,0.305
32.9,0.305
32.9,0.305
32.9,0.305
32.9,0.305
32.9,0.305
32.9,0.305
32.9,0.310
32.9,0.310
32.9,0.310
32.9,0.310
32.9,0.310
32.9,0.310
32.8,0.310
32.8,0.310
32.8,0.310
32.8,0.310
32.8,0.310
32.8,0.310
32.8,0.310
32.8,0.310
32.8,0.310
32.8,0.310
32.8,0.310
32.8,0.310
32.8,0.310
32.8,0.310
32.8,0.310
32.8,0.310
32.8,0.315
32.8,0.315
32.8,0.315
32.8,0.315
32.8,0.315
32.8,0.315
32.8,0.315
32.7,0.315
32.7,0.315
32.7,0.315
32.7,0.315
32.7,0.315
32.7,0.315
32.7,0.315
32.7,0.315
32.7,0.315
32.7,0.315
32.7,0.315
32.7,0.315
32.7,0.315
32.7,0.315
32.7,0.320
32.7,0.320
32.7,0.320
32.7,0.320
32.7,0.320
32.7,0.320
32.7,0.320
32.7,0.320
32.7,0.320
32.7,0.320
32.7,0.320
32.7,0.320
32.7,0.320
32.7,0.320
32.7,0.320
32.7,0.320
32.7,0.320
32.7,0.320
32.7,0.320
32.7,0.320
32.7,0.320
32.7,0.320
32.7,0.325
32.7,0.325
32.7,0.325
32.8,0.325
32.8,0.325
32.8,0.325
32.8,0.325
32.8,0.325
32.8,0.325
32.8,0.325
32.8,0.325
32.8,0.325
32.8,0.325
32.8,0.325
32.8,0.325
32.8,0.325
32.8,0.325
32.8,0.325
32.8,0.325
32.8,0.325
32.8,0.325
32.9,0.330
33.0,0.330
33.0,0.330
33.0,0.330
33.0,0.330
33.0,0.330
33.0,0.330
33.0,0.330
33.0,0.330
33.0,0.330
33.1,0.330
33.1,0.330
33.1,0.330
33.1,0.330
33.1,0.330
33.1,0.330
33.1,0.330
33.1,0.330
33.1,0.330
33.1,0.330
33.1,0.330
33.1,0.335
33.1,0.335
33.2,0.335
33.2,0.335
33.2,0.335
33.2,0.335
33.2,0.335
33.2,0.335
33.2,0.335
33.2,0.335
33.2,0.335
33.2,0.335
33.2,0.335
33.2,0.335
33.2,0.335
33.2,0.335
33.2,0.335
33.2,0.335
33.3,0.335
33.3,0.335
33.3,0.335
33.3,0.335
33.3,0.335
33.3,0.340
33.3,0.340
33.3,0.340
33.3,0.340
33.3,0.340
33.3,0.340
33.3,0.340
33.3,0.340
33.3,0.340
33.4,0.340
33.4,0.340
33.4,0.340
33.4,0.340
33.4,0.340
33.4,0.340
33.4,0.340
33.4,0.340
33.4,0.340
33.4,0.340
33.4,0.340
33.4,0.340
33.4,0.340
33.4,0.340
33.4,0.340
33.4,0.345
33.4,0.345
33.4,0.345
33.5,0.345
33.5,0.345
33.5,0.345
33.5,0.345
33.5,0.345
33.5,0.345
33.5,0.345
33.5,0.345
33.5,0.345
33.6,0.345
33.6,0.345
33.6,0.345
33.6,0.345
33.6,0.345
33.6,0.345
33.6,0.345
33.6,0.345
33.6,0.345
33.6,0.345
33.6,0.345
33.6,0.345
33.6,0.345
33.6,0.350
33.6,0.350
33.6,0.350
33.6,0.350
33.6,0.350
33.6,0.350
33.6,0.350
33.6,0.350
33.6,0.350
33.6,0.350
33.6,0.350
33.6,0.350
33.6,0.350
33.6,0.350
33.7,0.350
33.7,0.350
33.7,0.350
33.7,0.350
33.7,0.350
33.7,0.350
33.7,0.350
33.7,0.350
33.6,0.350
33.6,0.355
33.6,0.355
33.6,0.355
33.6,0.355
33.6,0.355
33.6,0.355
33.6,0.355
33.6,0.355
33.6,0.355
33.6,0.355
33.6,0.355
33.6,0.355
33.6,0.355
33.6,0.355
33.6,0.355
33.6,0.355
33.6,0.355
33.6,0.355
33.6,0.355
33.6,0.355
33.6,0.355
33.6,0.355
33.6,0.355
33.6,0.355
33.6,0.355
33.6,0.355
33.6,0.355
33.6,0.355
33.6,0.360
33.6,0.360
33.6,0.360
33.6,0.360
33.6,0.360
33.6,0.360
33.6,0.360
33.6,0.360
33.6,0.360
33.6,0.360
33.6,0.360
33.6,0.360
33.6,0.360
33.6,0.360
33.6,0.360
33.6,0.360
33.6,0.360
33.6,0.360
33.6,0.360
33.6,0.360
33.6,0.360
33.6,0.360
33.6,0.360
33.6,0.360
33.6,0.360
33.5,0.360
33.5,0.360
33.5,0.365
33.5,0.365
33.5,0.365
33.5,0.365
33.5,0.365
33.5,0.365
33.5,0.365
33.5,0.365
33.5,0.365
33.5,0.365
33.5,0.365
33.5,0.365
33.5,0.365
33.5,0.365
33.5,0.365
33.5,0.365
33.5,0.365
33.5,0.365
33.5,0.365
33.5,0.365
33.5,0.365
33.5,0.365
33.5,0.365
33.5,0.365
33.5,0.365
33.5,0.365
33.5,0.365
33.5,0.370
33.5,0.370
33.5,0.370
33.5,0.370
33.5,0.370
33.5,0.370
33.5,0.370
33.5,0.370
33.5,0.370
33.5,0.370
33.5,0.370
33.5,0.370
33.5,0.370
33.5,0.370
33.5,0.370
33.5,0.370
33.5,0.370
33.5,0.370
33.5,0.370
33.5,0.370
33.5,0.370
33.5,0.370
33.4,0.370
33.4,0.370
33.4,0.370
33.4,0.370
33.4,0.370
33.4,0.370
33.4,0.370
33.4,0.370
33.4,0.375
33.4,0.375
33.4,0.375
33.4,0.375
33.5,0.375
33.5,0.375
33.5,0.375
33.5,0.375
33.5,0.375
33.5,0.375
33.5,0.375
33.5,0.375
33.5,0.375
33.5,0.375
33.5,0.375
33.5,0.375
33.5,0.375
33.5,0.375
33.5,0.375
33.5,0.375
33.5,0.375
33.5,0.375
33.5,0.375
33.5,0.375
33.5,0.375
33.5,0.375
33.5,0.375
33.5,0.375
33.5,0.375
33.5,0.375
33.5,0.380
33.5,0.380
33.5,0.380
33.5,0.380
33.5,0.380
33.5,0.380
33.5,0.380
33.5,0.380
33.5,0.380
33.5,0.380
33.5,0.380
33.5,0.380
33.5,0.380
33.5,0.380
33.5,0.380
33.5,0.380
33.5,0.380
33.5,0.380
33.5,0.380
33.5,0.380
33.5,0.380
33.5,0.380
33.5,0.380
33.5,0.380
33.5,0.380
33.5,0.380
33.5,0.380
33.5,0.380
33.5,0.380
33.5,0.380
33.5,0.385
33.5,0.385
33.5,0.385
33.5,0.385
33.5,0.385
33.5,0.385
33.5,0.385
33.5,0.385
33.5,0.385
33.5,0.385
33.5,0.385
33.5,0.385
33.5,0.385
33.5,0.385
33.5,0.385
33.5,0.385
33.5,0.385
33.5,0.385
33.5,0.385
33.4,0.385
33.4,0.385
33.4,0.385
33.4,0.385
33.4,0.385
33.4,0.385
33.4,0.385
33.4,0.385
33.4,0.390
33.4,0.390
33.4,0.390
33.4,0.390
33.4,0.390
33.4,0.390
33.4,0.390
33.4,0.390
33.4,0.390
33.4,0.390
33.4,0.390
33.4,0.390
33.4,0.390
33.4,0.390
33.4,0.390
33.4,0.390
33.4,0.390
33.4,0.390
33.4,0.390
33.4,0.390
33.4,0.390
33.4,0.390
33.4,0.390
33.4,0.390
33.4,0.390
33.4,0.390
33.4,0.390
33.4,0.390
33.4,0.390
33.4,0.395
33.4,0.395
33.4,0.395
33.4,0.395
33.4,0.395
33.4,0.395
33.4,0.395
33.4,0.395
33.4,0.395
33.4,0.395
33.4,0.395
33.4,0.395
33.4,0.395
33.4,0.395
33.4,0.395
33.4,0.395
33.4,0.395
33.4,0.395
33.4,0.395
33.4,0.395
33.4,0.395
33.4,0.395
33.4,0.395
33.4,0.395
33.4,0.395
33.4,0.395
33.4,0.395
33.4,0.400
33.4,0.400
33.4,0.400
33.4,0.400
33.4,0.400
33.4,0.400
33.4,0.400
33.4,0.400
33.4,0.400
33.4,0.400
33.4,0.400
33.4,0.400
33.4,0.400
33.4,0.400
33.4,0.400
33.4,0.400
33.4,0.400
33.4,0.400
33.4,0.400
33.4,0.400
33.4,0.400
33.4,0.400
33.4,0.400
33.4,0.400
33.4,0.400
33.4,0.400
33.4,0.400
33.4,0.400
33.5,0.400
33.4,0.405
33.4,0.405
33.4,0.405
33.4,0.405
33.4,0.405
33.4,0.405
33.4,0.405
33.4,0.405
33.4,0.405
33.4,0.405
33.4,0.405
33.4,0.405
33.4,0.405
33.4,0.405
33.4,0.405
33.4,0.405
33.4,0.405
33.4,0.405
33.4,0.405
33.4,0.405
33.4,0.405
33.4,0.405
33.4,0.405
33.4,0.405
33.4,0.405
33.4,0.405
33.4,0.410
33.4,0.410
33.4,0.410
33.4,0.410
33.4,0.410
33.4,0.410
33.4,0.410
33.4,0.410
33.4,0.410
33.4,0.410
33.4,0.410
33.4,0.410
33.4,0.410
33.4,0.410
33.4,0.410
33.4,0.410
33.4,0.410
33.4,0.410
33.4,0.410
33.4,0.410
33.4,0.410
33.4,0.410
33.4,0.410
33.4,0.410
33.4,0.410
33.4,0.415
33.4,0.415
33.4,0.415
33.4,0.415
33.4,0.415
33.4,0.415
33.4,0.415
33.4,0.415
33.4,0.415
33.4,0.415
33.4,0.415
33.4,0.415
33.4,0.415
33.4,0.415
33.4,0.415
33.4,0.415
33.4,0.415
33.4,0.415
33.4,0.415
33.4,0.415
33.4,0.415
33.4,0.415
33.4,0.415
33.4,0.415
33.4,0.415
33.4,0.415
33.4,0.420
33.4,0.420
33.4,0.420
33.4,0.420
33.4,0.420
33.4,0.420
33.4,0.420
33.4,0.420
33.4,0.420
33.4,0.420
33.4,0.420
33.4,0.420
33.4,0.420
33.4,0.420
33.4,0.420
33.4,0.420
33.4,0.420
33.4,0.420
33.4,0.420
33.4,0.420
33.4,0.420
33.4,0.420
33.4,0.420
33.4,0.420
33.4,0.425
33.4,0.425
33.4,0.425
33.4,0.425
33.4,0.425
33.4,0.425
33.4,0.425
33.4,0.425
33.4,0.425
33.4,0.425
33.4,0.425
33.4,0.425
33.4,0.425
33.4,0.425
33.4,0.425
33.4,0.425
33.4,0.425
33.4,0.425
33.4,0.425
33.4,0.425
33.4,0.425
33.4,0.425
33.4,0.425
33.4,0.430
33.4,0.430
33.4,0.430
33.4,0.430
33.4,0.430
33.4,0.430
33.4,0.430
33.4,0.430
33.4,0.430
33.4,0.430
33.4,0.430
33.4,0.430
33.4,0.430
33.4,0.430
33.3,0.430
33.3,0.430
33.3,0.430
33.3,0.430
33.3,0.430
33.3,0.430
33.3,0.430
33.3,0.435
33.3,0.435
33.3,0.435
33.3,0.435
33.3,0.435
33.3,0.435
33.3,0.435
33.4,0.435
33.4,0.435
33.4,0.435
33.4,0.435
33.4,0.435
33.4,0.435
33.4,0.435
33.4,0.435
33.4,0.435
33.4,0.435
33.4,0.435
33.4,0.435
33.4,0.435
33.4,0.435
33.4,0.435
33.4,0.435
33.4,0.440
33.4,0.440
33.4,0.440
33.4,0.440
33.4,0.440
33.4,0.440
33.4,0.440
33.3,0.440
33.3,0.440
33.3,0.440
33.3,0.440
33.3,0.440
33.3,0.440
33.3,0.440
33.3,0.440
33.3,0.440
33.4,0.440
33.4,0.440
33.4,0.440
33.4,0.440
33.4,0.440
33.4,0.440
33.4,0.440
33.4,0.445
33.4,0.445
33.4,0.445
33.4,0.445
33.4,0.445
33.4,0.445
33.4,0.445
33.4,0.445
33.4,0.445
33.4,0.445
33.4,0.445
33.4,0.445
33.3,0.445
33.3,0.445
33.3,0.445
33.3,0.445
33.3,0.445
33.3,0.445
33.3,0.445
33.3,0.445
33.3,0.450
33.3,0.450
33.3,0.450
33.3,0.450
33.3,0.450
33.3,0.450
33.3,0.450
33.3,0.450
33.3,0.450
33.3,0.450
33.3,0.450
33.3,0.450
33.3,0.450
33.3,0.450
33.3,0.450
33.3,0.450
33.3,0.450
33.3,0.450
33.3,0.450
33.3,0.450
33.3,0.450
33.3,0.450
33.3,0.455
33.3,0.455
33.3,0.455
33.3,0.455
33.3,0.455
33.3,0.455
33.3,0.455
33.3,0.455
33.3,0.455
33.3,0.455
33.3,0.455
33.3,0.455
33.3,0.455
33.3,0.455
33.3,0.455
33.3,0.455
33.3,0.455
33.3,0.455
33.3,0.455
33.2,0.455
33.2,0.455
33.2,0.455
33.2,0.460
33.2,0.460
33.2,0.460
33.2,0.460
33.2,0.460
33.2,0.460
33.2,0.460
33.2,0.460
33.2,0.460
33.2,0.460
33.2,0.460
33.2,0.460
33.2,0.460
33.2,0.460
33.2,0.460
33.2,0.460
33.2,0.460
33.2,0.460
33.2,0.460
33.2,0.460
33.2,0.460
33.2,0.460
33.2,0.460
33.2,0.465
33.2,0.465
33.2,0.465
33.2,0.465
33.2,0.465
33.2,0.465
33.2,0.465
33.2,0.465
33.2,0.465
33.2,0.465
33.2,0.465
33.2,0.465
33.2,0.465
33.2,0.465
33.2,0.465
33.2,0.465
33.2,0.465
33.2,0.465
33.2,0.465
33.2,0.465
33.2,0.465
33.2,0.470
33.2,0.470
33.2,0.470
33.2,0.470
33.2,0.470
33.2,0.470
33.2,0.470
33.2,0.470
33.2,0.470
33.2,0.470
33.2,0.470
33.2,0.470
33.2,0.470
33.2,0.470
33.2,0.470
33.2,0.470
33.2,0.470
33.2,0.470
33.2,0.470
33.2,0.470
33.2,0.470
33.2,0.470
33.2,0.470
33.2,0.470
33.2,0.470
33.2,0.475
33.2,0.475
33.2,0.475
33.2,0.475
33.2,0.475
33.2,0.475
33.2,0.475
33.2,0.475
33.2,0.475
33.2,0.475
33.1,0.475
33.1,0.475
33.1,0.475
33.1,0.475
33.1,0.475
33.1,0.475
33.1,0.475
33.1,0.475
33.1,0.475
33.1,0.475
33.1,0.475
33.1,0.475
33.1,0.475
33.1,0.475
33.1,0.475
33.1,0.475
33.1,0.480
33.1,0.480
33.1,0.480
33.1,0.480
33.1,0.480
33.1,0.480
33.1,0.480
33.1,0.480
33.1,0.480
33.1,0.480
33.1,0.480
33.1,0.480
33.1,0.480
33.1,0.480
33.2,0.480
33.2,0.480
33.2,0.480
33.2,0.480
33.2,0.480
33.2,0.480
33.2,0.480
33.2,0.480
33.2,0.480
33.2,0.480
33.2,0.480
33.2,0.480
33.2,0.480
33.2,0.485
33.1,0.485
33.1,0.485
33.1,0.485
33.1,0.485
33.1,0.485
33.1,0.485
33.1,0.485
33.1,0.485
33.1,0.485
33.1,0.485
33.1,0.485
33.1,0.485
33.1,0.485
33.1,0.485
33.1,0.485
33.1,0.485
33.1,0.485
33.1,0.485
33.1,0.485
33.1,0.485
33.1,0.485
33.1,0.485
33.1,0.485
33.1,0.485
33.1,0.485
33.1,0.485
33.1,0.485
33.1,0.490
33.1,0.490
33.1,0.490
33.1,0.490
33.1,0.490
33.1,0.490
33.1,0.490
33.1,0.490
33.1,0.490
33.1,0.490
33.1,0.490
33.1,0.490
33.1,0.490
33.1,0.490
33.1,0.490
33.1,0.490
33.1,0.490
33.1,0.490
33.1,0.490
33.1,0.490
33.1,0.490
33.1,0.490
33.1,0.490
33.1,0.490
33.1,0.490
33.1,0.490
33.1,0.495
33.1,0.495
33.1,0.495
33.1,0.495
33.1,0.495
33.1,0.495
33.1,0.495
33.1,0.495
33.1,0.495
33.1,0.495
33.1,0.495
33.1,0.495
33.1,0.495
33.1,0.495
33.1,0.495
33.1,0.495
33.1,0.495
33.1,0.495
33.1,0.495
33.1,0.495
33.1,0.495
33.1,0.495
33.1,0.495
33.1,0.495
33.1,0.495
33.1,0.495
33.1,0.495
33.1,0.495
33.1,0.500
33.1,0.500
33.1,0.500
33.1,0.500
33.1,0.500
33.1,0.500
33.1,0.500
33.1,0.500
33.1,0.500
33.0,0.500
33.0,0.500
33.0,0.500
33.0,0.500
33.0,0.500
33.0,0.500
33.0,0.500
33.0,0.500
33.1,0.500
33.1,0.500
33.1,0.500
33.1,0.500
33.1,0.500
33.1,0.500
33.1,0.500
33.1,0.500
33.1,0.500
33.1,0.500
33.1,0.505
33.1,0.505
33.1,0.505
33.1,0.505
33.1,0.505
33.1,0.505
33.1,0.505
33.1,0.505
33.1,0.505
33.1,0.505
33.1,0.505
33.1,0.505
33.1,0.505
33.1,0.505
33.1,0.505
33.1,0.505
33.1,0.505
33.1,0.505
33.1,0.505
33.1,0.505
33.1,0.505
33.1,0.505
33.1,0.505
33.1,0.505
33.1,0.510
33.1,0.510
33.1,0.510
33.1,0.510
33.1,0.510
33.1,0.510
33.1,0.510
33.1,0.510
33.1,0.510
33.1,0.510
33.1,0.510
33.1,0.510
33.1,0.510
33.1,0.510
33.1,0.510
33.1,0.510
33.1,0.510
33.1,0.510
33.1,0.510
33.1,0.510
33.1,0.510
33.1,0.510
33.1,0.515
33.1,0.515
33.1,0.515
33.1,0.515
33.1,0.515
33.1,0.515
33.1,0.515
33.1,0.515
33.0,0.515
33.0,0.515
33.0,0.515
33.0,0.515
33.0,0.515
33.0,0.515
33.0,0.515
33.1,0.515
33.1,0.515
33.1,0.515
33.1,0.515
33.1,0.515
33.1,0.515
33.1,0.515
33.1,0.515
33.1,0.515
33.1,0.520
33.1,0.520
33.1,0.520
33.1,0.520
33.1,0.520
33.1,0.520
33.1,0.520
33.1,0.520
33.1,0.520
33.1,0.520
33.1,0.520
33.1,0.520
33.2,0.520
33.2,0.520
33.2,0.520
33.2,0.520
33.1,0.520
33.1,0.520
33.1,0.520
33.1,0.520
33.1,0.520
33.1,0.520
33.1,0.520
33.1,0.525
33.1,0.525
33.1,0.525
33.1,0.525
33.1,0.525
33.1,0.525
33.1,0.525
33.1,0.525
33.1,0.525
33.1,0.525
33.1,0.525
33.1,0.525
33.1,0.525
33.1,0.525
33.1,0.525
33.1,0.525
33.1,0.525
33.1,0.525
33.1,0.525
33.1,0.525
33.1,0.525
33.1,0.525
33.1,0.530
33.1,0.530
33.1,0.530
33.1,0.530
33.1,0.530
33.1,0.530
33.1,0.530
33.1,0.530
33.1,0.530
33.1,0.530
33.1,0.530
33.1,0.530
33.1,0.530
33.1,0.530
33.1,0.530
33.1,0.530
33.1,0.530
33.1,0.530
33.1,0.530
33.1,0.530
33.1,0.530
33.1,0.530
33.1,0.535
33.1,0.535
33.1,0.535
33.1,0.535
33.1,0.535
33.1,0.535
33.1,0.535
33.1,0.535
33.1,0.535
33.1,0.535
33.2,0.535
33.2,0.535
33.2,0.535
33.2,0.535
33.2,0.535
33.2,0.535
33.2,0.535
33.2,0.535
33.2,0.535
33.2,0.535
33.2,0.535
33.2,0.535
33.2,0.535
33.2,0.540
33.2,0.540
33.2,0.540
33.2,0.540
33.2,0.540
33.2,0.540
33.2,0.540
33.2,0.540
33.2,0.540
33.2,0.540
33.3,0.540
33.3,0.540
33.3,0.540
33.3,0.540
33.3,0.540
33.3,0.540
33.3,0.540
33.3,0.540
33.3,0.540
33.3,0.540
33.3,0.540
33.3,0.540
33.3,0.540
33.3,0.545
33.3,0.545
33.3,0.545
33.3,0.545
33.3,0.545
33.3,0.545
33.3,0.545
33.3,0.545
33.3,0.545
33.3,0.545
33.3,0.545
33.3,0.545
33.3,0.545
33.3,0.545
33.3,0.545
33.3,0.545
33.3,0.545
33.3,0.545
33.3,0.545
33.3,0.545
33.3,0.550
33.3,0.550
33.3,0.550
33.3,0.550
33.3,0.550
33.3,0.550
33.3,0.550
33.3,0.550
33.3,0.550
33.3,0.550
33.3,0.550
33.3,0.550
33.3,0.550
33.3,0.550
33.3,0.550
33.3,0.550
33.3,0.550
33.3,0.550
33.3,0.550
33.3,0.550
33.3,0.550
33.3,0.555
33.3,0.555
33.3,0.555
33.3,0.555
33.3,0.555
33.3,0.555
33.3,0.555
33.3,0.555
33.4,0.555
33.4,0.555
33.4,0.555
33.4,0.555
33.4,0.555
33.4,0.555
33.4,0.555
33.4,0.555
33.4,0.555
33.5,0.555
33.5,0.555
33.5,0.555
33.5,0.555
33.5,0.560
33.5,0.560
33.5,0.560
33.5,0.560
33.5,0.560
33.5,0.560
33.5,0.560
33.5,0.560
33.5,0.560
33.5,0.560
33.5,0.560
33.6,0.560
33.6,0.560
33.6,0.560
33.6,0.560
33.6,0.560
33.6,0.560
33.6,0.560
33.6,0.560
33.6,0.560
33.6,0.565
33.6,0.565
33.6,0.565
33.6,0.565
33.6,0.565
33.6,0.565
33.6,0.565
33.6,0.565
33.6,0.565
33.6,0.565
33.6,0.565
33.6,0.565
33.6,0.565
33.6,0.565
33.6,0.565
33.6,0.565
33.6,0.565
33.6,0.565
33.6,0.565
33.6,0.570
33.6,0.570
33.6,0.570
33.6,0.570
33.6,0.570
33.6,0.570
33.6,0.570
33.6,0.570
33.6,0.570
33.6,0.570
33.6,0.570
33.6,0.570
33.6,0.570
33.6,0.570
33.6,0.570
33.6,0.570
33.6,0.570
33.6,0.570
33.6,0.570
33.6,0.575
33.6,0.575
33.6,0.575
33.6,0.575
33.6,0.575
33.6,0.575
33.6,0.575
33.6,0.575
33.6,0.575
33.6,0.575
33.6,0.575
33.6,0.575
33.6,0.575
33.6,0.575
33.6,0.575
33.6,0.575
33.6,0.575
33.6,0.575
33.6,0.575
33.6,0.575
33.6,0.575
33.6,0.580
33.6,0.580
33.6,0.580
33.6,0.580
33.6,0.580
33.6,0.580
33.6,0.580
33.6,0.580
33.6,0.580
33.6,0.580
33.6,0.580
33.6,0.580
33.6,0.580
33.6,0.580
33.6,0.580
33.6,0.580
33.6,0.580
33.6,0.580
33.6,0.580
33.6,0.580
33.6,0.580
33.6,0.585
33.6,0.585
33.6,0.585
33.6,0.585
33.6,0.585
33.6,0.585
33.6,0.585
33.6,0.585
33.6,0.585
33.6,0.585
33.6,0.585
33.6,0.585
33.6,0.585
33.6,0.585
33.6,0.585
33.6,0.585
33.6,0.585
33.6,0.585
33.6,0.585
33.6,0.585
33.6,0.585
33.6,0.590
33.6,0.590
33.6,0.590
33.6,0.590
33.6,0.590
33.6,0.590
33.6,0.590
33.6,0.590
33.6,0.590
33.6,0.590
33.6,0.590
33.6,0.590
33.6,0.590
33.6,0.590
33.6,0.590
33.6,0.590
33.6,0.590
33.6,0.590
33.6,0.590
33.6,0.590
33.6,0.595
33.6,0.595
33.6,0.595
33.6,0.595
33.6,0.595
33.6,0.595
33.6,0.595
33.6,0.595
33.6,0.595
33.6,0.595
33.6,0.595
33.6,0.595
33.6,0.595
33.6,0.595
33.6,0.595
33.6,0.595
33.6,0.595
33.6,0.595
33.6,0.595
33.6,0.595
33.6,0.595
33.6,0.595
33.6,0.600
33.6,0.600
33.6,0.600
33.6,0.600
33.6,0.600
33.6,0.600
33.6,0.600
33.6,0.600
33.6,0.600
33.6,0.600
33.6,0.600
33.6,0.600
33.6,0.600
33.6,0.600
33.6,0.600
33.6,0.600
33.6,0.600
33.6,0.600
33.6,0.600
33.6,0.600
33.6,0.600
33.6,0.600
33.6,0.605
33.6,0.605
33.6,0.605
33.6,0.605
33.6,0.605
33.6,0.605
33.6,0.605
33.6,0.605
33.6,0.605
33.6,0.605
33.6,0.605
33.6,0.605
33.6,0.605
33.6,0.605
33.6,0.605
33.6,0.605
33.6,0.605
33.6,0.605
33.6,0.605
33.6,0.605
33.6,0.605
33.6,0.605
33.6,0.610
33.6,0.610
33.6,0.610
33.6,0.610
33.6,0.610
33.6,0.610
33.6,0.610
33.6,0.610
33.6,0.610
33.6,0.610
33.6,0.610
33.6,0.610
33.6,0.610
33.6,0.610
33.6,0.610
33.6,0.610
33.6,0.610
33.6,0.610
33.6,0.610
33.6,0.610
33.6,0.610
33.6,0.610
33.6,0.610
33.6,0.615
33.6,0.615
33.6,0.615
33.6,0.615
33.6,0.615
33.6,0.615
33.6,0.615
33.6,0.615
33.6,0.615
33.6,0.615
33.6,0.615
33.6,0.615
33.6,0.615
33.6,0.615
33.6,0.615
33.6,0.615
33.5,0.615
33.5,0.615
33.5,0.615
33.5,0.615
33.5,0.615
33.5,0.615
33.5,0.615
33.5,0.615
33.5,0.615
33.6,0.620
33.6,0.620
33.6,0.620
33.6,0.620
33.6,0.620
33.6,0.620
33.6,0.620
33.6,0.620
33.6,0.620
33.6,0.620
33.6,0.620
33.6,0.620
33.6,0.620
33.6,0.620
33.6,0.620
33.6,0.620
33.6,0.620
33.6,0.620
33.6,0.620
33.6,0.620
33.6,0.620
33.6,0.620
33.6,0.620
33.6,0.620
33.6,0.620
33.6,0.620
33.6,0.625
33.6,0.625
33.6,0.625
33.6,0.625
33.6,0.625
33.6,0.625
33.6,0.625
33.6,0.625
33.6,0.625
33.6,0.625
33.6,0.625
33.6,0.625
33.6,0.625
33.6,0.625
33.6,0.625
33.6,0.625
33.6,0.625
33.6,0.625
33.6,0.625
33.6,0.625
33.6,0.625
33.6,0.625
33.6,0.625
33.6,0.625
33.6,0.625
33.6,0.630
33.6,0.630
33.6,0.630
33.6,0.630
33.6,0.630
33.6,0.630
33.6,0.630
33.6,0.630
33.6,0.630
33.6,0.630
33.6,0.630
33.6,0.630
33.6,0.630
33.6,0.630
33.6,0.630
33.6,0.630
33.6,0.630
33.6,0.630
33.6,0.630
33.6,0.630
33.6,0.630
33.6,0.630
33.6,0.630
33.6,0.630
33.6,0.630
33.6,0.630
33.6,0.630
33.6,0.630
33.6,0.635
33.6,0.635
33.5,0.635
33.5,0.635
33.5,0.635
33.5,0.635
33.5,0.635
33.5,0.635
33.5,0.635
33.5,0.635
33.5,0.635
33.5,0.635
33.5,0.635
33.5,0.635
33.5,0.635
33.5,0.635
33.5,0.635
33.5,0.635
33.5,0.635
33.5,0.635
33.5,0.635
33.5,0.635
33.5,0.635
33.5,0.635
33.5,0.635
33.5,0.635
33.5,0.635
33.5,0.635
33.5,0.640
33.5,0.640
33.5,0.640
33.5,0.640
33.5,0.640
33.5,0.640
33.5,0.640
33.5,0.640
33.5,0.640
33.5,0.640
33.5,0.640
33.6,0.640
33.6,0.640
33.6,0.640
33.6,0.640
33.6,0.640
33.6,0.640
33.6,0.640
33.6,0.640
33.6,0.640
33.6,0.640
33.6,0.640
33.6,0.640
33.6,0.640
33.6,0.640
33.6,0.640
33.6,0.640
33.6,0.640
33.6,0.640
33.6,0.645
33.6,0.645
33.6,0.645
33.6,0.645
33.6,0.645
33.6,0.645
33.6,0.645
33.6,0.645
33.6,0.645
33.6,0.645
33.6,0.645
33.6,0.645
33.6,0.645
33.6,0.645
33.6,0.645
33.6,0.645
33.6,0.645
33.6,0.645
33.6,0.645
33.6,0.645
33.6,0.645
33.6,0.645
33.6,0.645
33.6,0.645
33.6,0.645
33.6,0.645
33.6,0.645
33.6,0.645
33.6,0.645
33.6,0.645
33.6,0.645
33.6,0.650
33.6,0.650
33.6,0.650
33.6,0.650
33.6,0.650
33.6,0.650
33.6,0.650
33.6,0.650
33.6,0.650
33.6,0.650
33.6,0.650
33.6,0.650
33.6,0.650
33.6,0.650
33.6,0.650
33.6,0.650
33.6,0.650
33.6,0.650
33.6,0.650
33.7,0.650
33.7,0.650
33.7,0.650
33.7,0.650
33.7,0.650
33.7,0.650
33.7,0.650
33.7,0.650
33.7,0.650
33.7,0.650
33.7,0.650
33.7,0.655
33.7,0.655
33.7,0.655
33.7,0.655
33.7,0.655
33.7,0.655
33.7,0.655
33.7,0.655
33.7,0.655
33.7,0.655
33.7,0.655
33.7,0.655
33.7,0.655
33.7,0.655
33.7,0.655
33.7,0.655
33.7,0.655
33.7,0.655
33.7,0.655
33.7,0.655
33.7,0.655
33.7,0.655
33.7,0.655
33.7,0.655
33.7,0.655
33.7,0.655
33.7,0.655
33.7,0.655
33.7,0.655
33.7,0.655
33.7,0.655
33.7,0.655
33.7,0.655
33.7,0.655
33.7,0.660
33.7,0.660
33.7,0.660
33.7,0.660
33.7,0.660
33.7,0.660
33.7,0.660
33.7,0.660
33.7,0.660
33.7,0.660
33.7,0.660
33.7,0.660
33.7,0.660
33.7,0.660
33.7,0.660
33.7,0.660
33.7,0.660
33.7,0.660
33.7,0.660
33.7,0.660
33.7,0.660
33.7,0.660
33.7,0.660
33.7,0.660
33.7,0.660
33.7,0.660
33.7,0.660
33.7,0.660
33.7,0.660
33.7,0.660
33.7,0.660
33.7,0.660
33.7,0.665
33.7,0.665
33.7,0.665
33.7,0.665
33.7,0.665
33.7,0.665
33.7,0.665
33.7,0.665
33.7,0.665
33.7,0.665
33.7,0.665
33.7,0.665
33.7,0.665
33.7,0.665
33.7,0.665
33.7,0.665
33.7,0.665
33.7,0.665
33.7,0.665
33.7,0.665
33.7,0.665
33.7,0.665
33.7,0.665
33.7,0.665
33.7,0.665
33.7,0.665
33.7,0.665
33.7,0.665
33.7,0.665
33.7,0.665
33.7,0.665
33.7,0.670
33.8,0.670
33.7,0.670
33.7,0.670
33.7,0.670
33.7,0.670
33.7,0.670
33.7,0.670
33.8,0.670
33.8,0.670
33.8,0.670
33.8,0.670
33.8,0.670
33.8,0.670
33.8,0.670
33.8,0.670
33.8,0.670
33.8,0.670
33.8,0.670
33.8,0.670
33.8,0.670
33.8,0.670
33.8,0.670
33.8,0.670
33.8,0.670
33.8,0.670
33.8,0.670
33.8,0.670
33.8,0.675
33.8,0.675
33.8,0.675
33.8,0.675
33.8,0.675
33.8,0.675
33.8,0.675
33.8,0.675
33.8,0.675
33.8,0.675
33.8,0.675
33.8,0.675
33.8,0.675
33.8,0.675
33.8,0.675
33.8,0.675
33.8,0.675
33.8,0.675
33.8,0.675
33.8,0.675
33.8,0.675
33.8,0.675
33.8,0.675
33.8,0.675
33.8,0.675
33.8,0.675
33.8,0.675
33.8,0.675
33.8,0.675
33.8,0.675
33.8,0.675
33.8,0.675
33.8,0.680
33.8,0.680
33.8,0.680
33.8,0.680
33.8,0.680
33.8,0.680
33.8,0.680
33.8,0.680
33.8,0.680
33.8,0.680
33.8,0.680
33.8,0.680
33.8,0.680
33.8,0.680
33.8,0.680
33.8,0.680
33.8,0.680
33.8,0.680
33.8,0.680
33.8,0.680
33.8,0.680
33.8,0.680
33.8,0.680
33.8,0.680
33.8,0.680
33.8,0.680
33.8,0.680
33.8,0.680
33.8,0.680
33.8,0.680
33.8,0.680
33.8,0.685
33.8,0.685
33.8,0.685
33.8,0.685
33.8,0.685
33.8,0.685
33.8,0.685
33.8,0.685
33.8,0.685
33.8,0.685
33.8,0.685
33.8,0.685
33.8,0.685
33.8,0.685
33.8,0.685
33.8,0.685
33.8,0.685
33.8,0.685
33.8,0.685
33.8,0.685
33.9,0.685
33.9,0.685
33.9,0.685
33.9,0.685
33.9,0.685
33.9,0.685
33.9,0.685
33.9,0.685
33.9,0.685
33.9,0.690
33.9,0.690
33.9,0.690
33.9,0.690
33.9,0.690
33.9,0.690
33.9,0.690
33.9,0.690
33.9,0.690
33.9,0.690
33.9,0.690
33.9,0.690
33.9,0.690
33.9,0.690
33.9,0.690
33.9,0.690
33.9,0.690
33.9,0.690
33.9,0.690
33.9,0.690
33.9,0.690
33.9,0.690
33.9,0.690
33.9,0.690
33.9,0.690
33.9,0.690
33.9,0.690
33.9,0.690
33.9,0.690
33.9,0.695
33.9,0.695
33.9,0.695
33.9,0.695
33.9,0.695
33.9,0.695
33.9,0.695
33.9,0.695
33.9,0.695
33.9,0.695
33.9,0.695
33.9,0.695
33.9,0.695
33.9,0.695
33.9,0.695
33.9,0.695
33.9,0.695
33.9,0.695
33.9,0.695
33.9,0.695
33.9,0.695
33.9,0.695
33.9,0.695
33.9,0.695
33.9,0.695
33.9,0.695
33.9,0.695
33.9,0.695
33.9,0.695
33.9,0.695
33.9,0.695
33.9,0.700
33.9,0.700
33.9,0.700
33.9,0.700
33.9,0.700
33.9,0.700
33.9,0.700
33.9,0.700
33.9,0.700
33.9,0.700
33.9,0.700
33.9,0.700
33.9,0.700
33.9,0.700
33.9,0.700
33.9,0.700
33.9,0.700
33.9,0.700
33.9,0.700
33.9,0.700
33.9,0.700
33.9,0.700
33.9,0.700
33.9,0.700
33.9,0.700
33.9,0.700
33.9,0.700
33.9,0.700
33.9,0.700
33.9,0.700
33.9,0.705
33.9,0.705
33.9,0.705
33.9,0.705
33.9,0.705
33.9,0.705
33.9,0.705
33.9,0.705
33.9,0.705
33.9,0.705
33.9,0.705
33.9,0.705
33.9,0.705
33.9,0.705
33.9,0.705
33.9,0.705
33.9,0.705
33.9,0.705
33.9,0.705
33.9,0.705
33.9,0.705
33.9,0.705
33.9,0.705
33.9,0.705
33.9,0.705
33.9,0.705
33.9,0.705
33.9,0.705
33.9,0.705
33.9,0.710
33.9,0.710
33.9,0.710
33.9,0.710
33.9,0.710
33.9,0.710
33.9,0.710
33.9,0.710
33.9,0.710
33.9,0.710
33.9,0.710
33.9,0.710
33.9,0.710
33.9,0.710
33.9,0.710
33.9,0.710
33.9,0.710
33.9,0.710
33.9,0.710
33.9,0.710
33.9,0.710
33.9,0.710
33.9,0.710
33.9,0.710
33.9,0.710
33.9,0.710
33.9,0.710
33.9,0.710
33.9,0.710
33.9,0.710
33.9,0.710
33.9,0.715
33.9,0.715
33.9,0.715
33.9,0.715
33.9,0.715
33.9,0.715
33.9,0.715
33.9,0.715
33.9,0.715
33.9,0.715
33.9,0.715
33.9,0.715
33.9,0.715
33.9,0.715
33.9,0.715
33.9,0.715
33.9,0.715
33.9,0.715
33.9,0.715
33.9,0.715
33.9,0.715
33.9,0.715
33.9,0.715
33.9,0.715
33.9,0.715
33.9,0.715
33.9,0.715
33.9,0.715
33.9,0.715
33.9,0.720
33.9,0.720
33.9,0.720
33.9,0.720
33.9,0.720
33.9,0.720
33.9,0.720
33.9,0.720
33.9,0.720
33.9,0.720
33.9,0.720
33.9,0.720
33.9,0.720
33.9,0.720
33.9,0.720
33.9,0.720
33.9,0.720
33.9,0.720
33.9,0.720
33.9,0.720
33.9,0.720
33.9,0.720
33.9,0.720
33.9,0.720
33.9,0.720
33.9,0.720
33.9,0.720
33.9,0.720
33.9,0.720
34.0,0.720
34.0,0.725
34.0,0.725
34.0,0.725
34.0,0.725
34.0,0.725
34.0,0.725
34.0,0.725
34.0,0.725
34.0,0.725
34.0,0.725
34.0,0.725
34.0,0.725
34.0,0.725
34.0,0.725
33.9,0.725
33.9,0.725
33.9,0.725
33.9,0.725
33.9,0.725
33.9,0.725
33.9,0.725
34.0,0.725
34.0,0.725
34.0,0.725
34.0,0.725
34.0,0.725
34.0,0.725
34.0,0.725
34.0,0.730
34.0,0.730
34.0,0.730
34.0,0.730
34.0,0.730
34.0,0.730
34.0,0.730
34.0,0.730
34.0,0.730
34.0,0.730
34.0,0.730
34.0,0.730
34.0,0.730
34.0,0.730
34.0,0.730
34.0,0.730
34.0,0.730
34.0,0.730
33.9,0.730
33.9,0.730
33.9,0.730
33.9,0.730
33.9,0.730
33.9,0.730
33.9,0.730
33.9,0.730
33.9,0.735
33.9,0.735
33.9,0.735
33.9,0.735
33.9,0.735
33.9,0.735
33.9,0.735
33.9,0.735
33.9,0.735
33.9,0.735
33.9,0.735
33.9,0.735
33.9,0.735
33.9,0.735
33.9,0.735
33.9,0.735
33.9,0.735
34.0,0.735
34.0,0.735
34.0,0.735
34.0,0.735
34.0,0.735
34.0,0.735
34.0,0.735
34.0,0.735
34.0,0.735
34.0,0.740
34.0,0.740
34.0,0.740
34.0,0.740
34.0,0.740
34.0,0.740
34.0,0.740
34.0,0.740
34.0,0.740
34.0,0.740
34.0,0.740
34.0,0.740
34.0,0.740
34.0,0.740
34.0,0.740
34.0,0.740
34.0,0.740
34.0,0.740
34.0,0.740
34.0,0.740
34.0,0.740
34.0,0.740
34.0,0.740
34.0,0.740
34.0,0.740
34.0,0.740
34.0,0.745
34.0,0.745
34.0,0.745
34.0,0.745
34.0,0.745
34.0,0.745
34.0,0.745
34.0,0.745
34.0,0.745
34.0,0.745
34.0,0.745
34.0,0.745
34.0,0.745
34.0,0.745
34.0,0.745
34.0,0.745
34.0,0.745
34.0,0.745
34.0,0.745
34.0,0.745
34.0,0.745
34.0,0.745
34.0,0.745
34.0,0.745
34.0,0.745
34.0,0.750
34.0,0.750
34.0,0.750
34.0,0.750
34.0,0.750
34.0,0.750
34.0,0.750
34.0,0.750
34.0,0.750
34.0,0.750
34.0,0.750
34.0,0.750
34.0,0.750
34.0,0.750
34.0,0.750
34.0,0.750
34.1,0.750
34.1,0.750
34.1,0.750
34.1,0.750
34.1,0.750
34.1,0.750
34.1,0.750
34.1,0.750
34.1,0.755
34.1,0.755
34.1,0.755
34.1,0.755
34.1,0.755
34.1,0.755
34.1,0.755
34.1,0.755
34.1,0.755
34.1,0.755
34.1,0.755
34.1,0.755
34.1,0.755
34.1,0.755
34.1,0.755
34.1,0.755
34.1,0.755
34.1,0.755
34.1,0.755
34.1,0.755
34.1,0.755
34.1,0.755
34.1,0.755
34.1,0.755
34.1,0.755
34.1,0.760
34.1,0.760
34.1,0.760
34.1,0.760
34.1,0.760
34.1,0.760
34.1,0.760
34.1,0.760
34.1,0.760
34.1,0.760
34.1,0.760
34.1,0.760
34.1,0.760
34.1,0.760
34.1,0.760
34.1,0.760
34.1,0.760
34.1,0.760
34.1,0.760
34.1,0.760
34.1,0.760
34.1,0.760
34.1,0.760
34.1,0.760
34.1,0.760
34.1,0.765
34.1,0.765
34.1,0.765
34.1,0.765
34.1,0.765
34.1,0.765
34.1,0.765
34.1,0.765
34.1,0.765
34.1,0.765
34.1,0.765
34.1,0.765
34.1,0.765
34.1,0.765
34.1,0.765
34.1,0.765
34.1,0.765
34.1,0.765
34.1,0.765
34.1,0.765
34.1,0.765
34.1,0.765
34.1,0.770
34.1,0.770
34.1,0.770
34.2,0.770
34.2,0.770
34.2,0.770
34.2,0.770
34.2,0.770
34.2,0.770
34.2,0.770
34.2,0.770
34.2,0.770
34.2,0.770
34.2,0.770
34.2,0.770
34.2,0.770
34.2,0.770
34.2,0.770
34.2,0.770
34.2,0.770
34.2,0.770
34.2,0.770
34.2,0.775
34.2,0.775
34.2,0.775
34.2,0.775
34.2,0.775
34.2,0.775
34.2,0.775
34.2,0.775
34.2,0.775
34.2,0.775
34.2,0.775
34.2,0.775
34.2,0.775
34.2,0.775
34.2,0.775
34.2,0.775
34.2,0.775
34.2,0.775
34.2,0.775
34.2,0.775
34.2,0.775
34.2,0.775
34.2,0.775
34.2,0.780
34.2,0.780
34.2,0.780
34.2,0.780
34.2,0.780
34.2,0.780
34.2,0.780
34.2,0.780
34.2,0.780
34.2,0.780
34.2,0.780
34.2,0.780
34.2,0.780
34.2,0.780
34.2,0.780
34.2,0.780
34.2,0.780
34.2,0.780
34.2,0.780
34.2,0.780
34.2,0.780
34.2,0.780
34.2,0.780
34.2,0.785
34.2,0.785
34.2,0.785
34.2,0.785
34.2,0.785
34.2,0.785
34.2,0.785
34.2,0.785
34.2,0.785
34.2,0.785
34.2,0.785
34.2,0.785
34.2,0.785
34.2,0.785
34.3,0.785
34.3,0.785
34.3,0.785
34.3,0.785
34.3,0.785
34.3,0.785
34.3,0.785
34.3,0.790
34.3,0.790
34.3,0.790
34.3,0.790
34.3,0.790
34.3,0.790
34.3,0.790
34.3,0.790
34.3,0.790
34.3,0.790
34.3,0.790
34.3,0.790
34.3,0.790
34.3,0.790
34.3,0.790
34.3,0.790
34.3,0.790
34.3,0.790
34.3,0.790
34.3,0.790
34.3,0.790
34.3,0.790
34.3,0.790
34.3,0.795
34.3,0.795
34.4,0.795
34.4,0.795
34.4,0.795
34.4,0.795
34.4,0.795
34.4,0.795
34.4,0.795
34.4,0.795
34.4,0.795
34.4,0.795
34.4,0.795
34.4,0.795
34.4,0.795
34.4,0.795
34.4,0.795
34.4,0.795
34.4,0.795
34.4,0.795
34.4,0.795
34.4,0.800
34.4,0.800
34.4,0.800
34.4,0.800
34.4,0.800
34.4,0.800
34.4,0.800
34.4,0.800
34.5,0.800
34.5,0.800
34.5,0.800
34.5,0.800
34.5,0.800
34.4,0.800
34.4,0.800
34.4,0.800
34.4,0.800
34.4,0.800
34.4,0.800
34.4,0.800
34.4,0.800
34.4,0.800
34.4,0.805
34.4,0.805
34.4,0.805
34.4,0.805
34.4,0.805
34.4,0.805
34.4,0.805
34.4,0.805
34.4,0.805
34.4,0.805
34.4,0.805
34.4,0.805
34.4,0.805
34.4,0.805
34.4,0.805
34.4,0.805
34.4,0.805
34.4,0.805
34.4,0.805
34.4,0.805
34.4,0.805
34.4,0.810
34.4,0.810
34.5,0.810
34.5,0.810
34.5,0.810
34.5,0.810
34.5,0.810
34.5,0.810
34.5,0.810
34.5,0.810
34.5,0.810
34.5,0.810
34.5,0.810
34.5,0.810
34.5,0.810
34.5,0.810
34.5,0.810
34.5,0.810
34.5,0.810
34.5,0.810
34.5,0.810
34.5,0.815
34.5,0.815
34.5,0.815
34.5,0.815
34.5,0.815
34.5,0.815
34.5,0.815
34.5,0.815
34.5,0.815
34.5,0.815
34.5,0.815
34.5,0.815
34.5,0.815
34.5,0.815
34.5,0.815
34.5,0.815
34.5,0.815
34.5,0.815
34.4,0.815
34.4,0.815
34.4,0.815
34.4,0.820
34.4,0.820
34.4,0.820
34.4,0.820
34.4,0.820
34.5,0.820
34.5,0.820
34.5,0.820
34.5,0.820
34.5,0.820
34.5,0.820
34.5,0.820
34.5,0.820
34.5,0.820
34.5,0.820
34.5,0.820
34.5,0.820
34.5,0.820
34.5,0.820
34.5,0.820
34.5,0.820
34.5,0.825
34.5,0.825
34.5,0.825
34.5,0.825
34.5,0.825
34.5,0.825
34.5,0.825
34.5,0.825
34.5,0.825
34.5,0.825
34.5,0.825
34.5,0.825
34.5,0.825
34.5,0.825
34.5,0.825
34.5,0.825
34.5,0.825
34.5,0.825
34.5,0.825
34.5,0.830
34.5,0.830
34.5,0.830
34.5,0.830
34.5,0.830
34.5,0.830
34.5,0.830
34.5,0.830
34.6,0.830
34.6,0.830
34.6,0.830
34.6,0.830
34.6,0.830
34.6,0.830
34.6,0.830
34.6,0.830
34.6,0.830
34.6,0.830
34.6,0.835
34.6,0.835
34.6,0.835
34.6,0.835
34.6,0.835
34.6,0.835
34.6,0.835
34.6,0.835
34.6,0.835
34.6,0.835
34.6,0.835
34.6,0.835
34.6,0.835
34.6,0.835
34.6,0.835
34.6,0.835
34.6,0.835
34.6,0.835
34.6,0.835
34.6,0.840
34.6,0.840
34.6,0.840
34.5,0.840
34.5,0.840
34.5,0.840
34.5,0.840
34.5,0.840
34.5,0.840
34.5,0.840
34.5,0.840
34.5,0.840
34.5,0.840
34.6,0.840
34.6,0.840
34.6,0.840
34.6,0.840
34.6,0.840
34.6,0.840
34.6,0.845
34.6,0.845
34.6,0.845
34.6,0.845
34.6,0.845
34.6,0.845
34.6,0.845
34.6,0.845
34.6,0.845
34.6,0.845
34.6,0.845
34.6,0.845
34.6,0.845
34.6,0.845
34.6,0.845
34.6,0.845
34.6,0.845
34.6,0.845
34.6,0.850
34.6,0.850
34.6,0.850
34.6,0.850
34.6,0.850
34.6,0.850
34.6,0.850
34.6,0.850
34.6,0.850
34.6,0.850
34.6,0.850
34.6,0.850
34.6,0.850
34.6,0.850
34.6,0.850
34.6,0.850
34.6,0.850
34.6,0.850
34.6,0.855
34.6,0.855
34.6,0.855
34.6,0.855
34.6,0.855
34.6,0.855
34.6,0.855
34.6,0.855
34.6,0.855
34.6,0.855
34.6,0.855
34.6,0.855
34.6,0.855
34.6,0.855
34.6,0.855
34.6,0.855
34.6,0.855
34.6,0.855
34.6,0.855
34.6,0.860
34.6,0.860
34.6,0.860
34.6,0.860
34.6,0.860
34.6,0.860
34.6,0.860
34.6,0.860
34.6,0.860
34.6,0.860
34.6,0.860
34.6,0.860
34.6,0.860
34.6,0.860
34.6,0.860
34.6,0.860
34.6,0.860
34.6,0.860
34.6,0.860
34.6,0.865
34.6,0.865
34.6,0.865
34.5,0.865
34.5,0.865
34.5,0.865
34.5,0.865
34.5,0.865
34.5,0.865
34.5,0.865
34.5,0.865
34.5,0.865
34.5,0.865
34.5,0.865
34.5,0.865
34.5,0.865
34.5,0.865
34.5,0.870
34.5,0.870
34.5,0.870
34.5,0.870
34.5,0.870
34.6,0.870
34.6,0.870
34.6,0.870
34.6,0.870
34.6,0.870
34.6,0.870
34.6,0.870
34.6,0.870
34.6,0.870
34.6,0.870
34.6,0.870
34.5,0.870
34.5,0.870
34.5,0.870
34.5,0.875
34.5,0.875
34.5,0.875
34.5,0.875
34.5,0.875
34.6,0.875
34.6,0.875
34.6,0.875
34.6,0.875
34.6,0.875
34.6,0.875
34.6,0.875
34.6,0.875
34.6,0.875
34.6,0.875
34.6,0.875
34.6,0.875
34.6,0.875
34.6,0.880
34.6,0.880
34.6,0.880
34.6,0.880
34.6,0.880
34.6,0.880
34.6,0.880
34.6,0.880
34.6,0.880
34.6,0.880
34.6,0.880
34.6,0.880
34.6,0.880
34.6,0.880
34.6,0.880
34.6,0.880
34.6,0.880
34.6,0.880
34.5,0.885
34.5,0.885
34.5,0.885
34.5,0.885
34.5,0.885
34.5,0.885
34.5,0.885
34.5,0.885
34.5,0.885
34.5,0.885
34.6,0.885
34.6,0.885
34.6,0.885
34.6,0.885
34.6,0.885
34.6,0.885
34.6,0.885
34.6,0.890
34.6,0.890
34.6,0.890
34.6,0.890
34.6,0.890
34.6,0.890
34.6,0.890
34.6,0.890
34.6,0.890
34.6,0.890
34.6,0.890
34.6,0.890
34.6,0.890
34.6,0.890
34.6,0.890
34.6,0.890
34.6,0.895
34.6,0.895
34.6,0.895
34.6,0.895
34.6,0.895
34.6,0.895
34.6,0.895
34.6,0.895
34.6,0.895
34.6,0.895
34.6,0.895
34.6,0.895
34.6,0.895
34.6,0.895
34.6,0.895
34.6,0.895
34.6,0.895
34.6,0.900
34.6,0.900
34.7,0.900
34.7,0.900
34.7,0.900
34.7,0.900
34.7,0.900
34.7,0.900
34.7,0.900
34.7,0.900
34.7,0.900
34.6,0.900
34.6,0.900
34.6,0.900
34.6,0.900
34.6,0.900
34.6,0.905
34.6,0.905
34.6,0.905
34.7,0.905
34.7,0.905
34.7,0.905
34.7,0.905
34.7,0.905
34.7,0.905
34.7,0.905
34.7,0.905
34.7,0.905
34.7,0.905
34.7,0.905
34.7,0.905
34.7,0.910
34.7,0.910
34.7,0.910
34.7,0.910
34.7,0.910
34.7,0.910
34.7,0.910
34.7,0.910
34.7,0.910
34.7,0.910
34.7,0.910
34.7,0.910
34.7,0.910
34.8,0.910
34.8,0.915
34.8,0.915
34.8,0.915
34.8,0.915
34.8,0.915
34.8,0.915
34.9,0.915
34.9,0.915
34.9,0.915
34.9,0.915
34.9,0.915
34.9,0.915
34.9,0.915
34.9,0.915
34.9,0.915
34.9,0.920
34.9,0.920
34.9,0.920
34.9,0.920
34.9,0.920
34.9,0.920
34.9,0.920
34.9,0.920
35.0,0.920
35.0,0.920
35.0,0.920
35.0,0.920
35.0,0.920
35.0,0.920
35.0,0.920
35.0,0.920
35.0,0.925
35.0,0.925
35.0,0.925
35.0,0.925
35.0,0.925
35.0,0.925
35.0,0.925
35.0,0.925
35.0,0.925
35.0,0.925
35.0,0.925
35.0,0.925
35.0,0.925
35.0,0.925
35.0,0.930
35.0,0.930
35.0,0.930
35.0,0.930
35.0,0.930
35.0,0.930
35.0,0.930
35.1,0.930
35.1,0.930
35.1,0.930
35.1,0.930
35.1,0.930
35.1,0.930
35.1,0.930
35.1,0.930
35.1,0.935
35.1,0.935
35.1,0.935
35.1,0.935
35.1,0.935
35.1,0.935
35.1,0.935
35.1,0.935
35.1,0.935
35.1,0.935
35.1,0.935
35.1,0.935
35.1,0.935
35.1,0.935
35.1,0.935
35.1,0.935
35.1,0.940
35.1,0.940
35.1,0.940
35.1,0.940
35.2,0.940
35.2,0.940
35.2,0.940
35.2,0.940
35.2,0.940
35.2,0.940
35.2,0.940
35.2,0.940
35.2,0.940
35.2,0.940
35.2,0.940
35.2,0.940
35.2,0.945
35.2,0.945
35.2,0.945
35.2,0.945
35.2,0.945
35.2,0.945
35.2,0.945
35.2,0.945
35.2,0.945
35.2,0.945
35.2,0.945
35.2,0.945
35.2,0.945
35.2,0.945
35.1,0.945
35.1,0.950
35.1,0.950
35.1,0.950
35.1,0.950
35.1,0.950
35.1,0.950
35.1,0.950
35.1,0.950
35.1,0.950
35.1,0.950
35.1,0.950
35.1,0.950
35.1,0.950
35.1,0.950
35.1,0.950
35.1,0.950
35.1,0.955
35.1,0.955
35.1,0.955
35.1,0.955
35.1,0.955
35.1,0.955
35.1,0.955
35.1,0.955
35.1,0.955
35.1,0.955
35.1,0.955
35.1,0.955
35.1,0.955
35.0,0.955
35.0,0.955
35.0,0.955
35.0,0.955
35.0,0.960
35.0,0.960
35.0,0.960
35.0,0.960
35.0,0.960
35.1,0.960
35.1,0.960
35.1,0.960
35.2,0.960
35.2,0.960
35.2,0.960
35.2,0.960
35.2,0.960
35.2,0.960
35.2,0.960
35.2,0.960
35.2,0.960
35.2,0.965
35.2,0.965
35.2,0.965
35.2,0.965
35.2,0.965
35.2,0.965
35.2,0.965
35.2,0.965
35.2,0.965
35.2,0.965
35.2,0.965
35.2,0.965
35.2,0.965
35.2,0.965
35.2,0.965
35.2,0.965
35.2,0.970
35.2,0.970
35.2,0.970
35.2,0.970
35.1,0.970
35.1,0.970
35.1,0.970
35.1,0.970
35.1,0.970
35.1,0.970
35.1,0.970
35.1,0.970
35.1,0.970
35.1,0.970
35.2,0.970
35.1,0.975
35.1,0.975
35.1,0.975
35.2,0.975
35.2,0.975
35.2,0.975
35.2,0.975
35.2,0.975
35.2,0.975
35.2,0.975
35.2,0.975
35.2,0.975
35.2,0.975
35.2,0.975
35.2,0.975
35.2,0.975
35.2,0.980
35.2,0.980
35.2,0.980
35.2,0.980
35.2,0.980
35.2,0.980
35.2,0.980
35.2,0.980
35.2,0.980
35.2,0.980
35.2,0.980
35.2,0.980
35.2,0.980
35.2,0.980
35.2,0.980
35.2,0.980
35.2,0.985
35.2,0.985
35.2,0.985
35.2,0.985
35.2,0.985
35.2,0.985
35.2,0.985
35.1,0.985
35.1,0.985
35.1,0.985
35.1,0.985
35.1,0.985
35.1,0.985
35.1,0.985
35.1,0.985
35.1,0.985
35.1,0.990
35.1,0.990
35.1,0.990
35.1,0.990
35.1,0.990
35.1,0.990
35.1,0.990
35.1,0.990
35.1,0.990
35.1,0.990
35.1,0.990
35.1,0.990
35.1,0.990
35.1,0.990
35.1,0.995
35.1,0.995
35.1,0.995
35.1,0.995
35.1,0.995
35.1,0.995
35.1,0.995
35.1,0.995
35.1,0.995
35.1,0.995
35.1,0.995
35.1,0.995
35.1,0.995
35.1,0.995
35.1,0.995
35.1,1.000
35.1,1.000
35.1,1.000
35.1,1.000
35.1,1.000
35.1,1.000
35.1,1.000
35.1,1.000
35.1,1.000
35.1,1.000
35.1,1.000
35.1,1.000
35.1,1.000
35.1,1.000
35.1,1.000
35.1,1.005
35.1,1.005
35.1,1.005
35.1,1.005
35.1,1.005
35.1,1.005
35.1,1.005
35.1,1.005
35.1,1.005
35.0,1.005
35.0,1.005
35.0,1.005
35.0,1.005
35.0,1.005
35.0,1.010
35.0,1.010
35.0,1.010
35.0,1.010
35.0,1.010
35.0,1.010
35.0,1.010
35.0,1.010
35.0,1.010
35.0,1.010
35.0,1.010
35.0,1.010
35.0,1.010
35.0,1.010
35.0,1.015
35.0,1.015
35.0,1.015
35.0,1.015
35.0,1.015
35.0,1.015
35.0,1.015
35.0,1.015
35.0,1.015
35.0,1.015
35.0,1.015
35.0,1.015
35.0,1.015
35.0,1.015
35.0,1.015
35.0,1.015
35.0,1.020
35.0,1.020
35.0,1.020
35.0,1.020
35.0,1.020
35.0,1.020
35.0,1.020
35.0,1.020
35.0,1.020
35.0,1.020
35.0,1.020
35.0,1.020
35.0,1.020
35.0,1.020
35.0,1.020
35.0,1.025
35.0,1.025
35.0,1.025
35.0,1.025
35.0,1.025
35.0,1.025
35.0,1.025
35.0,1.025
35.0,1.025
35.0,1.025
35.0,1.025
35.0,1.025
35.0,1.025
35.0,1.025
35.0,1.025
35.0,1.030
35.0,1.030
35.0,1.030
35.0,1.030
35.0,1.030
35.0,1.030
35.0,1.030
35.0,1.030
35.0,1.030
35.0,1.030
35.0,1.030
35.0,1.030
35.0,1.030
35.0,1.030
35.0,1.030
35.0,1.030
35.0,1.030
35.0,1.035
35.0,1.035
35.0,1.035
35.0,1.035
35.0,1.035
35.0,1.035
35.0,1.035
35.0,1.035
35.0,1.035
35.0,1.035
35.0,1.035
35.0,1.035
35.0,1.035
35.0,1.035
35.0,1.035
35.0,1.035
35.0,1.040
35.0,1.040
35.0,1.040
35.0,1.040
35.0,1.040
35.0,1.040
35.0,1.040
35.0,1.040
35.0,1.040
35.0,1.040
35.0,1.040
35.0,1.040
35.1,1.040
35.1,1.040
35.1,1.040
35.0,1.040
35.0,1.040
35.0,1.040
35.0,1.045
35.0,1.045
35.0,1.045
35.0,1.045
35.0,1.045
35.0,1.045
35.0,1.045
35.0,1.045
35.0,1.045
35.0,1.045
35.0,1.045
35.0,1.045
35.0,1.045
35.0,1.045
35.0,1.045
35.0,1.045
35.0,1.045
35.0,1.050
35.0,1.050
35.0,1.050
35.0,1.050
35.0,1.050
35.0,1.050
35.0,1.050
35.0,1.050
35.0,1.050
35.0,1.050
35.0,1.050
35.0,1.050
35.0,1.050
35.0,1.050
35.0,1.050
35.0,1.050
35.0,1.055
35.0,1.055
35.0,1.055
35.0,1.055
35.0,1.055
35.0,1.055
35.0,1.055
35.0,1.055
35.0,1.055
35.0,1.055
35.0,1.055
35.0,1.055
35.0,1.055
35.0,1.055
35.0,1.055
35.0,1.055
35.0,1.055
35.0,1.055
35.0,1.060
35.0,1.060
35.0,1.060
35.0,1.060
35.0,1.060
35.0,1.060
35.0,1.060
35.0,1.060
35.0,1.060
35.0,1.060
35.0,1.060
35.0,1.060
35.0,1.060
35.0,1.060
35.0,1.060
35.0,1.060
35.0,1.060
35.0,1.060
35.0,1.065
35.0,1.065
35.0,1.065
35.0,1.065
35.0,1.065
35.0,1.065
34.9,1.065
34.9,1.065
34.9,1.065
35.0,1.065
35.0,1.065
35.0,1.065
35.0,1.065
35.0,1.065
35.0,1.065
35.0,1.065
35.0,1.065
35.0,1.070
35.0,1.070
35.0,1.070
35.0,1.070
35.0,1.070
35.0,1.070
35.0,1.070
35.0,1.070
35.0,1.070
35.0,1.070
35.0,1.070
35.0,1.070
35.0,1.070
35.0,1.070
35.0,1.070
35.0,1.070
35.0,1.075
35.0,1.075
35.0,1.075
35.0,1.075
35.0,1.075
35.0,1.075
35.0,1.075
35.0,1.075
35.0,1.075
35.0,1.075
35.0,1.075
35.0,1.075
35.0,1.075
35.0,1.075
35.0,1.075
35.0,1.075
35.0,1.075
35.0,1.080
35.0,1.080
35.0,1.080
35.0,1.080
35.0,1.080
35.0,1.080
35.0,1.080
35.0,1.080
34.9,1.080
34.9,1.080
34.9,1.080
34.9,1.080
34.9,1.080
34.9,1.080
34.9,1.080
34.9,1.080
34.9,1.080
34.9,1.080
34.9,1.085
34.9,1.085
34.9,1.085
34.9,1.085
34.9,1.085
34.9,1.085
34.9,1.085
34.9,1.085
34.9,1.085
34.9,1.085
34.9,1.085
34.9,1.085
34.9,1.085
34.9,1.085
34.9,1.085
34.9,1.085
34.9,1.085
34.9,1.090
35.0,1.090
35.0,1.090
35.0,1.090
35.0,1.090
35.0,1.090
35.0,1.090
35.0,1.090
35.0,1.090
35.0,1.090
35.0,1.090
35.0,1.090
35.0,1.090
35.0,1.090
35.0,1.090
35.0,1.090
35.0,1.090
35.0,1.095
35.0,1.095
35.0,1.095
35.0,1.095
35.0,1.095
35.1,1.095
35.1,1.095
35.1,1.095
35.1,1.095
35.1,1.095
35.1,1.095
35.1,1.095
35.1,1.095
35.1,1.095
35.1,1.095
35.1,1.095
35.0,1.095
35.0,1.100
35.0,1.100
35.0,1.100
35.0,1.100
35.0,1.100
35.0,1.100
35.0,1.100
35.0,1.100
35.0,1.100
35.0,1.100
35.1,1.100
35.1,1.100
35.1,1.100
35.1,1.100
35.1,1.100
35.1,1.100
35.1,1.100
35.1,1.105
35.1,1.105
35.1,1.105
35.1,1.105
35.1,1.105
35.1,1.105
35.1,1.105
35.1,1.105
35.1,1.105
35.1,1.105
35.1,1.105
35.1,1.105
35.1,1.105
35.1,1.105
35.1,1.105
35.1,1.105
35.1,1.105
35.1,1.110
35.1,1.110
35.1,1.110
35.1,1.110
35.1,1.110
35.1,1.110
35.1,1.110
35.1,1.110
35.1,1.110
35.1,1.110
35.1,1.110
35.1,1.110
35.1,1.110
35.1,1.110
35.1,1.110
35.1,1.110
35.1,1.110
35.1,1.115
35.1,1.115
35.1,1.115
35.1,1.115
35.1,1.115
35.1,1.115
35.1,1.115
35.1,1.115
35.1,1.115
35.1,1.115
35.1,1.115
35.1,1.115
35.2,1.115
35.2,1.115
35.2,1.115
35.2,1.115
35.2,1.115
35.2,1.120
35.2,1.120
35.2,1.120
35.2,1.120
35.2,1.120
35.2,1.120
35.2,1.120
35.2,1.120
35.2,1.120
35.2,1.120
35.2,1.120
35.3,1.120
35.3,1.120
35.3,1.120
35.3,1.120
35.3,1.120
35.3,1.120
35.3,1.125
35.3,1.125
35.3,1.125
35.3,1.125
35.3,1.125
35.3,1.125
35.3,1.125
35.3,1.125
35.3,1.125
35.3,1.125
35.3,1.125
35.3,1.125
35.3,1.125
35.3,1.125
35.3,1.125
35.3,1.125
35.3,1.125
35.3,1.130
35.3,1.130
35.3,1.130
35.3,1.130
35.3,1.130
35.3,1.130
35.3,1.130
35.4,1.130
35.4,1.130
35.4,1.130
35.4,1.130
35.4,1.130
35.4,1.130
35.4,1.130
35.4,1.130
35.4,1.130
35.4,1.135
35.4,1.135
35.4,1.135
35.4,1.135
35.4,1.135
35.4,1.135
35.4,1.135
35.4,1.135
35.4,1.135
35.4,1.135
35.4,1.135
35.4,1.135
35.4,1.135
35.4,1.135
35.4,1.135
35.4,1.135
35.4,1.135
35.4,1.140
35.4,1.140
35.4,1.140
35.4,1.140
35.4,1.140
35.4,1.140
35.4,1.140
35.4,1.140
35.4,1.140
35.4,1.140
35.4,1.140
35.4,1.140
35.4,1.140
35.4,1.140
35.4,1.140
35.4,1.140
35.4,1.140
35.4,1.145
35.4,1.145
35.4,1.145
35.4,1.145
35.4,1.145
35.4,1.145
35.4,1.145
35.4,1.145
35.4,1.145
35.4,1.145
35.4,1.145
35.4,1.145
35.4,1.145
35.4,1.145
35.4,1.145
35.4,1.145
35.4,1.150
35.4,1.150
35.4,1.150
35.4,1.150
35.4,1.150
35.4,1.150
35.4,1.150
35.4,1.150
35.4,1.150
35.4,1.150
35.4,1.150
35.4,1.150
35.4,1.150
35.4,1.150
35.4,1.150
35.4,1.155
35.4,1.155
35.4,1.155
35.4,1.155
35.4,1.155
35.4,1.155
35.4,1.155
35.4,1.155
35.4,1.155
35.4,1.155
35.4,1.155
35.4,1.155
35.4,1.155
35.4,1.155
35.4,1.155
35.4,1.155
35.4,1.155
35.4,1.160
35.4,1.160
35.4,1.160
35.4,1.160
35.4,1.160
35.4,1.160
35.5,1.160
35.5,1.160
35.5,1.160
35.5,1.160
35.5,1.160
35.5,1.160
35.5,1.160
35.5,1.160
35.5,1.160
35.5,1.160
35.5,1.165
35.5,1.165
35.5,1.165
35.5,1.165
35.5,1.165
35.5,1.165
35.5,1.165
35.5,1.165
35.5,1.165
35.5,1.165
35.5,1.165
35.5,1.165
35.5,1.165
35.5,1.165
35.5,1.165
35.5,1.165
35.5,1.170
35.5,1.170
35.5,1.170
35.5,1.170
35.5,1.170
35.5,1.170
35.5,1.170
35.5,1.170
35.5,1.170
35.5,1.170
35.5,1.170
35.5,1.170
35.5,1.170
35.5,1.170
35.5,1.170
35.5,1.175
35.5,1.175
35.5,1.175
35.5,1.175
35.5,1.175
35.5,1.175
35.5,1.175
35.5,1.175
35.5,1.175
35.5,1.175
35.5,1.175
35.5,1.175
35.5,1.175
35.5,1.175
35.5,1.175
35.5,1.175
35.5,1.180
35.5,1.180
35.5,1.180
35.5,1.180
35.5,1.180
35.5,1.180
35.5,1.180
35.5,1.180
35.5,1.180
35.5,1.180
35.5,1.180
35.5,1.180
35.5,1.180
35.5,1.180
35.5,1.180
35.5,1.180
35.5,1.180
35.5,1.185
35.5,1.185
35.5,1.185
35.5,1.185
35.5,1.185
35.5,1.185
35.5,1.185
35.5,1.185
35.5,1.185
35.5,1.185
35.5,1.185
35.5,1.185
35.5,1.185
35.5,1.185
35.5,1.185
35.5,1.190
35.5,1.190
35.5,1.190
35.5,1.190
35.5,1.190
35.5,1.190
35.5,1.190
35.5,1.190
35.5,1.190
35.5,1.190
35.5,1.190
35.5,1.190
35.5,1.190
35.5,1.190
35.5,1.190
35.5,1.190
35.5,1.190
35.5,1.195
35.5,1.195
35.5,1.195
35.5,1.195
35.5,1.195
35.5,1.195
35.5,1.195
35.5,1.195
35.5,1.195
35.5,1.195
35.5,1.195
35.5,1.195
35.5,1.195
35.5,1.195
35.5,1.195
35.5,1.195
35.5,1.195
35.5,1.200
35.5,1.200
35.5,1.200
35.5,1.200
35.5,1.200
35.5,1.200
35.5,1.200
35.5,1.200
35.6,1.200
35.6,1.200
35.6,1.200
35.6,1.200
35.6,1.200
35.6,1.200
35.6,1.200
35.6,1.200
35.6,1.200
35.5,1.200
35.5,1.205
35.5,1.205
35.5,1.205
35.5,1.205
35.5,1.205
35.5,1.205
35.5,1.205
35.5,1.205
35.5,1.205
35.5,1.205
35.5,1.205
35.5,1.205
35.5,1.205
35.6,1.205
35.6,1.205
35.6,1.205
35.6,1.205
35.6,1.210
35.6,1.210
35.6,1.210
35.6,1.210
35.6,1.210
35.6,1.210
35.6,1.210
35.6,1.210
35.6,1.210
35.6,1.210
35.6,1.210
35.6,1.210
35.6,1.210
35.6,1.210
35.6,1.210
35.7,1.210
35.7,1.215
35.7,1.215
35.7,1.215
35.7,1.215
35.7,1.215
35.7,1.215
35.7,1.215
35.7,1.215
35.7,1.215
35.7,1.215
35.7,1.215
35.7,1.215
35.7,1.215
35.7,1.215
35.7,1.215
35.7,1.215
35.7,1.220
35.7,1.220
35.8,1.220
35.7,1.220
35.7,1.220
35.8,1.220
35.8,1.220
35.8,1.220
35.8,1.220
35.8,1.220
35.8,1.220
35.8,1.220
35.8,1.220
35.8,1.220
35.8,1.220
35.8,1.220
35.8,1.225
35.8,1.225
35.8,1.225
35.8,1.225
35.8,1.225
35.8,1.225
35.9,1.225
35.9,1.225
35.9,1.225
35.9,1.225
35.9,1.225
35.9,1.225
35.9,1.225
35.9,1.225
35.8,1.225
35.8,1.230
35.8,1.230
35.8,1.230
35.8,1.230
35.8,1.230
35.8,1.230
36.0,1.230
35.9,1.230
35.9,1.230
35.9,1.230
35.9,1.230
35.9,1.230
35.9,1.230
35.9,1.235
35.9,1.235
35.9,1.235
35.9,1.235
35.9,1.235
35.9,1.235
35.9,1.235
35.9,1.235
35.9,1.235
35.9,1.235
35.9,1.235
35.9,1.235
35.9,1.235
35.9,1.235
35.9,1.240
35.9,1.240
35.9,1.240
35.9,1.240
36.0,1.240
36.0,1.240
36.0,1.240
36.0,1.240
36.0,1.240
36.0,1.240
36.0,1.240
36.0,1.240
36.0,1.240
36.0,1.245
36.0,1.245
36.1,1.245
36.1,1.245
36.1,1.245
36.1,1.245
36.1,1.245
36.1,1.245
36.1,1.245
36.1,1.245
36.1,1.245
36.1,1.245
36.1,1.245
36.1,1.250
36.1,1.250
36.1,1.250
36.1,1.250
36.1,1.250
36.1,1.250
36.1,1.250
36.1,1.250
36.1,1.250
36.0,1.250
36.0,1.250
36.0,1.250
36.0,1.255
36.0,1.255
36.0,1.255
36.0,1.255
36.0,1.255
36.0,1.255
36.1,1.255
36.1,1.255
36.1,1.255
36.1,1.255
36.1,1.255
36.1,1.255
36.1,1.260
36.1,1.260
36.1,1.260
36.1,1.260
36.1,1.260
36.1,1.260
36.1,1.260
36.0,1.260
36.0,1.260
36.0,1.260
36.0,1.260
36.0,1.260
36.0,1.265
36.0,1.265
36.0,1.265
36.0,1.265
36.0,1.265
36.0,1.265
36.0,1.265
36.0,1.265
36.0,1.265
36.0,1.265
36.0,1.265
36.0,1.270
36.0,1.270
36.0,1.270
36.0,1.270
36.0,1.270
36.0,1.270
36.1,1.270
36.1,1.270
36.1,1.270
36.1,1.270
36.1,1.270
36.1,1.270
36.1,1.275
36.1,1.275
36.1,1.275
36.1,1.275
36.1,1.275
36.1,1.275
36.1,1.275
36.1,1.275
36.1,1.275
36.1,1.275
36.1,1.275
36.1,1.280
36.1,1.280
36.1,1.280
36.1,1.280
36.1,1.280
36.1,1.280
36.1,1.280
36.1,1.280
36.1,1.280
36.1,1.280
36.1,1.280
36.1,1.285
36.1,1.285
36.1,1.285
36.1,1.285
36.1,1.285
36.1,1.285
36.1,1.285
36.1,1.285
36.1,1.285
36.1,1.285
36.1,1.290
36.1,1.290
36.1,1.290
36.1,1.290
36.1,1.290
36.1,1.290
36.1,1.290
36.1,1.290
36.1,1.290
36.1,1.290
36.1,1.295
36.1,1.295
36.2,1.295
36.2,1.295
36.2,1.295
36.2,1.295
36.2,1.295
36.2,1.295
36.2,1.295
36.2,1.295
36.2,1.295
36.2,1.300
36.2,1.300
36.2,1.300
36.2,1.300
36.2,1.300
36.2,1.300
36.2,1.300
36.2,1.300
36.2,1.300
36.2,1.300
36.2,1.305
36.2,1.305
36.2,1.305
36.2,1.305
36.2,1.305
36.2,1.305
36.2,1.305
36.2,1.305
36.2,1.305
36.2,1.305
36.2,1.310
36.2,1.310
36.2,1.310
36.2,1.310
36.2,1.310
36.2,1.310
36.2,1.310
36.2,1.310
36.2,1.315
36.2,1.315
36.2,1.315
36.2,1.315
36.2,1.315
36.2,1.315
36.2,1.315
36.2,1.315
36.2,1.315
36.2,1.315
36.2,1.320
36.2,1.320
36.2,1.320
36.2,1.320
36.2,1.320
36.2,1.320
36.2,1.320
36.2,1.320
36.2,1.320
36.2,1.320
36.2,1.325
36.2,1.325
36.2,1.325
36.2,1.325
36.2,1.325
36.2,1.325
36.2,1.325
36.2,1.325
36.2,1.325
36.2,1.330
36.2,1.330
36.2,1.330
36.2,1.330
36.2,1.330
36.2,1.330
36.2,1.330
36.2,1.330
36.2,1.330
36.2,1.335
36.2,1.335
36.2,1.335
36.2,1.335
36.2,1.335
36.2,1.335
36.2,1.335
36.2,1.335
36.2,1.335
36.2,1.335
36.2,1.340
36.1,1.340
36.1,1.340
36.1,1.340
36.1,1.340
36.1,1.340
36.1,1.340
36.1,1.340
36.1,1.340
36.1,1.340
36.1,1.345
36.1,1.345
36.1,1.345
36.1,1.345
36.1,1.345
36.1,1.345
36.1,1.345
36.1,1.345
36.1,1.345
36.1,1.345
36.1,1.350
36.1,1.350
36.1,1.350
36.1,1.350
36.1,1.350
36.1,1.350
36.1,1.350
36.1,1.350
36.1,1.350
36.1,1.350
36.1,1.355
36.1,1.355
36.1,1.355
36.1,1.355
36.1,1.355
36.1,1.355
36.2,1.355
36.2,1.355
36.2,1.355
36.2,1.355
36.2,1.355
36.2,1.360
36.1,1.360
36.1,1.360
36.1,1.360
36.1,1.360
36.1,1.360
36.1,1.360
36.1,1.360
36.1,1.360
36.1,1.360
36.1,1.365
36.1,1.365
36.1,1.365
36.1,1.365
36.1,1.365
36.1,1.365
36.1,1.365
36.1,1.365
36.1,1.365
36.1,1.365
36.1,1.365
36.1,1.370
36.1,1.370
36.1,1.370
36.1,1.370
36.1,1.370
36.1,1.370
36.1,1.370
36.1,1.370
36.1,1.370
36.1,1.370
36.1,1.375
36.1,1.375
36.1,1.375
36.1,1.375
36.1,1.375
36.1,1.375
36.1,1.375
36.1,1.375
36.1,1.375
36.1,1.375
36.1,1.375
36.1,1.380
36.1,1.380
36.2,1.380
36.2,1.380
36.1,1.380
36.2,1.380
36.1,1.380
36.1,1.380
36.0,1.380
36.0,1.380
36.0,1.380
36.0,1.385
36.0,1.385
36.0,1.385
36.0,1.385
36.1,1.385
36.1,1.385
36.2,1.385
36.2,1.385
36.2,1.385
36.2,1.385
36.2,1.385
36.2,1.390
36.2,1.390
36.2,1.390
36.2,1.390
36.2,1.390
36.2,1.390
36.2,1.390
36.2,1.390
36.2,1.390
36.2,1.390
36.2,1.395
36.2,1.395
36.2,1.395
36.2,1.395
36.4,1.395
36.4,1.395
36.4,1.395
36.4,1.395
36.4,1.395
36.4,1.395
36.4,1.395
36.4,1.400
36.4,1.400
36.4,1.400
36.3,1.400
36.4,1.400
36.4,1.400
36.4,1.400
36.4,1.400
36.4,1.400
36.4,1.400
36.4,1.400
36.4,1.405
36.4,1.405
36.4,1.405
36.4,1.405
36.4,1.405
36.5,1.405
36.5,1.405
36.5,1.405
36.5,1.405
36.5,1.405
36.5,1.405
36.5,1.405
36.5,1.410
36.5,1.410
36.5,1.410
36.5,1.410
36.5,1.410
36.5,1.410
36.5,1.410
36.5,1.410
36.5,1.410
36.5,1.410
36.5,1.410
36.5,1.415
36.5,1.415
36.5,1.415
36.5,1.415
36.5,1.415
36.5,1.415
36.5,1.415
36.5,1.415
36.5,1.415
36.5,1.415
36.5,1.415
36.5,1.415
36.5,1.420
36.5,1.420
36.5,1.420
36.5,1.420
36.5,1.420
36.5,1.420
36.5,1.420
36.5,1.420
36.5,1.420
36.5,1.420
36.5,1.420
36.5,1.420
36.5,1.420
36.5,1.425
36.5,1.425
36.5,1.425
36.5,1.425
36.5,1.425
36.5,1.425
36.5,1.425
36.5,1.425
36.5,1.425
36.5,1.425
36.5,1.425
36.5,1.425
36.5,1.430
36.5,1.430
36.5,1.430
36.5,1.430
36.5,1.430
36.5,1.430
36.5,1.430
36.5,1.430
36.5,1.430
36.5,1.430
36.5,1.430
36.5,1.430
36.5,1.430
36.5,1.435
36.5,1.435
36.5,1.435
36.5,1.435
36.5,1.435
36.5,1.435
36.5,1.435
36.5,1.435
36.5,1.435
36.5,1.435
36.5,1.435
36.5,1.435
36.5,1.435
36.5,1.435
36.5,1.440
36.5,1.440
36.5,1.440
36.6,1.440
36.6,1.440
36.6,1.440
36.6,1.440
36.6,1.440
36.6,1.440
36.6,1.440
36.6,1.440
36.5,1.440
36.5,1.440
36.5,1.440
36.5,1.445
36.5,1.445
36.5,1.445
36.5,1.445
36.5,1.445
36.5,1.445
36.5,1.445
36.5,1.445
36.5,1.445
36.5,1.445
36.5,1.445
36.5,1.445
36.5,1.445
36.5,1.445
36.5,1.450
36.5,1.450
36.5,1.450
36.5,1.450
36.5,1.450
36.5,1.450
36.5,1.450
36.5,1.450
36.5,1.450
36.5,1.450
36.5,1.450
36.5,1.450
36.5,1.450
36.5,1.455
36.5,1.455
36.5,1.455
36.5,1.455
36.5,1.455
36.5,1.455
36.5,1.455
36.5,1.455
36.5,1.455
36.5,1.455
36.5,1.455
36.5,1.455
36.5,1.455
36.5,1.455
36.5,1.460
36.5,1.460
36.5,1.460
36.5,1.460
36.5,1.460
36.5,1.460
36.5,1.460
36.5,1.460
36.5,1.460
36.5,1.460
36.5,1.460
36.5,1.460
36.5,1.460
36.5,1.460
36.5,1.465
36.5,1.465
36.5,1.465
36.5,1.465
36.5,1.465
36.5,1.465
36.5,1.465
36.5,1.465
36.5,1.465
36.5,1.465
36.5,1.465
36.5,1.465
36.5,1.465
36.5,1.470
36.5,1.470
36.5,1.470
36.5,1.470
36.5,1.470
36.5,1.470
36.5,1.470
36.5,1.470
36.5,1.470
36.5,1.470
36.5,1.470
36.5,1.470
36.5,1.470
36.5,1.475
36.5,1.475
36.5,1.475
36.5,1.475
36.5,1.475
36.5,1.475
36.5,1.475
36.5,1.475
36.5,1.475
36.5,1.475
36.5,1.475
36.5,1.475
36.5,1.475
36.5,1.475
36.5,1.480
36.5,1.480
36.5,1.480
36.5,1.480
36.5,1.480
36.5,1.480
36.5,1.480
36.5,1.480
36.5,1.480
36.5,1.480
36.5,1.480
36.5,1.480
36.5,1.480
36.5,1.485
36.5,1.485
36.5,1.485
36.5,1.485
36.5,1.485
36.5,1.485
36.5,1.485
36.5,1.485
36.5,1.485
36.5,1.485
36.5,1.485
36.5,1.485
36.5,1.485
36.5,1.490
36.5,1.490
36.5,1.490
36.5,1.490
36.5,1.490
36.5,1.490
36.5,1.490
36.5,1.490
36.5,1.490
36.5,1.490
36.5,1.490
36.5,1.490
36.5,1.490
36.5,1.495
36.5,1.495
36.5,1.495
36.5,1.495
36.5,1.495
36.5,1.495
36.5,1.495
36.5,1.495
36.5,1.495
36.5,1.495
36.5,1.495
36.5,1.495
36.5,1.495
36.5,1.495
36.5,1.500
36.5,1.500
36.5,1.500
36.5,1.500
36.5,1.500
36.5,1.500
36.5,1.500
36.5,1.500
36.5,1.500
36.4,1.500
36.4,1.500
36.4,1.500
36.4,1.500
36.4,1.500
36.4,1.505
36.4,1.505
36.4,1.505
36.4,1.505
36.4,1.505
36.4,1.505
36.4,1.505
36.4,1.505
36.4,1.505
36.4,1.505
36.4,1.505
36.4,1.505
36.4,1.505
36.4,1.505
36.4,1.510
36.4,1.510
36.4,1.510
36.4,1.510
36.4,1.510
36.5,1.510
36.5,1.510
36.5,1.510
36.5,1.510
36.5,1.510
36.5,1.510
36.5,1.510
36.5,1.510
36.5,1.510
36.5,1.510
36.5,1.515
36.5,1.515
36.5,1.515
36.5,1.515
36.5,1.515
36.5,1.515
36.5,1.515
36.5,1.515
36.5,1.515
36.5,1.515
36.4,1.515
36.4,1.515
36.4,1.515
36.4,1.515
36.4,1.515
36.4,1.520
36.4,1.520
36.4,1.520
36.4,1.520
36.4,1.520
36.5,1.520
36.5,1.520
36.5,1.520
36.5,1.520
36.5,1.520
36.5,1.520
36.5,1.520
36.3,1.520
36.4,1.520
36.3,1.520
36.3,1.525
36.3,1.525
36.3,1.525
36.3,1.525
36.3,1.525
36.3,1.525
36.3,1.525
36.3,1.525
36.3,1.525
36.4,1.525
36.4,1.525
36.4,1.525
36.4,1.525
36.4,1.525
36.4,1.525
36.4,1.525
36.4,1.530
36.4,1.530
36.4,1.530
36.4,1.530
36.4,1.530
36.4,1.530
36.4,1.530
36.4,1.530
36.4,1.530
36.4,1.530
36.4,1.530
36.4,1.530
36.4,1.530
36.4,1.530
36.4,1.535
36.4,1.535
36.4,1.535
36.4,1.535
36.4,1.535
36.4,1.535
36.4,1.535
36.4,1.535
36.4,1.535
36.4,1.535
36.4,1.535
36.4,1.535
36.4,1.535
36.4,1.535
36.4,1.535
36.4,1.535
36.4,1.540
36.4,1.540
36.4,1.540
36.4,1.540
36.4,1.540
36.4,1.540
36.4,1.540
36.4,1.540
36.4,1.540
36.4,1.540
36.4,1.540
36.4,1.540
36.4,1.540
36.4,1.540
36.4,1.540
36.4,1.545
36.4,1.545
36.4,1.545
36.4,1.545
36.4,1.545
36.4,1.545
36.4,1.545
36.4,1.545
36.4,1.545
36.4,1.545
36.4,1.545
36.4,1.545
36.4,1.545
36.4,1.545
36.4,1.545
36.4,1.545
36.4,1.550
36.4,1.550
36.4,1.550
36.4,1.550
36.4,1.550
36.4,1.550
36.4,1.550
36.4,1.550
36.4,1.550
36.4,1.550
36.4,1.550
36.4,1.550
36.4,1.550
36.4,1.550
36.4,1.550
36.4,1.555
36.4,1.555
36.4,1.555
36.4,1.555
36.4,1.555
36.4,1.555
36.4,1.555
36.4,1.555
36.4,1.555
36.4,1.555
36.4,1.555
36.4,1.555
36.4,1.555
36.4,1.555
36.4,1.555
36.4,1.555
36.4,1.560
36.4,1.560
36.4,1.560
36.4,1.560
36.4,1.560
36.4,1.560
36.4,1.560
36.4,1.560
36.4,1.560
36.4,1.560
36.4,1.560
36.4,1.560
36.4,1.560
36.4,1.560
36.4,1.560
36.5,1.560
36.5,1.565
36.4,1.565
36.4,1.565
36.4,1.565
36.4,1.565
36.4,1.565
36.4,1.565
36.4,1.565
36.4,1.565
36.4,1.565
36.4,1.565
36.4,1.565
36.4,1.565
36.4,1.565
36.4,1.565
36.4,1.565
36.4,1.570
36.4,1.570
36.5,1.570
36.5,1.570
36.5,1.570
36.5,1.570
36.5,1.570
36.5,1.570
36.5,1.570
36.5,1.570
36.5,1.570
36.5,1.570
36.5,1.570
36.5,1.570
36.5,1.570
36.5,1.570
36.5,1.570
36.5,1.575
36.5,1.575
36.5,1.575
36.5,1.575
36.5,1.575
36.5,1.575
36.5,1.575
36.5,1.575
36.5,1.575
36.5,1.575
36.5,1.575
36.5,1.575
36.5,1.575
36.5,1.575
36.5,1.575
36.5,1.575
36.5,1.575
36.5,1.575
36.5,1.580
36.5,1.580
36.5,1.580
36.5,1.580
36.5,1.580
36.5,1.580
36.5,1.580
36.5,1.580
36.5,1.580
36.5,1.580
36.5,1.580
36.5,1.580
36.5,1.580
36.5,1.580
36.5,1.580
36.5,1.580
36.5,1.580
36.5,1.585
36.5,1.585
36.5,1.585
36.5,1.585
36.5,1.585
36.5,1.585
36.5,1.585
36.5,1.585
36.5,1.585
36.6,1.585
36.6,1.585
36.6,1.585
36.6,1.585
36.6,1.585
36.6,1.585
36.6,1.585
36.6,1.585
36.6,1.590
36.6,1.590
36.6,1.590
36.6,1.590
36.6,1.590
36.6,1.590
36.6,1.590
36.6,1.590
36.6,1.590
36.6,1.590
36.6,1.590
36.7,1.590
36.7,1.590
36.7,1.590
36.7,1.590
36.8,1.590
36.8,1.590
36.8,1.590
36.8,1.590
36.9,1.595
36.8,1.595
36.8,1.595
36.9,1.595
36.9,1.595
36.9,1.595
36.9,1.595
36.9,1.595
36.9,1.595
36.9,1.595
36.9,1.595
36.9,1.595
36.9,1.595
36.9,1.595
36.9,1.595
36.9,1.595
37.0,1.595
37.0,1.595
37.0,1.600
37.0,1.600
37.0,1.600
37.0,1.600
37.0,1.600
37.0,1.600
37.0,1.600
37.0,1.600
37.0,1.600
37.0,1.600
37.0,1.600
37.0,1.600
37.0,1.600
37.0,1.600
37.0,1.600
37.0,1.600
37.0,1.600
37.0,1.600
37.0,1.605
37.0,1.605
37.0,1.605
37.0,1.605
37.0,1.605
37.0,1.605
37.0,1.605
37.0,1.605
37.0,1.605
37.0,1.605
37.0,1.605
37.0,1.605
37.0,1.605
37.0,1.605
37.0,1.605
37.0,1.605
37.0,1.605
37.0,1.610
37.0,1.610
37.0,1.610
37.1,1.610
37.1,1.610
37.1,1.610
37.1,1.610
37.1,1.610
37.1,1.610
37.1,1.610
37.0,1.610
37.0,1.610
37.0,1.610
37.0,1.610
37.0,1.610
37.0,1.610
37.0,1.610
37.0,1.615
37.0,1.615
37.0,1.615
37.0,1.615
37.0,1.615
37.0,1.615
37.0,1.615
37.0,1.615
37.0,1.615
37.0,1.615
37.0,1.615
37.0,1.615
37.0,1.615
37.0,1.615
37.0,1.615
37.0,1.615
37.0,1.615
37.0,1.620
37.0,1.620
37.0,1.620
37.0,1.620
37.0,1.620
37.0,1.620
37.0,1.620
37.0,1.620
37.0,1.620
37.0,1.620
37.0,1.620
37.0,1.620
37.0,1.620
37.0,1.620
37.0,1.620
37.0,1.620
37.0,1.620
37.0,1.625
37.0,1.625
37.0,1.625
37.0,1.625
37.0,1.625
37.0,1.625
37.0,1.625
37.0,1.625
37.0,1.625
37.0,1.625
37.0,1.625
37.0,1.625
37.0,1.625
37.0,1.625
37.1,1.625
37.1,1.625
37.1,1.625
37.1,1.630
37.1,1.630
37.1,1.630
37.1,1.630
37.1,1.630
37.1,1.630
37.1,1.630
37.1,1.630
37.1,1.630
37.1,1.630
37.1,1.630
37.1,1.630
37.1,1.630
37.1,1.630
37.1,1.630
37.1,1.630
37.1,1.635
37.1,1.635
37.1,1.635
37.1,1.635
37.1,1.635
37.1,1.635
37.1,1.635
37.1,1.635
37.1,1.635
37.1,1.635
37.1,1.635
37.1,1.635
37.1,1.635
37.1,1.635
37.1,1.635
37.1,1.635
37.1,1.635
37.2,1.635
37.2,1.640
37.2,1.640
37.2,1.640
37.2,1.640
37.2,1.640
37.2,1.640
37.2,1.640
37.2,1.640
37.2,1.640
37.2,1.640
37.2,1.640
37.2,1.640
37.2,1.640
37.2,1.640
37.2,1.640
37.2,1.640
37.1,1.640
37.1,1.645
37.1,1.645
37.1,1.645
37.1,1.645
37.1,1.645
37.1,1.645
37.1,1.645
37.1,1.645
37.1,1.645
37.1,1.645
37.1,1.645
37.2,1.645
37.2,1.645
37.2,1.645
37.2,1.645
37.2,1.645
37.2,1.645
37.2,1.650
37.2,1.650
37.2,1.650
37.2,1.650
37.2,1.650
37.2,1.650
37.2,1.650
37.2,1.650
37.2,1.650
37.2,1.650
37.2,1.650
37.2,1.650
37.2,1.650
37.2,1.650
37.2,1.650
37.2,1.650
37.2,1.655
37.2,1.655
37.2,1.655
37.2,1.655
37.2,1.655
37.2,1.655
37.2,1.655
37.2,1.655
37.2,1.655
37.2,1.655
37.2,1.655
37.2,1.655
37.2,1.655
37.2,1.655
37.2,1.655
37.2,1.655
37.2,1.655
37.2,1.660
37.2,1.660
37.2,1.660
37.2,1.660
37.2,1.660
37.2,1.660
37.2,1.660
37.2,1.660
37.2,1.660
37.2,1.660
37.2,1.660
37.2,1.660
37.2,1.660
37.2,1.660
37.2,1.660
37.2,1.660
37.2,1.660
37.2,1.660
37.3,1.665
37.3,1.665
37.3,1.665
37.3,1.665
37.3,1.665
37.3,1.665
37.3,1.665
37.3,1.665
37.3,1.665
37.3,1.665
37.3,1.665
37.3,1.665
37.3,1.665
37.3,1.665
37.3,1.665
37.3,1.665
37.3,1.670
37.3,1.670
37.3,1.670
37.3,1.670
37.3,1.670
37.3,1.670
37.3,1.670
37.3,1.670
37.3,1.670
37.3,1.670
37.3,1.670
37.3,1.670
37.3,1.670
37.3,1.670
37.3,1.670
37.3,1.670
37.3,1.670
37.3,1.670
37.3,1.675
37.3,1.675
37.3,1.675
37.3,1.675
37.3,1.675
37.3,1.675
37.3,1.675
37.3,1.675
37.3,1.675
37.3,1.675
37.3,1.675
37.3,1.675
37.3,1.675
37.3,1.675
37.4,1.675
37.4,1.675
37.4,1.675
37.4,1.680
37.4,1.680
37.4,1.680
37.4,1.680
37.4,1.680
37.4,1.680
37.4,1.680
37.4,1.680
37.4,1.680
37.4,1.680
37.4,1.680
37.4,1.680
37.4,1.680
37.4,1.680
37.4,1.680
37.4,1.680
37.4,1.680
37.4,1.680
37.4,1.685
37.4,1.685
37.4,1.685
37.4,1.685
37.4,1.685
37.4,1.685
37.4,1.685
37.4,1.685
37.4,1.685
37.4,1.685
37.4,1.685
37.5,1.685
37.5,1.685
37.5,1.685
37.5,1.685
37.5,1.685
37.5,1.685
37.5,1.685
37.5,1.690
37.5,1.690
37.5,1.690
37.5,1.690
37.5,1.690
37.5,1.690
37.5,1.690
37.5,1.690
37.5,1.690
37.5,1.690
37.5,1.690
37.5,1.690
37.5,1.690
37.5,1.690
37.5,1.690
37.5,1.690
37.5,1.690
37.5,1.695
37.5,1.695
37.5,1.695
37.5,1.695
37.5,1.695
37.5,1.695
37.4,1.695
37.4,1.695
37.4,1.695
37.4,1.695
37.4,1.695
37.4,1.695
37.4,1.695
37.4,1.695
37.4,1.695
37.5,1.695
37.5,1.695
37.5,1.695
37.5,1.695
37.5,1.700
37.5,1.700
37.5,1.700
37.6,1.700
37.6,1.700
37.5,1.700
37.5,1.700
37.5,1.700
37.5,1.700
37.5,1.700
37.5,1.700
37.5,1.700
37.5,1.700
37.5,1.700
37.5,1.700
37.5,1.700
37.5,1.700
37.5,1.700
37.5,1.700
37.5,1.705
37.5,1.705
37.5,1.705
37.5,1.705
37.5,1.705
37.5,1.705
37.5,1.705
37.5,1.705
37.5,1.705
37.5,1.705
37.5,1.705
37.5,1.705
37.5,1.705
37.5,1.705
37.5,1.705
37.5,1.705
37.5,1.705
37.5,1.705
37.5,1.705
37.5,1.710
37.5,1.710
37.5,1.710
37.5,1.710
37.5,1.710
37.5,1.710
37.5,1.710
37.5,1.710
37.5,1.710
37.5,1.710
37.5,1.710
37.5,1.710
37.5,1.710
37.5,1.710
37.5,1.710
37.5,1.710
37.5,1.710
37.5,1.710
37.5,1.715
37.5,1.715
37.5,1.715
37.5,1.715
37.5,1.715
37.5,1.715
37.5,1.715
37.5,1.715
37.5,1.715
37.5,1.715
37.5,1.715
37.5,1.715
37.5,1.715
37.5,1.715
37.5,1.715
37.5,1.715
37.5,1.715
37.5,1.715
37.5,1.715
37.5,1.715
37.5,1.720
37.5,1.720
37.5,1.720
37.5,1.720
37.5,1.720
37.5,1.720
37.5,1.720
37.5,1.720
37.5,1.720
37.5,1.720
37.5,1.720
37.5,1.720
37.5,1.720
37.5,1.720
37.5,1.720
37.5,1.720
37.5,1.720
37.5,1.720
37.5,1.720
37.5,1.720
37.5,1.720
37.5,1.725
37.5,1.725
37.5,1.725
37.5,1.725
37.5,1.725
37.5,1.725
37.5,1.725
37.5,1.725
37.5,1.725
37.5,1.725
37.5,1.725
37.5,1.725
37.5,1.725
37.5,1.725
37.5,1.725
37.5,1.725
37.5,1.725
37.5,1.725
37.5,1.725
37.5,1.730
37.5,1.730
37.5,1.730
37.5,1.730
37.5,1.730
37.5,1.730
37.5,1.730
37.5,1.730
37.5,1.730
37.5,1.730
37.5,1.730
37.5,1.730
37.5,1.730
37.5,1.730
37.5,1.730
37.5,1.730
37.5,1.730
37.5,1.730
37.5,1.730
37.5,1.730
37.5,1.735
37.5,1.735
37.5,1.735
37.5,1.735
37.5,1.735
37.5,1.735
37.5,1.735
37.5,1.735
37.5,1.735
37.5,1.735
37.5,1.735
37.5,1.735
37.5,1.735
37.5,1.735
37.4,1.735
37.4,1.735
37.4,1.735
37.4,1.735
37.4,1.735
37.4,1.735
37.4,1.735
37.4,1.740
37.4,1.740
37.4,1.740
37.4,1.740
37.4,1.740
37.4,1.740
37.4,1.740
37.4,1.740
37.4,1.740
37.4,1.740
37.4,1.740
37.4,1.740
37.4,1.740
37.4,1.740
37.4,1.740
37.4,1.740
37.4,1.740
37.4,1.740
37.4,1.740
37.4,1.740
37.4,1.740
37.4,1.740
37.4,1.740
37.4,1.745
37.4,1.745
37.4,1.745
37.4,1.745
37.4,1.745
37.4,1.745
37.4,1.745
37.4,1.745
37.4,1.745
37.4,1.745
37.4,1.745
37.4,1.745
37.4,1.745
37.4,1.745
37.4,1.745
37.4,1.745
37.4,1.745
37.4,1.745
37.4,1.745
37.4,1.745
37.4,1.745
37.4,1.745
37.4,1.745
37.4,1.750
37.4,1.750
37.4,1.750
37.4,1.750
37.4,1.750
37.4,1.750
37.4,1.750
37.4,1.750
37.4,1.750
37.4,1.750
37.4,1.750
37.4,1.750
37.4,1.750
37.4,1.750
37.4,1.750
37.4,1.750
37.4,1.750
37.4,1.750
37.4,1.750
37.4,1.750
37.4,1.750
37.4,1.750
37.4,1.750
37.4,1.750
37.4,1.750
37.4,1.750
37.4,1.750
37.4,1.755
37.4,1.755
37.4,1.755
37.4,1.755
37.4,1.755
37.4,1.755
37.4,1.755
37.4,1.755
37.4,1.755
37.4,1.755
37.4,1.755
37.4,1.755
37.4,1.755
37.4,1.755
37.4,1.755
37.4,1.755
37.4,1.755
37.4,1.755
37.4,1.755
37.4,1.755
37.4,1.755
37.4,1.755
37.4,1.755
37.4,1.755
37.4,1.755
37.4,1.755
37.4,1.755
37.4,1.755
37.4,1.760
37.4,1.760
37.4,1.760
37.4,1.760
37.4,1.760
37.4,1.760
37.4,1.760
37.4,1.760
37.4,1.760
37.4,1.760
37.4,1.760
37.4,1.760
37.5,1.760
37.5,1.760
37.5,1.760
37.5,1.760
37.5,1.760
37.5,1.760
37.5,1.760
37.5,1.760
37.5,1.760
37.5,1.760
37.5,1.760
37.5,1.760
37.5,1.760
37.5,1.760
37.5,1.760
37.5,1.760
37.5,1.765
37.5,1.765
37.5,1.765
37.5,1.765
37.5,1.765
37.5,1.765
37.5,1.765
37.5,1.765
37.5,1.765
37.5,1.765
37.5,1.765
37.5,1.765
37.5,1.765
37.5,1.765
37.5,1.765
37.5,1.765
37.6,1.765
37.6,1.765
37.6,1.765
37.6,1.765
37.6,1.765
37.6,1.765
37.6,1.765
37.6,1.765
37.6,1.765
37.6,1.765
37.6,1.765
37.6,1.770
37.6,1.770
37.6,1.770
37.6,1.770
37.6,1.770
37.6,1.770
37.6,1.770
37.6,1.770
37.6,1.770
37.6,1.770
37.6,1.770
37.6,1.770
37.6,1.770
37.6,1.770
37.7,1.770
37.7,1.770
37.7,1.770
37.7,1.770
37.7,1.770
37.7,1.770
37.7,1.770
37.7,1.770
37.7,1.770
37.7,1.770
37.7,1.770
37.7,1.775
37.7,1.775
37.7,1.775
37.7,1.775
37.7,1.775
37.7,1.775
37.7,1.775
37.7,1.775
37.7,1.775
37.7,1.775
37.7,1.775
37.7,1.775
37.7,1.775
37.7,1.775
37.7,1.775
37.7,1.775
37.7,1.775
37.7,1.775
37.7,1.775
37.7,1.775
37.7,1.775
37.7,1.775
37.7,1.775
37.7,1.775
37.7,1.775
37.7,1.775
37.7,1.775
37.7,1.780
37.7,1.780
37.7,1.780
37.8,1.780
37.8,1.780
37.8,1.780
37.8,1.780
37.8,1.780
37.8,1.780
37.8,1.780
37.8,1.780
37.8,1.780
37.8,1.780
37.8,1.780
37.8,1.780
37.8,1.780
37.8,1.780
37.8,1.780
37.8,1.780
37.8,1.780
37.8,1.780
37.8,1.780
37.8,1.780
37.8,1.780
37.8,1.780
37.8,1.780
37.8,1.785
37.8,1.785
37.8,1.785
37.8,1.785
37.8,1.785
37.8,1.785
37.8,1.785
37.8,1.785
37.8,1.785
37.8,1.785
37.8,1.785
37.8,1.785
37.8,1.785
37.8,1.785
37.8,1.785
37.8,1.785
37.8,1.785
37.8,1.785
37.8,1.785
37.8,1.785
37.8,1.785
37.8,1.790
37.8,1.790
37.9,1.790
37.9,1.790
37.9,1.790
37.9,1.790
37.9,1.790
37.9,1.790
37.9,1.790
37.9,1.790
37.9,1.790
37.9,1.790
37.9,1.790
37.9,1.790
37.9,1.790
37.9,1.790
37.9,1.790
37.9,1.790
37.9,1.795
37.9,1.795
37.9,1.795
37.9,1.795
37.9,1.795
37.9,1.795
37.9,1.795
37.9,1.795
37.9,1.795
37.9,1.795
37.9,1.795
37.9,1.795
37.9,1.795
37.9,1.795
37.9,1.795
37.9,1.795
37.9,1.795
37.9,1.795
37.9,1.800
37.9,1.800
37.9,1.800
37.9,1.800
37.9,1.800
37.9,1.800
37.9,1.800
37.9,1.800
37.9,1.800
37.9,1.800
37.9,1.800
37.9,1.800
37.9,1.800
37.9,1.800
37.9,1.800
37.9,1.800
37.9,1.805
37.9,1.805
37.9,1.805
37.9,1.805
37.9,1.805
37.9,1.805
37.9,1.805
37.9,1.805
37.9,1.805
37.9,1.805
37.9,1.805
37.9,1.805
37.9,1.805
37.9,1.805
37.9,1.805
37.9,1.810
37.9,1.810
37.9,1.810
37.9,1.810
37.9,1.810
37.9,1.810
37.9,1.810
37.9,1.810
37.9,1.810
37.9,1.810
37.9,1.810
37.9,1.810
37.9,1.810
38.0,1.810
38.0,1.815
38.0,1.815
38.0,1.815
38.0,1.815
38.0,1.815
38.0,1.815
38.0,1.815
38.0,1.815
38.0,1.815
38.0,1.815
38.0,1.815
38.0,1.815
38.0,1.815
38.0,1.815
38.0,1.815
38.0,1.820
38.0,1.820
38.0,1.820
38.0,1.820
38.0,1.820
38.0,1.820
38.0,1.820
38.0,1.820
38.0,1.820
37.9,1.820
37.9,1.820
37.9,1.820
37.9,1.820
37.9,1.820
37.9,1.825
37.9,1.825
37.9,1.825
37.9,1.825
37.9,1.825
38.0,1.825
38.0,1.825
38.0,1.825
38.0,1.825
38.0,1.825
38.0,1.825
38.0,1.825
38.0,1.825
38.0,1.825
38.0,1.830
38.0,1.830
38.0,1.830
38.0,1.830
38.0,1.830
38.0,1.830
37.9,1.830
37.9,1.830
37.9,1.830
37.9,1.830
37.9,1.830
37.9,1.830
37.9,1.830
37.9,1.830
37.9,1.835
37.9,1.835
38.0,1.835
38.0,1.835
38.0,1.835
38.0,1.835
38.0,1.835
38.0,1.835
38.0,1.835
38.0,1.835
38.0,1.835
38.0,1.835
38.0,1.835
38.0,1.835
37.9,1.840
37.9,1.840
37.9,1.840
37.9,1.840
37.9,1.840
37.9,1.840
37.9,1.840
37.9,1.840
37.9,1.840
37.9,1.840
37.9,1.840
37.9,1.840
37.9,1.840
37.9,1.840
37.9,1.845
37.9,1.845
37.9,1.845
37.9,1.845
37.9,1.845
37.9,1.845
37.9,1.845
37.9,1.845
37.9,1.845
37.9,1.845
37.9,1.845
37.9,1.845
37.9,1.845
37.9,1.845
38.0,1.850
38.0,1.850
38.0,1.850
38.0,1.850
38.0,1.850
38.0,1.850
38.0,1.850
38.0,1.850
38.0,1.850
38.0,1.850
38.0,1.850
38.0,1.850
38.0,1.850
38.0,1.855
38.0,1.855
38.0,1.855
38.0,1.855
38.0,1.855
38.0,1.855
38.0,1.855
38.0,1.855
38.0,1.855
38.0,1.855
38.0,1.855
38.0,1.855
38.0,1.855
38.0,1.855
38.0,1.855
38.0,1.860
38.0,1.860
38.0,1.860
38.0,1.860
38.0,1.860
38.0,1.860
38.0,1.860
38.0,1.860
38.0,1.860
38.0,1.860
38.0,1.860
38.0,1.860
38.0,1.860
38.0,1.860
38.0,1.860
38.0,1.865
38.0,1.865
38.1,1.865
38.0,1.865
38.0,1.865
38.0,1.865
38.0,1.865
38.0,1.865
38.0,1.865
38.1,1.865
38.1,1.865
38.1,1.865
38.1,1.865
38.1,1.865
38.1,1.870
38.1,1.870
38.1,1.870
38.1,1.870
38.0,1.870
38.0,1.870
38.0,1.870
38.0,1.870
38.0,1.870
38.0,1.870
38.0,1.870
38.0,1.870
38.0,1.870
38.0,1.870
38.0,1.870
38.0,1.875
38.0,1.875
38.0,1.875
38.0,1.875
38.0,1.875
38.0,1.875
38.0,1.875
38.0,1.875
38.0,1.875
38.0,1.875
38.0,1.875
38.0,1.875
38.0,1.875
38.0,1.875
38.0,1.875
38.0,1.875
38.0,1.880
38.0,1.880
38.0,1.880
38.0,1.880
38.1,1.880
38.1,1.880
38.1,1.880
38.1,1.880
38.1,1.880
38.1,1.880
38.1,1.880
38.1,1.880
38.1,1.880
38.1,1.880
38.1,1.880
38.1,1.880
38.1,1.880
38.1,1.880
38.1,1.885
38.1,1.885
38.1,1.885
38.1,1.885
38.1,1.885
38.1,1.885
38.1,1.885
38.1,1.885
38.1,1.885
38.1,1.885
38.1,1.885
38.1,1.885
38.1,1.885
38.1,1.885
38.1,1.885
38.1,1.885
38.1,1.885
38.1,1.890
38.1,1.890
38.1,1.890
38.1,1.890
38.1,1.890
38.1,1.890
38.1,1.890
38.1,1.890
38.1,1.890
38.1,1.890
38.1,1.890
38.1,1.890
38.1,1.890
38.1,1.890
38.1,1.890
38.1,1.890
38.1,1.890
38.1,1.890
38.1,1.890
38.1,1.895
38.1,1.895
38.1,1.895
38.1,1.895
38.1,1.895
38.1,1.895
38.1,1.895
38.1,1.895
38.1,1.895
38.1,1.895
38.1,1.895
38.1,1.895
38.2,1.895
38.2,1.895
38.2,1.895
38.2,1.895
38.2,1.895
38.2,1.895
38.2,1.895
38.2,1.895
38.2,1.900
38.2,1.900
38.2,1.900
38.2,1.900
38.2,1.900
38.2,1.900
38.2,1.900
38.2,1.900
38.2,1.900
38.2,1.900
38.2,1.900
38.2,1.900
38.2,1.900
38.2,1.900
38.2,1.900
38.2,1.900
38.2,1.900
38.2,1.900
38.2,1.900
38.2,1.900
38.2,1.905
38.2,1.905
38.2,1.905
38.2,1.905
38.2,1.905
38.2,1.905
38.2,1.905
38.2,1.905
38.2,1.905
38.2,1.905
38.2,1.905
38.2,1.905
38.2,1.905
38.2,1.905
38.2,1.905
38.2,1.905
38.2,1.905
38.2,1.905
38.2,1.905
38.2,1.905
38.2,1.910
38.2,1.910
38.2,1.910
38.2,1.910
38.2,1.910
38.2,1.910
38.2,1.910
38.2,1.910
38.2,1.910
38.2,1.910
38.2,1.910
38.2,1.910
38.2,1.910
38.2,1.910
38.2,1.910
38.2,1.910
38.2,1.910
38.2,1.910
38.2,1.910
38.2,1.910
38.2,1.910
38.2,1.910
38.2,1.910
38.2,1.915
38.2,1.915
38.2,1.915
38.2,1.915
38.2,1.915
38.2,1.915
38.2,1.915
38.2,1.915
38.2,1.915
38.2,1.915
38.2,1.915
38.2,1.915
38.2,1.915
38.2,1.915
38.2,1.915
38.2,1.915
38.2,1.915
38.2,1.915
38.2,1.915
38.2,1.915
38.3,1.915
38.3,1.915
38.3,1.920
38.3,1.920
38.3,1.920
38.3,1.920
38.3,1.920
38.3,1.920
38.3,1.920
38.3,1.920
38.3,1.920
38.3,1.920
38.3,1.920
38.3,1.920
38.3,1.920
38.3,1.920
38.3,1.920
38.3,1.920
38.3,1.920
38.3,1.920
38.3,1.920
38.3,1.920
38.3,1.920
38.3,1.920
38.3,1.920
38.3,1.920
38.3,1.925
38.3,1.925
38.3,1.925
38.3,1.925
38.3,1.925
38.3,1.925
38.3,1.925
38.3,1.925
38.3,1.925
38.3,1.925
38.3,1.925
38.3,1.925
38.3,1.925
38.3,1.925
38.3,1.925
38.3,1.925
38.3,1.925
38.3,1.925
38.3,1.925
38.3,1.925
38.3,1.925
38.3,1.925
38.3,1.925
38.3,1.930
38.3,1.930
38.3,1.930
38.3,1.930
38.3,1.930
38.3,1.930
38.5,1.930
38.5,1.930
38.5,1.930
38.5,1.930
38.5,1.930
38.5,1.930
38.5,1.930
38.5,1.930
38.5,1.930
38.5,1.930
38.4,1.930
38.4,1.930
38.4,1.930
38.4,1.930
38.4,1.930
38.4,1.930
38.4,1.935
38.4,1.935
38.4,1.935
38.4,1.935
38.4,1.935
38.4,1.935
38.4,1.935
38.4,1.935
38.4,1.935
38.4,1.935
38.4,1.935
38.3,1.935
38.3,1.935
38.3,1.935
38.3,1.935
38.3,1.935
38.3,1.935
38.3,1.935
38.3,1.935
38.3,1.935
38.3,1.935
38.3,1.935
38.3,1.940
38.3,1.940
38.3,1.940
38.3,1.940
38.3,1.940
38.3,1.940
38.3,1.940
38.3,1.940
38.3,1.940
38.3,1.940
38.3,1.940
38.3,1.940
38.3,1.940
38.3,1.940
38.3,1.940
38.4,1.940
38.4,1.940
38.4,1.940
38.4,1.940
38.4,1.940
38.4,1.940
38.4,1.940
38.4,1.940
38.4,1.945
38.4,1.945
38.4,1.945
38.4,1.945
38.4,1.945
38.4,1.945
38.4,1.945
38.4,1.945
38.4,1.945
38.4,1.945
38.4,1.945
38.4,1.945
38.4,1.945
38.4,1.945
38.4,1.945
38.4,1.945
38.4,1.945
38.4,1.945
38.4,1.945
38.4,1.945
38.4,1.945
38.4,1.950
38.4,1.950
38.4,1.950
38.4,1.950
38.4,1.950
38.4,1.950
38.4,1.950
38.4,1.950
38.4,1.950
38.4,1.950
38.4,1.950
38.4,1.950
38.4,1.950
38.4,1.950
38.4,1.950
38.4,1.950
38.4,1.950
38.4,1.950
38.4,1.950
38.4,1.955
38.4,1.955
38.4,1.955
38.4,1.955
38.4,1.955
38.4,1.955
38.4,1.955
38.4,1.955
38.4,1.955
38.4,1.955
38.4,1.955
38.4,1.955
38.4,1.955
38.4,1.955
38.4,1.955
38.4,1.955
38.4,1.955
38.4,1.955
38.4,1.955
38.4,1.955
38.4,1.955
38.4,1.960
38.4,1.960
38.4,1.960
38.4,1.960
38.4,1.960
38.4,1.960
38.4,1.960
38.4,1.960
38.4,1.960
38.4,1.960
38.4,1.960
38.4,1.960
38.4,1.960
38.5,1.960
38.5,1.960
38.5,1.960
38.5,1.960
38.5,1.960
38.5,1.960
38.5,1.960
38.5,1.960
38.5,1.965
38.5,1.965
38.5,1.965
38.5,1.965
38.5,1.965
38.5,1.965
38.4,1.965
38.4,1.965
38.4,1.965
38.4,1.965
38.4,1.965
38.4,1.965
38.4,1.965
38.4,1.965
38.4,1.965
38.4,1.965
38.4,1.965
38.4,1.965
38.4,1.965
38.4,1.970
38.4,1.970
38.4,1.970
38.4,1.970
38.4,1.970
38.4,1.970
38.4,1.970
38.4,1.970
38.4,1.970
38.4,1.970
38.4,1.970
38.4,1.970
38.4,1.970
38.4,1.970
38.4,1.970
38.4,1.970
38.4,1.970
38.4,1.970
38.4,1.970
38.4,1.970
38.4,1.975
38.4,1.975
38.4,1.975
38.4,1.975
38.4,1.975
38.4,1.975
38.4,1.975
38.4,1.975
38.4,1.975
38.4,1.975
38.4,1.975
38.4,1.975
38.4,1.975
38.4,1.975
38.4,1.975
38.4,1.975
38.4,1.975
38.4,1.975
38.4,1.975
38.4,1.975
38.4,1.975
38.4,1.975
38.4,1.980
38.4,1.980
38.4,1.980
38.4,1.980
38.4,1.980
38.4,1.980
38.4,1.980
38.4,1.980
38.4,1.980
38.4,1.980
38.4,1.980
38.4,1.980
38.4,1.980
38.4,1.980
38.4,1.980
38.4,1.980
38.4,1.980
38.4,1.980
38.4,1.980
38.4,1.980
38.4,1.980
38.4,1.985
38.4,1.985
38.4,1.985
38.4,1.985
38.4,1.985
38.4,1.985
38.4,1.985
38.4,1.985
38.4,1.985
38.4,1.985
38.4,1.985
38.4,1.985
38.4,1.985
38.4,1.985
38.5,1.985
38.5,1.985
38.5,1.985
38.5,1.985
38.5,1.985
38.5,1.985
38.5,1.985
38.5,1.990
38.5,1.990
38.5,1.990
38.5,1.990
38.4,1.990
38.4,1.990
38.4,1.990
38.4,1.990
38.4,1.990
38.4,1.990
38.4,1.990
38.4,1.990
38.4,1.990
38.4,1.990
38.4,1.990
38.4,1.990
38.4,1.990
38.4,1.990
38.4,1.990
38.4,1.990
38.4,1.990
38.4,1.990
38.4,1.990
38.4,1.995
38.4,1.995
38.4,1.995
38.4,1.995
38.4,1.995
38.4,1.995
38.4,1.995
38.4,1.995
38.4,1.995
38.4,1.995
38.4,1.995
38.4,1.995
38.5,1.995
38.5,1.995
38.5,1.995
38.5,1.995
38.5,1.995
38.5,1.995
38.5,1.995
38.5,1.995
38.5,1.995
38.5,1.995
38.5,2.000
38.5,2.000
38.5,2.000
38.5,2.000
38.5,2.000
38.5,2.000
38.5,2.000
38.5,2.000
38.5,2.000
38.5,2.000
38.5,2.000
38.5,2.000
38.5,2.000
38.5,2.000
38.5,2.000
38.5,2.000
38.6,2.000
38.6,2.000
38.6,2.000
38.6,2.000
38.5,2.000
38.6,2.000
38.6,2.000
38.6,2.000
38.6,2.005
38.6,2.005
38.6,2.005
38.6,2.005
38.6,2.005
38.6,2.005
38.6,2.005
38.6,2.005
38.6,2.005
38.6,2.005
38.6,2.005
38.6,2.005
38.6,2.005
38.6,2.005
38.6,2.005
38.6,2.005
38.6,2.005
38.5,2.005
38.6,2.005
38.6,2.005
38.6,2.005
38.6,2.005
38.5,2.005
38.5,2.010
38.5,2.010
38.5,2.010
38.5,2.010
38.5,2.010
38.5,2.010
38.5,2.010
38.6,2.010
38.6,2.010
38.6,2.010
38.6,2.010
38.6,2.010
38.6,2.010
38.6,2.010
38.6,2.010
38.6,2.010
38.6,2.010
38.6,2.010
38.6,2.010
38.6,2.010
38.6,2.010
38.6,2.010
38.6,2.010
38.6,2.015
38.6,2.015
38.6,2.015
38.6,2.015
38.6,2.015
38.6,2.015
38.6,2.015
38.6,2.015
38.6,2.015
38.6,2.015
38.6,2.015
38.6,2.015
38.6,2.015
38.6,2.015
38.6,2.015
38.6,2.015
38.6,2.015
38.6,2.015
38.6,2.015
38.6,2.015
38.6,2.015
38.6,2.015
38.6,2.015
38.7,2.015
38.7,2.020
38.7,2.020
38.7,2.020
38.7,2.020
38.7,2.020
38.6,2.020
38.6,2.020
38.6,2.020
38.6,2.020
38.6,2.020
38.6,2.020
38.6,2.020
38.6,2.020
38.6,2.020
38.6,2.020
38.6,2.020
38.6,2.020
38.6,2.020
38.6,2.020
38.6,2.020
38.7,2.020
38.7,2.020
38.7,2.020
38.7,2.020
38.7,2.025
38.7,2.025
38.7,2.025
38.7,2.025
38.7,2.025
38.7,2.025
38.7,2.025
38.6,2.025
38.6,2.025
38.6,2.025
38.6,2.025
38.6,2.025
38.7,2.025
38.7,2.025
38.7,2.025
38.7,2.025
38.7,2.025
38.7,2.025
38.7,2.025
38.7,2.025
38.7,2.025
38.7,2.025
38.7,2.025
38.7,2.030
38.7,2.030
38.7,2.030
38.7,2.030
38.7,2.030
38.7,2.030
38.7,2.030
38.7,2.030
38.7,2.030
38.7,2.030
38.7,2.030
38.7,2.030
38.8,2.030
38.8,2.030
38.8,2.030
38.8,2.030
38.8,2.030
38.8,2.030
38.8,2.030
38.7,2.030
38.7,2.030
38.7,2.030
38.7,2.035
38.7,2.035
38.7,2.035
38.7,2.035
38.7,2.035
38.7,2.035
38.7,2.035
38.7,2.035
38.7,2.035
38.7,2.035
38.7,2.035
38.7,2.035
38.7,2.035
38.7,2.035
38.7,2.035
38.7,2.035
38.7,2.035
38.7,2.035
38.7,2.035
38.7,2.035
38.7,2.035
38.7,2.035
38.7,2.035
38.7,2.035
38.7,2.040
38.7,2.040
38.7,2.040
38.7,2.040
38.7,2.040
38.7,2.040
38.7,2.040
38.7,2.040
38.7,2.040
38.7,2.040
38.7,2.040
38.7,2.040
38.7,2.040
38.7,2.040
38.7,2.040
38.8,2.040
38.8,2.040
38.8,2.040
38.8,2.040
38.8,2.040
38.8,2.040
38.8,2.040
38.8,2.040
38.8,2.045
38.8,2.045
38.8,2.045
38.8,2.045
38.8,2.045
38.8,2.045
38.8,2.045
38.8,2.045
38.8,2.045
38.8,2.045
38.8,2.045
38.8,2.045
38.8,2.045
38.8,2.045
38.8,2.045
38.8,2.045
38.8,2.045
38.8,2.045
38.8,2.045
38.8,2.045
38.8,2.045
38.8,2.045
38.8,2.050
38.8,2.050
38.8,2.050
38.8,2.050
38.8,2.050
38.8,2.050
38.8,2.050
38.8,2.050
38.8,2.050
38.8,2.050
38.8,2.050
38.8,2.050
38.8,2.050
38.8,2.050
38.8,2.050
38.8,2.050
38.8,2.050
38.8,2.050
38.8,2.050
38.8,2.050
38.8,2.050
38.8,2.050
38.8,2.055
38.8,2.055
38.8,2.055
38.9,2.055
38.9,2.055
38.9,2.055
38.9,2.055
38.9,2.055
38.9,2.055
38.9,2.055
38.9,2.055
38.9,2.055
38.9,2.055
38.9,2.055
38.9,2.055
38.9,2.055
38.9,2.055
38.9,2.055
38.9,2.055
38.9,2.055
38.9,2.055
38.9,2.055
38.9,2.055
38.9,2.060
38.9,2.060
38.9,2.060
38.9,2.060
38.9,2.060
38.9,2.060
38.9,2.060
38.9,2.060
38.9,2.060
38.9,2.060
38.9,2.060
38.9,2.060
38.9,2.060
38.9,2.060
38.9,2.060
38.9,2.060
38.9,2.060
38.9,2.060
38.9,2.060
38.9,2.060
38.9,2.060
38.9,2.060
38.9,2.060
38.9,2.065
38.9,2.065
38.9,2.065
38.9,2.065
38.9,2.065
38.9,2.065
38.9,2.065
38.9,2.065
38.9,2.065
38.9,2.065
38.9,2.065
38.9,2.065
38.9,2.065
38.9,2.065
38.9,2.065
38.9,2.065
38.9,2.065
38.9,2.065
38.9,2.065
38.9,2.065
38.9,2.065
38.9,2.065
38.9,2.070
38.9,2.070
39.0,2.070
39.0,2.070
39.0,2.070
39.0,2.070
39.0,2.070
39.0,2.070
39.0,2.070
39.0,2.070
39.0,2.070
39.0,2.070
39.0,2.070
39.0,2.070
39.0,2.070
39.0,2.070
38.9,2.070
38.9,2.070
38.9,2.070
38.9,2.070
38.9,2.070
38.9,2.070
38.9,2.070
38.9,2.075
38.9,2.075
38.9,2.075
38.9,2.075
38.9,2.075
38.9,2.075
38.9,2.075
38.9,2.075
38.9,2.075
38.9,2.075
38.9,2.075
38.9,2.075
38.9,2.075
38.9,2.075
38.9,2.075
38.9,2.075
38.9,2.075
38.9,2.075
38.9,2.075
38.9,2.075
38.9,2.075
38.9,2.075
38.9,2.075
38.9,2.075
38.9,2.080
38.9,2.080
38.9,2.080
38.9,2.080
38.9,2.080
38.9,2.080
38.9,2.080
38.9,2.080
38.9,2.080
38.9,2.080
38.9,2.080
39.0,2.080
39.0,2.080
39.0,2.080
39.0,2.080
39.0,2.080
39.0,2.080
39.0,2.080
39.0,2.080
39.0,2.080
39.0,2.080
39.0,2.080
39.0,2.080
39.0,2.080
39.0,2.085
39.0,2.085
39.0,2.085
39.0,2.085
39.0,2.085
39.0,2.085
39.0,2.085
39.0,2.085
39.0,2.085
39.0,2.085
39.0,2.085
39.0,2.085
39.0,2.085
39.0,2.085
39.0,2.085
39.0,2.085
39.0,2.085
39.0,2.085
39.0,2.085
39.0,2.085
39.0,2.085
39.0,2.085
39.0,2.085
39.0,2.085
39.0,2.090
39.0,2.090
39.0,2.090
39.0,2.090
39.0,2.090
39.0,2.090
39.0,2.090
39.0,2.090
39.0,2.090
39.0,2.090
39.0,2.090
39.0,2.090
39.1,2.090
39.1,2.090
39.1,2.090
39.1,2.090
39.1,2.090
39.1,2.090
39.1,2.090
39.1,2.090
39.1,2.090
39.0,2.090
39.0,2.095
39.0,2.095
39.0,2.095
39.0,2.095
39.0,2.095
39.1,2.095
39.1,2.095
39.1,2.095
39.1,2.095
39.1,2.095
39.1,2.095
39.1,2.095
39.1,2.095
39.1,2.095
39.1,2.095
39.1,2.095
39.1,2.095
39.1,2.095
39.1,2.095
39.1,2.095
39.1,2.095
39.1,2.095
39.1,2.095
39.1,2.100
39.1,2.100
39.1,2.100
39.1,2.100
39.1,2.100
39.1,2.100
39.1,2.100
39.1,2.100
39.1,2.100
39.1,2.100
39.1,2.100
39.1,2.100
39.1,2.100
39.1,2.100
39.1,2.100
39.1,2.100
39.1,2.100
39.1,2.100
39.1,2.100
39.1,2.100
39.1,2.100
39.1,2.100
39.1,2.105
39.1,2.105
39.1,2.105
39.1,2.105
39.1,2.105
39.1,2.105
39.1,2.105
39.1,2.105
39.1,2.105
39.1,2.105
39.1,2.105
39.1,2.105
39.1,2.105
39.1,2.105
39.1,2.105
39.0,2.105
39.0,2.105
39.0,2.105
39.0,2.105
39.1,2.105
39.1,2.110
39.1,2.110
39.1,2.110
39.1,2.110
39.1,2.110
39.1,2.110
39.1,2.110
39.1,2.110
39.1,2.110
39.1,2.110
39.1,2.110
39.1,2.110
39.1,2.110
39.1,2.110
39.1,2.110
39.1,2.110
39.1,2.110
39.1,2.110
39.1,2.110
39.1,2.115
39.1,2.115
39.1,2.115
39.1,2.115
39.1,2.115
39.1,2.115
39.1,2.115
39.1,2.115
39.1,2.115
39.1,2.115
39.1,2.115
39.1,2.115
39.1,2.115
39.1,2.115
39.1,2.115
39.0,2.115
39.0,2.115
39.0,2.115
39.0,2.115
39.0,2.115
39.0,2.120
39.0,2.120
39.0,2.120
39.0,2.120
39.0,2.120
39.0,2.120
39.0,2.120
39.0,2.120
39.0,2.120
39.0,2.120
39.0,2.120
39.0,2.120
39.0,2.120
39.0,2.120
39.0,2.120
39.0,2.120
39.0,2.120
39.0,2.120
39.0,2.120
39.0,2.125
39.0,2.125
39.0,2.125
39.0,2.125
39.0,2.125
39.0,2.125
39.1,2.125
39.1,2.125
39.1,2.125
39.1,2.125
39.1,2.125
39.1,2.125
39.1,2.125
39.1,2.125
39.1,2.125
39.1,2.125
39.1,2.125
39.1,2.125
39.1,2.125
39.1,2.130
39.1,2.130
39.1,2.130
39.1,2.130
39.1,2.130
39.1,2.130
39.1,2.130
39.1,2.130
39.1,2.130
39.1,2.130
39.1,2.130
39.1,2.130
39.1,2.130
39.1,2.130
39.1,2.130
39.1,2.130
39.1,2.130
39.1,2.130
39.1,2.130
39.1,2.135
39.1,2.135
39.1,2.135
39.1,2.135
39.1,2.135
39.1,2.135
39.1,2.135
39.1,2.135
39.1,2.135
39.1,2.135
39.1,2.135
39.1,2.135
39.1,2.135
39.1,2.135
39.1,2.135
39.1,2.135
39.1,2.135
39.1,2.135
39.1,2.135
39.1,2.140
39.1,2.140
39.1,2.140
39.1,2.140
39.1,2.140
39.1,2.140
39.1,2.140
39.1,2.140
39.1,2.140
39.1,2.140
39.1,2.140
39.1,2.140
39.1,2.140
39.1,2.140
39.1,2.140
39.1,2.140
39.1,2.140
39.1,2.140
39.1,2.140
39.1,2.140
39.2,2.145
39.2,2.145
39.2,2.145
39.2,2.145
39.2,2.145
39.2,2.145
39.1,2.145
39.1,2.145
39.1,2.145
39.1,2.145
39.1,2.145
39.1,2.145
39.1,2.145
39.1,2.145
39.1,2.145
39.1,2.145
39.1,2.145
39.1,2.145
39.1,2.145
39.1,2.150
39.1,2.150
39.1,2.150
39.1,2.150
39.1,2.150
39.1,2.150
39.1,2.150
39.1,2.150
39.1,2.150
39.1,2.150
39.1,2.150
39.1,2.150
39.1,2.150
39.1,2.150
39.2,2.150
39.2,2.150
39.2,2.150
39.2,2.150
39.2,2.150
39.2,2.150
39.2,2.155
39.2,2.155
39.2,2.155
39.2,2.155
39.2,2.155
39.2,2.155
39.2,2.155
39.2,2.155
39.2,2.155
39.2,2.155
39.2,2.155
39.2,2.155
39.2,2.155
39.2,2.155
39.2,2.155
39.2,2.155
39.2,2.155
39.2,2.155
39.2,2.155
39.2,2.160
39.2,2.160
39.2,2.160
39.2,2.160
39.2,2.160
39.2,2.160
39.2,2.160
39.2,2.160
39.2,2.160
39.2,2.160
39.2,2.160
39.2,2.160
39.2,2.160
39.2,2.160
39.2,2.160
39.2,2.160
39.2,2.160
39.2,2.160
39.2,2.160
39.2,2.160
39.2,2.165
39.2,2.165
39.2,2.165
39.2,2.165
39.2,2.165
39.2,2.165
39.2,2.165
39.2,2.165
39.2,2.165
39.2,2.165
39.2,2.165
39.2,2.165
39.2,2.165
39.2,2.165
39.2,2.165
39.2,2.165
39.2,2.165
39.2,2.165
39.2,2.165
39.2,2.170
39.2,2.170
39.2,2.170
39.2,2.170
39.2,2.170
39.2,2.170
39.1,2.170
39.1,2.170
39.1,2.170
39.1,2.170
39.1,2.170
39.1,2.170
39.1,2.170
39.1,2.170
39.2,2.170
39.2,2.170
39.2,2.170
39.2,2.170
39.2,2.175
39.2,2.175
39.2,2.175
39.2,2.175
39.2,2.175
39.2,2.175
39.2,2.175
39.2,2.175
39.2,2.175
39.2,2.175
39.2,2.175
39.2,2.175
39.2,2.175
39.2,2.175
39.2,2.175
39.2,2.175
39.2,2.175
39.2,2.175
39.2,2.175
39.2,2.180
39.2,2.180
39.2,2.180
39.2,2.180
39.2,2.180
39.2,2.180
39.2,2.180
39.2,2.180
39.2,2.180
39.2,2.180
39.2,2.180
39.2,2.180
39.2,2.180
39.2,2.180
39.2,2.180
39.2,2.180
39.2,2.180
39.2,2.180
39.2,2.180
39.3,2.180
39.3,2.185
39.3,2.185
39.3,2.185
39.3,2.185
39.3,2.185
39.3,2.185
39.3,2.185
39.3,2.185
39.3,2.185
39.3,2.185
39.3,2.185
39.3,2.185
39.3,2.185
39.3,2.185
39.3,2.185
39.3,2.185
39.3,2.185
39.3,2.185
39.3,2.185
39.3,2.190
39.3,2.190
39.3,2.190
39.3,2.190
39.3,2.190
39.3,2.190
39.3,2.190
39.3,2.190
39.3,2.190
39.3,2.190
39.3,2.190
39.3,2.190
39.3,2.190
39.3,2.190
39.3,2.190
39.3,2.190
39.3,2.190
39.3,2.195
39.3,2.195
39.3,2.195
39.3,2.195
39.3,2.195
39.3,2.195
39.3,2.195
39.3,2.195
39.3,2.195
39.3,2.195
39.3,2.195
39.3,2.195
39.3,2.195
39.3,2.195
39.3,2.195
39.3,2.195
39.3,2.195
39.3,2.195
39.3,2.195
39.3,2.195
39.3,2.200
39.2,2.200
39.2,2.200
39.2,2.200
39.2,2.200
39.2,2.200
39.2,2.200
39.2,2.200
39.2,2.200
39.2,2.200
39.2,2.200
39.2,2.200
39.2,2.200
39.2,2.200
39.3,2.200
39.3,2.200
39.3,2.200
39.3,2.200
39.3,2.205
39.3,2.205
39.3,2.205
39.3,2.205
39.3,2.205
39.3,2.205
39.3,2.205
39.3,2.205
39.3,2.205
39.3,2.205
39.3,2.205
39.3,2.205
39.3,2.205
39.3,2.205
39.3,2.205
39.3,2.205
39.3,2.205
39.3,2.205
39.3,2.210
39.3,2.210
39.3,2.210
39.3,2.210
39.3,2.210
39.3,2.210
39.3,2.210
39.3,2.210
39.3,2.210
39.3,2.210
39.3,2.210
39.3,2.210
39.3,2.210
39.3,2.210
39.3,2.210
39.3,2.210
39.3,2.210
39.3,2.210
39.3,2.215
39.3,2.215
39.3,2.215
39.3,2.215
39.3,2.215
39.3,2.215
39.3,2.215
39.3,2.215
39.3,2.215
39.3,2.215
39.3,2.215
39.3,2.215
39.3,2.215
39.3,2.215
39.3,2.215
39.3,2.215
39.3,2.215
39.3,2.215
39.3,2.215
39.3,2.220
39.3,2.220
39.4,2.220
39.4,2.220
39.4,2.220
39.4,2.220
39.4,2.220
39.4,2.220
39.4,2.220
39.4,2.220
39.4,2.220
39.4,2.220
39.4,2.220
39.4,2.220
39.4,2.220
39.4,2.220
39.3,2.220
39.3,2.220
39.3,2.220
39.3,2.225
39.3,2.225
39.3,2.225
39.3,2.225
39.3,2.225
39.3,2.225
39.3,2.225
39.3,2.225
39.3,2.225
39.3,2.225
39.3,2.225
39.3,2.225
39.3,2.225
39.3,2.225
39.3,2.225
39.3,2.225
39.3,2.225
39.3,2.225
39.3,2.230
39.3,2.230
39.3,2.230
39.3,2.230
39.3,2.230
39.3,2.230
39.3,2.230
39.3,2.230
39.3,2.230
39.4,2.230
39.4,2.230
39.4,2.230
39.4,2.230
39.4,2.230
39.4,2.230
39.4,2.230
39.4,2.230
39.4,2.230
39.4,2.230
39.4,2.235
39.4,2.235
39.3,2.235
39.3,2.235
39.3,2.235
39.3,2.235
39.3,2.235
39.3,2.235
39.3,2.235
39.3,2.235
39.3,2.235
39.3,2.235
39.3,2.235
39.3,2.235
39.3,2.235
39.3,2.235
39.3,2.235
39.3,2.235
39.3,2.240
39.3,2.240
39.3,2.240
39.3,2.240
39.3,2.240
39.3,2.240
39.3,2.240
39.3,2.240
39.3,2.240
39.3,2.240
39.3,2.240
39.3,2.240
39.3,2.240
39.3,2.240
39.3,2.240
39.3,2.240
39.3,2.240
39.3,2.240
39.3,2.240
39.3,2.245
39.3,2.245
39.3,2.245
39.3,2.245
39.3,2.245
39.3,2.245
39.3,2.245
39.3,2.245
39.3,2.245
39.3,2.245
39.3,2.245
39.3,2.245
39.3,2.245
39.3,2.245
39.3,2.245
39.3,2.245
39.3,2.245
39.3,2.245
39.3,2.250
39.3,2.250
39.3,2.250
39.3,2.250
39.3,2.250
39.3,2.250
39.3,2.250
39.3,2.250
39.3,2.250
39.3,2.250
39.3,2.250
39.3,2.250
39.3,2.250
39.3,2.250
39.3,2.250
39.4,2.250
39.4,2.250
39.4,2.255
39.4,2.255
39.4,2.255
39.4,2.255
39.4,2.255
39.4,2.255
39.4,2.255
39.4,2.255
39.4,2.255
39.4,2.255
39.4,2.255
39.4,2.255
39.4,2.255
39.4,2.255
39.4,2.255
39.4,2.255
39.4,2.255
39.4,2.255
39.4,2.260
39.4,2.260
39.4,2.260
39.4,2.260
39.4,2.260
39.4,2.260
39.4,2.260
39.4,2.260
39.4,2.260
39.4,2.260
39.4,2.260
39.4,2.260
39.4,2.260
39.4,2.260
39.4,2.260
39.4,2.260
39.4,2.260
39.4,2.265
39.4,2.265
39.5,2.265
39.5,2.265
39.5,2.265
39.5,2.265
39.5,2.265
39.5,2.265
39.5,2.265
39.5,2.265
39.5,2.265
39.5,2.265
39.5,2.265
39.5,2.265
39.4,2.265
39.4,2.265
39.4,2.265
39.4,2.265
39.4,2.270
39.4,2.270
39.4,2.270
39.4,2.270
39.4,2.270
39.4,2.270
39.4,2.270
39.4,2.270
39.4,2.270
39.4,2.270
39.4,2.270
39.4,2.270
39.4,2.270
39.4,2.270
39.4,2.270
39.4,2.270
39.4,2.275
39.4,2.275
39.4,2.275
39.4,2.275
39.4,2.275
39.4,2.275
39.4,2.275
39.4,2.275
39.4,2.275
39.4,2.275
39.4,2.275
39.4,2.275
39.4,2.275
39.4,2.275
39.4,2.275
39.4,2.275
39.4,2.275
39.4,2.280
39.4,2.280
39.4,2.280
39.4,2.280
39.4,2.280
39.4,2.280
39.4,2.280
39.4,2.280
39.4,2.280
39.4,2.280
39.4,2.280
39.6,2.280
39.6,2.280
39.6,2.280
39.6,2.280
39.6,2.280
39.6,2.280
39.6,2.285
39.6,2.285
39.6,2.285
39.6,2.285
39.6,2.285
39.5,2.285
39.5,2.285
39.5,2.285
39.5,2.285
39.5,2.285
39.5,2.285
39.5,2.285
39.5,2.285
39.5,2.285
39.5,2.285
39.5,2.285
39.5,2.290
39.5,2.290
39.5,2.290
39.5,2.290
39.5,2.290
39.5,2.290
39.5,2.290
39.5,2.290
39.5,2.290
39.5,2.290
39.5,2.290
39.5,2.290
39.5,2.290
39.5,2.290
39.5,2.290
39.5,2.290
39.5,2.295
39.5,2.295
39.5,2.295
39.5,2.295
39.5,2.295
39.5,2.295
39.6,2.295
39.5,2.295
39.5,2.295
39.5,2.295
39.5,2.295
39.6,2.295
39.6,2.295
39.6,2.295
39.5,2.295
39.5,2.295
39.5,2.295
39.5,2.300
39.5,2.300
39.5,2.300
39.5,2.300
39.5,2.300
39.5,2.300
39.5,2.300
39.5,2.300
39.5,2.300
39.5,2.300
39.5,2.300
39.5,2.300
39.5,2.300
39.5,2.300
39.6,2.300
39.6,2.300
39.6,2.300
39.6,2.305
39.6,2.305
39.6,2.305
39.6,2.305
39.6,2.305
39.6,2.305
39.6,2.305
39.5,2.305
39.5,2.305
39.5,2.305
39.5,2.305
39.5,2.305
39.5,2.305
39.5,2.305
39.5,2.305
39.5,2.305
39.5,2.310
39.5,2.310
39.5,2.310
39.5,2.310
39.5,2.310
39.5,2.310
39.5,2.310
39.5,2.310
39.5,2.310
39.5,2.310
39.5,2.310
39.5,2.310
39.5,2.310
39.5,2.310
39.5,2.310
39.5,2.310
39.5,2.310
39.5,2.310
39.5,2.315
39.5,2.315
39.5,2.315
39.5,2.315
39.5,2.315
39.5,2.315
39.5,2.315
39.5,2.315
39.5,2.315
39.5,2.315
39.5,2.315
39.5,2.315
39.5,2.315
39.5,2.315
39.5,2.315
39.5,2.315
39.5,2.315
39.5,2.320
39.5,2.320
39.5,2.320
39.5,2.320
39.5,2.320
39.5,2.320
39.5,2.320
39.5,2.320
39.5,2.320
39.5,2.320
39.5,2.320
39.5,2.320
39.5,2.320
39.5,2.320
39.5,2.320
39.5,2.320
39.5,2.320
39.5,2.320
39.5,2.320
39.5,2.325
39.6,2.325
39.6,2.325
39.6,2.325
39.6,2.325
39.6,2.325
39.6,2.325
39.6,2.325
39.6,2.325
39.6,2.325
39.7,2.325
39.7,2.325
39.7,2.325
39.7,2.325
39.7,2.325
39.7,2.325
39.7,2.325
39.7,2.330
39.7,2.330
39.8,2.330
39.8,2.330
39.8,2.330
39.8,2.330
39.8,2.330
39.8,2.330
39.8,2.330
39.8,2.330
39.8,2.330
39.9,2.330
39.9,2.330
39.9,2.330
39.9,2.330
39.9,2.330
39.9,2.330
40.0,2.335
40.0,2.335
40.0,2.335
40.0,2.335
40.0,2.335
40.1,2.335
40.1,2.335
40.1,2.335
40.1,2.335
40.1,2.335
40.1,2.335
40.1,2.335
40.0,2.335
40.0,2.335
40.0,2.335
40.0,2.335
40.0,2.335
40.0,2.335
40.0,2.340
40.0,2.340
40.0,2.340
40.0,2.340
40.0,2.340
40.0,2.340
40.0,2.340
40.0,2.340
40.0,2.340
40.0,2.340
40.0,2.340
40.0,2.340
40.0,2.340
40.0,2.340
40.0,2.340
40.0,2.340
40.0,2.340
40.0,2.340
40.0,2.345
40.0,2.345
40.0,2.345
40.0,2.345
40.0,2.345
40.0,2.345
40.0,2.345
40.0,2.345
40.0,2.345
40.0,2.345
40.0,2.345
40.0,2.345
40.0,2.345
40.0,2.345
40.0,2.345
40.0,2.345
40.0,2.345
40.0,2.350
40.0,2.350
40.0,2.350
40.0,2.350
40.0,2.350
40.0,2.350
40.0,2.350
40.0,2.350
40.0,2.350
40.0,2.350
40.0,2.350
40.0,2.350
40.0,2.350
40.0,2.350
40.0,2.350
40.0,2.350
40.0,2.355
40.0,2.355
40.0,2.355
40.0,2.355
40.0,2.355
40.0,2.355
40.0,2.355
40.0,2.355
40.0,2.355
40.0,2.355
40.0,2.355
40.0,2.355
40.0,2.355
40.0,2.355
40.0,2.355
40.0,2.355
40.0,2.355
40.0,2.355
40.0,2.360
40.0,2.360
40.0,2.360
40.0,2.360
40.0,2.360
40.0,2.360
40.0,2.360
40.0,2.360
40.0,2.360
40.0,2.360
40.1,2.360
40.1,2.360
40.1,2.360
40.1,2.360
40.0,2.360
40.0,2.360
40.0,2.360
40.0,2.365
40.0,2.365
40.0,2.365
40.0,2.365
40.0,2.365
40.0,2.365
40.0,2.365
40.0,2.365
40.0,2.365
40.0,2.365
40.0,2.365
40.0,2.365
40.0,2.365
40.0,2.365
40.0,2.365
40.0,2.365
40.0,2.365
40.0,2.370
40.0,2.370
40.0,2.370
40.0,2.370
40.0,2.370
40.0,2.370
40.0,2.370
40.0,2.370
40.0,2.370
40.0,2.370
40.0,2.370
40.0,2.370
40.0,2.370
40.0,2.370
40.0,2.370
40.0,2.370
40.0,2.370
40.0,2.375
40.0,2.375
40.0,2.375
40.0,2.375
40.0,2.375
40.0,2.375
40.0,2.375
40.0,2.375
40.0,2.375
40.0,2.375
40.0,2.375
40.0,2.375
40.0,2.375
40.0,2.375
40.0,2.375
40.0,2.375
40.0,2.375
40.0,2.375
40.0,2.380
40.0,2.380
40.0,2.380
40.0,2.380
40.0,2.380
40.0,2.380
40.0,2.380
40.0,2.380
40.0,2.380
40.0,2.380
40.0,2.380
40.0,2.380
39.9,2.380
39.9,2.380
39.9,2.380
39.9,2.380
39.9,2.380
39.9,2.380
39.9,2.385
39.9,2.385
39.9,2.385
39.9,2.385
39.9,2.385
39.9,2.385
39.9,2.385
39.9,2.385
39.9,2.385
39.9,2.385
39.9,2.385
39.9,2.385
39.9,2.385
39.9,2.385
39.9,2.385
39.9,2.385
39.9,2.385
39.9,2.390
39.9,2.390
39.9,2.390
39.9,2.390
39.9,2.390
39.9,2.390
39.9,2.390
39.9,2.390
39.9,2.390
39.9,2.390
39.9,2.390
39.9,2.390
39.9,2.390
39.9,2.390
39.9,2.390
39.9,2.390
39.9,2.390
39.9,2.390
39.9,2.395
39.9,2.395
39.9,2.395
39.9,2.395
39.9,2.395
39.9,2.395
39.9,2.395
39.9,2.395
39.9,2.395
39.9,2.395
39.9,2.395
39.9,2.395
39.9,2.395
39.9,2.395
39.9,2.395
39.9,2.395
39.9,2.395
40.0,2.400
40.0,2.400
40.0,2.400
40.0,2.400
40.0,2.400
40.0,2.400
40.0,2.400
40.0,2.400
40.0,2.400
40.0,2.400
40.0,2.400
40.0,2.400
40.0,2.400
40.0,2.400
40.0,2.400
40.0,2.400
40.0,2.400
40.0,2.400
40.0,2.405
40.0,2.405
40.0,2.405
40.0,2.405
40.0,2.405
40.0,2.405
40.0,2.405
40.0,2.405
40.0,2.405
40.0,2.405
40.0,2.405
40.0,2.405
40.0,2.405
40.0,2.405
40.0,2.405
40.0,2.405
40.0,2.405
40.0,2.405
40.0,2.410
40.0,2.410
40.0,2.410
40.0,2.410
40.0,2.410
40.0,2.410
40.0,2.410
40.0,2.410
40.0,2.410
40.0,2.410
40.0,2.410
40.0,2.410
40.0,2.410
40.0,2.410
40.0,2.410
40.0,2.410
40.0,2.410
40.0,2.415
40.0,2.415
40.0,2.415
40.0,2.415
40.0,2.415
40.0,2.415
40.0,2.415
40.0,2.415
40.0,2.415
40.0,2.415
40.0,2.415
40.0,2.415
40.0,2.415
40.0,2.415
40.0,2.415
40.0,2.415
40.0,2.415
40.0,2.415
40.0,2.420
40.0,2.420
40.0,2.420
40.0,2.420
40.0,2.420
40.0,2.420
40.0,2.420
40.0,2.420
40.0,2.420
40.0,2.420
40.0,2.420
40.0,2.420
40.0,2.420
40.0,2.420
40.0,2.420
40.0,2.420
40.0,2.420
40.0,2.420
40.0,2.420
40.0,2.425
40.0,2.425
40.0,2.425
40.0,2.425
40.0,2.425
40.0,2.425
40.0,2.425
40.0,2.425
40.0,2.425
40.0,2.425
40.0,2.425
40.0,2.425
40.0,2.425
40.0,2.425
40.0,2.425
40.0,2.425
40.0,2.425
40.0,2.425
40.0,2.430
40.0,2.430
40.0,2.430
40.0,2.430
40.0,2.430
40.0,2.430
40.0,2.430
40.0,2.430
40.0,2.430
40.0,2.430
40.0,2.430
40.0,2.430
40.0,2.430
40.0,2.430
40.0,2.430
40.0,2.430
40.0,2.430
40.0,2.435
40.0,2.435
40.0,2.435
40.0,2.435
40.0,2.435
40.0,2.435
40.0,2.435
40.0,2.435
40.0,2.435
40.0,2.435
40.0,2.435
40.0,2.435
40.0,2.435
40.0,2.435
40.0,2.435
40.0,2.435
40.0,2.435
40.0,2.435
40.0,2.435
40.0,2.440
40.0,2.440
40.0,2.440
40.0,2.440
40.0,2.440
40.0,2.440
40.0,2.440
40.0,2.440
40.0,2.440
40.0,2.440
40.0,2.440
40.0,2.440
40.0,2.440
40.0,2.440
40.0,2.440
40.1,2.440
40.1,2.440
40.1,2.440
40.1,2.440
40.0,2.445
40.0,2.445
40.0,2.445
40.0,2.445
40.0,2.445
40.0,2.445
40.0,2.445
40.0,2.445
40.0,2.445
40.0,2.445
40.0,2.445
40.0,2.445
40.1,2.445
40.1,2.445
40.1,2.445
40.1,2.445
40.1,2.445
40.1,2.445
40.1,2.450
40.1,2.450
40.0,2.450
40.0,2.450
40.0,2.450
40.0,2.450
40.0,2.450
40.0,2.450
40.0,2.450
40.0,2.450
40.0,2.450
40.0,2.450
40.0,2.450
40.0,2.450
40.0,2.450
40.0,2.450
40.0,2.450
40.0,2.450
40.0,2.450
40.0,2.455
40.0,2.455
40.0,2.455
40.0,2.455
40.0,2.455
40.0,2.455
40.0,2.455
40.0,2.455
40.0,2.455
40.0,2.455
40.0,2.455
40.0,2.455
40.0,2.455
40.0,2.455
40.0,2.455
40.0,2.455
40.0,2.455
40.0,2.455
40.0,2.455
40.0,2.455
40.0,2.460
40.0,2.460
40.0,2.460
40.0,2.460
40.0,2.460
40.0,2.460
40.0,2.460
40.0,2.460
40.0,2.460
40.0,2.460
40.0,2.460
40.0,2.460
40.0,2.460
40.0,2.460
40.0,2.460
40.0,2.460
40.0,2.460
40.0,2.460
40.0,2.460
40.0,2.460
40.0,2.465
40.0,2.465
40.0,2.465
40.0,2.465
40.0,2.465
40.0,2.465
40.0,2.465
40.0,2.465
40.0,2.465
40.0,2.465
40.0,2.465
40.0,2.465
40.0,2.465
40.0,2.465
40.0,2.465
40.1,2.465
40.1,2.465
40.1,2.465
40.1,2.465
40.1,2.465
40.1,2.470
40.1,2.470
40.1,2.470
40.1,2.470
40.1,2.470
40.1,2.470
40.1,2.470
40.1,2.470
40.1,2.470
40.1,2.470
40.1,2.470
40.1,2.470
40.0,2.470
40.0,2.470
40.0,2.470
40.0,2.470
40.0,2.470
40.0,2.470
40.0,2.470
40.0,2.470
40.0,2.470
40.0,2.470
40.0,2.475
40.0,2.475
40.0,2.475
40.0,2.475
40.0,2.475
40.0,2.475
40.0,2.475
40.0,2.475
40.0,2.475
40.0,2.475
40.0,2.475
40.0,2.475
40.0,2.475
40.0,2.475
40.0,2.475
40.0,2.475
40.0,2.475
40.1,2.475
40.1,2.475
40.1,2.475
40.1,2.475
40.1,2.475
40.1,2.480
40.1,2.480
40.1,2.480
40.1,2.480
40.0,2.480
40.0,2.480
40.0,2.480
40.0,2.480
40.0,2.480
40.0,2.480
40.0,2.480
40.0,2.480
40.0,2.480
40.1,2.480
40.1,2.480
40.1,2.480
40.1,2.480
40.1,2.480
40.1,2.480
40.1,2.480
40.0,2.480
40.0,2.480
40.0,2.485
40.0,2.485
40.0,2.485
40.0,2.485
40.0,2.485
40.0,2.485
40.0,2.485
40.0,2.485
40.0,2.485
40.1,2.485
40.1,2.485
40.1,2.485
40.1,2.485
40.1,2.485
40.1,2.485
40.1,2.485
40.1,2.485
40.1,2.485
40.1,2.485
40.1,2.485
40.1,2.485
40.1,2.485
40.0,2.490
40.0,2.490
40.0,2.490
40.0,2.490
40.0,2.490
40.0,2.490
40.0,2.490
40.0,2.490
40.0,2.490
40.0,2.490
40.0,2.490
40.0,2.490
40.0,2.490
40.0,2.490
40.0,2.490
40.0,2.490
40.0,2.490
40.0,2.490
40.0,2.490
40.0,2.490
40.0,2.490
40.0,2.495
40.0,2.495
40.0,2.495
40.0,2.495
40.0,2.495
40.0,2.495
40.0,2.495
40.0,2.495
40.0,2.495
40.1,2.495
40.1,2.495
40.1,2.495
40.1,2.495
40.1,2.495
40.1,2.495
40.1,2.495
40.1,2.495
40.1,2.495
40.1,2.495
40.1,2.495
40.1,2.495
40.1,2.495
40.1,2.500
40.1,2.500
40.1,2.500
40.1,2.500
40.1,2.500
40.1,2.500
40.1,2.500
40.1,2.500
40.1,2.500
40.1,2.500
40.1,2.500
40.1,2.500
40.1,2.500
40.1,2.500
40.1,2.500
40.1,2.500
40.1,2.500
40.1,2.500
40.0,2.500
40.0,2.500
40.0,2.500
40.0,2.500
40.0,2.500
40.0,2.505
40.0,2.505
40.0,2.505
40.0,2.505
40.0,2.505
40.0,2.505
40.0,2.505
40.1,2.505
40.1,2.505
40.1,2.505
40.1,2.505
40.1,2.505
40.1,2.505
40.1,2.505
40.0,2.505
40.0,2.505
40.0,2.505
40.0,2.505
40.0,2.505
40.0,2.505
40.0,2.505
40.0,2.505
40.0,2.505
40.0,2.510
40.1,2.510
40.1,2.510
40.1,2.510
40.1,2.510
40.1,2.510
40.1,2.510
40.1,2.510
40.1,2.510
40.1,2.510
40.1,2.510
40.1,2.510
40.1,2.510
40.0,2.510
40.0,2.510
40.0,2.510
40.0,2.510
40.0,2.510
40.1,2.510
40.1,2.510
40.1,2.510
40.1,2.515
40.1,2.515
40.1,2.515
40.1,2.515
40.1,2.515
40.1,2.515
40.1,2.515
40.1,2.515
40.1,2.515
40.1,2.515
40.1,2.515
40.1,2.515
40.1,2.515
40.1,2.515
40.1,2.515
40.1,2.515
40.1,2.515
40.1,2.515
40.1,2.515
40.1,2.515
40.1,2.515
40.1,2.515
40.1,2.515
40.1,2.515
40.1,2.515
40.1,2.520
40.1,2.520
40.1,2.520
40.1,2.520
40.1,2.520
40.1,2.520
40.1,2.520
40.1,2.520
40.1,2.520
40.1,2.520
40.1,2.520
40.1,2.520
40.1,2.520
40.1,2.520
40.1,2.520
40.1,2.520
40.1,2.520
40.1,2.520
40.1,2.520
40.1,2.520
40.1,2.520
40.1,2.520
40.1,2.520
40.1,2.520
40.1,2.520
40.1,2.525
40.1,2.525
40.1,2.525
40.1,2.525
40.1,2.525
40.1,2.525
40.1,2.525
40.1,2.525
40.1,2.525
40.2,2.525
40.2,2.525
40.2,2.525
40.2,2.525
40.2,2.525
40.2,2.525
40.2,2.525
40.2,2.525
40.2,2.525
40.2,2.525
40.2,2.525
40.2,2.525
40.2,2.525
40.2,2.525
40.2,2.530
40.2,2.530
40.2,2.530
40.2,2.530
40.2,2.530
40.2,2.530
40.2,2.530
40.2,2.530
40.1,2.530
40.1,2.530
40.1,2.530
40.1,2.530
40.1,2.530
40.1,2.530
40.1,2.530
40.1,2.530
40.1,2.530
40.1,2.530
40.1,2.530
40.1,2.530
40.1,2.530
40.1,2.530
40.1,2.530
40.1,2.530
40.1,2.535
40.1,2.535
40.1,2.535
40.1,2.535
40.2,2.535
40.2,2.535
40.2,2.535
40.2,2.535
40.2,2.535
40.2,2.535
40.2,2.535
40.2,2.535
40.2,2.535
40.2,2.535
40.2,2.535
40.2,2.535
40.2,2.535
40.2,2.535
40.2,2.535
40.2,2.535
40.2,2.535
40.2,2.535
40.2,2.535
40.2,2.535
40.2,2.540
40.2,2.540
40.2,2.540
40.2,2.540
40.2,2.540
40.2,2.540
40.2,2.540
40.2,2.540
40.2,2.540
40.2,2.540
40.2,2.540
40.2,2.540
40.2,2.540
40.2,2.540
40.2,2.540
40.2,2.540
40.2,2.540
40.2,2.540
40.2,2.540
40.2,2.540
40.2,2.540
40.2,2.540
40.1,2.540
40.1,2.540
40.1,2.545
40.1,2.545
40.1,2.545
40.1,2.545
40.1,2.545
40.1,2.545
40.1,2.545
40.1,2.545
40.1,2.545
40.1,2.545
40.1,2.545
40.1,2.545
40.1,2.545
40.1,2.545
40.1,2.545
40.1,2.545
40.1,2.545
40.1,2.545
40.1,2.545
40.1,2.545
40.1,2.545
40.1,2.545
40.1,2.550
40.1,2.550
40.1,2.550
40.1,2.550
40.1,2.550
40.1,2.550
40.1,2.550
40.1,2.550
40.1,2.550
40.1,2.550
40.1,2.550
40.1,2.550
40.1,2.550
40.1,2.550
40.1,2.550
40.1,2.550
40.1,2.550
40.1,2.550
40.1,2.550
40.1,2.550
40.1,2.550
40.1,2.550
40.1,2.550
40.1,2.555
40.1,2.555
40.2,2.555
40.2,2.555
40.2,2.555
40.2,2.555
40.2,2.555
40.2,2.555
40.2,2.555
40.2,2.555
40.2,2.555
40.1,2.555
40.1,2.555
40.1,2.555
40.1,2.555
40.1,2.555
40.1,2.555
40.1,2.555
40.1,2.555
40.1,2.555
40.2,2.555
40.2,2.555
40.2,2.555
40.2,2.560
40.2,2.560
40.2,2.560
40.2,2.560
40.2,2.560
40.2,2.560
40.2,2.560
40.2,2.560
40.2,2.560
40.2,2.560
40.1,2.560
40.1,2.560
40.1,2.560
40.1,2.560
40.1,2.560
40.1,2.560
40.2,2.560
40.2,2.560
40.2,2.560
40.2,2.560
40.2,2.560
40.2,2.560
40.2,2.560
40.2,2.565
40.2,2.565
40.2,2.565
40.2,2.565
40.2,2.565
40.2,2.565
40.2,2.565
40.2,2.565
40.1,2.565
40.1,2.565
40.1,2.565
40.1,2.565
40.1,2.565
40.2,2.565
40.2,2.565
40.2,2.565
40.2,2.565
40.2,2.565
40.2,2.565
40.2,2.565
40.2,2.565
40.2,2.565
40.2,2.570
40.2,2.570
40.2,2.570
40.2,2.570
40.2,2.570
40.2,2.570
40.2,2.570
40.2,2.570
40.2,2.570
40.2,2.570
40.2,2.570
40.2,2.570
40.2,2.570
40.2,2.570
40.2,2.570
40.2,2.570
40.2,2.570
40.2,2.570
40.2,2.570
40.2,2.570
40.2,2.570
40.2,2.575
40.2,2.575
40.2,2.575
40.2,2.575
40.1,2.575
40.1,2.575
40.1,2.575
40.1,2.575
40.1,2.575
40.1,2.575
40.1,2.575
40.1,2.575
40.2,2.575
40.2,2.575
40.2,2.575
40.2,2.575
40.2,2.575
40.2,2.575
40.2,2.575
40.2,2.575
40.2,2.575
40.2,2.575
40.2,2.575
40.2,2.580
40.2,2.580
40.2,2.580
40.2,2.580
40.2,2.580
40.2,2.580
40.2,2.580
40.2,2.580
40.2,2.580
40.2,2.580
40.1,2.580
40.2,2.580
40.2,2.580
40.2,2.580
40.2,2.580
40.2,2.580
40.2,2.580
40.2,2.580
40.2,2.580
40.2,2.580
40.2,2.580
40.2,2.585
40.2,2.585
40.2,2.585
40.2,2.585
40.2,2.585
40.2,2.585
40.2,2.585
40.2,2.585
40.2,2.585
40.2,2.585
40.2,2.585
40.2,2.585
40.2,2.585
40.2,2.585
40.2,2.585
40.2,2.585
40.3,2.585
40.3,2.585
40.3,2.585
40.3,2.585
40.3,2.585
40.3,2.590
40.3,2.590
40.3,2.590
40.2,2.590
40.2,2.590
40.2,2.590
40.2,2.590
40.2,2.590
40.2,2.590
40.2,2.590
40.2,2.590
40.2,2.590
40.2,2.590
40.3,2.590
40.3,2.590
40.3,2.590
40.3,2.590
40.3,2.590
40.3,2.590
40.3,2.595
40.3,2.595
40.2,2.595
40.2,2.595
40.2,2.595
40.2,2.595
40.2,2.595
40.2,2.595
40.2,2.595
40.2,2.595
40.2,2.595
40.2,2.595
40.2,2.595
40.2,2.595
40.2,2.595
40.2,2.595
40.2,2.595
40.2,2.595
40.2,2.595
40.2,2.595
40.2,2.595
40.2,2.595
40.2,2.600
40.2,2.600
40.2,2.600
40.2,2.600
40.2,2.600
40.2,2.600
40.2,2.600
40.2,2.600
40.2,2.600
40.2,2.600
40.2,2.600
40.2,2.600
40.2,2.600
40.2,2.600
40.2,2.600
40.2,2.600
40.2,2.600
40.2,2.600
40.2,2.600
40.2,2.600
40.2,2.600
40.2,2.605
40.2,2.605
40.2,2.605
40.2,2.605
40.2,2.605
40.2,2.605
40.2,2.605
40.2,2.605
40.2,2.605
40.2,2.605
40.2,2.605
40.2,2.605
40.2,2.605
40.2,2.605
40.2,2.605
40.2,2.605
40.2,2.605
40.2,2.605
40.2,2.605
40.2,2.605
40.2,2.605
40.2,2.610
40.2,2.610
40.2,2.610
40.2,2.610
40.2,2.610
40.2,2.610
40.2,2.610
40.2,2.610
40.2,2.610
40.2,2.610
40.2,2.610
40.2,2.610
40.2,2.610
40.2,2.610
40.2,2.610
40.2,2.610
40.2,2.610
40.2,2.610
40.2,2.610
40.2,2.610
40.2,2.610
40.2,2.610
40.2,2.615
40.2,2.615
40.2,2.615
40.2,2.615
40.2,2.615
40.2,2.615
40.2,2.615
40.2,2.615
40.2,2.615
40.2,2.615
40.3,2.615
40.3,2.615
40.3,2.615
40.3,2.615
40.3,2.615
40.3,2.615
40.3,2.615
40.2,2.615
40.2,2.615
40.2,2.615
40.2,2.615
40.2,2.615
40.2,2.620
40.2,2.620
40.2,2.620
40.2,2.620
40.2,2.620
40.2,2.620
40.2,2.620
40.2,2.620
40.2,2.620
40.2,2.620
40.2,2.620
40.2,2.620
40.2,2.620
40.2,2.620
40.2,2.620
40.2,2.620
40.2,2.620
40.2,2.620
40.2,2.620
40.2,2.620
40.2,2.620
40.2,2.620
40.2,2.620
40.2,2.625
40.2,2.625
40.2,2.625
40.3,2.625
40.3,2.625
40.3,2.625
40.3,2.625
40.3,2.625
40.3,2.625
40.3,2.625
40.3,2.625
40.3,2.625
40.3,2.625
40.2,2.625
40.2,2.625
40.2,2.625
40.2,2.625
40.2,2.625
40.2,2.625
40.2,2.625
40.2,2.625
40.2,2.630
40.2,2.630
40.2,2.630
40.2,2.630
40.3,2.630
40.3,2.630
40.3,2.630
40.3,2.630
40.3,2.630
40.3,2.630
40.3,2.630
40.3,2.630
40.3,2.630
40.3,2.630
40.3,2.630
40.3,2.630
40.3,2.630
40.2,2.630
40.2,2.630
40.2,2.630
40.2,2.630
40.2,2.630
40.2,2.635
40.2,2.635
40.2,2.635
40.3,2.635
40.3,2.635
40.3,2.635
40.3,2.635
40.3,2.635
40.3,2.635
40.3,2.635
40.3,2.635
40.4,2.635
40.4,2.635
40.4,2.635
40.4,2.635
40.4,2.635
40.3,2.635
40.3,2.635
40.3,2.635
40.3,2.635
40.3,2.635
40.3,2.640
40.4,2.640
40.4,2.640
40.4,2.640
40.4,2.640
40.4,2.640
40.4,2.640
40.4,2.640
40.4,2.640
40.4,2.640
40.4,2.640
40.4,2.640
40.4,2.640
40.4,2.640
40.4,2.640
40.4,2.640
40.4,2.640
40.4,2.640
40.4,2.640
40.4,2.640
40.4,2.640
40.4,2.640
40.5,2.645
40.5,2.645
40.5,2.645
40.5,2.645
40.5,2.645
40.5,2.645
40.5,2.645
40.5,2.645
40.5,2.645
40.5,2.645
40.5,2.645
40.5,2.645
40.5,2.645
40.5,2.645
40.5,2.645
40.5,2.645
40.5,2.645
40.5,2.645
40.5,2.645
40.5,2.645
40.5,2.650
40.5,2.650
40.5,2.650
40.5,2.650
40.5,2.650
40.6,2.650
40.6,2.650
40.6,2.650
40.6,2.650
40.6,2.650
40.6,2.650
40.6,2.650
40.6,2.650
40.6,2.650
40.6,2.650
40.5,2.650
40.5,2.650
40.5,2.650
40.5,2.650
40.5,2.655
40.5,2.655
40.5,2.655
40.5,2.655
40.5,2.655
40.5,2.655
40.6,2.655
40.6,2.655
40.6,2.655
40.6,2.655
40.6,2.655
40.6,2.655
40.6,2.655
40.6,2.655
40.6,2.655
40.6,2.655
40.6,2.655
40.6,2.655
40.6,2.655
40.6,2.655
40.6,2.660
40.6,2.660
40.6,2.660
40.6,2.660
40.6,2.660
40.6,2.660
40.6,2.660
40.6,2.660
40.7,2.660
40.7,2.660
40.7,2.660
40.7,2.660
40.7,2.660
40.7,2.660
40.7,2.660
40.7,2.660
40.7,2.660
40.7,2.660
40.7,2.660
40.7,2.660
40.7,2.660
40.7,2.665
40.7,2.665
40.7,2.665
40.7,2.665
40.6,2.665
40.6,2.665
40.6,2.665
40.6,2.665
40.6,2.665
40.6,2.665
40.6,2.665
40.6,2.665
40.6,2.665
40.6,2.665
40.6,2.665
40.6,2.665
40.6,2.665
40.6,2.665
40.6,2.665
40.6,2.665
40.6,2.670
40.6,2.670
40.6,2.670
40.6,2.670
40.6,2.670
40.6,2.670
40.6,2.670
40.6,2.670
40.6,2.670
40.6,2.670
40.6,2.670
40.6,2.670
40.6,2.670
40.6,2.670
40.6,2.670
40.6,2.670
40.6,2.670
40.6,2.670
40.6,2.670
40.6,2.675
40.6,2.675
40.6,2.675
40.6,2.675
40.6,2.675
40.6,2.675
40.6,2.675
40.6,2.675
40.6,2.675
40.6,2.675
40.6,2.675
40.6,2.675
40.6,2.675
40.6,2.675
40.6,2.675
40.6,2.675
40.6,2.675
40.6,2.675
40.6,2.675
40.6,2.675
40.6,2.675
40.6,2.680
40.6,2.680
40.6,2.680
40.6,2.680
40.6,2.680
40.6,2.680
40.6,2.680
40.6,2.680
40.6,2.680
40.6,2.680
40.6,2.680
40.6,2.680
40.6,2.680
40.6,2.680
40.6,2.680
40.6,2.680
40.6,2.680
40.6,2.680
40.6,2.680
40.6,2.680
40.6,2.680
40.6,2.680
40.6,2.685
40.6,2.685
40.6,2.685
40.6,2.685
40.6,2.685
40.6,2.685
40.6,2.685
40.6,2.685
40.6,2.685
40.6,2.685
40.6,2.685
40.6,2.685
40.6,2.685
40.6,2.685
40.6,2.685
40.6,2.685
40.6,2.685
40.6,2.685
40.6,2.685
40.6,2.685
40.6,2.690
40.6,2.690
40.6,2.690
40.6,2.690
40.6,2.690
40.6,2.690
40.6,2.690
40.6,2.690
40.6,2.690
40.6,2.690
40.6,2.690
40.6,2.690
40.6,2.690
40.6,2.690
40.6,2.690
40.6,2.690
40.6,2.690
40.6,2.690
40.6,2.690
40.6,2.690
40.6,2.690
40.6,2.695
40.6,2.695
40.6,2.695
40.6,2.695
40.6,2.695
40.6,2.695
40.6,2.695
40.6,2.695
40.6,2.695
40.6,2.695
40.6,2.695
40.6,2.695
40.6,2.695
40.6,2.695
40.6,2.695
40.6,2.695
40.6,2.695
40.6,2.695
40.6,2.695
40.6,2.695
40.6,2.695
40.6,2.695
40.6,2.700
40.6,2.700
40.6,2.700
40.6,2.700
40.6,2.700
40.6,2.700
40.6,2.700
40.6,2.700
40.6,2.700
40.6,2.700
40.6,2.700
40.6,2.700
40.6,2.700
40.6,2.700
40.6,2.700
40.6,2.700
40.6,2.700
40.6,2.700
40.6,2.700
40.6,2.700
40.6,2.700
40.6,2.705
40.6,2.705
40.6,2.705
40.6,2.705
40.7,2.705
40.7,2.705
40.7,2.705
40.7,2.705
40.7,2.705
40.7,2.705
40.7,2.705
40.7,2.705
40.7,2.705
40.7,2.705
40.7,2.705
40.7,2.705
40.7,2.705
40.6,2.705
40.6,2.705
40.6,2.705
40.6,2.710
40.6,2.710
40.6,2.710
40.6,2.710
40.6,2.710
40.6,2.710
40.6,2.710
40.6,2.710
40.6,2.710
40.7,2.710
40.7,2.710
40.7,2.710
40.7,2.710
40.7,2.710
40.7,2.710
40.7,2.710
40.7,2.710
40.6,2.710
40.6,2.710
40.6,2.710
40.6,2.710
40.6,2.715
40.6,2.715
40.6,2.715
40.6,2.715
40.7,2.715
40.7,2.715
40.7,2.715
40.8,2.715
40.8,2.715
40.8,2.715
40.8,2.715
40.8,2.715
40.8,2.715
40.8,2.715
40.8,2.715
40.8,2.715
40.8,2.715
40.8,2.715
40.8,2.715
40.8,2.720
40.7,2.720
40.7,2.720
40.7,2.720
40.7,2.720
40.7,2.720
40.7,2.720
40.7,2.720
40.7,2.720
40.7,2.720
40.7,2.720
40.7,2.720
40.7,2.720
40.7,2.720
40.7,2.720
40.7,2.720
40.7,2.720
40.7,2.720
40.7,2.720
40.7,2.725
40.7,2.725
40.7,2.725
40.7,2.725
40.7,2.725
40.7,2.725
40.7,2.725
40.7,2.725
40.7,2.725
40.7,2.725
40.7,2.725
40.7,2.725
40.7,2.725
40.7,2.725
40.8,2.725
40.8,2.725
40.8,2.725
40.8,2.725
40.8,2.730
40.8,2.730
40.8,2.730
40.8,2.730
40.8,2.730
40.8,2.730
40.8,2.730
40.8,2.730
40.8,2.730
40.8,2.730
40.8,2.730
40.8,2.730
40.8,2.730
40.8,2.730
40.8,2.730
40.8,2.730
40.8,2.735
40.8,2.735
40.8,2.735
40.8,2.735
40.8,2.735
40.8,2.735
40.8,2.735
40.8,2.735
40.8,2.735
40.8,2.735
40.8,2.735
40.8,2.735
40.8,2.735
40.8,2.735
40.8,2.735
40.8,2.735
40.8,2.735
40.8,2.735
40.8,2.740
40.8,2.740
40.8,2.740
40.8,2.740
40.8,2.740
40.8,2.740
40.8,2.740
40.8,2.740
40.8,2.740
40.8,2.740
40.8,2.740
40.8,2.740
40.8,2.740
40.8,2.740
40.8,2.740
40.8,2.740
40.8,2.740
40.8,2.740
40.8,2.745
40.8,2.745
40.8,2.745
40.8,2.745
40.8,2.745
40.8,2.745
40.8,2.745
40.8,2.745
40.8,2.745
40.8,2.745
40.8,2.745
40.8,2.745
40.8,2.745
40.8,2.745
40.8,2.745
40.8,2.745
40.8,2.745
40.8,2.750
40.8,2.750
40.8,2.750
40.8,2.750
40.8,2.750
40.8,2.750
40.8,2.750
40.8,2.750
40.8,2.750
40.8,2.750
40.8,2.750
40.8,2.750
40.8,2.750
40.8,2.750
40.8,2.750
40.8,2.750
40.8,2.755
40.8,2.755
40.8,2.755
40.8,2.755
40.8,2.755
40.8,2.755
40.8,2.755
40.8,2.755
40.8,2.755
40.8,2.755
40.8,2.755
40.8,2.755
40.8,2.755
40.8,2.755
40.8,2.755
40.8,2.755
40.8,2.755
40.8,2.755
40.8,2.755
40.8,2.760
40.8,2.760
40.8,2.760
40.8,2.760
40.8,2.760
40.8,2.760
40.8,2.760
40.8,2.760
40.8,2.760
40.8,2.760
40.8,2.760
40.8,2.760
40.8,2.760
40.8,2.760
40.8,2.760
40.8,2.760
40.8,2.760
40.8,2.760
40.8,2.760
40.8,2.760
40.8,2.765
40.8,2.765
40.8,2.765
40.8,2.765
40.8,2.765
40.8,2.765
40.8,2.765
40.8,2.765
40.8,2.765
40.8,2.765
40.8,2.765
40.8,2.765
40.8,2.765
40.8,2.765
40.8,2.765
40.8,2.765
40.8,2.765
40.8,2.765
40.8,2.765
40.8,2.765
40.8,2.770
40.8,2.770
40.8,2.770
40.8,2.770
40.8,2.770
40.8,2.770
40.8,2.770
40.8,2.770
40.8,2.770
40.8,2.770
40.8,2.770
40.8,2.770
40.8,2.770
40.8,2.770
40.8,2.770
40.8,2.770
40.8,2.770
40.8,2.770
40.8,2.770
40.8,2.770
40.8,2.770
40.8,2.775
40.8,2.775
40.8,2.775
40.8,2.775
40.8,2.775
40.8,2.775
40.8,2.775
40.8,2.775
40.8,2.775
40.8,2.775
40.8,2.775
40.9,2.775
40.9,2.775
40.9,2.775
40.9,2.775
40.9,2.775
40.9,2.775
40.9,2.775
40.9,2.775
40.9,2.775
40.9,2.775
40.9,2.775
40.8,2.775
40.8,2.780
40.8,2.780
40.8,2.780
40.8,2.780
40.9,2.780
40.8,2.780
40.9,2.780
40.8,2.780
40.8,2.780
40.8,2.780
40.9,2.780
40.9,2.780
40.9,2.780
40.8,2.780
40.9,2.780
40.9,2.780
40.8,2.780
40.8,2.780
40.8,2.780
40.8,2.780
40.8,2.780
40.8,2.780
40.8,2.785
40.8,2.785
40.8,2.785
40.8,2.785
40.8,2.785
40.8,2.785
40.8,2.785
40.9,2.785
40.9,2.785
40.9,2.785
40.9,2.785
40.9,2.785
40.9,2.785
40.9,2.785
40.9,2.785
40.9,2.785
40.9,2.785
40.9,2.785
40.9,2.785
40.9,2.785
40.9,2.790
40.9,2.790
40.9,2.790
40.9,2.790
40.9,2.790
40.9,2.790
40.9,2.790
40.9,2.790
40.9,2.790
40.9,2.790
40.9,2.790
40.9,2.790
40.9,2.790
40.9,2.790
40.9,2.790
40.9,2.790
40.9,2.790
40.9,2.790
40.9,2.790
40.9,2.790
40.9,2.790
40.9,2.790
40.9,2.795
40.9,2.795
40.9,2.795
40.9,2.795
40.9,2.795
40.9,2.795
40.9,2.795
40.9,2.795
40.9,2.795
40.9,2.795
40.9,2.795
40.9,2.795
40.9,2.795
40.9,2.795
40.9,2.795
40.9,2.795
40.9,2.795
40.9,2.795
40.9,2.795
40.9,2.795
40.9,2.795
40.9,2.795
40.9,2.800
40.9,2.800
40.9,2.800
40.9,2.800
40.9,2.800
40.9,2.800
40.9,2.800
40.9,2.800
40.9,2.800
40.9,2.800
40.9,2.800
40.9,2.800
40.9,2.800
40.9,2.800
40.9,2.800
40.9,2.800
40.9,2.800
40.9,2.800
40.9,2.800
40.9,2.800
40.9,2.800
40.9,2.805
40.9,2.805
40.9,2.805
40.9,2.805
40.9,2.805
40.9,2.805
40.9,2.805
40.9,2.805
40.9,2.805
40.9,2.805
40.9,2.805
40.9,2.805
41.0,2.805
41.0,2.805
41.0,2.805
41.0,2.805
41.0,2.805
41.0,2.805
41.0,2.805
41.0,2.810
41.0,2.810
41.0,2.810
41.0,2.810
41.0,2.810
41.0,2.810
41.0,2.810
41.0,2.810
41.0,2.810
41.0,2.810
41.0,2.810
41.0,2.810
41.0,2.810
41.0,2.810
41.0,2.810
41.0,2.810
41.0,2.810
41.0,2.810
41.0,2.810
41.0,2.815
41.0,2.815
41.0,2.815
41.0,2.815
41.0,2.815
41.0,2.815
41.0,2.815
41.0,2.815
41.0,2.815
41.0,2.815
41.0,2.815
41.0,2.815
41.0,2.815
41.0,2.815
41.0,2.815
41.0,2.815
41.0,2.815
41.0,2.815
41.0,2.815
41.1,2.820
41.1,2.820
41.1,2.820
41.1,2.820
41.1,2.820
41.1,2.820
41.1,2.820
41.1,2.820
41.1,2.820
41.1,2.820
41.1,2.820
41.1,2.820
41.1,2.820
41.1,2.820
41.1,2.820
41.1,2.820
41.1,2.820
41.1,2.820
41.1,2.825
41.1,2.825
41.1,2.825
41.1,2.825
41.1,2.825
41.1,2.825
41.1,2.825
41.1,2.825
41.1,2.825
41.1,2.825
41.1,2.825
41.1,2.825
41.1,2.825
41.1,2.825
41.1,2.825
41.1,2.825
41.1,2.825
41.1,2.825
41.1,2.830
41.1,2.830
41.1,2.830
41.1,2.830
41.1,2.830
41.1,2.830
41.1,2.830
41.2,2.830
41.2,2.830
41.2,2.830
41.2,2.830
41.2,2.830
41.2,2.830
41.2,2.830
41.2,2.830
41.2,2.830
41.2,2.830
41.2,2.835
41.2,2.835
41.2,2.835
41.2,2.835
41.2,2.835
41.2,2.835
41.2,2.835
41.2,2.835
41.2,2.835
41.2,2.835
41.2,2.835
41.2,2.835
41.2,2.835
41.2,2.835
41.2,2.835
41.2,2.835
41.2,2.835
41.2,2.835
41.2,2.835
41.2,2.840
41.2,2.840
41.2,2.840
41.2,2.840
41.2,2.840
41.2,2.840
41.2,2.840
41.2,2.840
41.2,2.840
41.2,2.840
41.2,2.840
41.2,2.840
41.2,2.840
41.2,2.840
41.2,2.840
41.2,2.840
41.2,2.840
41.2,2.840
41.2,2.845
41.3,2.845
41.3,2.845
41.3,2.845
41.3,2.845
41.3,2.845
41.3,2.845
41.3,2.845
41.3,2.845
41.3,2.845
41.3,2.845
41.3,2.845
41.3,2.845
41.3,2.845
41.3,2.845
41.3,2.845
41.3,2.845
41.3,2.850
41.3,2.850
41.3,2.850
41.3,2.850
41.3,2.850
41.3,2.850
41.3,2.850
41.3,2.850
41.3,2.850
41.3,2.850
41.3,2.850
41.3,2.850
41.4,2.850
41.4,2.850
41.4,2.850
41.4,2.850
41.4,2.850
41.4,2.850
41.4,2.855
41.4,2.855
41.4,2.855
41.4,2.855
41.4,2.855
41.4,2.855
41.4,2.855
41.4,2.855
41.4,2.855
41.4,2.855
41.4,2.855
41.4,2.855
41.4,2.855
41.4,2.855
41.4,2.855
41.4,2.855
41.4,2.855
41.4,2.855
41.4,2.855
41.4,2.860
41.4,2.860
41.4,2.860
41.4,2.860
41.4,2.860
41.4,2.860
41.4,2.860
41.4,2.860
41.4,2.860
41.4,2.860
41.4,2.860
41.4,2.860
41.4,2.860
41.4,2.860
41.4,2.860
41.4,2.860
41.4,2.860
41.4,2.860
41.4,2.860
41.4,2.865
41.4,2.865
41.4,2.865
41.4,2.865
41.4,2.865
41.4,2.865
41.4,2.865
41.4,2.865
41.4,2.865
41.4,2.865
41.4,2.865
41.4,2.865
41.4,2.865
41.4,2.865
41.4,2.865
41.4,2.865
41.4,2.865
41.5,2.870
41.5,2.870
41.5,2.870
41.5,2.870
41.5,2.870
41.5,2.870
41.5,2.870
41.5,2.870
41.5,2.870
41.5,2.870
41.5,2.870
41.5,2.870
41.5,2.870
41.5,2.870
41.5,2.870
41.5,2.870
41.5,2.870
41.5,2.870
41.5,2.870
41.5,2.870
41.5,2.875
41.5,2.875
41.5,2.875
41.5,2.875
41.5,2.875
41.5,2.875
41.5,2.875
41.4,2.875
41.4,2.875
41.4,2.875
41.4,2.875
41.4,2.875
41.4,2.875
41.4,2.875
41.4,2.875
41.4,2.875
41.4,2.875
41.4,2.875
41.4,2.875
41.4,2.875
41.4,2.880
41.4,2.880
41.4,2.880
41.4,2.880
41.5,2.880
41.5,2.880
41.5,2.880
41.5,2.880
41.5,2.880
41.5,2.880
41.5,2.880
41.5,2.880
41.5,2.880
41.5,2.880
41.5,2.880
41.5,2.880
41.5,2.880
41.5,2.880
41.5,2.880
41.5,2.880
41.5,2.885
41.5,2.885
41.5,2.885
41.5,2.885
41.5,2.885
41.5,2.885
41.5,2.885
41.5,2.885
41.5,2.885
41.5,2.885
41.5,2.885
41.5,2.885
41.5,2.885
41.5,2.885
41.5,2.885
41.5,2.885
41.5,2.885
41.5,2.885
41.5,2.885
41.5,2.885
41.5,2.890
41.5,2.890
41.5,2.890
41.5,2.890
41.5,2.890
41.5,2.890
41.5,2.890
41.5,2.890
41.5,2.890
41.5,2.890
41.5,2.890
41.5,2.890
41.5,2.890
41.5,2.890
41.5,2.890
41.5,2.890
41.5,2.890
41.5,2.890
41.5,2.890
41.5,2.890
41.5,2.895
41.5,2.895
41.5,2.895
41.5,2.895
41.5,2.895
41.5,2.895
41.5,2.895
41.5,2.895
41.5,2.895
41.5,2.895
41.5,2.895
41.5,2.895
41.5,2.895
41.5,2.895
41.5,2.895
41.5,2.895
41.5,2.895
41.5,2.895
41.5,2.895
41.5,2.895
41.5,2.895
41.5,2.895
41.5,2.900
41.5,2.900
41.5,2.900
41.5,2.900
41.5,2.900
41.5,2.900
41.5,2.900
41.5,2.900
41.5,2.900
41.5,2.900
41.5,2.900
41.5,2.900
41.5,2.900
41.5,2.900
41.5,2.900
41.5,2.900
41.5,2.900
41.5,2.900
41.5,2.900
41.5,2.900
41.5,2.900
41.5,2.900
41.5,2.905
41.5,2.905
41.5,2.905
41.5,2.905
41.5,2.905
41.5,2.905
41.5,2.905
41.5,2.905
41.5,2.905
41.6,2.905
41.6,2.905
41.6,2.905
41.6,2.905
41.6,2.905
41.6,2.905
41.6,2.905
41.6,2.905
41.6,2.905
41.6,2.905
41.6,2.905
41.6,2.905
41.6,2.910
41.6,2.910
41.6,2.910
41.6,2.910
41.6,2.910
41.6,2.910
41.6,2.910
41.6,2.910
41.6,2.910
41.6,2.910
41.6,2.910
41.6,2.910
41.6,2.910
41.6,2.910
41.6,2.910
41.6,2.910
41.6,2.910
41.6,2.910
41.6,2.910
41.6,2.915
41.6,2.915
41.6,2.915
41.6,2.915
41.6,2.915
41.6,2.915
41.6,2.915
41.6,2.915
41.6,2.915
41.6,2.915
41.6,2.915
41.6,2.915
41.6,2.915
41.6,2.915
41.6,2.915
41.6,2.915
41.6,2.915
41.6,2.915
41.6,2.915
41.6,2.915
41.6,2.915
41.6,2.920
41.6,2.920
41.6,2.920
41.6,2.920
41.6,2.920
41.6,2.920
41.6,2.920
41.6,2.920
41.6,2.920
41.6,2.920
41.6,2.920
41.6,2.920
41.6,2.920
41.6,2.920
41.6,2.920
41.6,2.920
41.6,2.920
41.6,2.920
41.7,2.920
41.7,2.920
41.7,2.920
41.7,2.925
41.7,2.925
41.7,2.925
41.7,2.925
41.7,2.925
41.6,2.925
41.6,2.925
41.6,2.925
41.6,2.925
41.6,2.925
41.6,2.925
41.6,2.925
41.6,2.925
41.7,2.925
41.7,2.925
41.7,2.925
41.7,2.925
41.7,2.925
41.7,2.925
41.7,2.925
41.7,2.930
41.7,2.930
41.7,2.930
41.7,2.930
41.7,2.930
41.7,2.930
41.7,2.930
41.7,2.930
41.7,2.930
41.7,2.930
41.7,2.930
41.7,2.930
41.7,2.930
41.7,2.930
41.7,2.930
41.7,2.930
41.7,2.930
41.7,2.930
41.7,2.930
41.7,2.930
41.7,2.930
41.7,2.935
41.7,2.935
41.7,2.935
41.7,2.935
41.7,2.935
41.7,2.935
41.6,2.935
41.6,2.935
41.6,2.935
41.6,2.935
41.6,2.935
41.6,2.935
41.6,2.935
41.7,2.935
41.7,2.935
41.7,2.935
41.7,2.935
41.7,2.935
41.7,2.935
41.7,2.935
41.7,2.935
41.7,2.935
41.7,2.940
41.7,2.940
41.7,2.940
41.7,2.940
41.7,2.940
41.7,2.940
41.7,2.940
41.7,2.940
41.7,2.940
41.7,2.940
41.7,2.940
41.7,2.940
41.7,2.940
41.7,2.940
41.7,2.940
41.7,2.940
41.7,2.940
41.7,2.940
41.7,2.940
41.7,2.940
41.7,2.940
41.7,2.940
41.7,2.945
41.7,2.945
41.7,2.945
41.7,2.945
41.7,2.945
41.7,2.945
41.7,2.945
41.7,2.945
41.7,2.945
41.7,2.945
41.7,2.945
41.7,2.945
41.7,2.945
41.7,2.945
41.7,2.945
41.7,2.945
41.7,2.945
41.7,2.945
41.7,2.945
41.7,2.945
41.7,2.945
41.7,2.950
41.7,2.950
41.7,2.950
41.7,2.950
41.7,2.950
41.7,2.950
41.7,2.950
41.7,2.950
41.7,2.950
41.7,2.950
41.7,2.950
41.7,2.950
41.7,2.950
41.7,2.950
41.7,2.950
41.7,2.950
41.7,2.950
41.7,2.950
41.7,2.950
41.7,2.950
41.7,2.950
41.7,2.950
41.7,2.950
41.7,2.955
41.7,2.955
41.7,2.955
41.7,2.955
41.7,2.955
41.7,2.955
41.7,2.955
41.7,2.955
41.7,2.955
41.7,2.955
41.7,2.955
41.7,2.955
41.7,2.955
41.7,2.955
41.7,2.955
41.7,2.955
41.7,2.955
41.7,2.955
41.7,2.955
41.7,2.955
41.7,2.955
41.7,2.955
41.7,2.955
41.8,2.960
41.8,2.960
41.8,2.960
41.8,2.960
41.8,2.960
41.8,2.960
41.8,2.960
41.8,2.960
41.8,2.960
41.8,2.960
41.8,2.960
41.7,2.960
41.7,2.960
41.7,2.960
41.7,2.960
41.7,2.960
41.7,2.960
41.7,2.960
41.7,2.960
41.7,2.960
41.8,2.960
41.8,2.960
41.8,2.960
41.8,2.965
41.8,2.965
41.8,2.965
41.8,2.965
41.8,2.965
41.8,2.965
41.8,2.965
41.8,2.965
41.8,2.965
41.8,2.965
41.8,2.965
41.8,2.965
41.8,2.965
41.8,2.965
41.8,2.965
41.8,2.965
41.8,2.965
41.8,2.965
41.8,2.965
41.8,2.965
41.8,2.965
41.8,2.970
41.8,2.970
41.8,2.970
41.8,2.970
41.8,2.970
41.8,2.970
41.8,2.970
41.8,2.970
41.8,2.970
41.8,2.970
41.8,2.970
41.8,2.970
41.8,2.970
41.8,2.970
41.8,2.970
41.8,2.970
41.8,2.970
41.8,2.970
41.8,2.970
41.8,2.970
41.8,2.975
41.8,2.975
41.8,2.975
41.8,2.975
41.8,2.975
41.8,2.975
41.8,2.975
41.8,2.975
41.8,2.975
41.8,2.975
41.8,2.975
41.8,2.975
41.8,2.975
41.8,2.975
41.8,2.975
41.8,2.975
41.8,2.975
41.8,2.975
41.8,2.975
41.8,2.975
41.8,2.980
41.8,2.980
41.8,2.980
41.8,2.980
41.8,2.980
41.8,2.980
41.8,2.980
41.8,2.980
41.8,2.980
41.8,2.980
41.8,2.980
41.8,2.980
41.8,2.980
41.8,2.980
41.8,2.980
41.8,2.980
41.8,2.980
41.9,2.980
41.9,2.980
41.9,2.980
41.9,2.985
41.9,2.985
41.9,2.985
41.9,2.985
41.9,2.985
41.9,2.985
41.9,2.985
41.9,2.985
41.9,2.985
41.9,2.985
41.9,2.985
41.9,2.985
41.9,2.985
41.9,2.985
41.9,2.985
41.9,2.985
41.9,2.985
41.9,2.985
41.9,2.985
41.9,2.985
41.9,2.990
41.9,2.990
41.9,2.990
41.9,2.990
41.9,2.990
41.9,2.990
41.9,2.990
41.9,2.990
41.9,2.990
41.9,2.990
41.9,2.990
41.9,2.990
41.9,2.990
41.9,2.990
41.9,2.990
41.9,2.990
41.9,2.990
41.9,2.990
41.9,2.990
41.9,2.995
41.9,2.995
41.9,2.995
41.8,2.995
41.8,2.995
41.8,2.995
41.8,2.995
41.8,2.995
41.8,2.995
41.8,2.995
41.8,2.995
41.8,2.995
41.8,2.995
41.8,2.995
41.8,2.995
41.8,2.995
41.8,2.995
41.8,2.995
41.8,2.995
41.8,2.995
41.8,2.995
41.8,2.995
41.8,3.000
41.8,3.000
41.8,3.000
41.8,3.000
41.8,3.000
41.8,3.000
41.8,3.000
41.8,3.000
41.8,3.000
41.8,3.000
41.8,3.000
41.8,3.000
41.8,3.000
41.9,3.000
41.9,3.000
41.9,3.000
41.9,3.000
41.9,3.000
41.9,3.000
41.9,3.000
41.9,3.000
41.9,3.000
41.9,3.005
41.9,3.005
41.9,3.005
41.9,3.005
41.9,3.005
41.9,3.005
41.9,3.005
41.9,3.005
41.9,3.005
41.9,3.005
41.9,3.005
41.9,3.005
41.9,3.005
41.9,3.005
41.9,3.005
41.9,3.005
41.8,3.005
41.8,3.005
41.8,3.005
41.8,3.005
41.8,3.005
41.8,3.010
41.8,3.010
41.8,3.010
41.8,3.010
41.8,3.010
41.8,3.010
41.8,3.010
41.8,3.010
41.8,3.010
41.8,3.010
41.8,3.010
41.8,3.010
41.9,3.010
41.9,3.010
41.9,3.010
41.9,3.010
41.9,3.010
41.9,3.010
41.9,3.010
41.9,3.010
41.9,3.010
41.8,3.010
41.8,3.010
41.8,3.015
41.8,3.015
41.8,3.015
41.8,3.015
41.8,3.015
41.8,3.015
41.9,3.015
41.9,3.015
41.9,3.015
41.9,3.015
41.9,3.015
41.9,3.015
41.9,3.015
41.9,3.015
41.8,3.015
41.8,3.015
41.9,3.015
41.9,3.015
41.8,3.015
41.8,3.015
41.8,3.015
41.8,3.015
41.8,3.015
41.9,3.015
41.9,3.015
41.9,3.020
41.9,3.020
41.9,3.020
41.9,3.020
42.0,3.020
42.0,3.020
42.0,3.020
42.0,3.020
42.0,3.020
42.0,3.020
42.0,3.020
42.0,3.020
42.0,3.020
42.0,3.020
41.9,3.020
41.9,3.020
41.9,3.020
41.9,3.020
41.9,3.020
41.9,3.020
42.0,3.020
42.0,3.020
42.0,3.020
42.0,3.020
42.0,3.020
42.0,3.020
42.0,3.025
42.0,3.025
42.0,3.025
42.0,3.025
42.0,3.025
42.0,3.025
42.0,3.025
42.0,3.025
42.0,3.025
42.0,3.025
42.0,3.025
42.0,3.025
42.0,3.025
42.0,3.025
42.0,3.025
42.0,3.025
42.0,3.025
42.0,3.025
42.0,3.025
42.0,3.025
42.0,3.025
42.0,3.025
42.0,3.025
42.0,3.025
42.0,3.025
42.0,3.025
42.0,3.030
42.0,3.030
42.0,3.030
42.0,3.030
42.0,3.030
42.0,3.030
42.0,3.030
42.0,3.030
42.0,3.030
42.0,3.030
42.1,3.030
42.1,3.030
42.1,3.030
42.1,3.030
42.1,3.030
42.1,3.030
42.1,3.030
42.1,3.030
42.1,3.030
42.0,3.030
42.0,3.030
42.0,3.030
42.0,3.030
42.0,3.030
42.0,3.030
42.0,3.030
42.0,3.030
42.0,3.030
42.0,3.030
42.0,3.035
42.0,3.035
42.0,3.035
42.0,3.035
42.0,3.035
42.0,3.035
42.0,3.035
42.0,3.035
42.0,3.035
42.0,3.035
42.0,3.035
42.0,3.035
42.0,3.035
42.0,3.035
42.0,3.035
42.0,3.035
42.0,3.035
42.0,3.035
42.0,3.035
42.0,3.035
42.1,3.035
42.1,3.035
42.1,3.035
42.1,3.035
42.1,3.035
42.1,3.035
42.1,3.035
42.1,3.035
42.1,3.035
42.1,3.035
42.1,3.040
42.1,3.040
42.1,3.040
42.1,3.040
42.1,3.040
42.0,3.040
42.0,3.040
42.0,3.040
42.0,3.040
42.0,3.040
42.0,3.040
42.1,3.040
42.1,3.040
42.1,3.040
42.1,3.040
42.1,3.040
42.1,3.040
42.1,3.040
42.0,3.040
42.1,3.040
42.1,3.040
42.0,3.040
42.0,3.040
42.0,3.040
42.0,3.040
42.0,3.040
42.0,3.040
42.0,3.040
42.0,3.040
42.0,3.040
42.0,3.040
42.0,3.040
42.0,3.045
42.0,3.045
42.0,3.045
42.0,3.045
42.0,3.045
42.0,3.045
42.0,3.045
42.0,3.045
42.0,3.045
42.0,3.045
42.0,3.045
42.0,3.045
42.0,3.045
42.0,3.045
42.0,3.045
42.0,3.045
42.0,3.045
42.0,3.045
42.0,3.045
42.0,3.045
42.1,3.045
42.1,3.045
42.1,3.045
42.1,3.045
42.1,3.045
42.1,3.045
42.1,3.045
42.1,3.045
42.1,3.045
42.1,3.045
42.1,3.045
42.1,3.045
42.1,3.050
42.1,3.050
42.1,3.050
42.1,3.050
42.1,3.050
42.1,3.050
42.1,3.050
42.1,3.050
42.1,3.050
42.1,3.050
42.1,3.050
42.1,3.050
42.1,3.050
42.1,3.050
42.1,3.050
42.1,3.050
42.1,3.050
42.1,3.050
42.1,3.050
42.1,3.050
42.1,3.050
42.1,3.050
42.1,3.050
42.1,3.050
42.0,3.050
42.0,3.050
42.0,3.050
42.0,3.050
42.0,3.050
42.0,3.050
42.0,3.050
42.0,3.050
42.0,3.050
42.0,3.055
42.0,3.055
42.0,3.055
42.0,3.055
42.0,3.055
42.0,3.055
42.0,3.055
42.0,3.055
42.0,3.055
42.0,3.055
42.0,3.055
42.0,3.055
42.0,3.055
42.0,3.055
42.0,3.055
42.0,3.055
42.0,3.055
42.0,3.055
42.0,3.055
42.1,3.055
42.1,3.055
42.1,3.055
42.1,3.055
42.1,3.055
42.1,3.055
42.1,3.055
42.1,3.055
42.1,3.055
42.1,3.055
42.1,3.055
42.1,3.055
42.1,3.055
42.0,3.055
42.0,3.055
42.0,3.055
42.0,3.055
42.0,3.060
42.0,3.060
42.0,3.060
42.0,3.060
42.0,3.060
42.0,3.060
42.0,3.060
42.1,3.060
42.1,3.060
42.1,3.060
42.1,3.060
42.1,3.060
42.1,3.060
42.1,3.060
42.1,3.060
42.1,3.060
42.1,3.060
42.1,3.060
42.1,3.060
42.1,3.060
42.1,3.060
42.1,3.060
42.1,3.060
42.1,3.060
42.1,3.060
42.1,3.060
42.1,3.060
42.1,3.060
42.1,3.060
42.1,3.060
42.1,3.060
42.1,3.060
42.1,3.060
42.1,3.060
42.1,3.060
42.1,3.060
42.1,3.060
42.1,3.065
42.1,3.065
42.1,3.065
42.0,3.065
42.0,3.065
42.0,3.065
42.0,3.065
42.0,3.065
42.0,3.065
42.0,3.065
42.0,3.065
42.0,3.065
42.0,3.065
42.0,3.065
42.0,3.065
42.0,3.065
42.0,3.065
42.0,3.065
42.0,3.065
42.0,3.065
42.1,3.065
42.1,3.065
42.1,3.065
42.1,3.065
42.1,3.065
42.1,3.065
42.1,3.065
42.1,3.065
42.1,3.065
42.1,3.065
42.1,3.065
42.1,3.065
42.1,3.065
42.1,3.065
42.1,3.065
42.1,3.065
42.1,3.065
42.1,3.065
42.1,3.070
42.1,3.070
42.1,3.070
42.1,3.070
42.1,3.070
42.1,3.070
42.1,3.070
42.1,3.070
42.1,3.070
42.1,3.070
42.1,3.070
42.1,3.070
42.1,3.070
42.1,3.070
42.1,3.070
42.1,3.070
42.1,3.070
42.1,3.070
42.1,3.070
42.1,3.070
42.1,3.070
42.1,3.070
42.1,3.070
42.1,3.070
42.1,3.070
42.1,3.070
42.1,3.070
42.1,3.070
42.1,3.070
42.1,3.070
42.1,3.070
42.1,3.070
42.1,3.070
42.1,3.070
42.1,3.070
42.1,3.070
42.1,3.070
42.1,3.070
42.1,3.070
42.1,3.075
42.1,3.075
42.1,3.075
42.1,3.075
42.1,3.075
42.1,3.075
42.1,3.075
42.1,3.075
42.1,3.075
42.1,3.075
42.1,3.075
42.1,3.075
42.1,3.075
42.1,3.075
42.1,3.075
42.1,3.075
42.1,3.075
42.1,3.075
42.1,3.075
42.1,3.075
42.1,3.075
42.1,3.075
42.1,3.075
42.1,3.075
42.1,3.075
42.1,3.075
42.1,3.075
42.1,3.075
42.1,3.075
42.1,3.075
42.1,3.075
42.1,3.075
42.1,3.075
42.1,3.075
42.1,3.075
42.1,3.075
42.1,3.075
42.1,3.075
42.1,3.075
42.1,3.075
42.1,3.075
42.1,3.075
42.1,3.075
42.1,3.075
42.1,3.075
42.1,3.075
42.1,3.080
42.1,3.080
42.1,3.080
42.1,3.080
42.1,3.080
42.1,3.080
42.1,3.080
42.1,3.080
42.1,3.080
42.1,3.080
42.1,3.080
42.1,3.080
42.1,3.080
42.1,3.080
42.1,3.080
42.1,3.080
42.1,3.080
42.1,3.080
42.1,3.080
42.1,3.080
42.1,3.080
42.1,3.080
42.1,3.080
42.1,3.080
42.1,3.080
42.1,3.080
42.1,3.080
42.1,3.080
42.1,3.080
42.1,3.080
42.1,3.080
42.1,3.080
42.1,3.080
42.1,3.080
42.1,3.080
42.1,3.080
42.1,3.080
42.1,3.080
42.1,3.080
42.1,3.080
42.1,3.080
42.1,3.080
42.1,3.080
42.1,3.080
42.1,3.080
42.1,3.085
42.1,3.085
42.1,3.085
42.1,3.085
42.1,3.085
42.1,3.085
42.1,3.085
42.1,3.085
42.1,3.085
42.1,3.085
42.1,3.085
42.1,3.085
42.1,3.085
42.1,3.085
42.1,3.085
42.1,3.085
42.1,3.085
42.1,3.085
42.1,3.085
42.1,3.085
42.1,3.085
42.1,3.085
42.1,3.085
42.1,3.085
42.1,3.085
42.1,3.085
42.1,3.085
42.1,3.085
42.1,3.085
42.1,3.085
42.1,3.085
42.1,3.085
42.1,3.085
42.1,3.085
42.1,3.085
42.1,3.085
42.1,3.085
42.1,3.085
42.1,3.085
42.1,3.085
42.1,3.085
42.1,3.085
42.1,3.085
42.1,3.085
42.1,3.090
42.1,3.090
42.1,3.090
42.1,3.090
42.1,3.090
42.2,3.090
42.2,3.090
42.2,3.090
42.2,3.090
42.2,3.090
42.2,3.090
42.2,3.090
42.2,3.090
42.2,3.090
42.2,3.090
42.2,3.090
42.2,3.090
42.2,3.090
42.2,3.090
42.2,3.090
42.2,3.090
42.2,3.090
42.2,3.090
42.2,3.090
42.2,3.090
42.2,3.090
42.2,3.090
42.2,3.090
42.2,3.090
42.2,3.090
42.2,3.090
42.2,3.090
42.2,3.090
42.2,3.090
42.2,3.090
42.2,3.090
42.2,3.090
42.2,3.090
42.2,3.090
42.2,3.090
42.2,3.090
42.2,3.090
42.2,3.095
42.2,3.095
42.2,3.095
42.2,3.095
42.2,3.095
42.2,3.095
42.2,3.095
42.2,3.095
42.2,3.095
42.2,3.095
42.2,3.095
42.2,3.095
42.2,3.095
42.2,3.095
42.2,3.095
42.2,3.095
42.2,3.095
42.2,3.095
42.2,3.095
42.2,3.095
42.2,3.095
42.2,3.095
42.2,3.095
42.2,3.095
42.2,3.095
42.2,3.095
42.2,3.095
42.2,3.095
42.2,3.095
42.2,3.095
42.2,3.095
42.2,3.095
42.2,3.095
42.2,3.095
42.2,3.095
42.2,3.095
42.2,3.095
42.2,3.095
42.2,3.095
42.2,3.095
42.2,3.095
42.2,3.095
42.2,3.095
42.2,3.095
42.2,3.100
42.2,3.100
42.2,3.100
42.2,3.100
42.2,3.100
42.2,3.100
42.2,3.100
42.2,3.100
42.2,3.100
42.2,3.100
42.2,3.100
42.2,3.100
42.2,3.100
42.2,3.100
42.2,3.100
42.2,3.100
42.2,3.100
42.2,3.100
42.2,3.100
42.2,3.100
42.2,3.100
42.2,3.100
42.2,3.100
42.2,3.100
42.2,3.100
42.2,3.100
42.2,3.100
42.2,3.100
42.2,3.100
42.2,3.100
42.2,3.100
42.2,3.100
42.2,3.100
42.2,3.100
42.2,3.100
42.2,3.100
42.2,3.100
42.2,3.100
42.2,3.100
42.2,3.100
42.2,3.100
42.2,3.100
42.2,3.100
42.2,3.100
42.2,3.100
42.2,3.105
42.2,3.105
42.2,3.105
42.2,3.105
42.2,3.105
42.2,3.105
42.2,3.105
42.2,3.105
42.2,3.105
42.2,3.105
42.2,3.105
42.2,3.105
42.2,3.105
42.2,3.105
42.2,3.105
42.2,3.105
42.2,3.105
42.2,3.105
42.2,3.105
42.2,3.105
42.2,3.105
42.2,3.105
42.2,3.105
42.2,3.105
42.2,3.105
42.2,3.105
42.2,3.105
42.2,3.105
42.2,3.105
42.2,3.105
42.2,3.105
42.2,3.105
42.2,3.105
42.2,3.105
42.2,3.105
42.2,3.105
42.2,3.105
42.2,3.105
42.2,3.105
42.2,3.105
42.2,3.105
42.2,3.105
42.2,3.110
42.2,3.110
42.2,3.110
42.2,3.110
42.2,3.110
42.2,3.110
42.2,3.110
42.2,3.110
42.2,3.110
42.2,3.110
42.2,3.110
42.2,3.110
42.2,3.110
42.2,3.110
42.2,3.110
42.3,3.110
42.3,3.110
42.3,3.110
42.3,3.110
42.3,3.110
42.3,3.110
42.3,3.110
42.3,3.110
42.3,3.110
42.3,3.110
42.3,3.110
42.2,3.110
42.2,3.110
42.2,3.110
42.2,3.110
42.2,3.110
42.2,3.110
42.2,3.110
42.2,3.110
42.2,3.110
42.2,3.110
42.3,3.110
42.3,3.110
42.3,3.110
42.3,3.110
42.3,3.110
42.3,3.110
42.3,3.115
42.3,3.115
42.3,3.115
42.3,3.115
42.2,3.115
42.2,3.115
42.2,3.115
42.2,3.115
42.2,3.115
42.2,3.115
42.2,3.115
42.2,3.115
42.2,3.115
42.2,3.115
42.2,3.115
42.3,3.115
42.3,3.115
42.3,3.115
42.3,3.115
42.3,3.115
42.3,3.115
42.3,3.115
42.3,3.115
42.3,3.115
42.3,3.115
42.3,3.115
42.3,3.115
42.3,3.115
42.3,3.115
42.3,3.115
42.3,3.115
42.3,3.115
42.3,3.115
42.3,3.115
42.3,3.115
42.3,3.115
42.2,3.115
42.2,3.115
42.3,3.115
42.3,3.115
42.3,3.115
42.3,3.120
42.3,3.120
42.3,3.120
42.3,3.120
42.3,3.120
42.3,3.120
42.3,3.120
42.3,3.120
42.3,3.120
42.3,3.120
42.3,3.120
42.3,3.120
42.3,3.120
42.3,3.120
42.3,3.120
42.3,3.120
42.3,3.120
42.3,3.120
42.3,3.120
42.3,3.120
42.3,3.120
42.3,3.120
42.3,3.120
42.3,3.120
42.3,3.120
42.3,3.120
42.3,3.120
42.3,3.120
42.3,3.120
42.3,3.120
42.3,3.120
42.3,3.120
42.3,3.120
42.3,3.120
42.3,3.120
42.3,3.120
42.3,3.120
42.3,3.120
42.3,3.120
42.3,3.120
42.3,3.120
42.3,3.120
42.3,3.120
42.3,3.120
42.3,3.125
42.3,3.125
42.3,3.125
42.3,3.125
42.3,3.125
42.3,3.125
42.3,3.125
42.3,3.125
42.3,3.125
42.3,3.125
42.3,3.125
42.3,3.125
42.3,3.125
42.3,3.125
42.3,3.125
42.3,3.125
42.3,3.125
42.3,3.125
42.3,3.125
42.3,3.125
42.3,3.125
42.3,3.125
42.3,3.125
42.3,3.125
42.3,3.125
42.3,3.125
42.3,3.125
42.3,3.125
42.3,3.125
42.3,3.125
42.3,3.125
42.3,3.125
42.3,3.125
42.3,3.125
42.3,3.125
42.3,3.125
42.3,3.125
42.3,3.125
42.3,3.125
42.3,3.125
42.3,3.125
42.3,3.125
42.3,3.125
42.3,3.130
42.3,3.130
42.3,3.130
42.3,3.130
42.3,3.130
42.3,3.130
42.3,3.130
42.3,3.130
42.3,3.130
42.3,3.130
42.3,3.130
42.3,3.130
42.3,3.130
42.3,3.130
42.3,3.130
42.3,3.130
42.3,3.130
42.3,3.130
42.3,3.130
42.3,3.130
42.2,3.130
42.3,3.130
42.2,3.130
42.2,3.130
42.2,3.130
42.2,3.130
42.2,3.130
42.2,3.130
42.3,3.130
42.3,3.130
42.3,3.130
42.3,3.130
42.3,3.130
42.3,3.130
42.4,3.130
42.4,3.130
42.4,3.130
42.4,3.135
42.4,3.135
42.4,3.135
42.4,3.135
42.3,3.135
42.3,3.135
42.3,3.135
42.3,3.135
42.3,3.135
42.3,3.135
42.3,3.135
42.3,3.135
42.3,3.135
42.4,3.135
42.4,3.135
42.4,3.135
42.4,3.135
42.4,3.135
42.4,3.135
42.4,3.135
42.4,3.135
42.4,3.135
42.4,3.135
42.4,3.135
42.3,3.135
42.3,3.135
42.3,3.135
42.3,3.135
42.3,3.135
42.3,3.135
42.3,3.135
42.3,3.135
42.3,3.135
42.3,3.135
42.3,3.135
42.3,3.135
42.3,3.135
42.3,3.135
42.4,3.135
42.4,3.135
42.4,3.135
42.4,3.140
42.4,3.140
42.4,3.140
42.4,3.140
42.4,3.140
42.4,3.140
42.4,3.140
42.4,3.140
42.4,3.140
42.3,3.140
42.3,3.140
42.3,3.140
42.3,3.140
42.3,3.140
42.3,3.140
42.3,3.140
42.3,3.140
42.3,3.140
42.3,3.140
42.3,3.140
42.3,3.140
42.3,3.140
42.3,3.140
42.3,3.140
42.3,3.140
42.3,3.140
42.3,3.140
42.3,3.140
42.3,3.140
42.3,3.140
42.3,3.140
42.3,3.140
42.3,3.140
42.3,3.140
42.3,3.140
42.3,3.140
42.3,3.140
42.3,3.140
42.3,3.140
42.3,3.140
42.3,3.140
42.3,3.145
42.3,3.145
42.3,3.145
42.3,3.145
42.3,3.145
42.3,3.145
42.3,3.145
42.3,3.145
42.3,3.145
42.3,3.145
42.3,3.145
42.4,3.145
42.4,3.145
42.4,3.145
42.4,3.145
42.4,3.145
42.4,3.145
42.4,3.145
42.4,3.145
42.4,3.145
42.4,3.145
42.4,3.145
42.3,3.145
42.3,3.145
42.3,3.145
42.3,3.145
42.3,3.145
42.3,3.145
42.3,3.145
42.3,3.145
42.4,3.145
42.4,3.145
42.4,3.145
42.4,3.145
42.4,3.145
42.4,3.145
42.4,3.145
42.4,3.145
42.4,3.145
42.4,3.150
42.4,3.150
42.3,3.150
42.4,3.150
42.4,3.150
42.4,3.150
42.3,3.150
42.3,3.150
42.3,3.150
42.3,3.150
42.3,3.150
42.3,3.150
42.3,3.150
42.4,3.150
42.4,3.150
42.4,3.150
42.4,3.150
42.4,3.150
42.4,3.150
42.4,3.150
42.4,3.150
42.4,3.150
42.4,3.150
42.4,3.150
42.4,3.150
42.4,3.150
42.4,3.150
42.4,3.150
42.4,3.150
42.4,3.150
42.4,3.150
42.4,3.150
42.4,3.150
42.4,3.150
42.4,3.150
42.4,3.155
42.4,3.155
42.4,3.155
42.4,3.155
42.4,3.155
42.4,3.155
42.4,3.155
42.4,3.155
42.4,3.155
42.4,3.155
42.4,3.155
42.4,3.155
42.4,3.155
42.4,3.155
42.4,3.155
42.4,3.155
42.4,3.155
42.4,3.155
42.4,3.155
42.4,3.155
42.4,3.155
42.4,3.155
42.4,3.155
42.4,3.155
42.4,3.155
42.4,3.155
42.4,3.155
42.4,3.155
42.4,3.155
42.5,3.155
42.5,3.155
42.5,3.155
42.5,3.155
42.5,3.155
42.5,3.155
42.5,3.155
42.5,3.155
42.5,3.155
42.5,3.155
42.5,3.155
42.5,3.160
42.5,3.160
42.5,3.160
42.5,3.160
42.5,3.160
42.5,3.160
42.5,3.160
42.5,3.160
42.5,3.160
42.5,3.160
42.5,3.160
42.5,3.160
42.5,3.160
42.5,3.160
42.5,3.160
42.5,3.160
42.4,3.160
42.4,3.160
42.4,3.160
42.4,3.160
42.4,3.160
42.4,3.160
42.4,3.160
42.4,3.160
42.4,3.160
42.4,3.160
42.4,3.160
42.4,3.160
42.4,3.160
42.4,3.160
42.4,3.160
42.4,3.160
42.4,3.160
42.4,3.160
42.4,3.160
42.4,3.160
42.4,3.160
42.4,3.160
42.4,3.165
42.4,3.165
42.4,3.165
42.4,3.165
42.4,3.165
42.4,3.165
42.4,3.165
42.4,3.165
42.4,3.165
42.5,3.165
42.5,3.165
42.5,3.165
42.5,3.165
42.5,3.165
42.5,3.165
42.5,3.165
42.5,3.165
42.5,3.165
42.5,3.165
42.5,3.165
42.5,3.165
42.5,3.165
42.5,3.165
42.5,3.165
42.4,3.165
42.4,3.165
42.4,3.165
42.4,3.165
42.4,3.165
42.4,3.165
42.4,3.165
42.4,3.165
42.4,3.165
42.4,3.165
42.5,3.165
42.5,3.165
42.5,3.165
42.5,3.170
42.5,3.170
42.5,3.170
42.5,3.170
42.5,3.170
42.5,3.170
42.5,3.170
42.5,3.170
42.4,3.170
42.4,3.170
42.4,3.170
42.4,3.170
42.4,3.170
42.4,3.170
42.4,3.170
42.4,3.170
42.4,3.170
42.4,3.170
42.4,3.170
42.4,3.170
42.4,3.170
42.5,3.170
42.5,3.170
42.5,3.170
42.5,3.170
42.5,3.170
42.5,3.170
42.4,3.170
42.4,3.170
42.4,3.170
42.4,3.170
42.4,3.170
42.4,3.170
42.4,3.170
42.4,3.170
42.4,3.170
42.4,3.175
42.4,3.175
42.5,3.175
42.5,3.175
42.5,3.175
42.5,3.175
42.5,3.175
42.5,3.175
42.5,3.175
42.5,3.175
42.5,3.175
42.5,3.175
42.5,3.175
42.5,3.175
42.5,3.175
42.5,3.175
42.5,3.175
42.5,3.175
42.5,3.175
42.5,3.175
42.5,3.175
42.5,3.175
42.5,3.175
42.5,3.175
42.5,3.175
42.5,3.175
42.5,3.175
42.5,3.175
42.5,3.175
42.5,3.175
42.5,3.175
42.5,3.175
42.5,3.175
42.5,3.175
42.5,3.175
42.5,3.175
42.5,3.175
42.5,3.180
42.5,3.180
42.5,3.180
42.5,3.180
42.5,3.180
42.5,3.180
42.5,3.180
42.5,3.180
42.5,3.180
42.5,3.180
42.5,3.180
42.5,3.180
42.5,3.180
42.5,3.180
42.5,3.180
42.5,3.180
42.5,3.180
42.5,3.180
42.5,3.180
42.5,3.180
42.4,3.180
42.4,3.180
42.4,3.180
42.4,3.180
42.4,3.180
42.4,3.180
42.4,3.180
42.4,3.180
42.4,3.180
42.4,3.180
42.4,3.180
42.4,3.180
42.4,3.180
42.4,3.185
42.4,3.185
42.4,3.185
42.4,3.185
42.5,3.185
42.5,3.185
42.5,3.185
42.5,3.185
42.5,3.185
42.5,3.185
42.5,3.185
42.5,3.185
42.5,3.185
42.5,3.185
42.5,3.185
42.5,3.185
42.5,3.185
42.5,3.185
42.5,3.185
42.4,3.185
42.4,3.185
42.4,3.185
42.4,3.185
42.4,3.185
42.4,3.185
42.4,3.185
42.4,3.185
42.5,3.185
42.5,3.185
42.5,3.185
42.6,3.185
42.6,3.185
42.6,3.185
42.6,3.190
42.6,3.190
42.6,3.190
42.6,3.190
42.6,3.190
42.5,3.190
42.5,3.190
42.5,3.190
42.5,3.190
42.5,3.190
42.5,3.190
42.5,3.190
42.5,3.190
42.5,3.190
42.5,3.190
42.5,3.190
42.5,3.190
42.5,3.190
42.5,3.190
42.5,3.190
42.5,3.190
42.5,3.190
42.5,3.190
42.5,3.190
42.5,3.190
42.5,3.190
42.5,3.190
42.5,3.190
42.5,3.190
42.5,3.190
42.5,3.190
42.5,3.190
42.5,3.190
42.5,3.190
42.5,3.190
42.5,3.190
42.5,3.190
42.5,3.195
42.5,3.195
42.5,3.195
42.5,3.195
42.5,3.195
42.5,3.195
42.5,3.195
42.5,3.195
42.5,3.195
42.5,3.195
42.5,3.195
42.5,3.195
42.5,3.195
42.5,3.195
42.5,3.195
42.5,3.195
42.5,3.195
42.5,3.195
42.5,3.195
42.5,3.195
42.5,3.195
42.5,3.195
42.6,3.195
42.6,3.195
42.6,3.195
42.6,3.195
42.6,3.195
42.6,3.195
42.6,3.195
42.6,3.195
42.6,3.195
42.5,3.195
42.5,3.195
42.5,3.195
42.5,3.195
42.5,3.195
42.5,3.200
42.5,3.200
42.5,3.200
42.5,3.200
42.5,3.200
42.5,3.200
42.5,3.200
42.6,3.200
42.6,3.200
42.6,3.200
42.6,3.200
42.6,3.200
42.6,3.200
42.6,3.200
42.6,3.200
42.6,3.200
42.6,3.200
42.6,3.200
42.6,3.200
42.6,3.200
42.6,3.200
42.6,3.200
42.6,3.200
42.6,3.200
42.6,3.200
42.6,3.200
42.6,3.200
42.6,3.200
42.6,3.200
42.6,3.200
42.6,3.200
42.6,3.200
42.6,3.200
42.6,3.200
42.6,3.200
42.6,3.200
42.6,3.200
42.6,3.205
42.5,3.205
42.5,3.205
42.5,3.205
42.5,3.205
42.5,3.205
42.5,3.205
42.5,3.205
42.5,3.205
42.5,3.205
42.6,3.205
42.5,3.205
42.5,3.205
42.5,3.205
42.5,3.205
42.5,3.205
42.6,3.205
42.6,3.205
42.5,3.205
42.5,3.205
42.5,3.205
42.5,3.205
42.5,3.205
42.5,3.205
42.5,3.205
42.5,3.205
42.5,3.205
42.6,3.205
42.6,3.205
42.6,3.205
42.6,3.205
42.6,3.205
42.6,3.205
42.6,3.205
42.6,3.210
42.6,3.210
42.6,3.210
42.6,3.210
42.6,3.210
42.6,3.210
42.6,3.210
42.6,3.210
42.6,3.210
42.6,3.210
42.6,3.210
42.6,3.210
42.6,3.210
42.6,3.210
42.6,3.210
42.6,3.210
42.6,3.210
42.6,3.210
42.6,3.210
42.6,3.210
42.6,3.210
42.6,3.210
42.6,3.210
42.6,3.210
42.6,3.210
42.6,3.210
42.6,3.210
42.6,3.210
42.6,3.210
42.6,3.210
42.6,3.210
42.6,3.215
42.6,3.215
42.6,3.215
42.6,3.215
42.6,3.215
42.6,3.215
42.6,3.215
42.6,3.215
42.6,3.215
42.6,3.215
42.6,3.215
42.6,3.215
42.6,3.215
42.6,3.215
42.6,3.215
42.6,3.215
42.6,3.215
42.6,3.215
42.6,3.215
42.6,3.215
42.6,3.215
42.6,3.215
42.6,3.215
42.6,3.215
42.6,3.215
42.6,3.215
42.6,3.215
42.6,3.215
42.6,3.215
42.6,3.215
42.6,3.215
42.6,3.220
42.6,3.220
42.6,3.220
42.6,3.220
42.6,3.220
42.6,3.220
42.6,3.220
42.6,3.220
42.6,3.220
42.6,3.220
42.6,3.220
42.6,3.220
42.6,3.220
42.6,3.220
42.6,3.220
42.6,3.220
42.6,3.220
42.6,3.220
42.6,3.220
42.6,3.220
42.6,3.220
42.6,3.220
42.6,3.220
42.6,3.220
42.6,3.220
42.6,3.220
42.6,3.220
42.6,3.220
42.6,3.220
42.6,3.220
42.6,3.220
42.6,3.225
42.6,3.225
42.6,3.225
42.6,3.225
42.6,3.225
42.6,3.225
42.6,3.225
42.6,3.225
42.6,3.225
42.6,3.225
42.6,3.225
42.6,3.225
42.6,3.225
42.6,3.225
42.6,3.225
42.6,3.225
42.6,3.225
42.6,3.225
42.6,3.225
42.6,3.225
42.6,3.225
42.6,3.225
42.6,3.225
42.6,3.225
42.6,3.225
42.6,3.225
42.6,3.225
42.6,3.225
42.6,3.225
42.6,3.225
42.6,3.230
42.6,3.230
42.6,3.230
42.6,3.230
42.6,3.230
42.6,3.230
42.6,3.230
42.6,3.230
42.6,3.230
42.6,3.230
42.6,3.230
42.6,3.230
42.6,3.230
42.6,3.230
42.6,3.230
42.7,3.230
42.7,3.230
42.7,3.230
42.7,3.230
42.7,3.230
42.7,3.230
42.7,3.230
42.7,3.230
42.7,3.230
42.7,3.230
42.7,3.230
42.7,3.230
42.7,3.230
42.7,3.230
42.7,3.230
42.7,3.235
42.6,3.235
42.6,3.235
42.6,3.235
42.6,3.235
42.6,3.235
42.6,3.235
42.6,3.235
42.6,3.235
42.6,3.235
42.6,3.235
42.6,3.235
42.6,3.235
42.6,3.235
42.6,3.235
42.6,3.235
42.6,3.235
42.6,3.235
42.6,3.235
42.6,3.235
42.6,3.235
42.6,3.235
42.6,3.235
42.6,3.235
42.6,3.235
42.6,3.235
42.6,3.235
42.6,3.235
42.6,3.235
42.6,3.235
42.6,3.235
42.6,3.235
42.6,3.235
42.6,3.240
42.6,3.240
42.6,3.240
42.6,3.240
42.6,3.240
42.6,3.240
42.6,3.240
42.6,3.240
42.6,3.240
42.6,3.240
42.6,3.240
42.6,3.240
42.6,3.240
42.6,3.240
42.6,3.240
42.6,3.240
42.6,3.240
42.6,3.240
42.6,3.240
42.6,3.240
42.7,3.240
42.7,3.240
42.7,3.240
42.7,3.240
42.7,3.240
42.7,3.240
42.7,3.240
42.7,3.240
42.7,3.240
42.7,3.240
42.7,3.240
42.7,3.240
42.7,3.245
42.7,3.245
42.7,3.245
42.7,3.245
42.7,3.245
42.7,3.245
42.7,3.245
42.7,3.245
42.7,3.245
42.7,3.245
42.7,3.245
42.7,3.245
42.7,3.245
42.7,3.245
42.7,3.245
42.7,3.245
42.7,3.245
42.7,3.245
42.7,3.245
42.7,3.245
42.7,3.245
42.7,3.245
42.7,3.245
42.7,3.245
42.7,3.245
42.7,3.245
42.7,3.245
42.7,3.245
42.7,3.245
42.7,3.250
42.7,3.250
42.7,3.250
42.7,3.250
42.7,3.250
42.7,3.250
42.7,3.250
42.7,3.250
42.7,3.250
42.7,3.250
42.7,3.250
42.7,3.250
42.7,3.250
42.7,3.250
42.7,3.250
42.7,3.250
42.7,3.250
42.7,3.250
42.7,3.250
42.7,3.250
42.7,3.250
42.7,3.250
42.7,3.250
42.7,3.250
42.7,3.250
42.7,3.250
42.7,3.250
42.7,3.250
42.7,3.255
42.6,3.255
42.7,3.255
42.7,3.255
42.6,3.255
42.6,3.255
42.6,3.255
42.6,3.255
42.6,3.255
42.6,3.255
42.6,3.255
42.6,3.255
42.6,3.255
42.6,3.255
42.7,3.255
42.7,3.255
42.7,3.255
42.7,3.255
42.7,3.255
42.7,3.255
42.7,3.255
42.7,3.255
42.7,3.255
42.7,3.255
42.7,3.255
42.7,3.255
42.7,3.255
42.7,3.255
42.7,3.255
42.7,3.260
42.7,3.260
42.7,3.260
42.7,3.260
42.7,3.260
42.7,3.260
42.7,3.260
42.7,3.260
42.7,3.260
42.7,3.260
42.7,3.260
42.7,3.260
42.7,3.260
42.7,3.260
42.7,3.260
42.7,3.260
42.7,3.260
42.7,3.260
42.7,3.260
42.7,3.260
42.7,3.260
42.7,3.260
42.7,3.260
42.7,3.260
42.7,3.260
42.7,3.260
42.7,3.260
42.7,3.260
42.7,3.260
42.7,3.265
42.7,3.265
42.7,3.265
42.7,3.265
42.7,3.265
42.7,3.265
42.7,3.265
42.7,3.265
42.7,3.265
42.7,3.265
42.7,3.265
42.7,3.265
42.7,3.265
42.7,3.265
42.7,3.265
42.7,3.265
42.7,3.265
42.7,3.265
42.8,3.265
42.8,3.265
42.8,3.265
42.8,3.265
42.8,3.265
42.8,3.265
42.8,3.265
42.8,3.265
42.8,3.265
42.8,3.265
42.8,3.270
42.8,3.270
42.7,3.270
42.7,3.270
42.7,3.270
42.7,3.270
42.7,3.270
42.7,3.270
42.7,3.270
42.7,3.270
42.7,3.270
42.7,3.270
42.7,3.270
42.7,3.270
42.7,3.270
42.8,3.270
42.8,3.270
42.8,3.270
42.8,3.270
42.8,3.270
42.8,3.270
42.8,3.270
42.7,3.270
42.7,3.270
42.7,3.270
42.7,3.270
42.7,3.270
42.7,3.270
42.7,3.270
42.7,3.270
42.7,3.275
42.7,3.275
42.7,3.275
42.7,3.275
42.7,3.275
42.7,3.275
42.7,3.275
42.7,3.275
42.7,3.275
42.7,3.275
42.7,3.275
42.7,3.275
42.7,3.275
42.7,3.275
42.7,3.275
42.7,3.275
42.7,3.275
42.7,3.275
42.7,3.275
42.7,3.275
42.7,3.275
42.7,3.275
42.7,3.275
42.7,3.275
42.7,3.275
42.7,3.275
42.7,3.275
42.7,3.275
42.7,3.275
42.7,3.280
42.7,3.280
42.7,3.280
42.7,3.280
42.7,3.280
42.7,3.280
42.7,3.280
42.7,3.280
42.7,3.280
42.7,3.280
42.7,3.280
42.7,3.280
42.7,3.280
42.7,3.280
42.8,3.280
42.8,3.280
42.8,3.280
42.8,3.280
42.8,3.280
42.8,3.280
42.8,3.280
42.8,3.280
42.8,3.280
42.8,3.280
42.8,3.280
42.8,3.280
42.8,3.280
42.8,3.280
42.8,3.280
42.8,3.285
42.8,3.285
42.8,3.285
42.8,3.285
42.8,3.285
42.8,3.285
42.8,3.285
42.8,3.285
42.8,3.285
42.8,3.285
42.8,3.285
42.8,3.285
42.8,3.285
42.8,3.285
42.8,3.285
42.8,3.285
42.8,3.285
42.8,3.285
42.8,3.285
42.8,3.285
42.8,3.285
42.8,3.285
42.8,3.285
42.8,3.285
42.8,3.285
42.8,3.285
42.8,3.285
42.8,3.285
42.8,3.290
42.8,3.290
42.8,3.290
42.8,3.290
42.8,3.290
42.8,3.290
42.8,3.290
42.8,3.290
42.8,3.290
42.8,3.290
42.8,3.290
42.8,3.290
42.8,3.290
42.8,3.290
42.8,3.290
42.8,3.290
42.9,3.290
42.9,3.290
42.9,3.290
42.9,3.290
42.9,3.290
42.9,3.290
42.8,3.290
42.8,3.290
42.7,3.290
42.7,3.290
42.7,3.290
42.7,3.295
42.7,3.295
42.7,3.295
42.7,3.295
42.7,3.295
42.7,3.295
42.7,3.295
42.7,3.295
42.7,3.295
42.9,3.295
42.8,3.295
42.9,3.295
42.9,3.295
42.9,3.295
42.9,3.295
42.9,3.295
42.9,3.295
42.9,3.295
42.9,3.295
42.9,3.295
42.8,3.295
42.8,3.295
42.8,3.295
42.8,3.295
42.8,3.295
42.8,3.295
42.8,3.295
42.8,3.300
42.8,3.300
42.8,3.300
42.9,3.300
42.9,3.300
42.9,3.300
42.9,3.300
42.9,3.300
42.9,3.300
42.9,3.300
42.9,3.300
42.9,3.300
42.9,3.300
42.8,3.300
42.7,3.300
42.7,3.300
42.7,3.300
42.7,3.300
42.7,3.300
42.7,3.300
42.7,3.300
42.7,3.300
42.7,3.300
42.7,3.300
42.7,3.300
42.8,3.300
42.8,3.305
42.8,3.305
42.8,3.305
42.8,3.305
42.8,3.305
42.8,3.305
42.8,3.305
42.8,3.305
42.8,3.305
42.8,3.305
42.8,3.305
42.8,3.305
42.8,3.305
42.8,3.305
42.8,3.305
42.8,3.305
42.8,3.305
42.8,3.305
42.8,3.305
42.8,3.305
42.8,3.305
42.8,3.305
42.9,3.305
42.9,3.305
42.9,3.310
42.9,3.310
42.9,3.310
42.9,3.310
42.9,3.310
42.9,3.310
42.9,3.310
42.8,3.310
42.8,3.310
42.8,3.310
42.8,3.310
42.8,3.310
42.8,3.310
42.8,3.310
42.8,3.310
42.8,3.310
42.8,3.310
42.8,3.310
42.8,3.310
42.9,3.310
42.9,3.310
42.9,3.315
42.9,3.315
42.9,3.315
42.9,3.315
42.9,3.315
42.9,3.315
42.9,3.315
42.9,3.315
42.8,3.315
42.8,3.315
42.8,3.315
42.8,3.315
42.8,3.315
42.8,3.315
42.8,3.315
42.8,3.315
42.8,3.315
42.9,3.315
42.9,3.315
42.9,3.315
42.9,3.315
42.9,3.315
42.9,3.315
42.9,3.315
42.9,3.320
42.9,3.320
42.9,3.320
42.9,3.320
42.9,3.320
42.9,3.320
42.9,3.320
42.9,3.320
42.9,3.320
42.9,3.320
42.9,3.320
42.9,3.320
42.9,3.320
42.9,3.320
42.9,3.320
42.9,3.320
42.9,3.320
42.9,3.320
42.9,3.320
42.9,3.320
42.9,3.320
42.9,3.320
42.9,3.320
42.9,3.325
42.9,3.325
42.9,3.325
42.9,3.325
42.9,3.325
42.9,3.325
42.9,3.325
42.9,3.325
42.9,3.325
42.9,3.325
42.9,3.325
42.9,3.325
42.9,3.325
42.9,3.325
42.9,3.325
42.9,3.325
42.9,3.325
42.9,3.325
42.9,3.325
42.9,3.325
42.9,3.325
42.9,3.325
42.9,3.330
42.9,3.330
42.9,3.330
42.9,3.330
42.9,3.330
42.9,3.330
42.9,3.330
42.9,3.330
42.9,3.330
42.9,3.330
42.9,3.330
42.9,3.330
42.9,3.330
42.9,3.330
42.9,3.330
42.9,3.330
42.9,3.330
42.9,3.330
42.9,3.330
42.9,3.330
42.9,3.330
42.9,3.330
42.9,3.330
42.9,3.335
42.9,3.335
42.9,3.335
42.9,3.335
42.9,3.335
42.9,3.335
42.9,3.335
42.9,3.335
42.9,3.335
42.9,3.335
42.9,3.335
42.9,3.335
42.9,3.335
42.9,3.335
42.9,3.335
42.9,3.335
42.9,3.335
42.9,3.335
42.9,3.335
42.9,3.335
42.9,3.335
42.9,3.335
42.9,3.335
42.9,3.335
42.9,3.340
42.9,3.340
42.9,3.340
42.9,3.340
42.9,3.340
42.9,3.340
42.9,3.340
42.9,3.340
42.9,3.340
42.9,3.340
42.9,3.340
42.9,3.340
42.9,3.340
42.9,3.340
42.9,3.340
42.9,3.340
42.9,3.340
43.0,3.340
43.0,3.340
43.0,3.340
43.0,3.340
43.0,3.340
43.0,3.340
43.0,3.340
43.0,3.340
43.0,3.345
43.0,3.345
43.0,3.345
43.0,3.345
43.0,3.345
43.0,3.345
43.0,3.345
43.0,3.345
43.0,3.345
43.0,3.345
43.0,3.345
43.0,3.345
43.0,3.345
43.0,3.345
43.0,3.345
43.0,3.345
43.0,3.345
43.0,3.345
43.0,3.345
43.0,3.345
43.0,3.345
43.0,3.345
43.0,3.345
43.0,3.350
43.0,3.350
43.0,3.350
43.0,3.350
43.0,3.350
43.0,3.350
43.0,3.350
43.0,3.350
43.0,3.350
43.0,3.350
43.0,3.350
43.0,3.350
43.0,3.350
43.0,3.350
43.0,3.350
43.0,3.350
43.0,3.350
43.0,3.350
43.0,3.350
43.0,3.350
43.0,3.350
43.0,3.350
43.0,3.350
43.0,3.350
43.0,3.350
43.0,3.350
43.0,3.355
43.0,3.355
43.0,3.355
43.0,3.355
43.0,3.355
43.0,3.355
43.0,3.355
43.0,3.355
43.0,3.355
43.0,3.355
43.0,3.355
43.0,3.355
43.0,3.355
43.0,3.355
43.0,3.355
43.0,3.355
43.0,3.355
43.0,3.355
43.0,3.355
43.0,3.355
43.0,3.355
43.0,3.355
43.0,3.355
43.0,3.355
43.0,3.355
43.0,3.355
43.0,3.360
43.0,3.360
43.0,3.360
43.0,3.360
43.0,3.360
43.0,3.360
43.0,3.360
43.0,3.360
43.0,3.360
43.0,3.360
43.0,3.360
43.0,3.360
43.0,3.360
43.0,3.360
43.0,3.360
43.0,3.360
43.0,3.360
43.0,3.360
43.0,3.360
43.0,3.360
43.0,3.360
43.0,3.360
43.0,3.360
43.0,3.360
43.0,3.360
43.0,3.360
43.0,3.360
43.0,3.365
43.0,3.365
43.0,3.365
43.0,3.365
43.0,3.365
43.0,3.365
43.0,3.365
43.0,3.365
43.0,3.365
43.0,3.365
43.0,3.365
43.0,3.365
43.0,3.365
43.0,3.365
43.0,3.365
43.0,3.365
43.0,3.365
43.0,3.365
43.0,3.365
43.0,3.365
43.0,3.365
43.0,3.365
43.0,3.365
43.0,3.365
43.0,3.365
43.0,3.365
43.0,3.370
43.0,3.370
43.0,3.370
43.0,3.370
43.0,3.370
43.0,3.370
43.0,3.370
43.0,3.370
43.0,3.370
43.0,3.370
43.0,3.370
43.0,3.370
43.0,3.370
43.0,3.370
43.0,3.370
43.0,3.370
43.0,3.370
43.0,3.370
43.0,3.370
43.0,3.370
43.0,3.370
43.1,3.370
43.1,3.370
43.1,3.370
43.1,3.370
43.1,3.375
43.1,3.375
43.1,3.375
43.1,3.375
43.1,3.375
43.1,3.375
43.1,3.375
43.1,3.375
43.1,3.375
43.1,3.375
43.1,3.375
43.1,3.375
43.1,3.375
43.1,3.375
43.1,3.375
43.1,3.375
43.1,3.375
43.1,3.375
43.1,3.375
43.1,3.375
43.1,3.375
43.1,3.375
43.1,3.375
43.1,3.375
43.1,3.375
43.1,3.375
43.1,3.375
43.1,3.380
43.1,3.380
43.1,3.380
43.1,3.380
43.1,3.380
43.1,3.380
43.1,3.380
43.1,3.380
43.1,3.380
43.1,3.380
43.1,3.380
43.1,3.380
43.1,3.380
43.1,3.380
43.1,3.380
43.1,3.380
43.1,3.380
43.1,3.380
43.1,3.380
43.1,3.380
43.0,3.380
43.0,3.380
43.0,3.380
43.0,3.380
43.0,3.380
43.0,3.380
43.0,3.380
43.0,3.385
43.0,3.385
43.0,3.385
43.0,3.385
43.0,3.385
43.0,3.385
43.1,3.385
43.1,3.385
43.1,3.385
43.1,3.385
43.1,3.385
43.1,3.385
43.1,3.385
43.1,3.385
43.1,3.385
43.1,3.385
43.1,3.385
43.1,3.385
43.1,3.385
43.1,3.385
43.1,3.385
43.1,3.385
43.1,3.385
43.1,3.385
43.1,3.385
43.1,3.385
43.1,3.385
43.1,3.390
43.1,3.390
43.1,3.390
43.1,3.390
43.1,3.390
43.1,3.390
43.1,3.390
43.1,3.390
43.1,3.390
43.1,3.390
43.1,3.390
43.1,3.390
43.1,3.390
43.1,3.390
43.1,3.390
43.1,3.390
43.1,3.390
43.1,3.390
43.1,3.390
43.1,3.390
43.1,3.390
43.1,3.390
43.1,3.390
43.1,3.390
43.1,3.390
43.1,3.395
43.1,3.395
43.1,3.395
43.1,3.395
43.1,3.395
43.1,3.395
43.1,3.395
43.1,3.395
43.1,3.395
43.1,3.395
43.1,3.395
43.1,3.395
43.1,3.395
43.1,3.395
43.1,3.395
43.1,3.395
43.1,3.395
43.1,3.395
43.1,3.395
43.1,3.395
43.1,3.395
43.1,3.395
43.1,3.395
43.1,3.395
43.1,3.395
43.1,3.395
43.1,3.400
43.1,3.400
43.1,3.400
43.1,3.400
43.1,3.400
43.1,3.400
43.1,3.400
43.1,3.400
43.1,3.400
43.1,3.400
43.1,3.400
43.1,3.400
43.1,3.400
43.1,3.400
43.1,3.400
43.1,3.400
43.1,3.400
43.1,3.400
43.1,3.400
43.1,3.400
43.1,3.400
43.1,3.400
43.1,3.400
43.1,3.400
43.1,3.400
43.1,3.405
43.1,3.405
43.1,3.405
43.1,3.405
43.1,3.405
43.1,3.405
43.2,3.405
43.2,3.405
43.2,3.405
43.2,3.405
43.1,3.405
43.1,3.405
43.1,3.405
43.1,3.405
43.1,3.405
43.1,3.405
43.1,3.405
43.1,3.405
43.1,3.405
43.1,3.405
43.1,3.405
43.1,3.405
43.1,3.405
43.1,3.410
43.1,3.410
43.1,3.410
43.1,3.410
43.1,3.410
43.1,3.410
43.1,3.410
43.1,3.410
43.1,3.410
43.1,3.410
43.1,3.410
43.1,3.410
43.1,3.410
43.1,3.410
43.1,3.410
43.1,3.410
43.1,3.410
43.1,3.410
43.2,3.410
43.2,3.410
43.2,3.410
43.2,3.410
43.2,3.410
43.2,3.410
43.2,3.415
43.1,3.415
43.1,3.415
43.1,3.415
43.1,3.415
43.1,3.415
43.1,3.415
43.1,3.415
43.1,3.415
43.1,3.415
43.2,3.415
43.2,3.415
43.2,3.415
43.2,3.415
43.2,3.415
43.2,3.415
43.2,3.415
43.2,3.415
43.2,3.415
43.2,3.415
43.2,3.415
43.2,3.415
43.2,3.415
43.2,3.415
43.2,3.420
43.2,3.420
43.2,3.420
43.2,3.420
43.2,3.420
43.2,3.420
43.2,3.420
43.2,3.420
43.2,3.420
43.2,3.420
43.2,3.420
43.2,3.420
43.2,3.420
43.2,3.420
43.2,3.420
43.2,3.420
43.2,3.420
43.2,3.420
43.2,3.420
43.2,3.420
43.2,3.420
43.2,3.420
43.2,3.420
43.2,3.420
43.2,3.420
43.2,3.420
43.2,3.425
43.2,3.425
43.2,3.425
43.2,3.425
43.2,3.425
43.2,3.425
43.2,3.425
43.2,3.425
43.2,3.425
43.2,3.425
43.2,3.425
43.2,3.425
43.2,3.425
43.2,3.425
43.2,3.425
43.2,3.425
43.2,3.425
43.2,3.425
43.2,3.425
43.2,3.425
43.2,3.425
43.2,3.425
43.2,3.425
43.2,3.425
43.2,3.430
43.2,3.430
43.2,3.430
43.2,3.430
43.2,3.430
43.2,3.430
43.2,3.430
43.2,3.430
43.2,3.430
43.2,3.430
43.2,3.430
43.2,3.430
43.2,3.430
43.2,3.430
43.2,3.430
43.2,3.430
43.2,3.430
43.2,3.430
43.2,3.430
43.2,3.430
43.2,3.430
43.2,3.430
43.2,3.430
43.2,3.430
43.2,3.430
43.2,3.430
43.2,3.430
43.2,3.435
43.2,3.435
43.2,3.435
43.2,3.435
43.2,3.435
43.2,3.435
43.2,3.435
43.2,3.435
43.2,3.435
43.2,3.435
43.2,3.435
43.2,3.435
43.2,3.435
43.2,3.435
43.2,3.435
43.2,3.435
43.2,3.435
43.2,3.435
43.2,3.435
43.2,3.435
43.2,3.435
43.2,3.435
43.2,3.435
43.2,3.435
43.2,3.435
43.2,3.435
43.2,3.435
43.2,3.435
43.2,3.435
43.2,3.440
43.2,3.440
43.2,3.440
43.2,3.440
43.2,3.440
43.2,3.440
43.2,3.440
43.2,3.440
43.2,3.440
43.2,3.440
43.2,3.440
43.2,3.440
43.2,3.440
43.2,3.440
43.2,3.440
43.2,3.440
43.2,3.440
43.2,3.440
43.2,3.440
43.2,3.440
43.2,3.440
43.2,3.440
43.2,3.440
43.2,3.440
43.2,3.440
43.2,3.440
43.2,3.440
43.2,3.440
43.2,3.440
43.2,3.445
43.2,3.445
43.2,3.445
43.2,3.445
43.2,3.445
43.2,3.445
43.2,3.445
43.2,3.445
43.2,3.445
43.2,3.445
43.3,3.445
43.3,3.445
43.3,3.445
43.3,3.445
43.3,3.445
43.3,3.445
43.3,3.445
43.3,3.445
43.3,3.445
43.3,3.445
43.3,3.445
43.3,3.445
43.3,3.445
43.3,3.445
43.2,3.445
43.2,3.445
43.2,3.445
43.2,3.445
43.2,3.450
43.2,3.450
43.2,3.450
43.2,3.450
43.2,3.450
43.3,3.450
43.3,3.450
43.3,3.450
43.3,3.450
43.3,3.450
43.3,3.450
43.3,3.450
43.3,3.450
43.3,3.450
43.3,3.450
43.3,3.450
43.3,3.450
43.3,3.450
43.3,3.450
43.3,3.450
43.3,3.450
43.3,3.450
43.3,3.450
43.3,3.450
43.3,3.450
43.3,3.450
43.3,3.450
43.3,3.455
43.3,3.455
43.3,3.455
43.3,3.455
43.3,3.455
43.3,3.455
43.3,3.455
43.3,3.455
43.3,3.455
43.3,3.455
43.3,3.455
43.3,3.455
43.3,3.455
43.3,3.455
43.3,3.455
43.3,3.455
43.3,3.455
43.3,3.455
43.3,3.455
43.3,3.455
43.3,3.455
43.3,3.455
43.3,3.455
43.3,3.455
43.3,3.455
43.3,3.455
43.3,3.455
43.3,3.455
43.3,3.455
43.3,3.455
43.3,3.460
43.3,3.460
43.3,3.460
43.3,3.460
43.3,3.460
43.3,3.460
43.3,3.460
43.3,3.460
43.3,3.460
43.3,3.460
43.3,3.460
43.3,3.460
43.3,3.460
43.3,3.460
43.3,3.460
43.3,3.460
43.3,3.460
43.3,3.460
43.3,3.460
43.3,3.460
43.3,3.460
43.3,3.460
43.3,3.460
43.3,3.460
43.3,3.460
43.3,3.460
43.3,3.460
43.3,3.460
43.3,3.465
43.3,3.465
43.3,3.465
43.3,3.465
43.3,3.465
43.3,3.465
43.3,3.465
43.3,3.465
43.3,3.465
43.3,3.465
43.3,3.465
43.3,3.465
43.3,3.465
43.3,3.465
43.3,3.465
43.3,3.465
43.3,3.465
43.3,3.465
43.3,3.465
43.3,3.465
43.3,3.465
43.3,3.465
43.3,3.465
43.3,3.465
43.3,3.465
43.3,3.465
43.3,3.465
43.3,3.465
43.3,3.470
43.3,3.470
43.3,3.470
43.3,3.470
43.3,3.470
43.3,3.470
43.3,3.470
43.3,3.470
43.3,3.470
43.3,3.470
43.3,3.470
43.3,3.470
43.3,3.470
43.3,3.470
43.3,3.470
43.3,3.470
43.3,3.470
43.3,3.470
43.3,3.470
43.3,3.470
43.3,3.470
43.3,3.470
43.3,3.470
43.3,3.470
43.3,3.470
43.3,3.475
43.3,3.475
43.3,3.475
43.3,3.475
43.3,3.475
43.4,3.475
43.4,3.475
43.4,3.475
43.4,3.475
43.4,3.475
43.4,3.475
43.4,3.475
43.4,3.475
43.4,3.475
43.4,3.475
43.4,3.475
43.4,3.475
43.4,3.475
43.4,3.475
43.4,3.475
43.4,3.475
43.3,3.475
43.3,3.475
43.3,3.475
43.3,3.475
43.3,3.475
43.3,3.475
43.3,3.475
43.3,3.480
43.3,3.480
43.3,3.480
43.3,3.480
43.3,3.480
43.3,3.480
43.3,3.480
43.3,3.480
43.3,3.480
43.3,3.480
43.3,3.480
43.3,3.480
43.3,3.480
43.3,3.480
43.3,3.480
43.3,3.480
43.4,3.480
43.4,3.480
43.4,3.480
43.4,3.480
43.4,3.480
43.4,3.480
43.4,3.480
43.4,3.480
43.4,3.480
43.4,3.480
43.4,3.480
43.4,3.480
43.4,3.485
43.4,3.485
43.4,3.485
43.4,3.485
43.4,3.485
43.4,3.485
43.4,3.485
43.4,3.485
43.4,3.485
43.4,3.485
43.4,3.485
43.4,3.485
43.4,3.485
43.4,3.485
43.4,3.485
43.4,3.485
43.4,3.485
43.4,3.485
43.4,3.485
43.4,3.485
43.4,3.485
43.4,3.485
43.4,3.485
43.4,3.485
43.4,3.485
43.4,3.485
43.4,3.485
43.4,3.490
43.4,3.490
43.4,3.490
43.4,3.490
43.4,3.490
43.4,3.490
43.4,3.490
43.4,3.490
43.4,3.490
43.4,3.490
43.4,3.490
43.4,3.490
43.4,3.490
43.4,3.490
43.4,3.490
43.4,3.490
43.4,3.490
43.4,3.490
43.4,3.490
43.4,3.490
43.4,3.490
43.4,3.490
43.4,3.490
43.4,3.490
43.4,3.490
43.4,3.490
43.4,3.490
43.4,3.490
43.4,3.495
43.4,3.495
43.4,3.495
43.4,3.495
43.4,3.495
43.4,3.495
43.4,3.495
43.4,3.495
43.4,3.495
43.4,3.495
43.4,3.495
43.4,3.495
43.4,3.495
43.4,3.495
43.4,3.495
43.4,3.495
43.4,3.495
43.4,3.495
43.4,3.495
43.4,3.495
43.4,3.495
43.4,3.495
43.4,3.495
43.4,3.495
43.4,3.495
43.4,3.495
43.4,3.495
43.4,3.495
43.4,3.495
43.4,3.495
43.4,3.500
43.4,3.500
43.4,3.500
43.4,3.500
43.4,3.500
43.4,3.500
43.4,3.500
43.4,3.500
43.4,3.500
43.4,3.500
43.4,3.500
43.4,3.500
43.4,3.500
43.4,3.500
43.4,3.500
43.4,3.500
43.4,3.500
43.4,3.500
43.4,3.500
43.4,3.500
43.4,3.500
43.4,3.500
43.4,3.500
43.4,3.500
43.4,3.500
43.4,3.500
43.4,3.500
43.4,3.500
43.4,3.500
43.4,3.500
43.4,3.505
43.4,3.505
43.4,3.505
43.4,3.505
43.4,3.505
43.4,3.505
43.4,3.505
43.4,3.505
43.4,3.505
43.4,3.505
43.4,3.505
43.4,3.505
43.4,3.505
43.4,3.505
43.4,3.505
43.4,3.505
43.4,3.505
43.4,3.505
43.4,3.505
43.4,3.505
43.4,3.505
43.4,3.505
43.4,3.505
43.4,3.505
43.4,3.505
43.4,3.505
43.5,3.505
43.5,3.505
43.5,3.505
43.5,3.510
43.5,3.510
43.5,3.510
43.5,3.510
43.5,3.510
43.5,3.510
43.5,3.510
43.5,3.510
43.5,3.510
43.5,3.510
43.5,3.510
43.5,3.510
43.5,3.510
43.5,3.510
43.5,3.510
43.5,3.510
43.5,3.510
43.5,3.510
43.5,3.510
43.5,3.510
43.5,3.510
43.5,3.510
43.5,3.510
43.5,3.510
43.5,3.510
43.5,3.510
43.5,3.510
43.5,3.510
43.5,3.510
43.5,3.510
43.5,3.510
43.5,3.510
43.5,3.515
43.5,3.515
43.5,3.515
43.5,3.515
43.4,3.515
43.4,3.515
43.4,3.515
43.4,3.515
43.4,3.515
43.4,3.515
43.4,3.515
43.4,3.515
43.4,3.515
43.4,3.515
43.5,3.515
43.5,3.515
43.5,3.515
43.5,3.515
43.5,3.515
43.5,3.515
43.5,3.515
43.5,3.515
43.5,3.515
43.5,3.515
43.5,3.515
43.4,3.515
43.4,3.515
43.4,3.515
43.4,3.515
43.4,3.515
43.4,3.515
43.4,3.515
43.4,3.515
43.4,3.520
43.5,3.520
43.5,3.520
43.5,3.520
43.5,3.520
43.5,3.520
43.5,3.520
43.5,3.520
43.5,3.520
43.5,3.520
43.5,3.520
43.5,3.520
43.5,3.520
43.4,3.520
43.4,3.520
43.4,3.520
43.4,3.520
43.4,3.520
43.4,3.520
43.4,3.520
43.4,3.520
43.4,3.520
43.4,3.520
43.5,3.520
43.5,3.520
43.5,3.520
43.5,3.520
43.5,3.520
43.5,3.520
43.5,3.520
43.5,3.520
43.5,3.520
43.4,3.520
43.4,3.520
43.4,3.525
43.4,3.525
43.4,3.525
43.4,3.525
43.4,3.525
43.4,3.525
43.4,3.525
43.5,3.525
43.5,3.525
43.5,3.525
43.5,3.525
43.5,3.525
43.5,3.525
43.5,3.525
43.5,3.525
43.5,3.525
43.5,3.525
43.5,3.525
43.5,3.525
43.5,3.525
43.5,3.525
43.5,3.525
43.5,3.525
43.5,3.525
43.5,3.525
43.5,3.525
43.5,3.525
43.5,3.525
43.5,3.525
43.5,3.525
43.5,3.525
43.5,3.525
43.5,3.525
43.5,3.530
43.5,3.530
43.5,3.530
43.5,3.530
43.5,3.530
43.5,3.530
43.5,3.530
43.5,3.530
43.5,3.530
43.5,3.530
43.5,3.530
43.5,3.530
43.5,3.530
43.5,3.530
43.5,3.530
43.5,3.530
43.5,3.530
43.5,3.530
43.5,3.530
43.5,3.530
43.5,3.530
43.5,3.530
43.5,3.530
43.5,3.530
43.5,3.530
43.5,3.530
43.5,3.530
43.5,3.530
43.5,3.530
43.5,3.530
43.5,3.530
43.5,3.530
43.5,3.535
43.5,3.535
43.5,3.535
43.5,3.535
43.5,3.535
43.5,3.535
43.5,3.535
43.5,3.535
43.5,3.535
43.5,3.535
43.5,3.535
43.5,3.535
43.5,3.535
43.5,3.535
43.5,3.535
43.5,3.535
43.5,3.535
43.5,3.535
43.5,3.535
43.5,3.535
43.5,3.535
43.5,3.535
43.5,3.535
43.5,3.535
43.5,3.535
43.5,3.535
43.6,3.535
43.6,3.535
43.6,3.535
43.6,3.535
43.6,3.535
43.6,3.535
43.6,3.535
43.6,3.535
43.5,3.535
43.5,3.535
43.5,3.540
43.5,3.540
43.5,3.540
43.5,3.540
43.5,3.540
43.5,3.540
43.5,3.540
43.5,3.540
43.5,3.540
43.5,3.540
43.5,3.540
43.5,3.540
43.5,3.540
43.5,3.540
43.5,3.540
43.5,3.540
43.5,3.540
43.5,3.540
43.5,3.540
43.5,3.540
43.5,3.540
43.5,3.540
43.5,3.540
43.5,3.540
43.5,3.540
43.5,3.540
43.5,3.540
43.5,3.540
43.5,3.540
43.5,3.540
43.5,3.540
43.5,3.540
43.5,3.540
43.5,3.540
43.5,3.540
43.5,3.545
43.5,3.545
43.6,3.545
43.6,3.545
43.6,3.545
43.6,3.545
43.6,3.545
43.6,3.545
43.6,3.545
43.6,3.545
43.6,3.545
43.6,3.545
43.6,3.545
43.6,3.545
43.6,3.545
43.6,3.545
43.6,3.545
43.6,3.545
43.6,3.545
43.6,3.545
43.6,3.545
43.6,3.545
43.6,3.545
43.6,3.545
43.6,3.545
43.6,3.545
43.6,3.545
43.6,3.545
43.6,3.545
43.5,3.545
43.5,3.545
43.5,3.545
43.5,3.545
43.5,3.545
43.5,3.550
43.5,3.550
43.5,3.550
43.6,3.550
43.6,3.550
43.6,3.550
43.6,3.550
43.6,3.550
43.6,3.550
43.6,3.550
43.6,3.550
43.6,3.550
43.6,3.550
43.6,3.550
43.6,3.550
43.6,3.550
43.6,3.550
43.6,3.550
43.6,3.550
43.6,3.550
43.6,3.550
43.6,3.550
43.6,3.550
43.6,3.550
43.6,3.550
43.6,3.550
43.6,3.550
43.6,3.550
43.6,3.550
43.6,3.550
43.6,3.550
43.6,3.550
43.5,3.555
43.5,3.555
43.5,3.555
43.5,3.555
43.5,3.555
43.5,3.555
43.5,3.555
43.6,3.555
43.6,3.555
43.6,3.555
43.6,3.555
43.6,3.555
43.6,3.555
43.6,3.555
43.6,3.555
43.6,3.555
43.6,3.555
43.6,3.555
43.6,3.555
43.6,3.555
43.6,3.555
43.6,3.555
43.6,3.555
43.6,3.555
43.5,3.555
43.5,3.555
43.5,3.555
43.5,3.555
43.5,3.555
43.5,3.555
43.6,3.555
43.6,3.555
43.6,3.555
43.6,3.555
43.6,3.555
43.6,3.560
43.6,3.560
43.6,3.560
43.6,3.560
43.6,3.560
43.6,3.560
43.6,3.560
43.6,3.560
43.5,3.560
43.5,3.560
43.5,3.560
43.5,3.560
43.5,3.560
43.5,3.560
43.5,3.560
43.5,3.560
43.5,3.560
43.5,3.560
43.5,3.560
43.5,3.560
43.6,3.560
43.6,3.560
43.6,3.560
43.6,3.560
43.6,3.560
43.6,3.560
43.6,3.560
43.6,3.560
43.6,3.560
43.6,3.560
43.6,3.560
43.6,3.560
43.6,3.560
43.5,3.560
43.5,3.560
43.5,3.565
43.5,3.565
43.5,3.565
43.5,3.565
43.5,3.565
43.5,3.565
43.5,3.565
43.5,3.565
43.5,3.565
43.5,3.565
43.5,3.565
43.5,3.565
43.6,3.565
43.6,3.565
43.6,3.565
43.6,3.565
43.6,3.565
43.6,3.565
43.6,3.565
43.6,3.565
43.6,3.565
43.6,3.565
43.6,3.565
43.6,3.565
43.6,3.565
43.6,3.565
43.6,3.565
43.6,3.565
43.6,3.565
43.6,3.565
43.6,3.565
43.6,3.570
43.6,3.570
43.6,3.570
43.6,3.570
43.6,3.570
43.6,3.570
43.6,3.570
43.6,3.570
43.6,3.570
43.6,3.570
43.6,3.570
43.6,3.570
43.6,3.570
43.6,3.570
43.6,3.570
43.6,3.570
43.6,3.570
43.6,3.570
43.6,3.570
43.6,3.570
43.6,3.570
43.6,3.570
43.6,3.570
43.6,3.570
43.6,3.570
43.6,3.570
43.6,3.570
43.6,3.570
43.6,3.570
43.6,3.570
43.6,3.570
43.6,3.570
43.6,3.575
43.6,3.575
43.6,3.575
43.6,3.575
43.6,3.575
43.6,3.575
43.6,3.575
43.6,3.575
43.6,3.575
43.6,3.575
43.6,3.575
43.6,3.575
43.6,3.575
43.6,3.575
43.6,3.575
43.6,3.575
43.6,3.575
43.6,3.575
43.6,3.575
43.6,3.575
43.6,3.575
43.6,3.575
43.6,3.575
43.6,3.575
43.6,3.575
43.6,3.575
43.6,3.575
43.6,3.575
43.6,3.575
43.6,3.575
43.6,3.575
43.6,3.575
43.6,3.580
43.6,3.580
43.6,3.580
43.6,3.580
43.6,3.580
43.6,3.580
43.7,3.580
43.7,3.580
43.7,3.580
43.7,3.580
43.7,3.580
43.7,3.580
43.7,3.580
43.7,3.580
43.7,3.580
43.7,3.580
43.7,3.580
43.7,3.580
43.7,3.580
43.7,3.580
43.7,3.580
43.7,3.580
43.7,3.580
43.7,3.580
43.7,3.580
43.7,3.580
43.6,3.580
43.6,3.580
43.6,3.580
43.6,3.580
43.6,3.580
43.6,3.585
43.6,3.585
43.6,3.585
43.6,3.585
43.6,3.585
43.6,3.585
43.6,3.585
43.6,3.585
43.6,3.585
43.6,3.585
43.6,3.585
43.6,3.585
43.6,3.585
43.7,3.585
43.7,3.585
43.7,3.585
43.7,3.585
43.7,3.585
43.7,3.585
43.7,3.585
43.7,3.585
43.7,3.585
43.7,3.585
43.7,3.585
43.7,3.585
43.7,3.585
43.7,3.585
43.7,3.585
43.7,3.590
43.7,3.590
43.7,3.590
43.7,3.590
43.7,3.590
43.7,3.590
43.7,3.590
43.7,3.590
43.7,3.590
43.7,3.590
43.7,3.590
43.7,3.590
43.7,3.590
43.7,3.590
43.7,3.590
43.7,3.590
43.7,3.590
43.7,3.590
43.7,3.590
43.7,3.590
43.7,3.590
43.7,3.590
43.7,3.590
43.7,3.590
43.7,3.590
43.7,3.590
43.7,3.590
43.7,3.590
43.7,3.590
43.7,3.590
43.7,3.595
43.7,3.595
43.7,3.595
43.7,3.595
43.7,3.595
43.7,3.595
43.7,3.595
43.7,3.595
43.7,3.595
43.7,3.595
43.7,3.595
43.7,3.595
43.7,3.595
43.7,3.595
43.7,3.595
43.6,3.595
43.6,3.595
43.6,3.595
43.6,3.595
43.6,3.595
43.6,3.595
43.6,3.595
43.6,3.595
43.6,3.595
43.5,3.595
43.6,3.595
43.5,3.595
43.5,3.595
43.6,3.595
43.7,3.595
43.7,3.595
43.8,3.595
43.8,3.595
43.9,3.595
43.9,3.595
44.0,3.600
44.0,3.600
44.0,3.600
44.0,3.600
43.9,3.600
43.8,3.600
43.7,3.600
43.6,3.600
43.5,3.600
43.4,3.600
43.3,3.600
43.3,3.600
43.3,3.600
43.3,3.600
43.4,3.600
43.5,3.600
43.6,3.600
43.7,3.600
43.9,3.600
43.9,3.600
44.0,3.600
44.0,3.600
44.0,3.600
44.0,3.600
44.0,3.600
43.9,3.600
43.8,3.600
43.7,3.600
43.5,3.600
43.4,3.600
43.4,3.600
43.3,3.600
43.3,3.600
43.3,3.600
43.4,3.605
43.4,3.605
43.5,3.605
43.6,3.605
43.7,3.605
43.8,3.605
43.9,3.605
44.0,3.605
44.0,3.605
44.0,3.605
44.0,3.605
43.9,3.605
43.9,3.605
43.7,3.605
43.6,3.605
43.6,3.605
43.5,3.605
43.4,3.605
43.4,3.605
43.4,3.605
43.4,3.605
43.5,3.605
43.5,3.605
43.6,3.605
43.7,3.605
43.8,3.605
43.9,3.605
43.9,3.605
44.0,3.605
44.0,3.605
43.9,3.605
43.9,3.605
43.8,3.610
43.7,3.610
43.6,3.610
43.5,3.610
43.5,3.610
43.4,3.610
43.4,3.610
43.4,3.610
43.4,3.610
43.5,3.610
43.6,3.610
43.6,3.610
43.7,3.610
43.8,3.610
43.8,3.610
43.9,3.610
43.9,3.610
43.9,3.610
43.9,3.610
43.8,3.610
43.8,3.610
43.7,3.610
43.7,3.610
43.6,3.610
43.6,3.610
43.5,3.610
43.5,3.610
43.5,3.610
43.5,3.610
43.5,3.610
43.6,3.610
43.7,3.610
43.8,3.615
43.8,3.615
43.9,3.615
43.9,3.615
43.9,3.615
43.9,3.615
43.9,3.615
43.9,3.615
43.7,3.615
43.7,3.615
43.6,3.615
43.5,3.615
43.5,3.615
43.5,3.615
43.5,3.615
43.5,3.615
43.5,3.615
43.5,3.615
43.6,3.615
43.7,3.615
43.7,3.615
43.8,3.615
43.8,3.615
43.9,3.615
43.9,3.615
43.9,3.615
43.8,3.615
43.8,3.615
43.7,3.615
43.7,3.615
43.6,3.615
43.6,3.615
43.6,3.615
43.5,3.615
43.5,3.615
43.5,3.615
43.5,3.615
43.5,3.620
43.6,3.620
43.7,3.620
43.7,3.620
43.7,3.620
43.8,3.620
43.8,3.620
43.8,3.620
43.8,3.620
43.8,3.620
43.7,3.620
43.7,3.620
43.6,3.620
43.6,3.620
43.6,3.620
43.6,3.620
43.6,3.620
43.6,3.620
43.6,3.620
43.6,3.620
43.7,3.620
43.7,3.620
43.8,3.620
43.8,3.620
43.8,3.620
43.8,3.620
43.8,3.620
43.8,3.620
43.8,3.620
43.8,3.620
43.8,3.620
43.7,3.620
43.7,3.620
43.6,3.620
43.6,3.620
43.6,3.620
43.6,3.620
43.6,3.620
43.6,3.625
43.6,3.625
43.6,3.625
43.6,3.625
43.7,3.625
43.7,3.625
43.8,3.625
43.8,3.625
43.8,3.625
43.8,3.625
43.8,3.625
43.8,3.625
43.8,3.625
43.7,3.625
43.6,3.625
43.6,3.625
43.6,3.625
43.6,3.625
43.6,3.625
43.6,3.625
43.6,3.625
43.6,3.625
43.6,3.625
43.7,3.625
43.7,3.625
43.8,3.625
43.8,3.625
43.8,3.625
43.8,3.625
43.8,3.625
43.8,3.625
43.8,3.625
43.7,3.625
43.7,3.625
43.7,3.625
43.7,3.625
43.7,3.625
43.7,3.625
43.7,3.630
43.7,3.630
43.7,3.630
43.7,3.630
43.7,3.630
43.7,3.630
43.7,3.630
43.7,3.630
43.7,3.630
43.7,3.630
43.7,3.630
43.7,3.630
43.7,3.630
43.7,3.630
43.7,3.630
43.7,3.630
43.7,3.630
43.7,3.630
43.7,3.630
43.7,3.630
43.7,3.630
43.7,3.630
43.7,3.630
43.7,3.630
43.7,3.630
43.7,3.630
43.7,3.630
43.7,3.630
43.7,3.630
43.7,3.630
43.7,3.630
43.7,3.630
43.7,3.630
43.7,3.630
43.7,3.630
43.7,3.630
43.7,3.630
43.7,3.635
43.6,3.635
43.6,3.635
43.6,3.635
43.6,3.635
43.6,3.635
43.6,3.635
43.6,3.635
43.6,3.635
43.6,3.635
43.7,3.635
43.7,3.635
43.7,3.635
43.7,3.635
43.7,3.635
43.7,3.635
43.7,3.635
43.7,3.635
43.7,3.635
43.7,3.635
43.7,3.635
43.7,3.635
43.7,3.635
43.7,3.635
43.7,3.635
43.7,3.635
43.7,3.635
43.7,3.635
43.7,3.635
43.7,3.635
43.7,3.635
43.7,3.635
43.7,3.635
43.7,3.635
43.7,3.635
43.7,3.635
43.7,3.635
43.7,3.635
43.7,3.635
43.7,3.635
43.7,3.635
43.7,3.635
43.7,3.635
43.7,3.640
43.6,3.640
43.6,3.640
43.6,3.640
43.6,3.640
43.6,3.640
43.6,3.640
43.6,3.640
43.6,3.640
43.6,3.640
43.7,3.640
43.7,3.640
43.7,3.640
43.7,3.640
43.7,3.640
43.7,3.640
43.7,3.640
43.7,3.640
43.7,3.640
43.7,3.640
43.7,3.640
43.7,3.640
43.7,3.640
43.7,3.640
43.7,3.640
43.7,3.640
43.7,3.640
43.7,3.640
43.7,3.640
43.7,3.640
43.7,3.640
43.7,3.640
43.7,3.640
43.7,3.640
43.7,3.640
43.7,3.640
43.7,3.640
43.7,3.640
43.7,3.640
43.7,3.640
43.7,3.645
43.7,3.645
43.7,3.645
43.7,3.645
43.7,3.645
43.7,3.645
43.7,3.645
43.7,3.645
43.7,3.645
43.7,3.645
43.7,3.645
43.7,3.645
43.7,3.645
43.7,3.645
43.7,3.645
43.7,3.645
43.7,3.645
43.7,3.645
43.7,3.645
43.7,3.645
43.7,3.645
43.7,3.645
43.7,3.645
43.7,3.645
43.7,3.645
43.7,3.645
43.7,3.645
43.7,3.645
43.7,3.645
43.7,3.645
43.7,3.645
43.7,3.645
43.7,3.645
43.7,3.645
43.8,3.645
43.8,3.645
43.8,3.645
43.8,3.645
43.8,3.650
43.8,3.650
43.7,3.650
43.7,3.650
43.7,3.650
43.7,3.650
43.7,3.650
43.7,3.650
43.7,3.650
43.7,3.650
43.7,3.650
43.7,3.650
43.7,3.650
43.7,3.650
43.7,3.650
43.7,3.650
43.7,3.650
43.7,3.650
43.7,3.650
43.7,3.650
43.7,3.650
43.7,3.650
43.7,3.650
43.7,3.650
43.7,3.650
43.7,3.650
43.7,3.650
43.7,3.650
43.7,3.650
43.7,3.650
43.7,3.650
43.7,3.650
43.7,3.650
43.7,3.650
43.7,3.650
43.7,3.650
43.7,3.650
43.7,3.650
43.7,3.650
43.7,3.655
43.7,3.655
43.7,3.655
43.7,3.655
43.7,3.655
43.7,3.655
43.7,3.655
43.7,3.655
43.7,3.655
43.7,3.655
43.7,3.655
43.7,3.655
43.7,3.655
43.7,3.655
43.7,3.655
43.7,3.655
43.7,3.655
43.7,3.655
43.7,3.655
43.7,3.655
43.7,3.655
43.7,3.655
43.7,3.655
43.8,3.655
43.8,3.655
43.8,3.655
43.8,3.655
43.8,3.655
43.8,3.655
43.8,3.655
43.8,3.655
43.7,3.655
43.7,3.655
43.7,3.655
43.7,3.655
43.7,3.655
43.7,3.655
43.7,3.655
43.7,3.655
43.7,3.655
43.7,3.655
43.7,3.660
43.7,3.660
43.7,3.660
43.7,3.660
43.7,3.660
43.7,3.660
43.7,3.660
43.7,3.660
43.7,3.660
43.7,3.660
43.7,3.660
43.7,3.660
43.7,3.660
43.7,3.660
43.7,3.660
43.7,3.660
43.7,3.660
43.7,3.660
43.7,3.660
43.7,3.660
43.7,3.660
43.7,3.660
43.7,3.660
43.7,3.660
43.7,3.660
43.7,3.660
43.7,3.660
43.7,3.660
43.7,3.660
43.7,3.660
43.7,3.660
43.7,3.660
43.8,3.660
43.8,3.660
43.8,3.660
43.8,3.660
43.8,3.660
43.8,3.660
43.8,3.660
43.8,3.660
43.8,3.665
43.8,3.665
43.8,3.665
43.8,3.665
43.8,3.665
43.8,3.665
43.7,3.665
43.7,3.665
43.7,3.665
43.7,3.665
43.7,3.665
43.7,3.665
43.7,3.665
43.7,3.665
43.7,3.665
43.7,3.665
43.7,3.665
43.7,3.665
43.7,3.665
43.7,3.665
43.7,3.665
43.7,3.665
43.7,3.665
43.7,3.665
43.7,3.665
43.7,3.665
43.7,3.665
43.7,3.665
43.7,3.665
43.7,3.665
43.7,3.665
43.7,3.665
43.7,3.665
43.7,3.665
43.8,3.665
43.8,3.665
43.8,3.665
43.8,3.665
43.8,3.670
43.8,3.670
43.8,3.670
43.8,3.670
43.8,3.670
43.8,3.670
43.8,3.670
43.8,3.670
43.8,3.670
43.8,3.670
43.8,3.670
43.8,3.670
43.8,3.670
43.8,3.670
43.8,3.670
43.8,3.670
43.8,3.670
43.8,3.670
43.8,3.670
43.8,3.670
43.8,3.670
43.8,3.670
43.8,3.670
43.8,3.670
43.8,3.670
43.8,3.670
43.8,3.670
43.8,3.670
43.8,3.670
43.8,3.670
43.8,3.670
43.8,3.670
43.8,3.670
43.8,3.670
43.8,3.670
43.8,3.670
43.8,3.670
43.8,3.670
43.8,3.670
43.8,3.670
43.8,3.675
43.8,3.675
43.8,3.675
43.8,3.675
43.8,3.675
43.8,3.675
43.8,3.675
43.8,3.675
43.8,3.675
43.8,3.675
43.8,3.675
43.8,3.675
43.8,3.675
43.8,3.675
43.8,3.675
43.8,3.675
43.8,3.675
43.8,3.675
43.8,3.675
43.8,3.675
43.8,3.675
43.8,3.675
43.8,3.675
43.8,3.675
43.8,3.675
43.8,3.675
43.8,3.675
43.8,3.675
43.8,3.675
43.8,3.675
43.8,3.675
43.8,3.675
43.8,3.675
43.8,3.675
43.8,3.675
43.8,3.675
43.8,3.675
43.8,3.675
43.8,3.675
43.8,3.675
43.8,3.680
43.8,3.680
43.8,3.680
43.8,3.680
43.8,3.680
43.8,3.680
43.8,3.680
43.8,3.680
43.8,3.680
43.8,3.680
43.8,3.680
43.8,3.680
43.8,3.680
43.8,3.680
43.8,3.680
43.8,3.680
43.8,3.680
43.8,3.680
43.8,3.680
43.8,3.680
43.8,3.680
43.8,3.680
43.8,3.680
43.8,3.680
43.8,3.680
43.8,3.680
43.8,3.680
43.8,3.680
43.8,3.680
43.8,3.680
43.8,3.680
43.8,3.680
43.8,3.680
43.8,3.680
43.8,3.680
43.8,3.680
43.8,3.680
43.8,3.680
43.8,3.680
43.8,3.680
43.8,3.685
43.8,3.685
43.8,3.685
43.8,3.685
43.8,3.685
43.8,3.685
43.8,3.685
43.8,3.685
43.8,3.685
43.8,3.685
43.8,3.685
43.8,3.685
43.8,3.685
43.8,3.685
43.8,3.685
43.8,3.685
43.8,3.685
43.8,3.685
43.8,3.685
43.8,3.685
43.8,3.685
43.8,3.685
43.8,3.685
43.8,3.685
43.8,3.685
43.8,3.685
43.8,3.685
43.8,3.685
43.8,3.685
43.8,3.685
43.8,3.685
43.8,3.685
43.8,3.685
43.8,3.685
43.8,3.685
43.8,3.685
43.8,3.685
43.8,3.685
43.8,3.690
43.8,3.690
43.8,3.690
43.8,3.690
43.8,3.690
43.8,3.690
43.8,3.690
43.8,3.690
43.8,3.690
43.8,3.690
43.8,3.690
43.8,3.690
43.8,3.690
43.8,3.690
43.8,3.690
43.8,3.690
43.8,3.690
43.8,3.690
43.8,3.690
43.8,3.690
43.8,3.690
43.8,3.690
43.8,3.690
43.8,3.690
43.8,3.690
43.8,3.690
43.8,3.690
43.8,3.690
43.8,3.690
43.8,3.690
43.8,3.690
43.8,3.690
43.8,3.690
43.8,3.690
43.8,3.690
43.8,3.690
43.8,3.690
43.8,3.690
43.8,3.690
43.8,3.690
43.8,3.690
43.8,3.690
43.8,3.695
43.8,3.695
43.8,3.695
43.8,3.695
43.8,3.695
43.8,3.695
43.8,3.695
43.8,3.695
43.8,3.695
43.8,3.695
43.8,3.695
43.8,3.695
43.8,3.695
43.8,3.695
43.9,3.695
43.9,3.695
43.9,3.695
43.9,3.695
43.9,3.695
43.9,3.695
43.9,3.695
43.9,3.695
43.9,3.695
43.9,3.695
43.9,3.695
43.8,3.695
43.8,3.695
43.8,3.695
43.8,3.695
43.8,3.695
43.8,3.695
43.8,3.695
43.8,3.695
43.8,3.695
43.8,3.695
43.8,3.695
43.8,3.695
43.8,3.695
43.8,3.695
43.8,3.695
43.8,3.695
43.8,3.695
43.8,3.695
43.8,3.695
43.8,3.695
43.8,3.695
43.8,3.700
43.8,3.700
43.8,3.700
43.8,3.700
43.8,3.700
43.8,3.700
43.8,3.700
43.8,3.700
43.8,3.700
43.8,3.700
43.8,3.700
43.8,3.700
43.8,3.700
43.8,3.700
43.8,3.700
43.8,3.700
43.8,3.700
43.8,3.700
43.8,3.700
43.8,3.700
43.8,3.700
43.8,3.700
43.8,3.700
43.8,3.700
43.8,3.700
43.8,3.700
43.8,3.700
43.8,3.700
43.8,3.700
43.8,3.700
43.9,3.700
43.9,3.700
43.9,3.700
43.9,3.700
43.8,3.700
43.8,3.700
43.8,3.700
43.8,3.700
43.8,3.700
43.8,3.700
43.8,3.700
43.8,3.700
43.8,3.700
43.8,3.700
43.8,3.700
43.8,3.700
43.8,3.700
43.8,3.705
43.9,3.705
43.9,3.705
43.9,3.705
43.9,3.705
43.9,3.705
43.9,3.705
43.9,3.705
43.9,3.705
43.9,3.705
43.9,3.705
43.9,3.705
43.9,3.705
43.9,3.705
43.9,3.705
43.9,3.705
43.9,3.705
43.9,3.705
43.9,3.705
43.9,3.705
43.9,3.705
43.9,3.705
43.9,3.705
43.9,3.705
43.9,3.705
43.9,3.705
43.9,3.705
43.9,3.705
43.9,3.705
43.9,3.705
43.9,3.705
43.9,3.705
43.9,3.705
43.9,3.705
43.9,3.705
43.9,3.705
43.9,3.705
43.9,3.705
43.9,3.705
43.9,3.705
43.9,3.705
43.9,3.705
43.9,3.705
43.9,3.705
43.9,3.705
43.9,3.705
43.9,3.705
43.9,3.705
43.9,3.705
43.9,3.705
43.9,3.710
43.9,3.710
43.9,3.710
43.9,3.710
43.9,3.710
43.9,3.710
43.9,3.710
43.9,3.710
43.9,3.710
43.9,3.710
43.9,3.710
43.9,3.710
43.9,3.710
43.9,3.710
43.9,3.710
43.9,3.710
43.9,3.710
43.9,3.710
43.9,3.710
43.9,3.710
43.9,3.710
43.9,3.710
43.9,3.710
43.9,3.710
43.9,3.710
43.9,3.710
43.9,3.710
43.9,3.710
43.9,3.710
43.9,3.710
43.9,3.710
43.9,3.710
43.9,3.710
43.9,3.710
43.9,3.710
43.9,3.710
43.9,3.710
43.9,3.710
43.9,3.710
43.9,3.710
43.9,3.710
43.9,3.710
43.9,3.710
43.9,3.710
43.9,3.710
43.9,3.710
43.9,3.710
43.9,3.710
43.9,3.710
43.9,3.715
43.9,3.715
43.9,3.715
43.9,3.715
43.9,3.715
43.9,3.715
43.9,3.715
43.9,3.715
43.9,3.715
43.9,3.715
43.9,3.715
43.9,3.715
43.9,3.715
43.9,3.715
43.9,3.715
43.9,3.715
43.9,3.715
43.9,3.715
43.9,3.715
43.9,3.715
43.9,3.715
43.9,3.715
43.9,3.715
43.9,3.715
43.9,3.715
43.9,3.715
43.9,3.715
43.9,3.715
43.9,3.715
43.9,3.715
43.9,3.715
43.9,3.715
43.9,3.715
43.9,3.715
43.9,3.715
43.9,3.715
43.9,3.715
43.9,3.715
43.9,3.715
43.9,3.715
43.9,3.715
43.9,3.715
43.9,3.715
43.9,3.715
43.9,3.715
43.9,3.715
43.9,3.715
43.9,3.715
43.9,3.715
43.9,3.715
43.9,3.715
43.9,3.715
43.9,3.715
43.9,3.715
43.9,3.715
43.9,3.715
43.9,3.720
43.9,3.720
43.9,3.720
43.9,3.720
43.9,3.720
43.9,3.720
43.9,3.720
43.9,3.720
43.9,3.720
43.9,3.720
43.9,3.720
43.9,3.720
43.9,3.720
43.9,3.720
43.9,3.720
43.9,3.720
43.9,3.720
43.9,3.720
43.9,3.720
43.9,3.720
43.9,3.720
43.9,3.720
43.9,3.720
43.9,3.720
43.9,3.720
43.9,3.720
43.9,3.720
43.9,3.720
43.9,3.720
43.9,3.720
43.9,3.720
43.9,3.720
43.9,3.720
43.9,3.720
43.9,3.720
43.9,3.720
43.9,3.720
43.9,3.720
43.9,3.720
43.9,3.720
43.9,3.720
43.9,3.720
43.9,3.720
43.9,3.720
43.9,3.720
43.9,3.720
43.9,3.720
43.9,3.720
43.9,3.720
43.9,3.720
43.9,3.720
43.9,3.720
43.9,3.720
43.9,3.725
43.9,3.725
43.9,3.725
43.9,3.725
43.9,3.725
43.9,3.725
43.9,3.725
43.9,3.725
43.9,3.725
43.9,3.725
43.9,3.725
43.9,3.725
43.9,3.725
43.9,3.725
43.9,3.725
43.9,3.725
43.9,3.725
43.9,3.725
43.9,3.725
43.9,3.725
43.9,3.725
43.9,3.725
43.9,3.725
43.9,3.725
43.9,3.725
43.9,3.725
43.9,3.725
43.9,3.725
43.9,3.725
43.9,3.725
43.9,3.725
43.9,3.725
43.9,3.725
43.9,3.725
43.9,3.725
43.9,3.725
43.9,3.725
43.9,3.725
43.9,3.725
43.9,3.725
43.9,3.725
43.9,3.725
43.9,3.725
43.9,3.725
43.9,3.725
43.9,3.725
43.9,3.725
43.9,3.725
43.9,3.725
43.9,3.725
43.9,3.730
43.9,3.730
43.9,3.730
43.9,3.730
43.9,3.730
43.9,3.730
43.9,3.730
43.9,3.730
43.9,3.730
43.9,3.730
43.9,3.730
43.9,3.730
43.9,3.730
43.9,3.730
43.9,3.730
43.9,3.730
43.9,3.730
43.9,3.730
43.9,3.730
43.9,3.730
43.9,3.730
43.9,3.730
43.9,3.730
43.9,3.730
43.9,3.730
43.9,3.730
43.9,3.730
43.9,3.730
43.9,3.730
43.9,3.730
43.9,3.730
43.9,3.730
43.9,3.730
43.9,3.730
43.9,3.730
43.9,3.730
43.9,3.730
43.9,3.730
43.9,3.730
43.9,3.730
43.9,3.730
43.9,3.730
43.9,3.730
43.9,3.730
43.9,3.730
43.9,3.730
43.9,3.730
43.9,3.730
43.9,3.730
44.0,3.730
44.0,3.730
44.0,3.730
44.0,3.735
44.0,3.735
44.0,3.735
44.0,3.735
44.0,3.735
44.0,3.735
44.0,3.735
44.0,3.735
44.0,3.735
44.0,3.735
44.0,3.735
44.0,3.735
44.0,3.735
44.0,3.735
44.0,3.735
44.0,3.735
44.0,3.735
44.0,3.735
44.0,3.735
44.0,3.735
44.0,3.735
44.0,3.735
44.0,3.735
44.0,3.735
44.0,3.735
44.0,3.735
44.0,3.735
43.9,3.735
43.9,3.735
43.9,3.735
43.9,3.735
43.9,3.735
43.9,3.735
43.9,3.735
43.9,3.735
43.9,3.735
43.9,3.735
43.9,3.735
43.9,3.735
43.9,3.735
43.9,3.735
44.0,3.735
44.0,3.735
44.0,3.735
44.0,3.735
44.0,3.735
44.0,3.735
43.9,3.735
43.9,3.735
43.9,3.735
43.9,3.735
43.9,3.735
43.9,3.735
43.9,3.735
43.9,3.735
43.9,3.740
43.9,3.740
43.9,3.740
43.9,3.740
43.9,3.740
43.9,3.740
43.9,3.740
43.9,3.740
43.9,3.740
43.9,3.740
43.9,3.740
43.9,3.740
43.9,3.740
43.9,3.740
43.9,3.740
43.9,3.740
43.9,3.740
43.9,3.740
43.9,3.740
43.9,3.740
43.9,3.740
43.9,3.740
43.9,3.740
43.9,3.740
43.9,3.740
43.9,3.740
43.9,3.740
43.9,3.740
43.9,3.740
43.9,3.740
44.0,3.740
44.0,3.740
44.0,3.740
44.0,3.740
44.0,3.740
44.0,3.740
43.9,3.740
43.9,3.740
43.9,3.740
43.9,3.740
43.9,3.740
43.9,3.740
43.9,3.740
43.9,3.740
43.9,3.740
43.9,3.740
43.9,3.740
43.9,3.740
43.9,3.740
43.9,3.740
44.0,3.740
44.0,3.740
44.0,3.740
44.0,3.740
44.0,3.745
44.0,3.745
44.0,3.745
44.0,3.745
44.0,3.745
43.9,3.745
43.9,3.745
43.9,3.745
43.9,3.745
43.9,3.745
43.9,3.745
43.9,3.745
43.9,3.745
43.9,3.745
43.9,3.745
43.9,3.745
43.9,3.745
43.9,3.745
43.9,3.745
43.9,3.745
43.9,3.745
43.9,3.745
43.9,3.745
43.9,3.745
43.9,3.745
43.9,3.745
43.9,3.745
43.9,3.745
43.9,3.745
43.9,3.745
43.9,3.745
43.9,3.745
43.9,3.745
43.9,3.745
43.9,3.745
44.0,3.745
44.0,3.745
44.0,3.745
44.0,3.745
44.0,3.745
44.0,3.745
44.0,3.745
44.0,3.745
44.0,3.745
44.0,3.745
44.0,3.745
44.0,3.745
44.0,3.745
43.9,3.745
43.9,3.745
43.9,3.745
43.9,3.745
43.9,3.750
43.9,3.750
43.9,3.750
43.9,3.750
43.9,3.750
43.9,3.750
44.0,3.750
44.0,3.750
44.0,3.750
44.0,3.750
44.0,3.750
44.0,3.750
44.0,3.750
44.0,3.750
44.0,3.750
44.0,3.750
44.0,3.750
44.0,3.750
44.0,3.750
44.0,3.750
44.0,3.750
44.0,3.750
44.0,3.750
44.0,3.750
44.0,3.750
44.0,3.750
44.0,3.750
44.0,3.750
44.0,3.750
44.0,3.750
44.0,3.750
44.0,3.750
44.0,3.750
44.0,3.750
44.0,3.750
44.0,3.750
44.0,3.750
44.0,3.750
44.0,3.750
44.0,3.750
44.0,3.750
44.0,3.750
44.0,3.750
44.0,3.750
44.0,3.750
44.0,3.750
44.0,3.750
44.0,3.750
44.0,3.750
44.0,3.750
44.0,3.750
44.0,3.750
44.0,3.750
44.0,3.755
44.0,3.755
44.0,3.755
44.0,3.755
44.0,3.755
44.0,3.755
44.0,3.755
44.0,3.755
44.0,3.755
44.0,3.755
44.0,3.755
44.0,3.755
44.0,3.755
44.0,3.755
44.0,3.755
44.0,3.755
44.0,3.755
44.0,3.755
44.0,3.755
44.0,3.755
44.0,3.755
44.0,3.755
44.0,3.755
44.0,3.755
44.0,3.755
44.0,3.755
44.0,3.755
44.0,3.755
44.0,3.755
44.0,3.755
44.1,3.755
44.1,3.755
44.1,3.755
44.1,3.755
44.1,3.755
44.1,3.755
44.1,3.755
44.1,3.755
44.1,3.755
44.1,3.755
44.1,3.755
44.1,3.755
44.1,3.755
44.1,3.755
44.1,3.755
44.1,3.755
44.1,3.755
44.1,3.755
44.1,3.755
44.1,3.755
44.0,3.755
44.0,3.760
44.0,3.760
44.0,3.760
44.0,3.760
44.0,3.760
44.0,3.760
44.0,3.760
44.0,3.760
44.0,3.760
44.0,3.760
44.0,3.760
44.0,3.760
44.0,3.760
44.0,3.760
44.0,3.760
44.0,3.760
44.0,3.760
44.0,3.760
44.0,3.760
44.0,3.760
44.0,3.760
44.0,3.760
44.1,3.760
44.1,3.760
44.1,3.760
44.1,3.760
44.1,3.760
44.1,3.760
44.1,3.760
44.1,3.760
44.0,3.760
44.0,3.760
44.0,3.760
44.0,3.760
44.0,3.760
44.0,3.760
44.0,3.760
44.0,3.760
44.0,3.760
44.0,3.760
44.1,3.760
44.1,3.760
44.1,3.760
44.1,3.760
44.1,3.760
44.1,3.760
44.1,3.760
44.1,3.760
44.1,3.760
44.1,3.760
44.1,3.760
44.1,3.760
44.1,3.760
44.1,3.760
44.1,3.765
44.1,3.765
44.1,3.765
44.1,3.765
44.1,3.765
44.1,3.765
44.1,3.765
44.1,3.765
44.1,3.765
44.1,3.765
44.1,3.765
44.1,3.765
44.1,3.765
44.1,3.765
44.1,3.765
44.1,3.765
44.1,3.765
44.0,3.765
44.0,3.765
44.0,3.765
44.0,3.765
44.0,3.765
44.0,3.765
44.0,3.765
44.0,3.765
44.0,3.765
44.1,3.765
44.1,3.765
44.1,3.765
44.1,3.765
44.1,3.765
44.1,3.765
44.1,3.765
44.1,3.765
44.1,3.765
44.1,3.765
44.1,3.765
44.1,3.765
44.1,3.765
44.1,3.765
44.1,3.765
44.1,3.765
44.0,3.765
44.0,3.765
44.0,3.765
44.0,3.765
44.1,3.765
44.1,3.765
44.1,3.765
44.1,3.765
44.1,3.765
44.1,3.765
44.1,3.765
44.1,3.770
44.1,3.770
44.1,3.770
44.1,3.770
44.1,3.770
44.1,3.770
44.1,3.770
44.1,3.770
44.1,3.770
44.1,3.770
44.1,3.770
44.1,3.770
44.0,3.770
44.0,3.770
44.0,3.770
44.0,3.770
44.0,3.770
44.0,3.770
44.0,3.770
44.1,3.770
44.1,3.770
44.1,3.770
44.1,3.770
44.1,3.770
44.1,3.770
44.1,3.770
44.1,3.770
44.1,3.770
44.1,3.770
44.1,3.770
44.1,3.770
44.1,3.770
44.1,3.770
44.1,3.770
44.1,3.770
44.1,3.770
44.1,3.770
44.1,3.770
44.1,3.770
44.1,3.770
44.1,3.770
44.1,3.770
44.1,3.770
44.1,3.770
44.1,3.770
44.1,3.770
44.1,3.770
44.1,3.770
44.1,3.770
44.1,3.770
44.1,3.770
44.1,3.770
44.1,3.775
44.1,3.775
44.1,3.775
44.1,3.775
44.1,3.775
44.1,3.775
44.1,3.775
44.1,3.775
44.1,3.775
44.1,3.775
44.1,3.775
44.1,3.775
44.1,3.775
44.1,3.775
44.1,3.775
44.1,3.775
44.1,3.775
44.1,3.775
44.1,3.775
44.1,3.775
44.1,3.775
44.1,3.775
44.1,3.775
44.1,3.775
44.1,3.775
44.1,3.775
44.1,3.775
44.1,3.775
44.1,3.775
44.1,3.775
44.1,3.775
44.1,3.775
44.1,3.775
44.1,3.775
44.1,3.775
44.1,3.775
44.1,3.775
44.1,3.775
44.1,3.775
44.1,3.775
44.1,3.775
44.1,3.775
44.1,3.775
44.1,3.775
44.1,3.775
44.1,3.775
44.1,3.775
44.1,3.775
44.1,3.775
44.1,3.775
44.1,3.775
44.1,3.775
44.1,3.775
44.1,3.775
44.1,3.775
44.1,3.775
44.1,3.780
44.1,3.780
44.1,3.780
44.1,3.780
44.1,3.780
44.1,3.780
44.1,3.780
44.1,3.780
44.1,3.780
44.1,3.780
44.1,3.780
44.1,3.780
44.1,3.780
44.1,3.780
44.1,3.780
44.1,3.780
44.1,3.780
44.1,3.780
44.1,3.780
44.1,3.780
44.1,3.780
44.1,3.780
44.1,3.780
44.1,3.780
44.1,3.780
44.1,3.780
44.1,3.780
44.1,3.780
44.1,3.780
44.1,3.780
44.1,3.780
44.1,3.780
44.1,3.780
44.1,3.780
44.1,3.780
44.1,3.780
44.1,3.780
44.1,3.780
44.1,3.780
44.1,3.780
44.1,3.780
44.1,3.780
44.1,3.780
44.1,3.780
44.1,3.780
44.1,3.780
44.1,3.780
44.1,3.780
44.1,3.780
44.1,3.780
44.1,3.780
44.1,3.780
44.1,3.780
44.1,3.780
44.1,3.780
44.1,3.780
44.1,3.780
44.1,3.780
44.1,3.780
44.1,3.780
44.1,3.785
44.1,3.785
44.1,3.785
44.1,3.785
44.1,3.785
44.1,3.785
44.1,3.785
44.1,3.785
44.1,3.785
44.1,3.785
44.1,3.785
44.1,3.785
44.1,3.785
44.1,3.785
44.1,3.785
44.1,3.785
44.1,3.785
44.1,3.785
44.1,3.785
44.1,3.785
44.1,3.785
44.1,3.785
44.1,3.785
44.1,3.785
44.1,3.785
44.1,3.785
44.1,3.785
44.1,3.785
44.1,3.785
44.1,3.785
44.1,3.785
44.1,3.785
44.1,3.785
44.1,3.785
44.1,3.785
44.1,3.785
44.1,3.785
44.1,3.785
44.1,3.785
44.1,3.785
44.1,3.785
44.1,3.785
44.1,3.785
44.1,3.785
44.1,3.785
44.1,3.785
44.1,3.785
44.1,3.785
44.1,3.785
44.1,3.785
44.1,3.785
44.1,3.785
44.1,3.785
44.1,3.785
44.1,3.785
44.1,3.785
44.1,3.785
44.1,3.785
44.1,3.785
44.1,3.785
44.1,3.785
44.1,3.790
44.1,3.790
44.1,3.790
44.1,3.790
44.1,3.790
44.1,3.790
44.1,3.790
44.1,3.790
44.1,3.790
44.1,3.790
44.1,3.790
44.1,3.790
44.1,3.790
44.1,3.790
44.1,3.790
44.1,3.790
44.2,3.790
44.2,3.790
44.2,3.790
44.2,3.790
44.2,3.790
44.2,3.790
44.2,3.790
44.1,3.790
44.1,3.790
44.1,3.790
44.0,3.790
44.1,3.790
44.1,3.790
44.1,3.790
44.1,3.790
44.0,3.790
44.0,3.790
44.1,3.790
44.1,3.790
44.1,3.790
44.1,3.790
44.1,3.790
44.1,3.790
44.1,3.790
44.1,3.790
44.1,3.790
44.1,3.790
44.1,3.790
44.2,3.790
44.2,3.790
44.1,3.790
44.1,3.790
44.1,3.790
44.1,3.790
44.1,3.790
44.1,3.790
44.1,3.790
44.1,3.795
44.1,3.795
44.1,3.795
44.1,3.795
44.1,3.795
44.1,3.795
44.1,3.795
44.2,3.795
44.2,3.795
44.2,3.795
44.2,3.795
44.2,3.795
44.2,3.795
44.2,3.795
44.2,3.795
44.2,3.795
44.2,3.795
44.2,3.795
44.2,3.795
44.2,3.795
44.2,3.795
44.2,3.795
44.2,3.795
44.2,3.795
44.2,3.795
44.2,3.795
44.2,3.795
44.2,3.795
44.2,3.795
44.2,3.795
44.2,3.795
44.2,3.795
44.2,3.795
44.2,3.795
44.2,3.795
44.2,3.795
44.2,3.795
44.2,3.795
44.2,3.795
44.2,3.795
44.2,3.795
44.2,3.795
44.2,3.795
44.2,3.795
44.2,3.795
44.2,3.795
44.2,3.795
44.2,3.795
44.2,3.795
44.2,3.795
44.2,3.795
44.2,3.795
44.2,3.795
44.2,3.795
44.2,3.795
44.2,3.795
44.2,3.795
44.2,3.795
44.1,3.795
44.1,3.800
44.1,3.800
44.1,3.800
44.1,3.800
44.1,3.800
44.1,3.800
44.1,3.800
44.2,3.800
44.2,3.800
44.2,3.800
44.2,3.800
44.2,3.800
44.2,3.800
44.2,3.800
44.2,3.800
44.2,3.800
44.2,3.800
44.2,3.800
44.2,3.800
44.2,3.800
44.2,3.800
44.2,3.800
44.2,3.800
44.2,3.800
44.2,3.800
44.2,3.800
44.2,3.800
44.2,3.800
44.2,3.800
44.2,3.800
44.2,3.800
44.2,3.800
44.2,3.800
44.2,3.800
44.2,3.800
44.2,3.800
44.2,3.800
44.2,3.800
44.2,3.800
44.2,3.800
44.2,3.800
44.2,3.800
44.2,3.800
44.2,3.800
44.2,3.800
44.2,3.800
44.2,3.800
44.2,3.800
44.2,3.800
44.2,3.800
44.2,3.800
44.2,3.800
44.2,3.800
44.2,3.800
44.2,3.800
44.2,3.800
44.2,3.800
44.2,3.800
44.2,3.800
44.2,3.800
44.2,3.800
44.2,3.800
44.2,3.805
44.2,3.805
44.2,3.805
44.2,3.805
44.2,3.805
44.2,3.805
44.2,3.805
44.2,3.805
44.2,3.805
44.2,3.805
44.2,3.805
44.2,3.805
44.2,3.805
44.2,3.805
44.2,3.805
44.2,3.805
44.2,3.805
44.2,3.805
44.2,3.805
44.2,3.805
44.2,3.805
44.2,3.805
44.2,3.805
44.2,3.805
44.2,3.805
44.2,3.805
44.2,3.805
44.2,3.805
44.2,3.805
44.2,3.805
44.2,3.805
44.2,3.805
44.2,3.805
44.2,3.805
44.2,3.805
44.2,3.805
44.2,3.805
44.2,3.805
44.2,3.805
44.2,3.805
44.2,3.805
44.2,3.805
44.2,3.805
44.2,3.805
44.2,3.805
44.2,3.805
44.2,3.805
44.2,3.805
44.2,3.805
44.2,3.805
44.2,3.805
44.2,3.805
44.2,3.805
44.2,3.805
44.2,3.805
44.2,3.805
44.2,3.810
44.2,3.810
44.2,3.810
44.2,3.810
44.2,3.810
44.2,3.810
44.2,3.810
44.2,3.810
44.2,3.810
44.2,3.810
44.2,3.810
44.2,3.810
44.2,3.810
44.2,3.810
44.2,3.810
44.2,3.810
44.2,3.810
44.2,3.810
44.2,3.810
44.2,3.810
44.2,3.810
44.2,3.810
44.2,3.810
44.2,3.810
44.2,3.810
44.2,3.810
44.2,3.810
44.2,3.810
44.2,3.810
44.2,3.810
44.2,3.810
44.2,3.810
44.2,3.810
44.2,3.810
44.2,3.810
44.2,3.810
44.2,3.810
44.2,3.810
44.2,3.810
44.2,3.810
44.2,3.810
44.2,3.810
44.2,3.810
44.2,3.810
44.2,3.810
44.2,3.810
44.2,3.810
44.2,3.810
44.2,3.810
44.2,3.810
44.2,3.810
44.2,3.810
44.2,3.810
44.2,3.810
44.2,3.810
44.2,3.815
44.2,3.815
44.2,3.815
44.2,3.815
44.2,3.815
44.2,3.815
44.2,3.815
44.2,3.815
44.2,3.815
44.2,3.815
44.2,3.815
44.2,3.815
44.2,3.815
44.2,3.815
44.2,3.815
44.2,3.815
44.2,3.815
44.2,3.815
44.2,3.815
44.2,3.815
44.2,3.815
44.2,3.815
44.2,3.815
44.2,3.815
44.2,3.815
44.2,3.815
44.2,3.815
44.2,3.815
44.2,3.815
44.2,3.815
44.2,3.815
44.2,3.815
44.2,3.815
44.2,3.815
44.2,3.815
44.2,3.815
44.2,3.815
44.2,3.815
44.2,3.815
44.2,3.815
44.2,3.815
44.2,3.815
44.2,3.815
44.3,3.815
44.3,3.815
44.3,3.815
44.3,3.815
44.3,3.815
44.3,3.815
44.3,3.815
44.2,3.815
44.2,3.815
44.2,3.815
44.2,3.815
44.2,3.815
44.2,3.820
44.2,3.820
44.2,3.820
44.2,3.820
44.2,3.820
44.2,3.820
44.2,3.820
44.2,3.820
44.2,3.820
44.2,3.820
44.2,3.820
44.2,3.820
44.2,3.820
44.2,3.820
44.2,3.820
44.2,3.820
44.2,3.820
44.2,3.820
44.2,3.820
44.2,3.820
44.2,3.820
44.2,3.820
44.1,3.820
44.1,3.820
44.1,3.820
44.2,3.820
44.2,3.820
44.2,3.820
44.2,3.820
44.2,3.820
44.2,3.820
44.2,3.820
44.2,3.820
44.2,3.820
44.2,3.820
44.2,3.820
44.2,3.820
44.2,3.820
44.2,3.820
44.2,3.820
44.2,3.820
44.2,3.820
44.2,3.820
44.2,3.820
44.2,3.820
44.2,3.820
44.2,3.820
44.2,3.820
44.2,3.820
44.2,3.820
44.2,3.825
44.2,3.825
44.2,3.825
44.2,3.825
44.2,3.825
44.2,3.825
44.2,3.825
44.2,3.825
44.2,3.825
44.2,3.825
44.2,3.825
44.2,3.825
44.2,3.825
44.2,3.825
44.2,3.825
44.2,3.825
44.3,3.825
44.4,3.825
44.4,3.825
44.5,3.825
44.5,3.825
44.5,3.825
44.6,3.825
44.6,3.825
44.6,3.825
44.6,3.825
44.7,3.825
44.8,3.825
44.8,3.825
44.8,3.825
44.9,3.825
45.0,3.825
45.1,3.825
45.2,3.825
45.3,3.825
45.4,3.825
45.5,3.825
45.6,3.825
45.6,3.825
45.7,3.825
45.8,3.825
45.9,3.825
46.0,3.825
46.1,3.825
46.2,3.825
46.3,3.830
46.4,3.830
46.5,3.830
46.6,3.830
46.7,3.830
46.8,3.830
46.9,3.830
47.0,3.830
47.2,3.830
47.3,3.830
47.4,3.830
47.5,3.830
47.6,3.830
47.7,3.830
47.8,3.830
47.9,3.830
48.0,3.830
48.1,3.830
48.2,3.830
48.3,3.830
48.4,3.830
48.5,3.830
48.6,3.830
48.7,3.830
48.8,3.830
49.0,3.830
49.0,3.830
49.2,3.830
49.3,3.830
49.4,3.830
49.5,3.830
49.6,3.830
49.7,3.830
49.8,3.830
49.9,3.830
50.0,3.830
50.1,3.830
50.2,3.830
50.4,3.830
50.5,3.830
50.6,3.830
50.7,3.830
50.8,3.830
50.9,3.830
51.0,3.830
51.2,3.830
51.3,3.830
51.4,3.830
51.5,3.835
51.6,3.835
51.7,3.835
51.8,3.835
51.9,3.835
52.0,3.835
52.1,3.835
52.2,3.835
52.3,3.835
52.4,3.835
52.6,3.835
52.7,3.835
52.8,3.835
52.9,3.835
53.0,3.835
53.1,3.835
53.2,3.835
53.3,3.835
53.4,3.835
53.5,3.835
53.7,3.835
53.8,3.835
53.9,3.835
54.0,3.835
54.1,3.835
54.2,3.835
54.3,3.835
54.4,3.835
54.5,3.835
54.7,3.835
54.8,3.835
54.9,3.835
55.0,3.835
55.1,3.835
55.2,3.835
55.3,3.835
55.4,3.835
55.5,3.835
55.6,3.835
55.7,3.835
55.8,3.835
55.9,3.835
56.1,3.835
56.2,3.835
56.3,3.835
56.4,3.835
56.6,3.835
56.7,3.835
56.8,3.840
56.9,3.840
57.0,3.840
57.1,3.840
57.2,3.840
57.3,3.840
57.4,3.840
57.5,3.840
57.7,3.840
57.8,3.840
57.9,3.840
58.0,3.840
58.1,3.840
58.2,3.840
58.3,3.840
58.5,3.840
58.6,3.840
58.7,3.840
58.8,3.840
58.9,3.840
59.0,3.840
59.2,3.840
59.3,3.840
59.4,3.840
59.5,3.840
59.6,3.840
59.7,3.840
59.8,3.840
60.0,3.840
60.1,3.840
60.2,3.840
60.3,3.840
60.4,3.840
60.5,3.840
60.7,3.840
60.8,3.840
60.9,3.840
61.0,3.840
61.1,3.840
61.2,3.840
61.3,3.840
61.4,3.840
61.5,3.840
61.6,3.840
61.8,3.840
61.9,3.840
62.0,3.840
62.1,3.840
62.3,3.845
62.4,3.845
62.5,3.845
62.6,3.845
62.7,3.845
62.8,3.845
62.9,3.845
63.0,3.845
63.1,3.845
63.3,3.845
63.4,3.845
63.5,3.845
63.6,3.845
63.7,3.845
63.8,3.845
64.0,3.845
64.1,3.845
64.2,3.845
64.3,3.845
64.4,3.845
64.5,3.845
64.7,3.845
64.8,3.845
64.9,3.845
65.0,3.845
65.1,3.845
65.2,3.845
65.3,3.845
65.5,3.845
65.6,3.845
65.7,3.845
65.9,3.845
66.0,3.845
66.1,3.845
66.2,3.845
66.3,3.845
66.4,3.845
66.5,3.845
66.6,3.845
66.8,3.845
66.9,3.845
67.0,3.845
67.1,3.845
67.2,3.845
67.3,3.845
67.4,3.850
67.5,3.850
67.6,3.850
67.7,3.850
67.8,3.850
68.0,3.850
68.1,3.850
68.2,3.850
68.3,3.850
68.4,3.850
68.5,3.850
68.6,3.850
68.8,3.850
68.9,3.850
69.0,3.850
69.1,3.850
69.2,3.850
69.3,3.850
69.4,3.850
69.5,3.850
69.6,3.850
69.7,3.850
69.8,3.850
69.9,3.850
70.1,3.850
70.2,3.850
70.3,3.850
70.4,3.850
70.5,3.850
70.6,3.850
70.7,3.850
70.8,3.850
71.0,3.850
71.1,3.850
71.2,3.850
71.3,3.850
71.4,3.850
71.5,3.850
71.6,3.850
71.7,3.850
71.8,3.850
71.9,3.850
72.0,3.850
72.1,3.850
72.2,3.850
72.3,3.850
72.4,3.855
72.5,3.855
72.6,3.855
72.8,3.855
72.8,3.855
73.0,3.855
73.1,3.855
73.2,3.855
73.3,3.855
73.4,3.855
73.5,3.855
73.6,3.855
73.7,3.855
73.8,3.855
73.9,3.855
74.0,3.855
74.1,3.855
74.2,3.855
74.3,3.855
74.4,3.855
74.5,3.855
74.6,3.855
74.8,3.855
74.9,3.855
75.0,3.855
75.1,3.855
75.2,3.855
75.3,3.855
75.4,3.855
75.5,3.855
75.6,3.855
75.7,3.855
75.8,3.855
75.9,3.855
76.0,3.855
76.1,3.855
76.2,3.855
76.3,3.855
76.4,3.855
76.6,3.855
76.7,3.855
76.8,3.855
76.9,3.855
77.0,3.855
77.1,3.855
77.2,3.855
77.3,3.855
77.4,3.855
77.5,3.855
77.6,3.855
77.7,3.855
77.8,3.860
77.9,3.860
78.0,3.860
78.1,3.860
78.2,3.860
78.3,3.860
78.4,3.860
78.5,3.860
78.6,3.860
78.7,3.860
78.8,3.860
78.9,3.860
79.1,3.860
79.2,3.860
79.3,3.860
79.4,3.860
79.5,3.860
79.6,3.860
79.7,3.860
79.8,3.860
79.9,3.860
80.0,3.860
80.1,3.860
80.2,3.860
80.3,3.860
80.4,3.860
80.6,3.860
80.7,3.860
80.8,3.860
80.9,3.860
81.0,3.860
81.1,3.860
81.2,3.860
81.3,3.860
81.4,3.860
81.5,3.860
81.6,3.860
81.7,3.860
81.8,3.860
81.9,3.860
82.1,3.860
82.2,3.860
82.3,3.860
82.4,3.860
82.5,3.860
82.6,3.860
82.7,3.860
82.8,3.860
82.9,3.860
83.0,3.860
83.1,3.865
83.2,3.865
83.3,3.865
83.4,3.865
83.5,3.865
83.6,3.865
83.7,3.865
83.8,3.865
83.9,3.865
84.1,3.865
84.1,3.865
84.2,3.865
84.3,3.865
84.4,3.865
84.5,3.865
84.6,3.865
84.7,3.865
84.9,3.865
85.0,3.865
85.1,3.865
85.2,3.865
85.3,3.865
85.4,3.865
85.5,3.865
85.6,3.865
85.7,3.865
85.8,3.865
85.9,3.865
86.0,3.865
86.1,3.865
86.2,3.865
86.3,3.865
86.4,3.865
86.5,3.865
86.6,3.865
86.7,3.865
86.8,3.865
86.9,3.865
87.0,3.865
87.1,3.865
87.2,3.865
87.3,3.865
87.4,3.865
87.5,3.865
87.6,3.865
87.7,3.865
87.8,3.865
88.0,3.865
88.1,3.865
88.2,3.870
88.3,3.870
88.4,3.870
88.5,3.870
88.6,3.870
88.8,3.870
88.9,3.870
89.0,3.870
89.1,3.870
89.2,3.870
89.3,3.870
89.4,3.870
89.5,3.870
89.6,3.870
89.7,3.870
89.8,3.870
89.9,3.870
90.0,3.870
90.2,3.870
90.3,3.870
90.4,3.870
90.5,3.870
90.6,3.870
90.7,3.870
90.8,3.870
90.9,3.870
91.0,3.870
91.1,3.870
91.2,3.870
91.3,3.870
91.5,3.870
91.6,3.870
91.7,3.870
91.8,3.870
91.9,3.870
92.0,3.870
92.1,3.870
92.3,3.870
92.4,3.870
92.5,3.870
92.6,3.870
92.7,3.870
92.8,3.870
92.9,3.875
93.0,3.875
93.1,3.875
93.2,3.875
93.3,3.875
93.4,3.875
93.6,3.875
93.7,3.875
93.8,3.875
93.9,3.875
94.0,3.875
94.1,3.875
94.2,3.875
94.3,3.875
94.5,3.875
94.6,3.875
94.7,3.875
94.8,3.875
94.9,3.875
95.0,3.875
95.1,3.875
95.2,3.875
95.3,3.875
95.5,3.875
95.6,3.875
95.7,3.875
95.8,3.875
95.9,3.875
96.0,3.875
96.1,3.875
96.2,3.875
96.4,3.875
96.5,3.875
96.6,3.875
96.7,3.875
96.8,3.875
96.9,3.875
97.0,3.875
97.1,3.875
97.2,3.875
97.3,3.875
97.4,3.875
97.5,3.875
97.6,3.875
97.7,3.875
97.8,3.875
97.9,3.875
98.1,3.875
98.2,3.880
98.3,3.880
98.4,3.880
98.5,3.880
98.6,3.880
98.7,3.880
98.8,3.880
99.0,3.880
99.0,3.880
99.1,3.880
99.2,3.880
99.4,3.880
99.5,3.880
99.6,3.880
99.7,3.880
99.8,3.880
99.9,3.880
100.0,3.880
100.1,3.880
100.2,3.880
100.3,3.880
100.4,3.880
100.6,3.880
100.6,3.880
100.7,3.880
100.8,3.880
100.9,3.880
101.0,3.880
101.1,3.880
101.2,3.880
101.4,3.880
101.5,3.880
101.6,3.880
101.7,3.880
101.8,3.880
101.9,3.880
102.0,3.880
102.1,3.880
102.2,3.880
102.3,3.880
102.4,3.880
102.5,3.880
102.6,3.880
102.7,3.880
102.8,3.880
102.9,3.880
103.0,3.880
103.1,3.880
103.2,3.880
103.3,3.880
103.4,3.885
103.5,3.885
103.6,3.885
103.7,3.885
103.8,3.885
103.9,3.885
104.0,3.885
104.1,3.885
104.2,3.885
104.2,3.885
104.4,3.885
104.5,3.885
104.6,3.885
104.7,3.885
104.7,3.885
104.8,3.885
104.9,3.885
105.0,3.885
105.1,3.885
105.2,3.885
105.3,3.885
105.4,3.885
105.5,3.885
105.6,3.885
105.7,3.885
105.8,3.885
105.9,3.885
105.9,3.885
106.0,3.885
106.1,3.885
106.2,3.885
106.3,3.885
106.4,3.885
106.5,3.885
106.6,3.885
106.7,3.885
106.8,3.885
106.9,3.885
106.9,3.885
107.0,3.885
107.1,3.885
107.2,3.885
107.4,3.885
107.5,3.885
107.6,3.885
107.7,3.885
107.8,3.885
107.9,3.885
107.9,3.885
108.0,3.885
108.1,3.885
108.2,3.885
108.3,3.885
108.4,3.890
108.4,3.890
108.6,3.890
108.7,3.890
108.7,3.890
108.8,3.890
108.9,3.890
109.0,3.890
109.1,3.890
109.1,3.890
109.2,3.890
109.3,3.890
109.4,3.890
109.5,3.890
109.5,3.890
109.6,3.890
109.7,3.890
109.8,3.890
109.9,3.890
110.0,3.890
110.1,3.890
110.2,3.890
110.3,3.890
110.4,3.890
110.4,3.890
110.5,3.890
110.5,3.890
110.6,3.890
110.7,3.890
110.8,3.890
110.9,3.890
111.0,3.890
111.0,3.890
111.1,3.890
111.2,3.890
111.3,3.890
111.4,3.890
111.5,3.890
111.6,3.890
111.6,3.890
111.7,3.890
111.8,3.890
111.9,3.890
112.0,3.890
112.0,3.890
112.1,3.890
112.2,3.890
112.3,3.890
112.4,3.890
112.4,3.890
112.5,3.890
112.5,3.890
112.6,3.890
112.7,3.890
112.7,3.890
112.8,3.890
112.9,3.890
113.0,3.890
113.1,3.890
113.1,3.890
113.2,3.890
113.3,3.890
113.3,3.890
113.4,3.890
113.5,3.895
113.6,3.895
113.7,3.895
113.7,3.895
113.8,3.895
113.9,3.895
113.9,3.895
114.0,3.895
114.1,3.895
114.1,3.895
114.2,3.895
114.3,3.895
114.4,3.895
114.4,3.895
114.5,3.895
114.5,3.895
114.6,3.895
114.7,3.895
114.7,3.895
114.8,3.895
114.8,3.895
114.9,3.895
115.0,3.895
115.1,3.895
115.1,3.895
115.2,3.895
115.2,3.895
115.3,3.895
115.3,3.895
115.4,3.895
115.4,3.895
115.5,3.895
115.6,3.895
115.6,3.895
115.7,3.895
115.8,3.895
115.8,3.895
115.9,3.895
116.0,3.895
116.0,3.895
116.1,3.895
116.1,3.895
116.2,3.895
116.3,3.895
116.3,3.895
116.4,3.895
116.4,3.895
116.5,3.895
116.5,3.895
116.6,3.895
116.7,3.895
116.7,3.895
116.8,3.895
116.9,3.895
116.9,3.895
117.0,3.895
117.0,3.895
117.1,3.895
117.1,3.895
117.1,3.895
117.2,3.895
117.3,3.895
117.3,3.895
117.4,3.895
117.4,3.895
117.5,3.895
117.5,3.895
117.6,3.895
117.6,3.895
117.7,3.895
117.7,3.895
117.7,3.895
117.8,3.895
117.8,3.895
117.9,3.895
118.0,3.895
118.0,3.895
118.1,3.895
118.1,3.895
118.2,3.895
118.2,3.895
118.3,3.895
118.3,3.895
118.3,3.895
118.4,3.895
118.5,3.895
118.5,3.895
118.5,3.895
118.6,3.895
118.6,3.895
118.7,3.895
118.7,3.895
118.8,3.895
118.8,3.900
118.9,3.900
118.9,3.900
119.0,3.900
119.0,3.900
119.1,3.900
119.1,3.900
119.1,3.900
119.2,3.900
119.3,3.900
119.3,3.900
119.3,3.900
119.4,3.900
119.4,3.900
119.5,3.900
119.5,3.900
119.5,3.900
119.6,3.900
119.6,3.900
119.7,3.900
119.7,3.900
119.7,3.900
119.8,3.900
119.9,3.900
119.9,3.900
120.0,3.900
120.0,3.900
120.1,3.900
120.1,3.900
120.1,3.900
120.2,3.900
120.2,3.900
120.3,3.900
120.3,3.900
120.4,3.900
120.4,3.900
120.4,3.900
120.5,3.900
120.5,3.900
120.5,3.900
120.5,3.900
120.6,3.900
120.6,3.900
120.7,3.900
120.7,3.900
120.8,3.900
120.8,3.900
120.8,3.900
120.9,3.900
121.0,3.900
121.0,3.900
121.0,3.900
121.0,3.900
121.1,3.900
121.2,3.900
121.2,3.900
121.2,3.900
121.3,3.900
121.3,3.900
121.4,3.900
121.4,3.900
121.4,3.900
121.5,3.900
121.5,3.900
121.5,3.900
121.6,3.900
121.6,3.900
121.7,3.900
121.7,3.900
121.8,3.900
121.8,3.900
121.9,3.900
121.9,3.900
121.9,3.900
122.0,3.900
122.0,3.900
122.1,3.900
122.1,3.900
122.1,3.900
122.2,3.900
122.2,3.900
122.3,3.900
122.3,3.900
122.3,3.900
122.4,3.900
122.4,3.900
122.4,3.900
122.5,3.900
122.5,3.900
122.6,3.900
122.6,3.900
122.7,3.900
122.7,3.900
122.7,3.900
122.8,3.900
122.8,3.900
122.8,3.900
122.9,3.900
122.9,3.900
123.0,3.900
123.0,3.900
123.0,3.900
123.1,3.900
123.1,3.900
123.2,3.900
123.2,3.900
123.3,3.900
123.3,3.900
123.3,3.900
123.3,3.900
123.4,3.900
123.4,3.900
123.4,3.900
123.5,3.900
123.5,3.900
123.5,3.900
123.6,3.900
123.6,3.900
123.7,3.900
123.7,3.900
123.8,3.900
123.9,3.900
123.9,3.900
124.0,3.900
124.0,3.900
124.1,3.900
124.1,3.900
124.1,3.900
124.2,3.905
124.2,3.905
124.3,3.905
124.3,3.905
124.3,3.905
124.4,3.905
124.4,3.905
124.5,3.905
124.5,3.905
124.5,3.905
124.6,3.905
124.6,3.905
124.6,3.905
124.7,3.905
124.8,3.905
124.8,3.905
124.8,3.905
124.9,3.905
124.9,3.905
125.0,3.905
125.0,3.905
125.0,3.905
125.1,3.905
125.1,3.905
125.2,3.905
125.2,3.905
125.3,3.905
125.3,3.905
125.4,3.905
125.4,3.905
125.4,3.905
125.5,3.905
125.5,3.905
125.6,3.905
125.6,3.905
125.7,3.905
125.7,3.905
125.7,3.905
125.7,3.905
125.8,3.905
125.8,3.905
125.9,3.905
125.9,3.905
126.0,3.905
126.0,3.905
126.1,3.905
126.1,3.905
126.2,3.905
126.2,3.905
126.3,3.905
126.3,3.905
126.3,3.905
126.4,3.905
126.4,3.905
126.4,3.905
126.5,3.905
126.5,3.905
126.5,3.905
126.6,3.905
126.6,3.905
126.6,3.905
126.7,3.905
126.7,3.905
126.8,3.905
126.9,3.905
126.9,3.905
126.9,3.905
127.0,3.905
127.0,3.905
127.1,3.905
127.1,3.905
127.1,3.905
127.2,3.905
127.2,3.905
127.3,3.905
127.3,3.905
127.3,3.905
127.4,3.905
127.4,3.905
127.5,3.905
127.5,3.905
127.6,3.905
127.6,3.905
127.6,3.905
127.6,3.905
127.7,3.905
127.7,3.905
127.8,3.905
127.8,3.905
127.9,3.905
127.9,3.905
128.0,3.905
128.0,3.905
128.0,3.905
128.1,3.905
128.2,3.905
128.2,3.905
128.2,3.905
128.2,3.905
128.3,3.905
128.4,3.905
128.4,3.905
128.4,3.905
128.5,3.905
128.5,3.905
128.5,3.905
128.6,3.905
128.6,3.905
128.6,3.905
128.6,3.905
128.7,3.905
128.8,3.905
128.8,3.905
128.8,3.905
128.9,3.905
128.9,3.905
129.0,3.905
129.0,3.905
129.1,3.905
129.1,3.905
129.1,3.905
129.2,3.910
129.2,3.910
129.2,3.910
129.3,3.910
129.3,3.910
129.4,3.910
129.5,3.910
129.5,3.910
129.5,3.910
129.6,3.910
129.6,3.910
129.6,3.910
129.7,3.910
129.7,3.910
129.7,3.910
129.8,3.910
129.8,3.910
129.9,3.910
129.9,3.910
129.9,3.910
130.0,3.910
130.1,3.910
130.1,3.910
130.1,3.910
130.1,3.910
130.2,3.910
130.3,3.910
130.3,3.910
130.3,3.910
130.3,3.910
130.3,3.910
130.4,3.910
130.4,3.910
130.5,3.910
130.5,3.910
130.5,3.910
130.6,3.910
130.7,3.910
130.7,3.910
130.7,3.910
130.8,3.910
130.8,3.910
130.9,3.910
130.9,3.910
130.9,3.910
130.9,3.910
131.0,3.910
131.0,3.910
131.1,3.910
131.1,3.910
131.2,3.910
131.2,3.910
131.2,3.910
131.3,3.910
131.3,3.910
131.3,3.910
131.4,3.910
131.4,3.910
131.5,3.910
131.5,3.910
131.5,3.910
131.6,3.910
131.6,3.910
131.6,3.910
131.7,3.910
131.7,3.910
131.8,3.910
131.8,3.910
131.8,3.910
131.9,3.910
131.9,3.910
132.0,3.910
132.0,3.910
132.0,3.910
132.0,3.910
132.1,3.910
132.1,3.910
132.1,3.910
132.2,3.910
132.2,3.910
132.3,3.910
132.3,3.910
132.4,3.910
132.4,3.910
132.4,3.910
132.4,3.910
132.4,3.910
132.5,3.910
132.5,3.910
132.5,3.910
132.6,3.910
132.6,3.910
132.7,3.910
132.7,3.910
132.8,3.910
132.8,3.910
132.8,3.910
132.8,3.910
132.8,3.910
132.9,3.910
132.9,3.910
133.0,3.910
133.0,3.910
133.0,3.910
133.0,3.910
133.1,3.910
133.1,3.910
133.1,3.910
133.1,3.910
133.2,3.910
133.2,3.910
133.3,3.910
133.3,3.910
133.3,3.910
133.3,3.910
133.4,3.910
133.4,3.910
133.5,3.910
133.5,3.910
133.5,3.910
133.5,3.910
133.6,3.910
133.6,3.910
133.6,3.910
133.7,3.910
133.7,3.910
133.8,3.910
133.8,3.910
133.8,3.910
133.8,3.910
133.9,3.910
133.9,3.910
134.0,3.910
134.0,3.910
134.0,3.910
134.1,3.910
134.1,3.910
134.1,3.910
134.2,3.910
134.2,3.910
134.2,3.910
134.2,3.910
134.3,3.910
134.3,3.910
134.4,3.910
134.4,3.910
134.4,3.910
134.4,3.910
134.5,3.910
134.5,3.910
134.6,3.910
134.6,3.910
134.7,3.915
134.7,3.915
134.8,3.915
134.8,3.915
134.8,3.915
134.8,3.915
134.9,3.915
134.9,3.915
134.9,3.915
135.0,3.915
135.0,3.915
135.0,3.915
135.1,3.915
135.1,3.915
135.1,3.915
135.2,3.915
135.2,3.915
135.2,3.915
135.2,3.915
135.3,3.915
135.3,3.915
135.3,3.915
135.3,3.915
135.4,3.915
135.4,3.915
135.4,3.915
135.4,3.915
135.5,3.915
135.6,3.915
135.6,3.915
135.6,3.915
135.7,3.915
135.7,3.915
135.7,3.915
135.7,3.915
135.8,3.915
135.8,3.915
135.9,3.915
135.9,3.915
135.9,3.915
136.0,3.915
136.0,3.915
136.0,3.915
136.1,3.915
136.1,3.915
136.2,3.915
136.2,3.915
136.2,3.915
136.3,3.915
136.3,3.915
136.3,3.915
136.4,3.915
136.4,3.915
136.4,3.915
136.4,3.915
136.5,3.915
136.5,3.915
136.6,3.915
136.6,3.915
136.6,3.915
136.6,3.915
136.7,3.915
136.7,3.915
136.8,3.915
136.8,3.915
136.9,3.915
136.9,3.915
137.0,3.915
137.0,3.915
137.0,3.915
137.0,3.915
137.0,3.915
137.1,3.915
137.1,3.915
137.1,3.915
137.1,3.915
137.2,3.915
137.2,3.915
137.2,3.915
137.3,3.915
137.3,3.915
137.3,3.915
137.3,3.915
137.4,3.915
137.4,3.915
137.5,3.915
137.5,3.915
137.5,3.915
137.6,3.915
137.6,3.915
137.6,3.915
137.6,3.915
137.7,3.915
137.7,3.915
137.7,3.915
137.8,3.915
137.8,3.915
137.9,3.915
137.9,3.915
137.9,3.915
137.9,3.915
138.0,3.915
138.0,3.915
138.1,3.915
138.1,3.915
138.1,3.915
138.1,3.915
138.2,3.915
138.2,3.915
138.3,3.915
138.3,3.915
138.3,3.915
138.4,3.915
138.4,3.915
138.4,3.915
138.4,3.915
138.4,3.915
138.5,3.915
138.5,3.915
138.6,3.915
138.6,3.915
138.6,3.915
138.6,3.915
138.7,3.915
138.7,3.915
138.7,3.915
138.8,3.915
138.8,3.915
138.8,3.915
138.8,3.915
138.9,3.915
138.9,3.915
139.0,3.915
139.0,3.915
139.0,3.915
139.0,3.915
139.1,3.915
139.1,3.915
139.1,3.915
139.1,3.915
139.2,3.915
139.2,3.915
139.2,3.915
139.2,3.915
139.3,3.915
139.3,3.915
139.3,3.915
139.3,3.915
139.4,3.915
139.4,3.915
139.4,3.915
139.4,3.915
139.5,3.915
139.5,3.915
139.5,3.915
139.5,3.915
139.5,3.915
139.5,3.915
139.5,3.915
139.6,3.915
139.6,3.915
139.7,3.915
139.7,3.915
139.8,3.915
139.8,3.915
139.8,3.915
139.9,3.915
139.9,3.915
140.0,3.915
140.0,3.915
140.0,3.915
140.0,3.915
140.0,3.915
140.0,3.920
140.1,3.920
140.1,3.920
140.2,3.920
140.2,3.920
140.2,3.920
140.2,3.920
140.2,3.920
140.2,3.920
140.2,3.920
140.2,3.920
140.2,3.920
140.4,3.920
140.4,3.920
140.4,3.920
140.4,3.920
140.4,3.920
140.5,3.920
140.5,3.920
140.5,3.920
140.6,3.920
140.6,3.920
140.6,3.920
140.7,3.920
140.7,3.920
140.7,3.920
140.7,3.920
140.7,3.920
140.7,3.920
140.7,3.920
140.7,3.920
140.7,3.920
140.8,3.920
140.8,3.920
140.9,3.920
140.8,3.920
140.9,3.920
141.0,3.920
141.0,3.920
141.0,3.920
141.1,3.920
141.1,3.920
141.1,3.920
141.1,3.920
141.1,3.920
141.1,3.920
141.2,3.920
141.2,3.920
141.2,3.920
141.3,3.920
141.3,3.920
141.3,3.920
141.3,3.920
141.4,3.920
141.4,3.920
141.5,3.920
141.5,3.920
141.5,3.920
141.5,3.920
141.5,3.920
141.5,3.920
141.5,3.920
141.6,3.920
141.6,3.920
141.6,3.920
141.6,3.920
141.7,3.920
141.7,3.920
141.7,3.920
141.7,3.920
141.8,3.920
141.8,3.920
141.9,3.920
141.9,3.920
141.9,3.920
141.9,3.920
141.9,3.920
141.9,3.920
141.9,3.920
141.9,3.920
142.0,3.920
142.0,3.920
142.1,3.920
142.1,3.920
142.2,3.920
142.2,3.920
142.2,3.920
142.2,3.920
142.2,3.920
142.3,3.920
142.3,3.920
142.3,3.920
142.4,3.920
142.4,3.920
142.4,3.920
142.4,3.920
142.5,3.920
142.5,3.920
142.5,3.920
142.5,3.920
142.5,3.920
142.6,3.920
142.6,3.920
142.6,3.920
142.6,3.920
142.6,3.920
142.6,3.920
142.6,3.920
142.7,3.920
142.8,3.920
142.8,3.920
142.8,3.920
142.9,3.920
142.9,3.920
142.9,3.920
142.9,3.920
142.9,3.920
143.0,3.920
143.0,3.920
143.0,3.920
143.0,3.920
143.0,3.920
143.1,3.920
143.1,3.920
143.2,3.920
143.2,3.920
143.2,3.920
143.2,3.920
143.2,3.920
143.2,3.920
143.2,3.920
143.3,3.920
143.3,3.920
143.4,3.920
143.4,3.920
143.5,3.920
143.5,3.920
143.5,3.920
143.5,3.920
143.5,3.920
143.5,3.920
143.5,3.920
143.5,3.920
143.5,3.920
143.6,3.920
143.6,3.920
143.7,3.920
143.7,3.920
143.7,3.920
143.7,3.920
143.8,3.920
143.7,3.920
143.8,3.920
143.8,3.920
143.9,3.920
143.9,3.920
143.9,3.920
143.9,3.920
143.9,3.920
144.0,3.920
144.0,3.920
144.0,3.920
144.0,3.920
144.1,3.920
144.1,3.920
144.2,3.920
144.2,3.920
144.2,3.920
144.2,3.920
144.2,3.920
144.2,3.920
144.2,3.920
144.3,3.920
144.3,3.920
144.3,3.920
144.4,3.920
144.4,3.920
144.4,3.920
144.4,3.920
144.4,3.920
144.5,3.920
144.5,3.920
144.5,3.920
144.6,3.920
144.6,3.920
144.6,3.920
144.6,3.920
144.7,3.920
144.7,3.920
144.7,3.920
144.7,3.920
144.8,3.920
144.8,3.920
144.8,3.920
144.8,3.920
144.8,3.920
144.9,3.920
144.9,3.920
144.9,3.920
144.9,3.920
145.0,3.920
145.0,3.920
145.0,3.920
145.1,3.920
145.1,3.920
145.1,3.920
145.1,3.920
145.2,3.920
145.2,3.920
145.2,3.920
145.2,3.920
145.2,3.920
145.2,3.920
145.2,3.920
145.2,3.920
145.2,3.920
145.3,3.920
145.4,3.920
145.4,3.920
145.4,3.920
145.4,3.920
145.4,3.920
145.5,3.920
145.5,3.920
145.5,3.925
145.5,3.925
145.6,3.925
145.6,3.925
145.6,3.925
145.6,3.925
145.6,3.925
145.7,3.925
145.6,3.925
145.7,3.925
145.8,3.925
145.8,3.925
145.8,3.925
145.8,3.925
145.9,3.925
145.9,3.925
145.9,3.925
145.9,3.925
146.0,3.925
145.9,3.925
145.9,3.925
145.9,3.925
145.9,3.925
146.0,3.925
146.0,3.925
146.1,3.925
146.1,3.925
146.2,3.925
146.2,3.925
146.2,3.925
146.2,3.925
146.2,3.925
146.3,3.925
146.3,3.925
146.4,3.925
146.4,3.925
146.4,3.925
146.4,3.925
146.4,3.925
146.4,3.925
146.4,3.925
146.4,3.925
146.4,3.925
146.5,3.925
146.6,3.925
146.6,3.925
146.6,3.925
146.6,3.925
146.7,3.925
146.7,3.925
146.7,3.925
146.7,3.925
146.8,3.925
146.8,3.925
146.8,3.925
146.8,3.925
146.8,3.925
146.9,3.925
146.9,3.925
147.0,3.925
147.0,3.925
147.0,3.925
147.0,3.925
147.0,3.925
147.0,3.925
147.0,3.925
147.0,3.925
147.0,3.925
147.1,3.925
147.1,3.925
147.2,3.925
147.2,3.925
147.2,3.925
147.2,3.925
147.3,3.925
147.3,3.925
147.3,3.925
147.3,3.925
147.3,3.925
147.4,3.925
147.4,3.925
147.4,3.925
147.4,3.925
147.5,3.925
147.4,3.925
147.4,3.925
147.5,3.925
147.5,3.925
147.5,3.925
147.6,3.925
147.6,3.925
147.6,3.925
147.6,3.925
147.6,3.925
147.7,3.925
147.7,3.925
147.7,3.925
147.7,3.925
147.8,3.925
147.8,3.925
147.9,3.925
147.9,3.925
147.9,3.925
147.9,3.925
147.9,3.925
147.9,3.925
148.0,3.925
147.9,3.925
148.0,3.925
148.0,3.925
148.0,3.925
148.1,3.925
148.1,3.925
148.1,3.925
148.1,3.925
148.1,3.925
148.1,3.925
148.1,3.925
148.1,3.925
148.1,3.925
148.1,3.925
148.2,3.925
148.2,3.925
148.3,3.925
148.3,3.925
148.4,3.925
148.4,3.925
148.4,3.925
148.4,3.925
148.4,3.925
148.4,3.925
148.4,3.925
148.4,3.925
148.5,3.925
148.4,3.925
148.4,3.925
148.4,3.925
148.4,3.925
148.5,3.925
148.5,3.925
148.5,3.925
148.5,3.925
148.6,3.925
148.6,3.925
148.7,3.925
148.7,3.925
148.7,3.925
148.8,3.925
148.8,3.925
148.8,3.925
148.8,3.925
148.8,3.925
148.9,3.925
148.9,3.925
148.9,3.925
148.9,3.925
148.9,3.925
148.9,3.925
149.0,3.925
149.0,3.925
149.0,3.925
149.0,3.925
149.0,3.925
149.0,3.925
149.0,3.925
149.0,3.925
149.0,3.925
149.1,3.925
149.1,3.925
149.1,3.925
149.2,3.925
149.2,3.925
149.2,3.925
149.2,3.925
149.2,3.925
149.2,3.925
149.2,3.925
149.2,3.925
149.2,3.925
149.3,3.925
149.3,3.925
149.3,3.925
149.3,3.925
149.3,3.925
149.3,3.925
149.4,3.925
149.4,3.925
149.4,3.925
149.4,3.925
149.4,3.925
149.4,3.925
149.4,3.925
149.4,3.925
149.5,3.925
149.5,3.925
149.5,3.925
149.6,3.925
149.5,3.925
149.5,3.925
149.5,3.925
149.5,3.925
149.6,3.925
149.6,3.925
149.6,3.925
149.6,3.925
149.6,3.925
149.6,3.925
149.6,3.925
149.6,3.925
149.6,3.925
149.7,3.925
149.7,3.925
149.7,3.925
149.8,3.925
149.8,3.925
149.8,3.925
149.9,3.925
149.9,3.925
149.9,3.925
149.9,3.925
149.9,3.925
149.9,3.925
149.9,3.925
149.9,3.925
149.9,3.925
149.9,3.925
149.9,3.925
150.0,3.925
150.0,3.925
150.0,3.925
150.0,3.925
150.0,3.925
150.0,3.925
150.0,3.925
150.0,3.925
150.0,3.925
150.0,3.925
150.1,3.925
150.1,3.925
150.1,3.925
150.1,3.925
150.1,3.925
150.1,3.925
150.2,3.925
150.2,3.925
150.3,3.925
150.3,3.925
150.3,3.925
150.3,3.925
150.3,3.925
150.3,3.925
150.3,3.925
150.3,3.925
150.3,3.925
150.4,3.925
150.4,3.925
150.4,3.925
150.4,3.925
150.4,3.925
150.4,3.925
150.4,3.925
150.4,3.925
150.4,3.925
150.4,3.925
150.5,3.925
150.5,3.925
150.5,3.925
150.5,3.925
150.5,3.925
150.5,3.925
150.5,3.925
150.5,3.925
150.6,3.925
150.6,3.925
150.6,3.925
150.7,3.925
150.7,3.925
150.7,3.925
150.7,3.925
150.7,3.930
150.7,3.930
150.7,3.930
150.7,3.930
150.7,3.930
150.8,3.930
150.8,3.930
150.8,3.930
150.8,3.930
150.8,3.930
150.8,3.930
150.8,3.930
150.8,3.930
150.9,3.930
150.9,3.930
150.9,3.930
150.9,3.930
150.9,3.930
150.9,3.930
150.9,3.930
151.0,3.930
151.0,3.930
151.0,3.930
151.0,3.930
151.0,3.930
151.0,3.930
151.0,3.930
151.0,3.930
151.0,3.930
151.0,3.930
151.1,3.930
151.1,3.930
151.1,3.930
151.1,3.930
151.1,3.930
151.2,3.930
151.2,3.930
151.2,3.930
151.2,3.930
151.2,3.930
151.2,3.930
151.3,3.930
151.3,3.930
151.3,3.930
151.3,3.930
151.3,3.930
151.3,3.930
151.3,3.930
151.3,3.930
151.3,3.930
151.4,3.930
151.4,3.930
151.4,3.930
151.4,3.930
151.4,3.930
151.4,3.930
151.4,3.930
151.4,3.930
151.4,3.930
151.4,3.930
151.5,3.930
151.5,3.930
151.5,3.930
151.5,3.930
151.6,3.930
151.6,3.930
151.7,3.930
151.7,3.930
151.7,3.930
151.7,3.930
151.7,3.930
151.7,3.930
151.7,3.930
151.7,3.930
151.7,3.930
151.7,3.930
151.7,3.930
151.8,3.930
151.8,3.930
151.8,3.930
151.8,3.930
151.8,3.930
151.8,3.930
151.8,3.930
151.8,3.930
151.8,3.930
151.9,3.930
151.9,3.930
151.9,3.930
151.9,3.930
151.9,3.930
151.9,3.930
152.0,3.930
152.0,3.930
152.0,3.930
152.0,3.930
152.0,3.930
152.0,3.930
152.0,3.930
152.1,3.930
152.1,3.930
152.2,3.930
152.2,3.930
152.2,3.930
152.2,3.930
152.3,3.930
152.3,3.930
152.2,3.930
152.2,3.930
152.3,3.930
152.3,3.930
152.3,3.930
152.3,3.930
152.3,3.930
152.3,3.930
152.4,3.930
152.4,3.930
152.4,3.930
152.4,3.930
152.4,3.930
152.4,3.930
152.4,3.930
152.4,3.930
152.4,3.930
152.4,3.930
152.4,3.930
152.5,3.930
152.6,3.930
152.6,3.930
152.6,3.930
152.6,3.930
152.6,3.930
152.6,3.930
152.6,3.930
152.6,3.930
152.6,3.930
152.6,3.930
152.6,3.930
152.7,3.930
152.6,3.930
152.7,3.930
152.7,3.930
152.7,3.930
152.8,3.930
152.8,3.930
152.8,3.930
152.8,3.930
152.8,3.930
152.8,3.930
152.8,3.930
152.8,3.930
152.8,3.930
152.9,3.930
152.9,3.930
152.9,3.930
152.9,3.930
153.0,3.930
153.0,3.930
153.0,3.930
153.0,3.930
153.0,3.930
153.0,3.930
153.0,3.930
153.0,3.930
153.0,3.930
153.0,3.930
153.1,3.930
153.1,3.930
153.1,3.930
153.1,3.930
153.2,3.930
153.2,3.930
153.2,3.930
153.2,3.930
153.2,3.930
153.2,3.930
153.2,3.930
153.2,3.930
153.2,3.930
153.2,3.930
153.2,3.930
153.2,3.930
153.2,3.930
153.3,3.930
153.3,3.930
153.4,3.930
153.4,3.930
153.4,3.930
153.4,3.930
153.4,3.930
153.4,3.930
153.4,3.930
153.4,3.930
153.4,3.930
153.5,3.930
153.6,3.930
153.6,3.930
153.6,3.930
153.6,3.930
153.6,3.930
153.6,3.930
153.6,3.930
153.6,3.930
153.6,3.930
153.6,3.930
153.7,3.930
153.7,3.930
153.7,3.930
153.7,3.930
153.7,3.930
153.7,3.930
153.7,3.930
153.8,3.930
153.8,3.930
153.8,3.930
153.8,3.930
153.8,3.930
153.8,3.930
153.8,3.930
153.8,3.930
153.9,3.930
153.9,3.930
153.9,3.930
153.9,3.930
153.9,3.930
153.9,3.930
153.9,3.930
153.9,3.930
154.0,3.930
154.0,3.930
154.0,3.930
154.0,3.930
154.0,3.930
154.0,3.930
154.0,3.930
154.0,3.930
154.2,3.930
154.2,3.930
154.2,3.930
154.2,3.930
154.2,3.930
154.2,3.930
154.2,3.930
154.2,3.930
154.2,3.930
154.2,3.930
154.3,3.930
154.3,3.930
154.3,3.930
154.3,3.930
154.3,3.930
154.3,3.930
154.3,3.930
154.4,3.930
154.4,3.930
154.4,3.930
154.4,3.930
154.4,3.930
154.4,3.930
154.4,3.930
154.4,3.930
154.4,3.930
154.4,3.930
154.5,3.930
154.5,3.930
154.5,3.930
154.5,3.930
154.5,3.930
154.5,3.930
154.5,3.930
154.6,3.930
154.6,3.930
154.6,3.930
154.6,3.930
154.6,3.930
154.6,3.930
154.6,3.930
154.6,3.930
154.7,3.930
154.7,3.930
154.7,3.930
154.7,3.930
154.7,3.930
154.7,3.930
154.7,3.930
154.7,3.930
154.7,3.930
154.8,3.930
154.8,3.930
154.8,3.930
154.8,3.930
154.8,3.930
154.8,3.930
154.8,3.930
154.8,3.930
154.8,3.930
154.8,3.930
154.8,3.930
154.9,3.930
154.9,3.930
154.9,3.930
154.9,3.930
154.9,3.930
154.9,3.930
154.9,3.930
155.0,3.930
155.0,3.930
155.0,3.930
155.0,3.930
155.0,3.930
155.0,3.930
155.0,3.930
155.2,3.930
155.2,3.930
155.2,3.930
155.2,3.930
155.2,3.930
155.2,3.930
155.2,3.930
155.2,3.930
155.2,3.930
155.2,3.930
155.2,3.930
155.3,3.930
155.3,3.930
155.3,3.930
155.3,3.930
155.3,3.930
155.3,3.930
155.3,3.930
155.3,3.930
155.4,3.930
155.4,3.930
155.4,3.930
155.4,3.930
155.4,3.930
155.4,3.930
155.5,3.930
155.5,3.930
155.5,3.930
155.5,3.930
155.6,3.930
155.6,3.930
155.6,3.930
155.6,3.930
155.6,3.930
155.6,3.930
155.6,3.930
155.6,3.930
155.6,3.930
155.6,3.930
155.6,3.930
155.6,3.930
155.8,3.930
155.8,3.935
155.8,3.935
155.8,3.935
155.8,3.935
155.8,3.935
155.8,3.935
155.8,3.935
155.8,3.935
155.8,3.935
155.9,3.935
155.8,3.935
155.9,3.935
155.9,3.935
155.9,3.935
155.9,3.935
155.9,3.935
155.9,3.935
155.9,3.935
155.9,3.935
156.0,3.935
156.0,3.935
156.0,3.935
156.0,3.935
156.0,3.935
156.0,3.935
156.0,3.935
156.0,3.935
156.1,3.935
156.1,3.935
156.1,3.935
156.2,3.935
156.2,3.935
156.2,3.935
156.2,3.935
156.2,3.935
156.2,3.935
156.3,3.935
156.2,3.935
156.2,3.935
156.3,3.935
156.3,3.935
156.3,3.935
156.3,3.935
156.3,3.935
156.3,3.935
156.3,3.935
156.3,3.935
156.4,3.935
156.4,3.935
156.4,3.935
156.4,3.935
156.4,3.935
156.4,3.935
156.4,3.935
156.5,3.935
156.5,3.935
156.5,3.935
156.5,3.935
156.6,3.935
156.6,3.935
156.6,3.935
156.6,3.935
156.6,3.935
156.6,3.935
156.6,3.935
156.7,3.935
156.7,3.935
156.7,3.935
156.7,3.935
156.7,3.935
156.7,3.935
156.7,3.935
156.7,3.935
156.7,3.935
156.8,3.935
156.8,3.935
156.8,3.935
156.8,3.935
156.8,3.935
156.8,3.935
156.8,3.935
156.8,3.935
156.8,3.935
156.8,3.935
156.8,3.935
156.9,3.935
156.9,3.935
156.9,3.935
156.9,3.935
156.9,3.935
157.0,3.935
157.0,3.935
157.0,3.935
157.0,3.935
157.0,3.935
157.0,3.935
157.0,3.935
157.1,3.935
157.1,3.935
157.1,3.935
157.1,3.935
157.1,3.935
157.1,3.935
157.1,3.935
157.1,3.935
157.1,3.935
157.1,3.935
157.2,3.935
157.2,3.935
157.2,3.935
157.2,3.935
157.2,3.935
157.2,3.935
157.2,3.935
157.2,3.935
157.2,3.935
157.2,3.935
157.2,3.935
157.3,3.935
157.3,3.935
157.3,3.935
157.3,3.935
157.3,3.935
157.3,3.935
157.3,3.935
157.4,3.935
157.4,3.935
157.4,3.935
157.4,3.935
157.5,3.935
157.5,3.935
157.5,3.935
157.5,3.935
157.5,3.935
157.5,3.935
157.5,3.935
157.5,3.935
157.5,3.935
157.5,3.935
157.5,3.935
157.5,3.935
157.6,3.935
157.6,3.935
157.6,3.935
157.6,3.935
157.6,3.935
157.6,3.935
157.7,3.935
157.7,3.935
157.7,3.935
157.7,3.935
157.7,3.935
157.7,3.935
157.8,3.935
157.8,3.935
157.8,3.935
157.9,3.935
157.9,3.935
157.9,3.935
158.0,3.935
157.9,3.935
157.9,3.935
157.9,3.935
157.9,3.935
157.9,3.935
157.9,3.935
158.0,3.935
158.0,3.935
158.0,3.935
158.1,3.935
158.0,3.935
158.1,3.935
158.1,3.935
158.2,3.935
158.2,3.935
158.2,3.935
158.2,3.935
158.2,3.935
158.2,3.935
158.2,3.935
158.2,3.935
158.2,3.935
158.2,3.935
158.3,3.935
158.3,3.935
158.3,3.935
158.3,3.935
158.3,3.935
158.3,3.935
158.3,3.935
158.3,3.935
158.4,3.935
158.4,3.935
158.4,3.935
158.4,3.935
158.4,3.935
158.4,3.935
158.4,3.935
158.5,3.935
158.5,3.935
158.5,3.935
158.5,3.935
158.5,3.935
158.5,3.935
158.5,3.935
158.6,3.935
158.7,3.935
158.7,3.935
158.7,3.935
158.7,3.935
158.8,3.935
158.8,3.935
158.8,3.935
158.8,3.935
158.8,3.935
158.8,3.935
158.8,3.935
158.8,3.935
158.8,3.935
158.9,3.935
158.9,3.935
158.9,3.935
158.9,3.935
158.9,3.935
158.9,3.935
159.0,3.935
159.0,3.935
159.0,3.935
159.0,3.935
159.0,3.935
159.0,3.935
159.1,3.935
159.1,3.935
159.1,3.935
159.1,3.935
159.1,3.935
159.2,3.935
159.2,3.935
159.2,3.935
159.2,3.935
159.2,3.935
159.2,3.935
159.2,3.935
159.2,3.935
159.3,3.935
159.4,3.935
159.3,3.935
159.3,3.935
159.3,3.935
159.4,3.935
159.4,3.935
159.4,3.935
159.4,3.935
159.4,3.935
159.5,3.935
159.5,3.935
159.6,3.935
159.6,3.935
159.6,3.935
159.6,3.935
159.6,3.935
159.7,3.935
159.7,3.935
159.7,3.935
159.7,3.935
159.7,3.935
159.7,3.935
159.7,3.935
159.8,3.935
159.8,3.935
159.8,3.935
159.8,3.935
159.8,3.935
159.9,3.935
159.9,3.935
159.9,3.935
159.9,3.935
160.0,3.935
160.0,3.935
160.1,3.935
160.1,3.935
160.1,3.935
160.1,3.935
160.1,3.935
160.2,3.935
160.2,3.935
160.2,3.935
160.2,3.935
160.2,3.935
160.2,3.935
160.2,3.935
160.2,3.935
160.2,3.935
160.2,3.935
160.3,3.935
160.4,3.935
160.4,3.935
160.4,3.935
160.4,3.935
160.4,3.935
160.4,3.935
160.4,3.935
160.4,3.935
160.4,3.935
160.4,3.935
160.4,3.935
160.5,3.935
160.5,3.935
160.6,3.935
160.6,3.935
160.6,3.935
160.7,3.935
160.7,3.935
160.7,3.935
160.7,3.935
160.7,3.935
160.8,3.935
160.8,3.935
160.8,3.935
160.8,3.935
160.8,3.935
160.8,3.935
160.9,3.935
160.8,3.935
160.8,3.935
160.9,3.935
161.0,3.935
161.0,3.935
161.0,3.935
161.0,3.935
161.0,3.940
161.0,3.940
161.0,3.940
161.0,3.940
161.0,3.940
161.1,3.940
161.1,3.940
161.1,3.940
161.1,3.940
161.2,3.940
161.2,3.940
161.2,3.940
161.2,3.940
161.2,3.940
161.2,3.940
161.2,3.940
161.2,3.940
161.4,3.940
161.4,3.940
161.4,3.940
161.4,3.940
161.5,3.940
161.5,3.940
161.5,3.940
161.5,3.940
161.5,3.940
161.6,3.940
161.6,3.940
161.6,3.940
161.6,3.940
161.6,3.940
161.6,3.940
161.7,3.940
161.7,3.940
161.8,3.940
161.8,3.940
161.8,3.940
161.8,3.940
161.8,3.940
161.8,3.940
161.8,3.940
161.8,3.940
161.8,3.940
161.9,3.940
161.9,3.940
162.0,3.940
161.9,3.940
161.9,3.940
161.9,3.940
162.0,3.940
162.0,3.940
162.0,3.940
162.0,3.940
162.1,3.940
162.1,3.940
162.2,3.940
162.2,3.940
162.2,3.940
162.2,3.940
162.3,3.940
162.3,3.940
162.4,3.940
162.4,3.940
162.4,3.940
162.4,3.940
162.4,3.940
162.5,3.940
162.5,3.940
162.5,3.940
162.5,3.940
162.5,3.940
162.6,3.940
162.6,3.940
162.6,3.940
162.6,3.940
162.7,3.940
162.7,3.940
162.7,3.940
162.7,3.940
162.7,3.940
162.7,3.940
162.8,3.940
162.8,3.940
162.9,3.940
162.9,3.940
162.9,3.940
162.9,3.940
163.0,3.940
163.0,3.940
163.0,3.940
163.0,3.940
163.0,3.940
163.1,3.940
163.0,3.940
163.1,3.940
163.1,3.940
163.1,3.940
163.2,3.940
163.2,3.940
163.2,3.940
163.3,3.940
163.3,3.940
163.4,3.940
163.4,3.940
163.4,3.940
163.4,3.940
163.4,3.940
163.4,3.940
163.4,3.940
163.4,3.940
163.4,3.940
163.4,3.940
163.5,3.940
163.6,3.940
163.6,3.940
163.6,3.940
163.6,3.940
163.7,3.940
163.7,3.940
163.7,3.940
163.7,3.940
163.7,3.940
163.7,3.940
163.8,3.940
163.8,3.940
163.9,3.940
163.9,3.940
164.0,3.940
164.0,3.940
164.0,3.940
164.0,3.940
164.0,3.940
164.0,3.940
164.0,3.940
164.0,3.940
164.0,3.940
164.0,3.940
164.1,3.940
164.2,3.940
164.2,3.940
164.2,3.940
164.2,3.940
164.3,3.940
164.3,3.940
164.3,3.940
164.4,3.940
164.4,3.940
164.4,3.940
164.5,3.940
164.5,3.940
164.4,3.940
164.4,3.940
164.4,3.940
164.4,3.940
164.6,3.940
164.6,3.940
164.6,3.940
164.7,3.940
164.7,3.940
164.7,3.940
164.7,3.940
164.8,3.940
164.8,3.940
164.8,3.940
164.8,3.940
164.8,3.940
164.8,3.940
164.8,3.940
164.8,3.940
164.9,3.940
164.9,3.940
164.9,3.940
165.0,3.940
165.0,3.940
165.0,3.940
165.0,3.940
165.1,3.940
165.1,3.940
165.1,3.940
165.2,3.940
165.2,3.940
165.2,3.940
165.2,3.940
165.3,3.940
165.3,3.940
165.4,3.940
165.4,3.940
165.4,3.940
165.4,3.940
165.5,3.940
165.5,3.940
165.5,3.940
165.5,3.940
165.5,3.940
165.5,3.940
165.5,3.940
165.6,3.940
165.6,3.940
165.7,3.940
165.7,3.940
165.7,3.940
165.7,3.940
165.7,3.940
165.8,3.940
165.9,3.940
165.9,3.940
165.9,3.940
165.9,3.940
165.9,3.940
166.0,3.940
166.0,3.940
166.0,3.940
166.0,3.940
166.0,3.940
166.1,3.940
166.1,3.940
166.1,3.940
166.1,3.940
166.1,3.940
166.1,3.940
166.2,3.945
166.2,3.945
166.3,3.945
166.3,3.945
166.3,3.945
166.3,3.945
166.4,3.945
166.4,3.945
166.4,3.945
166.4,3.945
166.4,3.945
166.5,3.945
166.5,3.945
166.5,3.945
166.5,3.945
166.5,3.945
166.6,3.945
166.6,3.945
166.6,3.945
166.7,3.945
166.7,3.945
166.7,3.945
166.7,3.945
166.7,3.945
166.8,3.945
166.8,3.945
166.8,3.945
166.9,3.945
166.9,3.945
166.9,3.945
166.9,3.945
166.9,3.945
167.0,3.945
167.0,3.945
167.0,3.945
167.0,3.945
167.0,3.945
167.1,3.945
167.1,3.945
167.1,3.945
167.1,3.945
167.2,3.945
167.2,3.945
167.3,3.945
167.3,3.945
167.3,3.945
167.3,3.945
167.3,3.945
167.4,3.945
167.3,3.945
167.3,3.945
167.4,3.945
167.4,3.945
167.5,3.945
167.5,3.945
167.5,3.945
167.5,3.945
167.5,3.945
167.5,3.945
167.5,3.945
167.5,3.945
167.6,3.945
167.6,3.945
167.7,3.945
167.7,3.945
167.7,3.945
167.7,3.945
167.7,3.945
167.8,3.945
167.8,3.945
167.8,3.945
167.8,3.945
167.9,3.945
167.9,3.945
167.9,3.945
167.9,3.945
168.0,3.945
168.1,3.945
168.1,3.945
168.1,3.945
168.1,3.945
168.1,3.945
168.1,3.945
168.1,3.945
168.1,3.945
168.1,3.945
168.1,3.945
168.2,3.945
168.2,3.945
168.2,3.945
168.3,3.945
168.3,3.945
168.3,3.945
168.3,3.945
168.4,3.945
168.4,3.945
168.5,3.945
168.5,3.945
168.5,3.945
168.5,3.945
168.5,3.945
168.5,3.945
168.5,3.945
168.5,3.945
168.6,3.945
168.6,3.945
168.7,3.945
168.8,3.945
168.8,3.945
168.8,3.945
168.8,3.945
168.8,3.945
168.8,3.945
168.8,3.945
168.8,3.945
168.8,3.945
168.8,3.945
168.9,3.945
168.9,3.945
169.0,3.945
169.0,3.945
169.0,3.945
169.1,3.945
169.1,3.945
169.1,3.945
169.1,3.945
169.1,3.945
169.1,3.945
169.1,3.945
169.2,3.945
169.2,3.945
169.2,3.945
169.2,3.945
169.2,3.945
169.3,3.945
169.3,3.945
169.3,3.945
169.4,3.945
169.4,3.945
169.4,3.945
169.5,3.945
169.5,3.945
169.5,3.945
169.6,3.945
169.6,3.945
169.6,3.945
169.7,3.945
169.7,3.945
169.7,3.945
169.7,3.945
169.7,3.945
169.7,3.945
169.7,3.945
169.7,3.945
169.7,3.945
169.8,3.945
169.8,3.945
169.8,3.945
169.8,3.945
169.9,3.945
169.9,3.945
170.0,3.945
170.0,3.945
170.0,3.945
170.0,3.945
170.1,3.945
170.1,3.945
170.1,3.945
170.2,3.945
170.2,3.945
170.2,3.945
170.2,3.945
170.3,3.945
170.3,3.945
170.3,3.945
170.3,3.945
170.3,3.945
170.3,3.945
170.3,3.945
170.3,3.945
170.4,3.945
170.5,3.945
170.5,3.945
170.5,3.945
170.5,3.945
170.6,3.945
170.6,3.945
170.7,3.945
170.7,3.945
170.7,3.945
170.7,3.945
170.7,3.945
170.8,3.945
170.8,3.945
170.8,3.945
170.8,3.945
170.8,3.945
170.9,3.945
170.9,3.945
170.9,3.945
171.0,3.945
171.0,3.945
171.0,3.945
171.0,3.945
171.1,3.945
171.1,3.945
171.1,3.945
171.1,3.945
171.1,3.945
171.2,3.945
171.2,3.945
171.3,3.945
171.3,3.945
171.3,3.945
171.3,3.945
171.3,3.945
171.4,3.945
171.4,3.950
171.5,3.950
171.5,3.950
171.5,3.950
171.6,3.950
171.6,3.950
171.6,3.950
171.6,3.950
171.6,3.950
171.6,3.950
171.7,3.950
171.7,3.950
171.7,3.950
171.7,3.950
171.8,3.950
171.8,3.950
171.8,3.950
171.9,3.950
171.9,3.950
171.9,3.950
171.9,3.950
172.0,3.950
172.0,3.950
172.0,3.950
172.0,3.950
172.0,3.950
172.1,3.950
172.1,3.950
172.1,3.950
172.1,3.950
172.2,3.950
172.2,3.950
172.2,3.950
172.2,3.950
172.3,3.950
172.3,3.950
172.3,3.950
172.3,3.950
172.4,3.950
172.4,3.950
172.4,3.950
172.4,3.950
172.4,3.950
172.5,3.950
172.5,3.950
172.5,3.950
172.5,3.950
172.5,3.950
172.6,3.950
172.6,3.950
172.6,3.950
172.7,3.950
172.7,3.950
172.7,3.950
172.8,3.950
172.8,3.950
172.8,3.950
172.8,3.950
172.9,3.950
172.9,3.950
172.9,3.950
173.0,3.950
173.0,3.950
173.0,3.950
173.0,3.950
173.0,3.950
173.0,3.950
173.0,3.950
173.0,3.950
173.1,3.950
173.1,3.950
173.2,3.950
173.2,3.950
173.2,3.950
173.2,3.950
173.2,3.950
173.3,3.950
173.3,3.950
173.3,3.950
173.4,3.950
173.4,3.950
173.4,3.950
173.4,3.950
173.4,3.950
173.4,3.950
173.5,3.950
173.5,3.950
173.5,3.950
173.5,3.950
173.5,3.950
173.5,3.950
173.5,3.950
173.6,3.950
173.6,3.950
173.7,3.950
173.7,3.950
173.7,3.950
173.7,3.950
173.7,3.950
173.8,3.950
173.7,3.950
173.7,3.950
173.8,3.950
173.8,3.950
173.9,3.950
173.9,3.950
173.9,3.950
173.9,3.950
173.9,3.950
173.9,3.950
173.9,3.950
173.9,3.950
173.9,3.950
174.0,3.950
174.0,3.950
174.0,3.950
174.1,3.950
174.1,3.950
174.2,3.950
174.2,3.950
174.2,3.950
174.2,3.950
174.2,3.950
174.2,3.950
174.2,3.950
174.2,3.950
174.2,3.950
174.3,3.950
174.3,3.950
174.4,3.950
174.4,3.950
174.4,3.950
174.4,3.950
174.4,3.950
174.4,3.950
174.4,3.950
174.4,3.950
174.5,3.950
174.5,3.950
174.5,3.950
174.5,3.950
174.5,3.950
174.5,3.950
174.5,3.950
174.6,3.950
174.6,3.950
174.6,3.950
174.7,3.950
174.6,3.950
174.7,3.950
174.7,3.950
174.8,3.950
174.8,3.950
174.8,3.950
174.9,3.950
174.9,3.950
174.9,3.950
174.9,3.950
175.0,3.950
175.0,3.950
175.0,3.950
175.0,3.950
175.0,3.950
175.0,3.950
175.0,3.950
175.0,3.950
175.0,3.950
175.0,3.950
175.0,3.950
175.0,3.950
175.1,3.950
175.1,3.950
175.1,3.950
175.1,3.950
175.1,3.950
175.1,3.950
175.2,3.950
175.2,3.950
175.2,3.950
175.2,3.950
175.2,3.950
175.2,3.950
175.4,3.950
175.4,3.950
175.4,3.950
175.4,3.950
175.4,3.950
175.5,3.950
175.4,3.950
175.5,3.950
175.5,3.950
175.5,3.950
175.5,3.950
175.5,3.950
175.5,3.950
175.5,3.950
175.5,3.950
175.5,3.950
175.5,3.950
175.6,3.950
175.7,3.950
175.7,3.950
175.7,3.950
175.7,3.950
175.7,3.950
175.7,3.950
175.7,3.950
175.7,3.950
175.7,3.950
175.8,3.950
175.8,3.950
175.9,3.950
175.9,3.950
175.9,3.950
175.9,3.950
175.9,3.950
175.9,3.950
175.9,3.950
175.9,3.950
175.9,3.950
176.0,3.950
176.0,3.950
176.1,3.950
176.1,3.950
176.1,3.950
176.1,3.950
176.2,3.950
176.2,3.950
176.1,3.955
176.1,3.955
176.2,3.955
176.2,3.955
176.2,3.955
176.2,3.955
176.2,3.955
176.2,3.955
176.3,3.955
176.3,3.955
176.3,3.955
176.3,3.955
176.3,3.955
176.4,3.955
176.3,3.955
176.3,3.955
176.3,3.955
176.3,3.955
176.4,3.955
176.4,3.955
176.4,3.955
176.4,3.955
176.4,3.955
176.5,3.955
176.6,3.955
176.6,3.955
176.6,3.955
176.6,3.955
176.6,3.955
176.6,3.955
176.7,3.955
176.6,3.955
176.6,3.955
176.7,3.955
176.7,3.955
176.7,3.955
176.7,3.955
176.7,3.955
176.7,3.955
176.7,3.955
176.7,3.955
176.8,3.955
176.8,3.955
176.8,3.955
176.8,3.955
176.8,3.955
176.9,3.955
176.9,3.955
176.9,3.955
177.0,3.955
177.0,3.955
177.0,3.955
177.0,3.955
177.0,3.955
177.0,3.955
177.0,3.955
177.0,3.955
177.0,3.955
177.0,3.955
177.1,3.955
177.1,3.955
177.1,3.955
177.1,3.955
177.1,3.955
177.1,3.955
177.1,3.955
177.1,3.955
177.1,3.955
177.1,3.955
177.2,3.955
177.2,3.955
177.2,3.955
177.2,3.955
177.2,3.955
177.2,3.955
177.2,3.955
177.3,3.955
177.3,3.955
177.3,3.955
177.3,3.955
177.3,3.955
177.3,3.955
177.4,3.955
177.4,3.955
177.4,3.955
177.4,3.955
177.4,3.955
177.4,3.955
177.4,3.955
177.4,3.955
177.4,3.955
177.4,3.955
177.5,3.955
177.5,3.955
177.5,3.955
177.5,3.955
177.5,3.955
177.5,3.955
177.5,3.955
177.5,3.955
177.5,3.955
177.5,3.955
177.6,3.955
177.6,3.955
177.6,3.955
177.6,3.955
177.6,3.955
177.6,3.955
177.6,3.955
177.6,3.955
177.6,3.955
177.6,3.955
177.6,3.955
177.6,3.955
177.6,3.955
177.7,3.955
177.7,3.955
177.7,3.955
177.7,3.955
177.7,3.955
177.7,3.955
177.7,3.955
177.8,3.955
177.8,3.955
177.8,3.955
177.8,3.955
177.8,3.955
177.8,3.955
177.8,3.955
177.9,3.955
177.9,3.955
177.9,3.955
177.9,3.955
177.9,3.955
177.9,3.955
177.9,3.955
177.9,3.955
178.0,3.955
178.0,3.955
178.0,3.955
178.0,3.955
178.0,3.955
178.0,3.955
178.0,3.955
178.0,3.955
178.1,3.955
178.1,3.955
178.1,3.955
178.1,3.955
178.1,3.955
178.1,3.955
178.1,3.955
178.1,3.955
178.1,3.955
178.1,3.955
178.1,3.955
178.2,3.955
178.2,3.955
178.2,3.955
178.2,3.955
178.2,3.955
178.2,3.955
178.2,3.955
178.2,3.955
178.2,3.955
178.3,3.955
178.3,3.955
178.3,3.955
178.3,3.955
178.3,3.955
178.3,3.955
178.3,3.955
178.3,3.955
178.3,3.955
178.3,3.955
178.3,3.955
178.4,3.955
178.4,3.955
178.4,3.955
178.4,3.955
178.4,3.955
178.4,3.955
178.4,3.955
178.4,3.955
178.4,3.955
178.5,3.955
178.5,3.955
178.5,3.955
178.5,3.955
178.5,3.955
178.5,3.955
178.5,3.955
178.6,3.955
178.6,3.955
178.6,3.955
178.6,3.955
178.6,3.955
178.6,3.955
178.6,3.955
178.6,3.955
178.6,3.955
178.6,3.955
178.6,3.955
178.6,3.955
178.6,3.955
178.7,3.955
178.7,3.955
178.7,3.955
178.7,3.955
178.7,3.955
178.7,3.955
178.7,3.955
178.7,3.955
178.7,3.955
178.7,3.955
178.7,3.955
178.7,3.955
178.7,3.955
178.7,3.955
178.7,3.955
178.7,3.955
178.8,3.955
178.8,3.955
178.8,3.955
178.8,3.955
178.8,3.955
178.8,3.955
178.9,3.955
178.9,3.955
178.9,3.955
178.9,3.955
178.9,3.955
178.9,3.955
178.9,3.955
178.9,3.955
178.9,3.955
178.9,3.955
179.0,3.955
179.0,3.955
179.0,3.955
179.0,3.955
179.0,3.955
179.0,3.955
179.0,3.955
179.0,3.955
179.0,3.955
179.0,3.955
179.0,3.955
179.0,3.955
179.1,3.955
179.1,3.955
179.1,3.955
179.1,3.955
179.1,3.955
179.1,3.955
179.1,3.955
179.1,3.955
179.2,3.955
179.2,3.955
179.2,3.955
179.2,3.955
179.2,3.955
179.2,3.955
179.2,3.955
179.2,3.955
179.2,3.955
179.2,3.955
179.2,3.955
179.2,3.955
179.2,3.955
179.3,3.955
179.3,3.955
179.3,3.955
179.3,3.955
179.3,3.955
179.3,3.955
179.3,3.955
179.3,3.955
179.3,3.955
179.3,3.955
179.4,3.955
179.4,3.955
179.4,3.955
179.4,3.955
179.4,3.955
179.4,3.955
179.4,3.955
179.4,3.955
179.5,3.955
179.5,3.955
179.5,3.955
179.5,3.955
179.5,3.955
179.5,3.955
179.5,3.955
179.5,3.955
179.5,3.955
179.5,3.955
179.6,3.955
179.6,3.955
179.6,3.955
179.6,3.955
179.6,3.955
179.6,3.955
179.6,3.955
179.6,3.955
179.6,3.955
179.6,3.955
179.6,3.955
179.6,3.955
179.6,3.955
179.7,3.955
179.7,3.955
179.7,3.955
179.7,3.955
179.7,3.955
179.7,3.955
179.7,3.955
179.7,3.955
179.7,3.955
179.7,3.955
179.7,3.955
179.7,3.955
179.7,3.955
179.7,3.955
179.7,3.955
179.7,3.955
179.8,3.955
179.8,3.955
179.8,3.955
179.8,3.955
179.8,3.955
179.8,3.955
179.8,3.955
179.8,3.955
179.8,3.955
179.8,3.955
179.9,3.955
179.9,3.955
179.9,3.955
179.9,3.955
179.9,3.955
179.9,3.955
179.9,3.955
179.9,3.955
180.0,3.955
180.0,3.955
180.0,3.955
180.0,3.955
180.0,3.955
180.0,3.955
180.0,3.955
180.0,3.955
180.0,3.955
180.0,3.955
180.0,3.955
180.0,3.955
180.0,3.955
180.1,3.955
180.1,3.955
180.1,3.955
180.1,3.955
180.1,3.955
180.1,3.955
180.1,3.955
180.1,3.955
180.1,3.955
180.1,3.955
180.2,3.955
180.2,3.955
180.2,3.955
180.2,3.955
180.2,3.955
180.2,3.955
180.2,3.955
180.2,3.955
180.2,3.955
180.2,3.955
180.2,3.955
180.2,3.955
180.2,3.955
180.2,3.955
180.3,3.955
180.3,3.955
180.3,3.955
180.3,3.955
180.3,3.955
180.3,3.955
180.3,3.955
180.3,3.955
180.3,3.955
180.3,3.955
180.3,3.955
180.3,3.955
180.3,3.955
180.3,3.955
180.3,3.955
180.4,3.955
180.4,3.955
180.4,3.955
180.4,3.955
180.4,3.955
180.4,3.955
180.4,3.955
180.4,3.955
180.4,3.955
180.4,3.955
180.4,3.955
180.4,3.955
180.4,3.955
180.5,3.955
180.5,3.955
180.5,3.955
180.5,3.955
180.5,3.955
180.5,3.955
180.5,3.955
180.5,3.955
180.5,3.955
180.5,3.955
180.5,3.955
180.5,3.955
180.6,3.955
180.6,3.955
180.6,3.955
180.6,3.955
180.6,3.955
180.6,3.955
180.6,3.955
180.6,3.955
180.6,3.955
180.6,3.955
180.6,3.955
180.6,3.955
180.6,3.955
180.6,3.955
180.7,3.955
180.7,3.955
180.7,3.955
180.7,3.955
180.7,3.955
180.7,3.955
180.7,3.955
180.8,3.955
180.8,3.955
180.8,3.955
180.8,3.955
180.8,3.955
180.8,3.955
180.8,3.955
180.8,3.955
180.8,3.955
180.8,3.955
180.8,3.955
180.8,3.955
180.9,3.955
180.9,3.955
180.9,3.955
180.9,3.955
180.9,3.955
180.9,3.955
180.9,3.955
180.9,3.955
180.9,3.955
180.9,3.955
180.9,3.955
180.9,3.955
180.9,3.955
180.9,3.955
180.9,3.955
181.0,3.955
181.0,3.955
181.0,3.955
181.0,3.955
181.0,3.955
181.0,3.955
181.1,3.955
181.1,3.955
181.1,3.955
181.1,3.955
181.1,3.955
181.1,3.955
181.1,3.955
181.1,3.955
181.1,3.955
181.2,3.955
181.2,3.955
181.2,3.955
181.2,3.955
181.2,3.955
181.2,3.955
181.2,3.955
181.2,3.955
181.2,3.955
181.2,3.955
181.2,3.955
181.2,3.955
181.2,3.955
181.3,3.955
181.3,3.960
181.3,3.960
181.3,3.960
181.3,3.960
181.3,3.960
181.3,3.960
181.3,3.960
181.3,3.960
181.4,3.960
181.4,3.960
181.4,3.960
181.4,3.960
181.4,3.960
181.4,3.960
181.4,3.960
181.4,3.960
181.4,3.960
181.4,3.960
181.4,3.960
181.4,3.960
181.4,3.960
181.4,3.960
181.5,3.960
181.5,3.960
181.5,3.960
181.5,3.960
181.5,3.960
181.5,3.960
181.5,3.960
181.5,3.960
181.5,3.960
181.5,3.960
181.5,3.960
181.6,3.960
181.6,3.960
181.6,3.960
181.6,3.960
181.6,3.960
181.6,3.960
181.6,3.960
181.7,3.960
181.7,3.960
181.7,3.960
181.7,3.960
181.7,3.960
181.7,3.960
181.7,3.960
181.7,3.960
181.7,3.960
181.7,3.960
181.7,3.960
181.8,3.960
181.8,3.960
181.8,3.960
181.8,3.960
181.8,3.960
181.8,3.960
181.8,3.960
181.8,3.960
181.8,3.960
181.8,3.960
181.8,3.960
181.8,3.960
181.8,3.960
181.9,3.960
181.9,3.960
181.9,3.960
181.9,3.960
181.9,3.960
181.9,3.960
181.9,3.960
181.9,3.960
181.9,3.960
181.9,3.960
181.9,3.960
181.9,3.960
182.0,3.960
182.0,3.960
182.0,3.960
182.0,3.960
182.0,3.960
182.0,3.960
182.0,3.960
182.0,3.960
182.0,3.960
182.0,3.960
182.1,3.960
182.1,3.960
182.1,3.960
182.1,3.960
182.1,3.960
182.1,3.960
182.1,3.960
182.1,3.960
182.1,3.960
182.2,3.960
182.1,3.960
182.1,3.960
182.2,3.960
182.2,3.960
182.2,3.960
182.2,3.960
182.2,3.960
182.2,3.960
182.2,3.960
182.2,3.960
182.2,3.960
182.2,3.960
182.2,3.960
182.3,3.960
182.3,3.960
182.3,3.960
182.3,3.960
182.3,3.960
182.3,3.960
182.3,3.960
182.3,3.960
182.3,3.960
182.3,3.960
182.3,3.960
182.4,3.960
182.4,3.960
182.4,3.960
182.4,3.960
182.4,3.960
182.4,3.960
182.4,3.960
182.4,3.960
182.4,3.960
182.4,3.960
182.4,3.960
182.4,3.960
182.4,3.960
182.4,3.960
182.4,3.960
182.4,3.960
182.4,3.960
182.5,3.960
182.5,3.960
182.5,3.960
182.5,3.960
182.5,3.960
182.5,3.960
182.5,3.960
182.5,3.960
182.5,3.960
182.5,3.960
182.5,3.960
182.5,3.960
182.5,3.960
182.6,3.960
182.6,3.960
182.6,3.960
182.6,3.960
182.6,3.960
182.6,3.960
182.6,3.960
182.6,3.960
182.6,3.960
182.6,3.960
182.7,3.960
182.7,3.960
182.7,3.960
182.7,3.960
182.7,3.960
182.7,3.960
182.7,3.960
182.7,3.960
182.7,3.960
182.7,3.960
182.7,3.960
182.7,3.960
182.7,3.960
182.7,3.960
182.7,3.960
182.8,3.960
182.8,3.960
182.8,3.960
182.8,3.960
182.8,3.960
182.8,3.960
182.8,3.960
182.8,3.960
182.8,3.960
182.8,3.960
182.8,3.960
182.8,3.960
182.8,3.960
182.8,3.960
182.8,3.960
182.9,3.960
182.9,3.960
182.9,3.960
182.9,3.960
182.9,3.960
182.9,3.960
182.9,3.960
182.9,3.960
182.9,3.960
182.9,3.960
182.9,3.960
182.9,3.960
182.9,3.960
182.9,3.960
182.9,3.960
182.9,3.960
182.9,3.960
182.9,3.960
182.9,3.960
182.9,3.960
183.0,3.960
183.0,3.960
183.0,3.960
183.0,3.960
183.0,3.960
183.0,3.960
183.0,3.960
183.0,3.960
183.0,3.960
183.0,3.960
183.0,3.960
183.0,3.960
183.0,3.960
183.0,3.960
183.0,3.960
183.0,3.960
183.0,3.960
183.0,3.960
183.0,3.960
183.0,3.960
183.1,3.960
183.1,3.960
183.1,3.960
183.1,3.960
183.2,3.960
183.2,3.960
183.2,3.960
183.2,3.960
183.2,3.960
183.2,3.960
183.2,3.960
183.2,3.960
183.2,3.960
183.2,3.960
183.2,3.960
183.2,3.960
183.2,3.960
183.3,3.960
183.3,3.960
183.3,3.960
183.3,3.960
183.3,3.960
183.3,3.960
183.3,3.960
183.3,3.960
183.3,3.960
183.4,3.960
183.4,3.960
183.4,3.960
183.4,3.960
183.4,3.960
183.4,3.960
183.4,3.960
183.4,3.960
183.4,3.960
183.4,3.960
183.4,3.960
183.4,3.960
183.4,3.960
183.4,3.960
183.4,3.960
183.4,3.960
183.5,3.960
183.5,3.960
183.5,3.960
183.5,3.960
183.5,3.960
183.5,3.960
183.5,3.960
183.5,3.960
183.5,3.960
183.5,3.960
183.5,3.960
183.6,3.960
183.6,3.960
183.6,3.960
183.6,3.960
183.6,3.960
183.6,3.960
183.6,3.960
183.6,3.960
183.6,3.960
183.6,3.960
183.6,3.960
183.6,3.960
183.6,3.960
183.6,3.960
183.6,3.960
183.6,3.960
183.6,3.960
183.6,3.960
183.6,3.960
183.6,3.960
183.6,3.960
183.7,3.960
183.7,3.960
183.7,3.960
183.7,3.960
183.7,3.960
183.7,3.960
183.7,3.960
183.7,3.960
183.7,3.960
183.7,3.960
183.7,3.960
183.7,3.960
183.7,3.960
183.7,3.960
183.7,3.960
183.8,3.960
183.8,3.960
183.8,3.960
183.8,3.960
183.8,3.960
183.8,3.960
183.8,3.960
183.8,3.960
183.8,3.960
183.8,3.960
183.8,3.960
183.8,3.960
183.8,3.960
183.8,3.960
183.8,3.960
183.9,3.960
183.9,3.960
183.9,3.960
183.9,3.960
183.9,3.960
183.9,3.960
183.9,3.960
183.9,3.960
183.9,3.960
183.9,3.960
183.9,3.960
183.9,3.960
183.9,3.960
183.9,3.960
183.9,3.960
183.9,3.960
183.9,3.960
183.9,3.960
183.9,3.960
183.9,3.960
183.9,3.960
183.9,3.960
183.9,3.960
183.9,3.960
184.0,3.960
184.0,3.960
184.0,3.960
184.0,3.960
184.0,3.960
184.0,3.960
184.0,3.960
184.0,3.960
184.0,3.960
184.0,3.960
184.0,3.960
184.0,3.960
184.0,3.960
184.0,3.960
184.0,3.960
184.0,3.960
184.0,3.960
184.0,3.960
184.0,3.960
184.0,3.960
184.0,3.960
184.0,3.960
184.1,3.960
184.1,3.960
184.1,3.960
184.1,3.960
184.1,3.960
184.1,3.960
184.1,3.960
184.1,3.960
184.1,3.960
184.1,3.960
184.1,3.960
184.1,3.960
184.1,3.960
184.1,3.960
184.1,3.960
184.1,3.960
184.1,3.960
184.1,3.960
184.1,3.960
184.1,3.960
184.2,3.960
184.2,3.960
184.2,3.960
184.2,3.960
184.2,3.960
184.2,3.960
184.2,3.960
184.2,3.960
184.2,3.960
184.2,3.960
184.3,3.960
184.3,3.960
184.3,3.960
184.3,3.960
184.3,3.960
184.3,3.960
184.3,3.960
184.3,3.960
184.3,3.960
184.3,3.960
184.3,3.960
184.3,3.960
184.3,3.960
184.3,3.960
184.3,3.960
184.3,3.960
184.3,3.960
184.3,3.960
184.3,3.960
184.4,3.960
184.4,3.960
184.4,3.960
184.4,3.960
184.4,3.960
184.4,3.960
184.4,3.960
184.4,3.960
184.5,3.960
184.5,3.960
184.5,3.960
184.5,3.960
184.5,3.960
184.5,3.960
184.5,3.960
184.5,3.960
184.5,3.960
184.5,3.960
184.5,3.960
184.5,3.960
184.5,3.960
184.5,3.960
184.5,3.960
184.5,3.960
184.5,3.960
184.5,3.960
184.5,3.960
184.5,3.960
184.5,3.960
184.5,3.960
184.5,3.960
184.5,3.960
184.5,3.960
184.5,3.960
184.5,3.960
184.6,3.960
184.6,3.960
184.6,3.960
184.6,3.960
184.6,3.960
184.6,3.960
184.6,3.960
184.6,3.960
184.6,3.960
184.6,3.960
184.6,3.960
184.6,3.960
184.6,3.960
184.6,3.960
184.6,3.960
184.6,3.960
184.6,3.960
184.6,3.960
184.6,3.960
184.6,3.960
184.6,3.960
184.7,3.960
184.7,3.960
184.7,3.960
184.7,3.960
184.7,3.960
184.7,3.960
184.7,3.960
184.7,3.960
184.7,3.960
184.7,3.960
184.7,3.960
184.7,3.960
184.7,3.960
184.7,3.960
184.8,3.960
184.8,3.960
184.8,3.960
184.8,3.960
184.8,3.960
184.8,3.960
184.8,3.960
184.8,3.960
184.8,3.960
184.8,3.960
184.8,3.960
184.8,3.960
184.8,3.960
184.8,3.960
184.8,3.960
184.8,3.960
184.8,3.960
184.8,3.960
184.9,3.960
184.9,3.960
184.9,3.960
184.9,3.960
184.9,3.960
184.9,3.960
184.9,3.960
184.9,3.960
184.9,3.960
184.9,3.960
184.9,3.960
185.0,3.960
185.0,3.960
185.0,3.960
185.0,3.960
185.0,3.960
185.0,3.960
185.0,3.960
185.0,3.960
185.0,3.960
185.0,3.960
185.1,3.960
185.1,3.960
185.1,3.960
185.1,3.960
185.1,3.960
185.1,3.960
185.1,3.960
185.1,3.960
185.1,3.960
185.1,3.960
185.1,3.960
185.1,3.960
185.1,3.960
185.1,3.960
185.1,3.960
185.1,3.960
185.1,3.960
185.1,3.960
185.1,3.960
185.1,3.960
185.2,3.960
185.2,3.960
185.2,3.960
185.2,3.960
185.2,3.960
185.2,3.960
185.2,3.960
185.2,3.960
185.2,3.960
185.2,3.960
185.2,3.960
185.2,3.960
185.2,3.960
185.2,3.960
185.2,3.960
185.2,3.960
185.2,3.960
185.2,3.960
185.2,3.960
185.2,3.960
185.3,3.960
185.3,3.960
185.3,3.960
185.3,3.960
185.4,3.960
185.4,3.960
185.4,3.960
185.4,3.960
185.4,3.960
185.4,3.960
185.4,3.960
185.4,3.960
185.4,3.960
185.4,3.960
185.4,3.960
185.4,3.960
185.4,3.960
185.4,3.960
185.4,3.960
185.5,3.960
185.5,3.960
185.5,3.960
185.5,3.960
185.5,3.960
185.5,3.960
185.5,3.960
185.5,3.960
185.5,3.960
185.5,3.960
185.6,3.960
185.6,3.960
185.6,3.960
185.6,3.960
185.6,3.960
185.6,3.960
185.6,3.960
185.6,3.960
185.6,3.960
185.6,3.960
185.7,3.960
185.7,3.960
185.7,3.960
185.7,3.960
185.7,3.960
185.7,3.960
185.7,3.960
185.7,3.960
185.8,3.960
185.8,3.960
185.8,3.960
185.8,3.960
185.8,3.960
185.8,3.960
185.8,3.960
185.8,3.960
185.8,3.960
185.8,3.960
185.8,3.960
185.8,3.960
185.8,3.960
185.8,3.960
185.8,3.960
185.8,3.960
185.9,3.960
185.9,3.960
185.9,3.960
185.9,3.960
185.9,3.960
185.9,3.960
185.9,3.960
185.9,3.960
185.9,3.960
185.9,3.960
185.9,3.960
186.0,3.960
186.0,3.960
186.0,3.960
186.0,3.960
186.0,3.960
186.0,3.960
186.0,3.960
186.0,3.960
186.0,3.960
186.0,3.960
186.1,3.960
186.1,3.960
186.1,3.960
186.1,3.960
186.1,3.960
186.1,3.960
186.2,3.960
186.2,3.960
186.2,3.960
186.2,3.960
186.2,3.960
186.2,3.960
186.2,3.960
186.2,3.960
186.2,3.960
186.2,3.960
186.2,3.960
186.2,3.960
186.2,3.960
186.2,3.960
186.2,3.960
186.3,3.960
186.3,3.960
186.3,3.960
186.3,3.960
186.3,3.960
186.3,3.960
186.3,3.960
186.3,3.960
186.3,3.960
186.3,3.960
186.3,3.960
186.4,3.960
186.4,3.960
186.4,3.960
186.4,3.960
186.4,3.960
186.4,3.960
186.4,3.960
186.4,3.960
186.4,3.960
186.4,3.960
186.4,3.960
186.4,3.960
186.4,3.960
186.4,3.960
186.4,3.960
186.4,3.960
186.4,3.960
186.4,3.960
186.4,3.960
186.4,3.960
186.4,3.960
186.4,3.965
186.4,3.965
186.5,3.965
186.5,3.965
186.5,3.965
186.5,3.965
186.5,3.965
186.5,3.965
186.5,3.965
186.5,3.965
186.5,3.965
186.5,3.965
186.5,3.965
186.5,3.965
186.6,3.965
186.6,3.965
186.6,3.965
186.6,3.965
186.6,3.965
186.6,3.965
186.6,3.965
186.6,3.965
186.6,3.965
186.6,3.965
186.6,3.965
186.6,3.965
186.6,3.965
186.6,3.965
186.7,3.965
186.7,3.965
186.7,3.965
186.7,3.965
186.7,3.965
186.7,3.965
186.7,3.965
186.7,3.965
186.7,3.965
186.7,3.965
186.7,3.965
186.7,3.965
186.7,3.965
186.7,3.965
186.7,3.965
186.7,3.965
186.7,3.965
186.7,3.965
186.7,3.965
186.7,3.965
186.7,3.965
186.8,3.965
186.8,3.965
186.8,3.965
186.8,3.965
186.8,3.965
186.8,3.965
186.8,3.965
186.8,3.965
186.8,3.965
186.8,3.965
186.8,3.965
186.8,3.965
186.8,3.965
186.8,3.965
186.9,3.965
186.9,3.965
186.9,3.965
186.9,3.965
186.9,3.965
186.9,3.965
186.9,3.965
186.9,3.965
186.9,3.965
186.9,3.965
186.9,3.965
186.9,3.965
186.9,3.965
186.9,3.965
186.9,3.965
186.9,3.965
186.9,3.965
186.9,3.965
186.9,3.965
186.9,3.965
187.0,3.965
187.0,3.965
187.0,3.965
187.0,3.965
187.0,3.965
187.0,3.965
187.0,3.965
187.0,3.965
187.0,3.965
187.0,3.965
187.0,3.965
187.0,3.965
187.0,3.965
187.0,3.965
187.0,3.965
187.0,3.965
187.0,3.965
187.0,3.965
187.0,3.965
187.0,3.965
187.0,3.965
187.0,3.965
187.1,3.965
187.1,3.965
187.1,3.965
187.1,3.965
187.1,3.965
187.1,3.965
187.1,3.965
187.1,3.965
187.1,3.965
187.1,3.965
187.1,3.965
187.1,3.965
187.1,3.965
187.1,3.965
187.1,3.965
187.1,3.965
187.1,3.965
187.1,3.965
187.1,3.965
187.1,3.965
187.2,3.965
187.2,3.965
187.2,3.965
187.2,3.965
187.2,3.965
187.2,3.965
187.2,3.965
187.2,3.965
187.2,3.965
187.2,3.965
187.2,3.965
187.2,3.965
187.2,3.965
187.2,3.965
187.2,3.965
187.2,3.965
187.2,3.965
187.2,3.965
187.2,3.965
187.2,3.965
187.2,3.965
187.2,3.965
187.2,3.965
187.3,3.965
187.3,3.965
187.3,3.965
187.3,3.965
187.3,3.965
187.3,3.965
187.3,3.965
187.3,3.965
187.3,3.965
187.3,3.965
187.3,3.965
187.3,3.965
187.3,3.965
187.3,3.965
187.3,3.965
187.3,3.965
187.3,3.965
187.3,3.965
187.3,3.965
187.3,3.965
187.3,3.965
187.3,3.965
187.3,3.965
187.3,3.965
187.3,3.965
187.4,3.965
187.4,3.965
187.5,3.965
187.5,3.965
187.5,3.965
187.5,3.965
187.5,3.965
187.5,3.965
187.5,3.965
187.5,3.965
187.5,3.965
187.5,3.965
187.5,3.965
187.5,3.965
187.5,3.965
187.5,3.965
187.5,3.965
187.5,3.965
187.5,3.965
187.5,3.965
187.5,3.965
187.5,3.965
187.5,3.965
187.5,3.965
187.5,3.965
187.5,3.965
187.5,3.965
187.5,3.965
187.5,3.965
187.5,3.965
187.6,3.965
187.6,3.965
187.6,3.965
187.6,3.965
187.6,3.965
187.6,3.965
187.6,3.965
187.6,3.965
187.6,3.965
187.6,3.965
187.6,3.965
187.6,3.965
187.6,3.965
187.6,3.965
187.6,3.965
187.6,3.965
187.6,3.965
187.7,3.965
187.7,3.965
187.7,3.965
187.7,3.965
187.7,3.965
187.7,3.965
187.7,3.965
187.7,3.965
187.7,3.965
187.7,3.965
187.7,3.965
187.7,3.965
187.7,3.965
187.8,3.965
187.8,3.965
187.8,3.965
187.8,3.965
187.8,3.965
187.8,3.965
187.8,3.965
187.8,3.965
187.8,3.965
187.8,3.965
187.8,3.965
187.8,3.965
187.8,3.965
187.8,3.965
187.8,3.965
187.8,3.965
187.8,3.965
187.8,3.965
187.9,3.965
187.9,3.965
187.9,3.965
187.9,3.965
187.9,3.965
187.9,3.965
187.9,3.965
187.9,3.965
187.9,3.965
187.9,3.965
187.9,3.965
187.9,3.965
187.9,3.965
187.9,3.965
187.9,3.965
188.0,3.965
188.0,3.965
188.0,3.965
188.0,3.965
188.0,3.965
188.0,3.965
188.0,3.965
188.0,3.965
188.0,3.965
188.0,3.965
188.0,3.965
188.0,3.965
188.0,3.965
188.0,3.965
188.0,3.965
188.0,3.965
188.0,3.965
188.1,3.965
188.1,3.965
188.1,3.965
188.1,3.965
188.1,3.965
188.1,3.965
188.1,3.965
188.1,3.965
188.1,3.965
188.1,3.965
188.1,3.965
188.1,3.965
188.1,3.965
188.1,3.965
188.1,3.965
188.1,3.965
188.1,3.965
188.1,3.965
188.1,3.965
188.2,3.965
188.2,3.965
188.2,3.965
188.2,3.965
188.2,3.965
188.2,3.965
188.2,3.965
188.2,3.965
188.2,3.965
188.2,3.965
188.2,3.965
188.2,3.965
188.2,3.965
188.2,3.965
188.2,3.965
188.3,3.965
188.3,3.965
188.3,3.965
188.3,3.965
188.3,3.965
188.3,3.965
188.3,3.965
188.3,3.965
188.3,3.965
188.3,3.965
188.3,3.965
188.3,3.965
188.3,3.965
188.3,3.965
188.3,3.965
188.4,3.965
188.4,3.965
188.4,3.965
188.4,3.965
188.4,3.965
188.4,3.965
188.4,3.965
188.4,3.965
188.4,3.965
188.4,3.965
188.4,3.965
188.4,3.965
188.4,3.965
188.4,3.965
188.4,3.965
188.4,3.965
188.4,3.965
188.4,3.965
188.4,3.965
188.4,3.965
188.4,3.965
188.4,3.965
188.4,3.965
188.5,3.965
188.5,3.965
188.5,3.965
188.5,3.965
188.5,3.965
188.5,3.965
188.5,3.965
188.5,3.965
188.5,3.965
188.5,3.965
188.5,3.965
188.5,3.965
188.5,3.965
188.5,3.965
188.5,3.965
188.5,3.965
188.5,3.965
188.5,3.965
188.5,3.965
188.6,3.965
188.6,3.965
188.6,3.965
188.6,3.965
188.6,3.965
188.6,3.965
188.6,3.965
188.6,3.965
188.6,3.965
188.6,3.965
188.7,3.965
188.7,3.965
188.7,3.965
188.7,3.965
188.7,3.965
188.7,3.965
188.7,3.965
188.7,3.965
188.7,3.965
188.7,3.965
188.7,3.965
188.7,3.965
188.7,3.965
188.7,3.965
188.7,3.965
188.7,3.965
188.7,3.965
188.7,3.965
188.7,3.965
188.7,3.965
188.7,3.965
188.7,3.965
188.7,3.965
188.8,3.965
188.8,3.965
188.8,3.965
188.8,3.965
188.8,3.965
188.8,3.965
188.8,3.965
188.8,3.965
188.8,3.965
188.8,3.965
188.8,3.965
188.8,3.965
188.8,3.965
188.8,3.965
188.8,3.965
188.8,3.965
188.8,3.965
188.8,3.965
188.8,3.965
188.8,3.965
188.8,3.965
188.9,3.965
188.9,3.965
188.9,3.965
188.9,3.965
188.9,3.965
188.9,3.965
188.9,3.965
188.9,3.965
188.9,3.965
188.9,3.965
188.9,3.965
188.9,3.965
188.9,3.965
188.9,3.965
188.9,3.965
188.9,3.965
188.9,3.965
188.9,3.965
189.0,3.965
189.0,3.965
189.0,3.965
189.0,3.965
189.0,3.965
189.0,3.965
189.0,3.965
189.0,3.965
189.0,3.965
189.0,3.965
189.0,3.965
189.0,3.965
189.0,3.965
189.1,3.965
189.1,3.965
189.1,3.965
189.1,3.965
189.1,3.965
189.1,3.965
189.1,3.965
189.1,3.965
189.1,3.965
189.1,3.965
189.1,3.965
189.1,3.965
189.1,3.965
189.2,3.965
189.2,3.965
189.2,3.965
189.2,3.965
189.2,3.965
189.2,3.965
189.2,3.965
189.2,3.965
189.2,3.965
189.2,3.965
189.2,3.965
189.2,3.965
189.2,3.965
189.2,3.965
189.2,3.965
189.2,3.965
189.2,3.965
189.2,3.965
189.2,3.965
189.2,3.965
189.2,3.965
189.2,3.965
189.2,3.965
189.3,3.965
189.3,3.965
189.3,3.965
189.3,3.965
189.3,3.965
189.3,3.965
189.3,3.965
189.3,3.965
189.3,3.965
189.3,3.965
189.3,3.965
189.3,3.965
189.3,3.965
189.3,3.965
189.3,3.965
189.3,3.965
189.3,3.965
189.3,3.965
189.3,3.965
189.3,3.965
189.3,3.965
189.3,3.965
189.4,3.965
189.4,3.965
189.4,3.965
189.4,3.965
189.4,3.965
189.4,3.965
189.4,3.965
189.4,3.965
189.4,3.965
189.4,3.965
189.4,3.965
189.4,3.965
189.4,3.965
189.5,3.965
189.5,3.965
189.5,3.965
189.5,3.965
189.5,3.965
189.5,3.965
189.5,3.965
189.5,3.965
189.5,3.965
189.5,3.965
189.5,3.965
189.5,3.965
189.5,3.965
189.5,3.965
189.5,3.965
189.5,3.965
189.5,3.965
189.5,3.965
189.5,3.965
189.6,3.965
189.6,3.965
189.6,3.965
189.6,3.965
189.6,3.965
189.6,3.965
189.6,3.965
189.6,3.965
189.6,3.965
189.6,3.965
189.6,3.965
189.6,3.965
189.6,3.965
189.6,3.965
189.6,3.965
189.6,3.965
189.6,3.965
189.6,3.965
189.6,3.965
189.6,3.965
189.6,3.965
189.7,3.965
189.7,3.965
189.7,3.965
189.7,3.965
189.7,3.965
189.7,3.965
189.7,3.965
189.7,3.965
189.7,3.965
189.7,3.965
189.7,3.965
189.7,3.965
189.7,3.965
189.7,3.965
189.7,3.965
189.7,3.965
189.7,3.965
189.7,3.965
189.7,3.965
189.7,3.965
189.7,3.965
189.7,3.965
189.8,3.965
189.8,3.965
189.8,3.965
189.8,3.965
189.8,3.965
189.8,3.965
189.8,3.965
189.8,3.965
189.8,3.965
189.8,3.965
189.8,3.965
189.8,3.965
189.8,3.965
189.8,3.965
189.8,3.965
189.8,3.965
189.8,3.965
189.8,3.965
189.8,3.965
189.8,3.965
189.8,3.965
189.8,3.965
189.8,3.965
189.8,3.965
189.8,3.965
189.8,3.965
189.8,3.965
189.8,3.965
189.8,3.965
189.8,3.965
189.8,3.965
189.8,3.965
189.8,3.965
189.8,3.965
189.8,3.965
189.8,3.965
189.8,3.965
189.9,3.965
189.9,3.965
189.9,3.965
189.9,3.965
189.9,3.965
189.9,3.965
189.9,3.965
189.9,3.965
189.9,3.965
189.9,3.965
189.9,3.965
189.9,3.965
189.9,3.965
189.9,3.965
189.9,3.965
189.9,3.965
189.9,3.965
189.9,3.965
189.9,3.965
189.9,3.965
189.9,3.965
189.9,3.965
189.9,3.965
189.9,3.965
189.9,3.965
189.9,3.965
189.9,3.965
189.9,3.965
190.0,3.965
190.0,3.965
190.0,3.965
190.0,3.965
190.0,3.965
190.0,3.965
190.0,3.965
190.0,3.965
190.0,3.965
190.0,3.965
190.0,3.965
190.0,3.965
190.0,3.965
190.0,3.965
190.0,3.965
190.0,3.965
190.0,3.965
190.0,3.965
190.0,3.965
190.0,3.965
190.0,3.965
190.0,3.965
190.0,3.965
190.0,3.965
190.0,3.965
190.0,3.965
190.0,3.965
190.0,3.965
190.0,3.965
190.0,3.965
190.0,3.965
190.1,3.965
190.1,3.965
190.1,3.965
190.1,3.965
190.1,3.965
190.1,3.965
190.1,3.965
190.1,3.965
190.1,3.965
190.1,3.965
190.1,3.965
190.1,3.965
190.1,3.965
190.1,3.965
190.1,3.965
190.1,3.965
190.1,3.965
190.1,3.965
190.1,3.965
190.1,3.965
190.1,3.965
190.1,3.965
190.1,3.965
190.1,3.965
190.1,3.965
190.1,3.965
190.1,3.965
190.1,3.965
190.1,3.965
190.1,3.965
190.1,3.965
190.1,3.965
190.1,3.965
190.1,3.965
190.1,3.965
190.1,3.965
190.1,3.965
190.2,3.965
190.2,3.965
190.2,3.965
190.2,3.965
190.2,3.965
190.2,3.965
190.2,3.965
190.2,3.965
190.2,3.965
190.2,3.965
190.2,3.965
190.2,3.965
190.2,3.965
190.2,3.965
190.2,3.965
190.2,3.965
190.2,3.965
190.2,3.965
190.2,3.965
190.2,3.965
190.2,3.965
190.2,3.965
190.2,3.965
190.2,3.965
190.2,3.965
190.2,3.965
190.2,3.965
190.2,3.965
190.2,3.965
190.2,3.965
190.2,3.965
190.2,3.965
190.2,3.965
190.2,3.965
190.2,3.965
190.2,3.965
190.2,3.965
190.2,3.965
190.2,3.965
190.2,3.965
190.2,3.965
190.2,3.965
190.2,3.965
190.3,3.965
190.3,3.965
190.3,3.965
190.3,3.965
190.3,3.965
190.3,3.965
190.3,3.965
190.2,3.965
190.2,3.965
190.2,3.965
190.2,3.965
190.2,3.965
190.2,3.965
190.2,3.965
190.2,3.965
190.2,3.965
190.2,3.965
190.2,3.965
190.2,3.965
190.2,3.965
190.2,3.965
190.2,3.965
190.2,3.965
190.2,3.965
190.2,3.965
190.2,3.965
190.2,3.965
190.2,3.965
190.2,3.965
190.2,3.965
190.2,3.965
190.2,3.965
190.2,3.965
190.3,3.965
190.3,3.965
190.3,3.965
190.3,3.965
190.3,3.965
190.3,3.965
190.3,3.965
190.3,3.965
190.3,3.965
190.3,3.965
190.3,3.965
190.3,3.965
190.3,3.965
190.3,3.965
190.3,3.965
190.3,3.965
190.3,3.965
190.3,3.965
190.3,3.965
190.3,3.965
190.3,3.965
190.3,3.965
190.3,3.965
190.3,3.965
190.3,3.965
190.3,3.965
190.3,3.965
190.3,3.965
190.3,3.965
190.3,3.965
190.4,3.965
190.4,3.965
190.4,3.965
190.4,3.965
190.4,3.965
190.4,3.965
190.4,3.965
190.4,3.965
190.4,3.965
190.4,3.965
190.5,3.965
190.5,3.965
190.5,3.965
190.5,3.965
190.5,3.965
190.5,3.965
190.5,3.965
190.5,3.965
190.5,3.965
190.5,3.965
190.5,3.965
190.5,3.965
190.5,3.965
190.5,3.965
190.5,3.965
190.5,3.965
190.5,3.965
190.5,3.965
190.5,3.965
190.5,3.965
190.5,3.965
190.5,3.965
190.5,3.965
190.5,3.965
190.5,3.965
190.5,3.965
190.5,3.965
190.5,3.965
190.5,3.965
190.5,3.965
190.5,3.965
190.5,3.965
190.5,3.965
190.5,3.965
190.5,3.965
190.5,3.965
190.5,3.965
190.5,3.965
190.5,3.965
190.5,3.965
190.5,3.965
190.5,3.965
190.5,3.965
190.5,3.965
190.5,3.965
190.6,3.965
190.6,3.965
190.6,3.965
190.6,3.965
190.6,3.965
190.6,3.965
190.6,3.965
190.6,3.965
190.6,3.965
190.6,3.965
190.6,3.965
190.6,3.965
190.6,3.965
190.6,3.965
190.6,3.965
190.6,3.965
190.6,3.965
190.6,3.965
190.6,3.965
190.6,3.965
190.6,3.965
190.6,3.965
190.6,3.965
190.6,3.965
190.6,3.965
190.6,3.965
190.6,3.965
190.6,3.965
190.6,3.965
190.6,3.965
190.6,3.965
190.6,3.965
190.6,3.965
190.7,3.965
190.7,3.965
190.7,3.965
190.7,3.965
190.7,3.965
190.7,3.965
190.7,3.965
190.7,3.965
190.7,3.965
190.7,3.965
190.7,3.965
190.7,3.965
190.7,3.965
190.7,3.965
190.7,3.965
190.7,3.965
190.7,3.965
190.7,3.965
190.7,3.965
190.7,3.965
190.7,3.965
190.7,3.965
190.7,3.965
190.7,3.965
190.7,3.965
190.7,3.965
190.7,3.965
190.7,3.965
190.7,3.965
190.7,3.965
190.7,3.965
190.7,3.965
190.7,3.965
190.7,3.965
190.7,3.965
190.7,3.965
190.7,3.965
190.7,3.965
190.7,3.965
190.7,3.965
190.7,3.965
190.7,3.965
190.7,3.965
190.7,3.965
190.8,3.965
190.8,3.965
190.8,3.965
190.8,3.965
190.8,3.965
190.8,3.965
190.8,3.965
190.8,3.965
190.8,3.965
190.8,3.965
190.8,3.965
190.8,3.965
190.8,3.965
190.8,3.965
190.8,3.965
190.8,3.965
190.8,3.965
190.8,3.965
190.8,3.965
190.8,3.965
190.8,3.965
190.8,3.965
190.8,3.965
190.8,3.965
190.8,3.965
190.8,3.965
190.8,3.965
190.8,3.965
190.8,3.965
190.8,3.965
190.8,3.965
190.8,3.965
190.8,3.965
190.8,3.965
190.8,3.965
190.8,3.965
190.8,3.965
190.8,3.965
190.8,3.965
190.8,3.965
190.8,3.965
190.8,3.965
190.8,3.965
190.8,3.965
190.8,3.965
190.8,3.965
190.8,3.965
190.8,3.965
190.9,3.965
190.9,3.965
190.9,3.965
190.9,3.965
190.9,3.965
190.9,3.965
190.9,3.965
190.9,3.965
190.9,3.965
190.9,3.965
190.9,3.965
190.9,3.965
190.9,3.965
190.9,3.965
190.9,3.965
190.9,3.965
190.9,3.965
190.9,3.965
190.9,3.965
190.9,3.965
190.9,3.965
190.9,3.965
190.9,3.965
190.9,3.965
190.9,3.965
190.9,3.965
190.9,3.965
190.9,3.965
190.9,3.965
190.9,3.965
190.9,3.965
190.9,3.965
191.0,3.965
191.0,3.965
191.0,3.965
190.9,3.965
190.9,3.965
190.9,3.965
190.9,3.965
190.9,3.965
190.9,3.965
190.9,3.965
190.9,3.965
190.9,3.965
190.9,3.965
190.9,3.965
191.0,3.965
191.0,3.965
191.0,3.965
191.0,3.965
191.0,3.965
191.0,3.965
191.0,3.965
191.0,3.965
191.0,3.965
191.0,3.965
191.0,3.965
191.0,3.965
191.0,3.965
191.0,3.965
191.0,3.965
191.0,3.965
191.0,3.965
191.0,3.965
191.0,3.965
191.0,3.965
191.0,3.965
191.0,3.965
191.0,3.965
191.0,3.965
191.0,3.965
191.0,3.965
191.0,3.965
191.0,3.965
191.0,3.965
191.0,3.965
191.0,3.965
191.0,3.965
191.0,3.965
191.0,3.965
191.0,3.965
191.0,3.965
191.0,3.965
191.0,3.965
191.0,3.965
191.0,3.965
191.0,3.965
191.0,3.965
191.0,3.965
191.0,3.965
191.0,3.965
191.0,3.965
191.0,3.965
191.0,3.965
191.0,3.965
191.0,3.965
191.0,3.965
191.0,3.965
191.0,3.965
191.0,3.965
191.0,3.965
191.0,3.965
191.0,3.965
191.0,3.965
191.0,3.965
191.0,3.965
191.0,3.965
191.0,3.965
191.0,3.965
191.0,3.965
191.0,3.965
191.0,3.965
191.0,3.965
191.0,3.965
191.0,3.965
191.0,3.965
191.0,3.965
191.0,3.965
191.0,3.965
191.0,3.965
191.0,3.965
191.0,3.965
191.0,3.965
191.0,3.965
191.0,3.965
191.0,3.965
191.0,3.965
191.0,3.965
191.0,3.965
191.0,3.965
191.0,3.965
191.0,3.965
191.0,3.965
191.0,3.965
191.0,3.965
191.0,3.965
191.0,3.965
191.0,3.965
191.0,3.965
191.0,3.965
191.0,3.965
191.0,3.965
191.0,3.965
191.0,3.965
191.0,3.965
191.0,3.965
191.0,3.965
191.0,3.965
191.0,3.965
191.0,3.965
191.0,3.965
191.0,3.965
191.0,3.965
191.0,3.965
191.0,3.965
191.0,3.965
191.0,3.965
191.0,3.965
191.0,3.965
191.0,3.965
191.0,3.965
191.0,3.965
191.0,3.965
191.0,3.965
191.0,3.965
191.0,3.965
191.0,3.965
191.0,3.965
191.0,3.965
191.0,3.965
191.0,3.965
191.0,3.965
191.0,3.965
191.0,3.965
191.0,3.965
191.0,3.965
191.0,3.965
191.0,3.965
191.0,3.965
191.0,3.965
191.0,3.965
191.0,3.965
191.0,3.965
191.0,3.965
191.0,3.965
191.0,3.965
191.0,3.965
191.0,3.965
191.0,3.965
191.0,3.965
191.0,3.965
191.0,3.965
191.0,3.965
191.0,3.965
191.0,3.965
191.0,3.965
191.0,3.965
191.0,3.965
191.0,3.965
191.0,3.965
191.0,3.965
191.0,3.965
191.0,3.965
191.0,3.965
191.0,3.965
191.0,3.965
191.0,3.965
191.0,3.965
191.0,3.965
191.0,3.965
191.0,3.965
191.0,3.965
191.0,3.965
191.0,3.965
191.0,3.965
191.0,3.965
191.0,3.965
191.0,3.965
191.0,3.965
191.0,3.965
191.0,3.965
191.0,3.965
191.0,3.965
191.0,3.965
191.0,3.965
191.0,3.965
191.0,3.965
191.0,3.965
191.0,3.965
191.0,3.965
191.0,3.965
191.0,3.965
191.0,3.965
190.9,3.965
190.9,3.965
190.9,3.965
190.9,3.965
190.9,3.965
190.9,3.965
190.9,3.965
190.9,3.965
190.9,3.965
190.9,3.965
190.9,3.965
190.9,3.965
190.9,3.965
190.9,3.965
190.9,3.965
190.9,3.965
190.9,3.965
190.9,3.965
190.9,3.965
190.9,3.965
190.9,3.965
190.9,3.965
190.9,3.965
190.9,3.965
190.9,3.965
190.9,3.965
190.9,3.965
190.9,3.965
190.9,3.965
190.9,3.965
190.9,3.965
190.9,3.965
190.9,3.965
190.9,3.965
190.9,3.965
190.9,3.965
190.9,3.965
190.9,3.965
190.9,3.965
190.9,3.965
190.9,3.965
190.9,3.965
190.9,3.965
190.9,3.965
190.9,3.965
190.9,3.965
190.9,3.965
190.9,3.965
190.9,3.965
190.9,3.965
190.9,3.965
190.9,3.965
190.9,3.965
190.9,3.965
190.9,3.965
190.9,3.965
190.9,3.965
190.9,3.965
190.9,3.965
190.9,3.965
190.9,3.965
190.9,3.965
190.9,3.965
190.9,3.965
190.9,3.965
190.9,3.965
190.9,3.965
190.9,3.965
190.9,3.965
190.9,3.965
190.9,3.965
190.9,3.965
190.9,3.965
190.9,3.965
190.9,3.965
190.9,3.965
190.9,3.965
190.9,3.965
190.9,3.965
190.9,3.965
190.9,3.965
190.9,3.965
190.9,3.965
190.9,3.965
190.9,3.965
190.9,3.965
190.9,3.965
190.9,3.965
190.9,3.965
190.9,3.965
190.9,3.965
190.9,3.965
190.9,3.965
190.9,3.965
190.9,3.965
190.9,3.965
190.9,3.965
190.9,3.965
190.9,3.965
190.9,3.965
190.9,3.965
190.9,3.965
190.9,3.965
190.9,3.965
190.9,3.965
190.9,3.965
190.9,3.965
190.9,3.965
190.9,3.965
190.9,3.965
190.9,3.965
190.9,3.965
190.9,3.965
190.9,3.965
190.9,3.965
190.9,3.965
190.9,3.965
190.9,3.965
190.9,3.965
190.9,3.965
190.9,3.965
190.9,3.965
190.9,3.965
190.9,3.965
190.9,3.965
190.9,3.965
190.9,3.965
190.9,3.965
190.9,3.965
190.9,3.965
190.9,3.965
190.9,3.965
190.9,3.965
190.9,3.965
190.9,3.965
190.9,3.965
190.9,3.965
190.9,3.965
190.8,3.965
190.8,3.965
190.8,3.965
190.8,3.965
190.8,3.965
190.8,3.965
190.9,3.965
190.9,3.965
190.9,3.965
190.9,3.965
190.9,3.965
190.9,3.965
190.9,3.965
190.9,3.965
190.9,3.965
190.9,3.965
190.9,3.965
190.9,3.965
190.9,3.965
190.9,3.965
190.9,3.965
190.9,3.965
190.9,3.965
190.9,3.965
190.9,3.965
190.9,3.965
190.9,3.965
190.9,3.965
190.9,3.965
190.9,3.965
190.9,3.965
190.8,3.965
190.8,3.965
190.8,3.965
190.8,3.965
190.8,3.965
190.8,3.965
190.8,3.965
190.8,3.965
190.8,3.965
190.8,3.965
190.8,3.965
190.8,3.965
190.8,3.965
190.8,3.965
190.8,3.965
190.8,3.965
190.8,3.965
190.8,3.965
190.8,3.965
190.8,3.965
190.8,3.965
190.8,3.965
190.8,3.965
190.8,3.965
190.8,3.965
190.8,3.965
190.8,3.965
190.8,3.965
190.8,3.965
190.8,3.965
190.8,3.965
190.8,3.965
190.8,3.965
190.8,3.965
190.8,3.965
190.8,3.965
190.8,3.965
190.8,3.965
190.8,3.965
190.8,3.965
190.8,3.965
190.8,3.965
190.8,3.965
190.8,3.965
190.8,3.965
190.8,3.965
190.8,3.965
190.8,3.965
190.8,3.965
190.8,3.965
190.8,3.965
190.8,3.965
190.8,3.965
190.8,3.965
190.8,3.965
190.7,3.965
190.7,3.965
190.7,3.965
190.7,3.965
190.7,3.965
190.7,3.965
190.7,3.965
190.7,3.965
190.7,3.965
190.7,3.965
190.7,3.965
190.7,3.965
190.7,3.965
190.7,3.965
190.7,3.965
190.7,3.965
190.7,3.965
190.7,3.965
190.7,3.965
190.7,3.965
190.7,3.965
190.7,3.965
190.7,3.965
190.7,3.965
190.7,3.965
190.7,3.965
190.7,3.965
190.7,3.965
190.7,3.965
190.7,3.965
190.7,3.965
190.7,3.965
190.7,3.965
190.7,3.965
190.7,3.965
190.7,3.965
190.6,3.965
190.6,3.965
190.6,3.965
190.6,3.965
190.6,3.965
190.6,3.965
190.6,3.965
190.6,3.965
190.6,3.965
190.6,3.965
190.6,3.965
190.6,3.965
190.6,3.965
190.6,3.965
190.6,3.965
190.6,3.965
190.6,3.965
190.6,3.965
190.6,3.965
190.6,3.965
190.6,3.965
190.6,3.965
190.6,3.965
190.6,3.965
190.6,3.965
190.6,3.965
190.6,3.965
190.6,3.965
190.6,3.965
190.6,3.965
190.6,3.965
190.6,3.965
190.6,3.965
190.6,3.965
190.6,3.965
190.6,3.965
190.6,3.965
190.6,3.965
190.6,3.965
190.6,3.965
190.6,3.965
190.6,3.965
190.6,3.965
190.6,3.965
190.6,3.965
190.6,3.965
190.6,3.965
190.6,3.965
190.6,3.965
190.6,3.965
190.6,3.965
190.6,3.965
190.6,3.965
190.6,3.965
190.6,3.965
190.6,3.965
190.6,3.965
190.6,3.965
190.6,3.965
190.6,3.965
190.6,3.965
190.6,3.965
190.6,3.965
190.6,3.965
190.6,3.965
190.6,3.965
190.6,3.965
190.6,3.965
190.6,3.965
190.6,3.965
190.6,3.965
190.6,3.965
190.6,3.965
190.6,3.965
190.6,3.965
190.6,3.965
190.6,3.965
190.6,3.965
190.6,3.965
190.6,3.965
190.6,3.965
190.6,3.965
190.6,3.965
190.6,3.965
190.6,3.965
190.6,3.965
190.6,3.965
190.6,3.965
190.6,3.965
190.6,3.965
190.6,3.965
190.6,3.965
190.6,3.965
190.6,3.965
190.6,3.965
190.6,3.965
190.6,3.965
190.6,3.965
190.6,3.965
190.6,3.965
190.6,3.965
190.6,3.965
190.6,3.965
190.6,3.965
190.6,3.965
190.6,3.965
190.6,3.965
190.6,3.965
190.6,3.965
190.6,3.965
190.6,3.965
190.6,3.965
190.6,3.965
190.6,3.965
190.6,3.965
190.6,3.965
190.6,3.965
190.6,3.965
190.6,3.965
190.6,3.965
190.6,3.965
190.6,3.965
190.6,3.965
190.6,3.965
190.6,3.965
190.6,3.965
190.6,3.965
190.5,3.965
190.5,3.965
190.5,3.965
190.5,3.965
190.5,3.965
190.5,3.965
190.5,3.965
190.5,3.965
190.5,3.965
190.5,3.965
190.5,3.965
190.5,3.965
190.5,3.965
190.5,3.965
190.5,3.965
190.5,3.965
190.5,3.965
190.5,3.965
190.5,3.965
190.5,3.965
190.5,3.965
190.5,3.965
190.5,3.965
190.5,3.965
190.5,3.965
190.5,3.965
190.5,3.965
190.5,3.965
190.5,3.965
190.5,3.965
190.5,3.965
190.5,3.965
190.5,3.965
190.5,3.965
190.5,3.965
190.5,3.965
190.5,3.965
190.5,3.965
190.5,3.965
190.5,3.965
190.5,3.965
190.5,3.965
190.5,3.965
190.5,3.965
190.5,3.965
190.5,3.965
190.5,3.965
190.5,3.965
190.5,3.965
190.5,3.965
190.5,3.965
190.5,3.965
190.5,3.965
190.5,3.965
190.5,3.965
190.5,3.965
190.5,3.965
190.5,3.965
190.5,3.965
190.5,3.965
190.5,3.965
190.5,3.965
190.5,3.965
190.5,3.965
190.5,3.965
190.5,3.965
190.5,3.965
190.5,3.965
190.5,3.965
190.5,3.965
190.5,3.965
190.5,3.965
190.5,3.965
190.5,3.965
190.5,3.965
190.5,3.965
190.5,3.965
190.5,3.965
190.5,3.965
190.5,3.965
190.5,3.965
190.5,3.965
190.5,3.965
190.5,3.965
190.5,3.965
190.5,3.965
190.5,3.965
190.5,3.965
190.5,3.965
190.5,3.965
190.5,3.965
190.5,3.965
190.5,3.965
190.5,3.965
190.5,3.965
190.5,3.965
190.5,3.965
190.5,3.965
190.5,3.965
190.5,3.965
190.5,3.965
190.5,3.965
190.5,3.965
190.5,3.965
190.5,3.965
190.5,3.965
190.5,3.965
190.5,3.965
190.5,3.965
190.5,3.965
190.5,3.965
190.5,3.965
190.5,3.965
190.5,3.965
190.5,3.965
190.5,3.965
190.5,3.965
190.5,3.965
190.5,3.965
190.5,3.965
190.5,3.965
190.5,3.965
190.5,3.965
190.5,3.965
190.5,3.965
190.5,3.965
190.5,3.965
190.5,3.965
190.5,3.965
190.5,3.965
190.5,3.965
190.5,3.965
190.5,3.965
190.5,3.965
190.5,3.965
190.5,3.965
190.5,3.965
190.5,3.965
190.5,3.965
190.5,3.965
190.5,3.965
190.5,3.965
190.5,3.965
190.5,3.965
190.5,3.965
190.5,3.965
190.5,3.965
190.5,3.965
190.5,3.965
190.5,3.965
190.5,3.965
190.5,3.965
190.5,3.965
190.5,3.965
190.5,3.965
190.5,3.965
190.5,3.965
190.5,3.965
190.5,3.965
190.5,3.965
190.5,3.965
190.5,3.965
190.5,3.965
190.5,3.965
190.5,3.965
190.5,3.965
190.5,3.965
190.5,3.965
190.5,3.965
190.5,3.965
190.5,3.965
190.5,3.965
190.5,3.965
190.5,3.965
190.5,3.965
190.5,3.965
190.5,3.965
190.5,3.965
190.5,3.965
190.5,3.965
190.5,3.965
190.5,3.965
190.5,3.965
190.5,3.965
190.4,3.965
190.4,3.965
190.4,3.965
190.4,3.965
190.4,3.965
190.4,3.965
190.4,3.965
190.4,3.965
190.4,3.965
190.4,3.965
190.4,3.965
190.4,3.965
190.4,3.965
190.4,3.965
190.4,3.965
190.4,3.965
190.4,3.965
190.4,3.965
190.4,3.965
190.4,3.965
190.4,3.965
190.4,3.965
190.4,3.965
190.4,3.965
190.4,3.965
190.4,3.965
190.4,3.965
190.4,3.965
190.4,3.965
190.4,3.965
190.4,3.965
190.4,3.965
190.4,3.965
190.4,3.965
190.4,3.965
190.4,3.965
190.4,3.965
190.4,3.965
190.4,3.965
190.4,3.965
190.4,3.965
190.4,3.965
190.4,3.965
190.4,3.965
190.4,3.965
190.4,3.965
190.4,3.965
190.4,3.965
190.4,3.965
190.4,3.965
190.4,3.965
190.4,3.965
190.4,3.965
190.4,3.965
190.4,3.965
190.4,3.965
190.4,3.965
190.4,3.965
190.4,3.965
190.4,3.965
190.4,3.965
190.4,3.965
190.4,3.965
190.4,3.965
190.4,3.965
190.4,3.965
190.4,3.965
190.4,3.965
190.4,3.965
190.4,3.965
190.4,3.965
190.4,3.965
190.4,3.965
190.4,3.965
190.4,3.965
190.4,3.965
190.4,3.965
190.4,3.965
190.4,3.965
190.4,3.965
190.4,3.965
190.4,3.965
190.4,3.965
190.4,3.965
190.4,3.965
190.4,3.965
190.4,3.965
190.3,3.965
190.3,3.965
190.3,3.965
190.3,3.965
190.3,3.965
190.3,3.965
190.3,3.965
190.3,3.965
190.3,3.965
190.3,3.965
190.3,3.965
190.3,3.965
190.3,3.965
190.3,3.965
190.3,3.965
190.3,3.965
190.3,3.965
190.3,3.965
190.3,3.965
190.3,3.965
190.3,3.965
190.3,3.965
190.3,3.965
190.3,3.965
190.3,3.965
190.3,3.965
190.3,3.965
190.3,3.965
190.3,3.965
190.3,3.965
190.3,3.965
190.3,3.965
190.3,3.965
190.3,3.965
190.3,3.965
190.3,3.965
190.3,3.965
190.3,3.965
190.2,3.965
190.2,3.965
190.2,3.965
190.2,3.965
190.2,3.965
190.2,3.965
190.2,3.965
190.2,3.965
190.2,3.965
190.2,3.965
190.2,3.965
190.2,3.965
190.2,3.965
190.2,3.965
190.2,3.965
190.2,3.965
190.2,3.965
190.2,3.965
190.2,3.965
190.1,3.965
190.1,3.965
190.1,3.965
190.1,3.965
190.1,3.965
190.1,3.965
190.1,3.965
190.1,3.965
190.1,3.965
190.1,3.965
190.1,3.965
190.1,3.965
190.1,3.965
190.1,3.965
190.1,3.965
190.1,3.965
190.1,3.965
190.1,3.965
190.1,3.965
190.1,3.965
190.1,3.965
190.1,3.965
190.1,3.965
190.1,3.965
190.1,3.965
190.1,3.965
190.1,3.965
190.1,3.965
190.1,3.965
190.1,3.965
190.1,3.965
190.1,3.965
190.1,3.965
190.1,3.965
190.1,3.965
190.1,3.965
190.1,3.965
190.0,3.965
190.0,3.965
190.0,3.965
190.0,3.965
190.0,3.965
190.0,3.965
190.0,3.965
190.0,3.965
190.0,3.965
190.0,3.965
190.0,3.965
190.0,3.965
190.0,3.965
190.0,3.965
189.9,3.965
190.0,3.965
190.0,3.965
190.0,3.965
190.0,3.965
190.0,3.965
190.0,3.965
190.0,3.965
190.0,3.965
190.0,3.965
190.0,3.965
190.0,3.965
190.0,3.965
189.9,3.965
189.9,3.965
189.9,3.965
189.9,3.965
189.9,3.965
189.9,3.965
189.9,3.965
189.9,3.965
189.9,3.965
189.9,3.965
189.9,3.965
189.9,3.965
189.9,3.965
189.9,3.965
189.9,3.965
189.9,3.965
189.9,3.965
189.9,3.965
189.9,3.965
189.9,3.965
189.9,3.965
189.9,3.965
189.9,3.965
189.9,3.965
189.9,3.965
189.9,3.965
189.9,3.965
189.9,3.965
189.9,3.965
189.9,3.965
189.9,3.965
189.9,3.965
189.9,3.965
189.9,3.965
189.9,3.965
189.9,3.965
189.9,3.965
189.9,3.965
189.9,3.965
189.9,3.965
189.9,3.965
189.9,3.965
189.9,3.965
189.9,3.965
189.9,3.965
189.9,3.965
189.9,3.965
189.9,3.965
189.9,3.965
189.9,3.965
189.9,3.965
189.9,3.965
189.9,3.965
189.9,3.965
189.9,3.965
189.9,3.965
189.9,3.965
189.9,3.965
189.9,3.965
189.9,3.965
189.9,3.965
189.9,3.965
189.9,3.965
189.9,3.965
189.9,3.965
189.9,3.965
189.9,3.965
189.9,3.965
189.9,3.965
189.9,3.965
189.9,3.965
189.9,3.965
189.9,3.965
189.9,3.965
189.9,3.965
189.9,3.965
189.9,3.965
189.9,3.965
189.9,3.965
189.9,3.965
189.9,3.965
189.9,3.965
189.9,3.965
189.9,3.965
189.9,3.965
189.9,3.965
189.9,3.965
189.9,3.965
189.9,3.965
189.9,3.965
189.9,3.965
189.9,3.965
189.9,3.965
189.9,3.965
189.9,3.965
189.9,3.965
189.9,3.965
189.9,3.965
189.9,3.965
189.9,3.965
189.9,3.965
189.9,3.965
189.9,3.965
189.9,3.965
189.9,3.965
189.9,3.965
189.9,3.965
189.9,3.965
189.9,3.965
189.9,3.965
189.9,3.965
189.9,3.965
189.9,3.965
189.9,3.965
189.9,3.965
189.9,3.965
189.9,3.965
189.9,3.965
189.9,3.965
189.9,3.965
189.9,3.965
189.9,3.965
189.9,3.965
189.9,3.965
189.9,3.965
189.9,3.965
189.9,3.965
189.9,3.965
189.9,3.965
189.9,3.965
189.9,3.965
189.9,3.965
189.9,3.965
189.9,3.965
189.9,3.965
189.9,3.965
189.9,3.965
189.9,3.965
189.9,3.965
189.9,3.965
189.9,3.965
189.9,3.965
189.9,3.965
189.9,3.965
189.9,3.965
189.9,3.965
189.9,3.965
189.9,3.965
189.9,3.965
189.9,3.965
189.9,3.965
189.9,3.965
189.9,3.965
189.9,3.965
189.9,3.965
189.9,3.965
189.9,3.965
189.9,3.965
189.9,3.965
189.9,3.965
189.9,3.965
189.9,3.965
189.9,3.965
189.9,3.965
189.9,3.965
189.9,3.965
189.9,3.965
189.9,3.965
189.9,3.965
189.9,3.965
189.9,3.965
189.9,3.965
189.9,3.965
189.9,3.965
189.9,3.965
189.9,3.965
189.9,3.965
189.9,3.965
189.9,3.965
189.9,3.965
189.9,3.965
189.9,3.965
189.9,3.965
189.9,3.965
189.9,3.965
189.9,3.965
189.9,3.965
189.9,3.965
189.9,3.965
189.9,3.965
189.9,3.965
189.9,3.965
189.9,3.965
189.9,3.965
189.9,3.965
189.9,3.965
189.9,3.965
189.9,3.965
189.9,3.965
189.9,3.965
189.9,3.965
189.9,3.965
189.9,3.965
189.9,3.965
189.9,3.965
189.9,3.965
189.9,3.965
189.9,3.965
189.9,3.965
189.9,3.965
189.9,3.965
189.9,3.965
189.9,3.965
189.9,3.965
189.9,3.965
189.9,3.965
189.9,3.965
189.9,3.965
189.9,3.965
189.9,3.965
189.9,3.965
189.9,3.965
189.9,3.965
189.9,3.965
189.9,3.965
189.9,3.965
189.9,3.965
189.9,3.965
189.9,3.965
189.9,3.965
189.9,3.965
189.9,3.965
189.9,3.965
189.9,3.965
189.9,3.965
189.9,3.965
189.9,3.965
189.9,3.965
189.9,3.965
189.9,3.965
189.9,3.965
189.8,3.965
189.8,3.965
189.8,3.965
189.8,3.965
189.8,3.965
189.8,3.965
189.8,3.965
189.8,3.965
189.8,3.965
189.8,3.965
189.8,3.965
189.8,3.965
189.8,3.965
189.8,3.965
189.8,3.965
189.8,3.965
189.8,3.965
189.7,3.965
189.7,3.965
189.7,3.965
189.7,3.965
189.7,3.965
189.7,3.965
189.7,3.965
189.7,3.965
189.6,3.965
189.6,3.965
189.6,3.965
189.6,3.965
189.6,3.965
189.6,3.965
189.6,3.965
189.6,3.965
189.6,3.965
189.6,3.965
189.6,3.965
189.5,3.965
189.5,3.965
189.5,3.965
189.5,3.965
189.5,3.965
189.5,3.965
189.5,3.965
189.5,3.965
189.5,3.965
189.5,3.965
189.5,3.965
189.5,3.965
189.4,3.965
189.4,3.965
189.4,3.965
189.4,3.965
189.4,3.965
189.4,3.965
189.4,3.965
189.4,3.965
189.4,3.965
189.4,3.965
189.4,3.965
189.4,3.965
189.3,3.965
189.3,3.965
189.3,3.965
189.3,3.965
189.3,3.965
189.3,3.965
189.3,3.965
189.2,3.965
189.2,3.965
189.1,3.965
189.1,3.965
189.1,3.965
189.1,3.965
189.1,3.965
189.1,3.965
189.1,3.965
189.1,3.965
189.1,3.965
189.1,3.965
189.1,3.965
189.1,3.965
189.1,3.965
189.1,3.965
189.1,3.965
189.0,3.965
189.0,3.965
189.0,3.965
189.0,3.965
189.0,3.965
188.9,3.965
188.9,3.965
188.9,3.965
188.9,3.965
188.9,3.965
188.9,3.965
188.9,3.965
188.9,3.965
188.8,3.965
188.8,3.965
188.8,3.965
188.8,3.965
188.8,3.965
188.8,3.965
188.8,3.965
188.8,3.965
188.8,3.965
188.8,3.965
188.7,3.965
188.7,3.965
188.7,3.965
188.7,3.965
188.7,3.965
188.7,3.965
188.7,3.965
188.6,3.965
188.6,3.965
188.6,3.965
188.6,3.965
188.6,3.965
188.6,3.965
188.6,3.965
188.6,3.965
188.6,3.965
188.5,3.965
188.5,3.965
188.5,3.965
188.5,3.965
188.5,3.965
188.5,3.965
188.5,3.965
188.5,3.965
188.5,3.965
188.5,3.965
188.4,3.965
188.4,3.965
188.4,3.965
188.4,3.965
188.4,3.965
188.4,3.965
188.4,3.965
188.4,3.965
188.4,3.965
188.4,3.965
188.4,3.965
188.4,3.965
188.4,3.965
188.4,3.965
188.3,3.965
188.3,3.965
188.3,3.965
188.3,3.965
188.3,3.965
188.3,3.965
188.2,3.965
188.2,3.965
188.2,3.965
188.2,3.965
188.2,3.965
188.2,3.965
188.1,3.965
188.1,3.965
188.1,3.965
188.1,3.965
188.1,3.965
188.1,3.965
188.1,3.965
188.1,3.965
188.1,3.965
188.0,3.965
188.0,3.965
188.0,3.965
188.0,3.965
188.0,3.965
188.0,3.965
188.0,3.965
188.0,3.965
187.9,3.965
187.9,3.965
187.9,3.965
187.9,3.965
187.9,3.965
187.9,3.965
187.8,3.965
187.8,3.965
187.7,3.965
187.7,3.965
187.7,3.965
187.7,3.965
187.7,3.965
187.7,3.965
187.7,3.965
187.7,3.965
187.7,3.965
187.6,3.965
187.6,3.965
187.5,3.965
187.5,3.965
187.5,3.965
187.5,3.965
187.5,3.965
187.4,3.965
187.4,3.965
187.4,3.965
187.3,3.965
187.3,3.965
187.3,3.965
187.3,3.965
187.3,3.965
187.3,3.965
187.2,3.965
187.2,3.965
187.2,3.965
187.2,3.965
187.2,3.965
187.2,3.965
187.1,3.965
187.1,3.965
187.0,3.965
187.0,3.965
187.0,3.965
187.0,3.965
186.9,3.965
186.9,3.965
186.9,3.965
186.8,3.965
186.8,3.965
186.8,3.965
186.7,3.965
186.7,3.965
186.7,3.965
186.7,3.965
186.6,3.965
186.6,3.965
186.6,3.965
186.6,3.965
186.6,3.965
186.5,3.965
186.5,3.965
186.4,3.965
186.4,3.965
186.4,3.965
186.4,3.965
186.3,3.965
186.3,3.965
186.2,3.965
186.2,3.965
186.2,3.965
186.2,3.965
186.1,3.965
186.1,3.965
186.1,3.965
186.1,3.965
186.0,3.965
186.0,3.965
185.9,3.965
185.9,3.965
185.9,3.965
185.9,3.965
185.8,3.965
185.8,3.965
185.7,3.965
185.7,3.965
185.7,3.965
185.7,3.965
185.6,3.965
185.6,3.965
185.6,3.965
185.5,3.965
185.5,3.965
185.5,3.965
185.4,3.965
185.4,3.965
185.4,3.965
185.3,3.965
185.3,3.965
185.3,3.965
185.2,3.965
185.2,3.965
185.2,3.965
185.1,3.965
185.1,3.965
185.1,3.965
185.0,3.965
184.9,3.965
184.9,3.965
184.8,3.965
184.8,3.965
184.7,3.965
184.7,3.965
184.7,3.965
184.7,3.965
184.6,3.965
184.6,3.965
184.6,3.965
184.5,3.965
184.5,3.960
184.4,3.960
184.4,3.960
184.4,3.960
184.3,3.960
184.3,3.960
184.2,3.960
184.2,3.960
184.2,3.960
184.1,3.960
184.1,3.960
184.0,3.960
184.0,3.960
183.9,3.960
183.9,3.960
183.8,3.960
183.8,3.960
183.7,3.960
183.7,3.960
183.6,3.960
183.6,3.960
183.5,3.960
183.5,3.960
183.4,3.960
183.4,3.960
183.4,3.960
183.4,3.960
183.3,3.960
183.3,3.960
183.3,3.960
183.2,3.960
183.2,3.960
183.1,3.960
183.1,3.960
183.0,3.960
183.0,3.960
182.9,3.960
182.9,3.960
182.9,3.960
182.8,3.960
182.8,3.960
182.8,3.960
182.7,3.960
182.6,3.960
182.6,3.960
182.5,3.960
182.5,3.960
182.4,3.960
182.4,3.960
182.3,3.960
182.3,3.960
182.2,3.960
182.2,3.960
182.1,3.960
182.0,3.960
182.0,3.960
182.0,3.960
181.9,3.960
181.9,3.960
181.8,3.960
181.8,3.960
181.7,3.960
181.7,3.960
181.6,3.960
181.6,3.960
181.5,3.960
181.5,3.960
181.5,3.960
181.4,3.960
181.3,3.960
181.3,3.960
181.3,3.960
181.2,3.960
181.2,3.960
181.1,3.960
181.1,3.960
181.0,3.960
181.0,3.960
180.9,3.960
180.9,3.960
180.8,3.960
180.8,3.960
180.7,3.960
180.7,3.960
180.6,3.960
180.6,3.960
180.5,3.960
180.4,3.960
180.4,3.960
180.3,3.960
180.3,3.960
180.2,3.960
180.2,3.960
180.2,3.960
180.1,3.960
180.0,3.960
180.0,3.960
179.9,3.960
179.8,3.960
179.8,3.960
179.7,3.960
179.7,3.960
179.6,3.960
179.6,3.960
179.6,3.960
179.5,3.960
179.5,3.960
179.4,3.960
179.3,3.960
179.3,3.960
179.2,3.960
179.1,3.960
179.1,3.960
179.0,3.955
178.9,3.955
178.9,3.955
178.8,3.955
178.7,3.955
178.7,3.955
178.6,3.955
178.6,3.955
178.5,3.955
178.5,3.955
178.4,3.955
178.3,3.955
178.3,3.955
178.2,3.955
178.2,3.955
178.1,3.955
178.0,3.955
178.0,3.955
177.9,3.955
177.8,3.955
177.7,3.955
177.6,3.955
177.6,3.955
177.5,3.955
177.5,3.955
177.4,3.955
177.3,3.955
177.3,3.955
177.2,3.955
177.1,3.955
177.0,3.955
176.9,3.955
176.9,3.955
176.8,3.955
176.7,3.955
176.6,3.955
176.6,3.955
176.5,3.955
176.4,3.955
176.3,3.955
176.2,3.955
176.2,3.955
176.1,3.955
176.0,3.955
175.9,3.955
175.9,3.955
175.8,3.955
175.7,3.955
175.6,3.955
175.6,3.955
175.5,3.955
175.4,3.955
175.3,3.955
175.2,3.955
175.1,3.955
175.0,3.955
174.9,3.955
174.9,3.955
174.8,3.955
174.7,3.955
174.6,3.955
174.5,3.955
174.4,3.955
174.3,3.955
174.2,3.955
174.2,3.955
174.1,3.955
174.0,3.955
173.9,3.955
173.8,3.955
173.7,3.955
173.6,3.950
173.5,3.950
173.4,3.950
173.3,3.950
173.2,3.950
173.1,3.950
173.0,3.950
172.9,3.950
172.8,3.950
172.7,3.950
172.6,3.950
172.5,3.950
172.4,3.950
172.3,3.950
172.2,3.950
172.1,3.950
172.0,3.950
171.9,3.950
171.8,3.950
171.7,3.950
171.6,3.950
171.5,3.950
171.4,3.950
171.3,3.950
171.2,3.950
171.1,3.950
171.0,3.950
170.9,3.950
170.8,3.950
170.7,3.950
170.6,3.950
170.5,3.950
170.4,3.950
170.3,3.950
170.2,3.950
170.1,3.950
170.0,3.950
169.9,3.950
169.7,3.950
169.7,3.950
169.6,3.950
169.4,3.950
169.3,3.950
169.2,3.950
169.1,3.950
169.0,3.950
168.9,3.950
168.8,3.950
168.7,3.950
168.6,3.945
168.5,3.945
168.4,3.945
168.3,3.945
168.2,3.945
168.1,3.945
168.0,3.945
167.9,3.945
167.8,3.945
167.7,3.945
167.5,3.945
167.4,3.945
167.3,3.945
167.2,3.945
167.1,3.945
167.0,3.945
166.8,3.945
166.8,3.945
166.6,3.945
166.5,3.945
166.4,3.945
166.3,3.945
166.2,3.945
166.1,3.945
166.0,3.945
165.9,3.945
165.7,3.945
165.6,3.945
165.5,3.945
165.4,3.945
165.3,3.945
165.1,3.945
165.1,3.945
164.9,3.945
164.8,3.945
164.7,3.945
164.6,3.945
164.5,3.945
164.4,3.945
164.2,3.945
164.1,3.945
164.0,3.945
163.9,3.945
163.8,3.945
163.6,3.945
163.5,3.945
163.4,3.945
163.3,3.940
163.1,3.940
163.0,3.940
162.9,3.940
162.8,3.940
162.7,3.940
162.6,3.940
162.5,3.940
162.3,3.940
162.2,3.940
162.1,3.940
161.9,3.940
161.8,3.940
161.7,3.940
161.5,3.940
161.4,3.940
161.3,3.940
161.2,3.940
161.0,3.940
160.9,3.940
160.8,3.940
160.6,3.940
160.5,3.940
160.4,3.940
160.3,3.940
160.1,3.940
160.0,3.940
159.8,3.940
159.7,3.940
159.6,3.940
159.5,3.940
159.3,3.940
159.2,3.940
159.1,3.940
158.9,3.940
158.8,3.940
158.6,3.940
158.5,3.940
158.4,3.940
158.2,3.940
158.1,3.940
157.9,3.940
157.8,3.935
157.6,3.935
157.5,3.935
157.4,3.935
157.2,3.935
157.1,3.935
156.9,3.935
156.8,3.935
156.7,3.935
156.5,3.935
156.4,3.935
156.2,3.935
156.1,3.935
155.9,3.935
155.8,3.935
155.7,3.935
155.5,3.935
155.3,3.935
155.2,3.935
155.0,3.935
154.9,3.935
154.7,3.935
154.6,3.935
154.4,3.935
154.3,3.935
154.1,3.935
154.0,3.935
153.8,3.935
153.6,3.935
153.5,3.935
153.3,3.935
153.2,3.935
153.0,3.935
152.9,3.935
152.7,3.935
152.6,3.930
152.4,3.930
152.2,3.930
152.1,3.930
151.9,3.930
151.7,3.930
151.5,3.930
151.4,3.930
151.2,3.930
151.1,3.930
150.9,3.930
150.7,3.930
150.5,3.930
150.4,3.930
150.2,3.930
150.0,3.930
149.9,3.930
149.7,3.930
149.6,3.930
149.4,3.930
149.2,3.930
149.1,3.930
148.9,3.930
148.8,3.930
148.6,3.930
148.4,3.930
148.2,3.930
148.1,3.930
147.9,3.930
147.7,3.930
147.5,3.930
147.3,3.925
147.1,3.925
147.0,3.925
146.8,3.925
146.7,3.925
146.5,3.925
146.3,3.925
146.1,3.925
146.0,3.925
145.8,3.925
145.6,3.925
145.4,3.925
145.2,3.925
145.1,3.925
144.9,3.925
144.7,3.925
144.5,3.925
144.3,3.925
144.1,3.925
144.0,3.925
143.8,3.925
143.6,3.925
143.5,3.925
143.3,3.925
143.1,3.925
142.9,3.925
142.7,3.925
142.5,3.925
142.3,3.925
142.1,3.920
141.9,3.920
141.7,3.920
141.5,3.920
141.4,3.920
141.2,3.920
141.0,3.920
140.8,3.920
140.6,3.920
140.4,3.920
140.2,3.920
140.0,3.920
139.8,3.920
139.7,3.920
139.5,3.920
139.3,3.920
139.0,3.920
138.8,3.920
138.6,3.920
138.4,3.920
138.2,3.920
138.0,3.920
137.8,3.920
137.6,3.920
137.4,3.920
137.2,3.920
137.0,3.920
136.8,3.920
136.6,3.915
136.4,3.915
136.2,3.915
136.0,3.915
135.8,3.915
135.6,3.915
135.4,3.915
135.2,3.915
135.0,3.915
134.8,3.915
134.6,3.915
134.4,3.915
134.2,3.915
134.0,3.915
133.7,3.915
133.5,3.915
133.3,3.915
133.1,3.915
132.9,3.915
132.7,3.915
132.5,3.915
132.3,3.915
132.1,3.915
131.9,3.915
131.7,3.915
131.4,3.915
131.2,3.910
131.0,3.910
130.8,3.910
130.6,3.910
130.3,3.910
130.1,3.910
129.9,3.910
129.7,3.910
129.5,3.910
129.3,3.910
129.0,3.910
128.8,3.910
128.6,3.910
128.4,3.910
128.2,3.910
127.9,3.910
127.7,3.910
127.5,3.910
127.2,3.910
127.0,3.910
126.8,3.910
126.6,3.910
126.4,3.910
126.1,3.910
125.9,3.910
125.7,3.905
125.4,3.905
125.2,3.905
125.0,3.905
124.7,3.905
124.5,3.905
124.3,3.905
124.0,3.905
123.8,3.905
123.5,3.905
123.3,3.905
123.1,3.905
122.8,3.905
122.6,3.905
122.4,3.905
122.1,3.905
121.9,3.905
121.6,3.905
121.4,3.905
121.2,3.905
120.9,3.905
120.7,3.900
120.4,3.900
120.2,3.900
119.9,3.900
119.7,3.900
119.4,3.900
119.2,3.900
118.9,3.900
118.7,3.900
118.4,3.900
118.2,3.900
117.9,3.900
117.7,3.900
117.4,3.900
117.2,3.900
116.9,3.900
116.7,3.900
116.4,3.900
116.2,3.900
115.9,3.900
115.7,3.900
115.4,3.900
115.2,3.895
114.9,3.895
114.7,3.895
114.4,3.895
114.1,3.895
113.9,3.895
113.6,3.895
113.4,3.895
113.1,3.895
112.9,3.895
112.6,3.895
112.4,3.895
112.1,3.895
111.9,3.895
111.6,3.895
111.4,3.895
111.2,3.895
110.9,3.895
110.7,3.895
110.4,3.895
110.2,3.895
109.9,3.895
109.6,3.890
109.4,3.890
109.1,3.890
108.9,3.890
108.6,3.890
108.3,3.890
108.1,3.890
107.9,3.890
107.6,3.890
107.4,3.890
107.2,3.890
106.9,3.890
106.7,3.890
106.4,3.890
106.2,3.890
105.9,3.890
105.7,3.890
105.5,3.890
105.2,3.890
105.0,3.890
104.7,3.890
104.5,3.885
104.2,3.885
104.0,3.885
103.7,3.885
103.5,3.885
103.3,3.885
103.1,3.885
102.8,3.885
102.6,3.885
102.3,3.885
102.1,3.885
101.9,3.885
101.6,3.885
101.4,3.885
101.2,3.885
101.0,3.885
100.7,3.885
100.5,3.885
100.3,3.885
100.1,3.885
99.9,3.885
99.6,3.880
99.4,3.880
99.2,3.880
99.0,3.880
98.7,3.880
98.5,3.880
98.3,3.880
98.0,3.880
97.8,3.880
97.6,3.880
97.4,3.880
97.2,3.880
97.0,3.880
96.7,3.880
96.5,3.880
96.3,3.880
96.1,3.880
95.9,3.880
95.7,3.880
95.5,3.880
95.3,3.880
95.1,3.880
94.9,3.880
94.6,3.880
94.4,3.880
94.2,3.875
94.1,3.875
93.9,3.875
93.7,3.875
93.5,3.875
93.3,3.875
93.1,3.875
92.9,3.875
92.7,3.875
92.5,3.875
92.3,3.875
92.1,3.875
91.9,3.875
91.7,3.875
91.5,3.875
91.3,3.875
91.1,3.875
90.9,3.875
90.7,3.875
90.5,3.875
90.3,3.875
90.1,3.875
89.9,3.875
89.8,3.875
89.6,3.875
89.4,3.875
89.2,3.875
89.1,3.870
88.9,3.870
88.7,3.870
88.5,3.870
88.3,3.870
88.1,3.870
88.0,3.870
87.8,3.870
87.6,3.870
87.4,3.870
87.3,3.870
87.1,3.870
87.0,3.870
86.8,3.870
86.6,3.870
86.4,3.870
86.3,3.870
86.1,3.870
85.9,3.870
85.7,3.870
85.6,3.870
85.4,3.870
85.2,3.870
85.1,3.870
84.9,3.870
84.8,3.870
84.6,3.870
84.5,3.870
84.3,3.870
84.1,3.865
84.0,3.865
83.8,3.865
83.6,3.865
83.5,3.865
83.3,3.865
83.1,3.865
83.0,3.865
82.8,3.865
82.7,3.865
82.5,3.865
82.4,3.865
82.2,3.865
82.1,3.865
81.9,3.865
81.8,3.865
81.6,3.865
81.5,3.865
81.3,3.865
81.2,3.865
81.1,3.865
80.9,3.865
80.8,3.865
80.6,3.865
80.5,3.865
80.4,3.865
80.2,3.865
80.1,3.865
80.0,3.865
79.8,3.865
79.7,3.865
79.6,3.865
79.4,3.865
79.3,3.865
79.2,3.865
79.0,3.865
78.9,3.860
78.7,3.860
78.6,3.860
78.5,3.860
78.3,3.860
78.2,3.860
78.1,3.860
78.0,3.860
77.9,3.860
77.7,3.860
77.6,3.860
77.5,3.860
77.4,3.860
77.2,3.860
77.1,3.860
77.0,3.860
76.8,3.860
76.7,3.860
76.6,3.860
76.5,3.860
76.4,3.860
76.3,3.860
76.1,3.860
76.0,3.860
75.9,3.860
75.8,3.860
75.7,3.860
75.6,3.860
75.5,3.860
75.3,3.860
75.2,3.860
75.1,3.860
75.0,3.860
74.9,3.860
74.8,3.860
74.7,3.860
74.6,3.860
74.5,3.860
74.4,3.860
74.3,3.860
74.2,3.860
74.1,3.860
73.9,3.860
73.8,3.860
73.7,3.860
73.6,3.860
73.5,3.855
73.4,3.855
73.3,3.855
73.2,3.855
73.1,3.855
73.0,3.855
72.9,3.855
72.8,3.855
72.7,3.855
72.6,3.855
72.5,3.855
72.4,3.855
72.3,3.855
72.2,3.855
72.1,3.855
72.0,3.855
71.9,3.855
71.8,3.855
71.7,3.855
71.6,3.855
71.5,3.855
71.4,3.855
71.2,3.855
71.1,3.855
71.0,3.855
70.9,3.855
70.8,3.855
70.7,3.855
70.6,3.855
70.5,3.855
70.4,3.855
70.4,3.855
70.3,3.855
70.2,3.855
70.1,3.855
70.0,3.855
69.9,3.855
69.8,3.855
69.7,3.855
69.6,3.855
69.5,3.855
69.3,3.855
69.2,3.855
69.2,3.855
69.0,3.855
68.9,3.855
68.8,3.855
68.7,3.855
68.6,3.855
68.5,3.855
68.4,3.855
68.4,3.855
68.3,3.850
68.2,3.850
68.1,3.850
68.0,3.850
67.9,3.850
67.8,3.850
67.7,3.850
67.7,3.850
67.6,3.850
67.5,3.850
67.4,3.850
67.3,3.850
67.2,3.850
67.1,3.850
67.0,3.850
66.9,3.850
66.8,3.850
66.7,3.850
66.6,3.850
66.5,3.850
66.4,3.850
66.3,3.850
66.2,3.850
66.1,3.850
66.0,3.850
65.9,3.850
65.9,3.850
65.8,3.850
65.7,3.850
65.6,3.850
65.5,3.850
65.4,3.850
65.3,3.850
65.2,3.850
65.1,3.850
65.0,3.850
64.9,3.850
64.8,3.850
64.7,3.850
64.6,3.850
64.5,3.850
64.4,3.850
64.3,3.850
64.2,3.850
64.2,3.850
64.1,3.850
64.0,3.850
63.9,3.850
63.8,3.850
63.7,3.850
63.6,3.850
63.5,3.850
63.4,3.850
63.3,3.850
63.2,3.845
63.1,3.845
63.1,3.845
63.0,3.845
62.9,3.845
62.8,3.845
62.7,3.845
62.6,3.845
62.5,3.845
62.4,3.845
62.3,3.845
62.2,3.845
62.2,3.845
62.1,3.845
62.0,3.845
61.9,3.845
61.8,3.845
61.7,3.845
61.6,3.845
61.5,3.845
61.4,3.845
61.3,3.845
61.2,3.845
61.2,3.845
61.1,3.845
61.0,3.845
60.9,3.845
60.8,3.845
60.7,3.845
60.6,3.845
60.5,3.845
60.4,3.845
60.3,3.845
60.3,3.845
60.2,3.845
60.1,3.845
60.0,3.845
59.9,3.845
59.8,3.845
59.8,3.845
59.7,3.845
59.6,3.845
59.5,3.845
59.4,3.845
59.4,3.845
59.3,3.845
59.2,3.845
59.1,3.845
59.0,3.845
58.9,3.845
58.9,3.845
58.8,3.845
58.7,3.845
58.6,3.845
58.5,3.845
58.4,3.845
58.4,3.845
58.3,3.845
58.2,3.845
58.1,3.845
58.0,3.840
57.9,3.840
57.9,3.840
57.8,3.840
57.7,3.840
57.6,3.840
57.5,3.840
57.4,3.840
57.4,3.840
57.3,3.840
57.2,3.840
57.1,3.840
57.0,3.840
57.0,3.840
56.9,3.840
56.8,3.840
56.7,3.840
56.6,3.840
56.5,3.840
56.5,3.840
56.4,3.840
56.3,3.840
56.2,3.840
56.2,3.840
56.1,3.840
56.0,3.840
55.9,3.840
55.9,3.840
55.8,3.840
55.7,3.840
55.6,3.840
55.5,3.840
55.5,3.840
55.4,3.840
55.3,3.840
55.2,3.840
55.2,3.840
55.1,3.840
55.0,3.840
54.9,3.840
54.8,3.840
54.8,3.840
54.7,3.840
54.6,3.840
54.5,3.840
54.4,3.840
54.4,3.840
54.3,3.840
54.2,3.840
54.2,3.840
54.1,3.840
54.0,3.840
53.9,3.840
53.8,3.840
53.7,3.840
53.6,3.840
53.5,3.840
53.5,3.840
53.4,3.840
53.3,3.840
53.3,3.840
53.2,3.840
53.1,3.840
53.0,3.840
53.0,3.840
52.9,3.840
52.8,3.840
52.7,3.840
52.6,3.835
52.6,3.835
52.5,3.835
52.4,3.835
52.3,3.835
52.2,3.835
52.2,3.835
52.1,3.835
52.0,3.835
51.9,3.835
51.8,3.835
51.8,3.835
51.7,3.835
51.6,3.835
51.5,3.835
51.4,3.835
51.3,3.835
51.3,3.835
51.2,3.835
51.1,3.835
51.1,3.835
51.0,3.835
50.9,3.835
50.8,3.835
50.7,3.835
50.7,3.835
50.6,3.835
50.5,3.835
50.4,3.835
50.4,3.835
50.3,3.835
50.2,3.835
50.1,3.835
50.0,3.835
49.9,3.835
49.8,3.835
49.7,3.835
49.6,3.835
49.6,3.835
49.5,3.835
49.4,3.835
49.4,3.835
49.3,3.835
49.2,3.835
49.2,3.835
49.1,3.835
49.0,3.835
48.9,3.835
48.9,3.835
48.8,3.835
48.7,3.835
48.6,3.835
48.5,3.835
48.5,3.835
48.4,3.835
48.3,3.835
48.3,3.835
48.2,3.835
48.1,3.835
48.0,3.835
48.0,3.835
47.9,3.835
47.8,3.835
47.7,3.835
47.6,3.835
47.6,3.835
47.5,3.835
47.4,3.830
47.3,3.830
47.2,3.830
47.2,3.830
47.1,3.830
47.0,3.830
46.9,3.830
46.9,3.830
46.8,3.830
46.7,3.830
46.6,3.830
46.5,3.830
46.5,3.830
46.4,3.830
46.3,3.830
46.2,3.830
46.1,3.830
46.0,3.830
46.0,3.830
45.9,3.830
45.8,3.830
45.7,3.830
45.7,3.830
45.6,3.830
45.5,3.830
45.5,3.830
45.4,3.830
45.3,3.830
45.2,3.830
45.2,3.830
45.1,3.830
45.0,3.830
44.9,3.830
44.9,3.830
44.8,3.830
44.7,3.830
44.6,3.830
44.6,3.830
44.6,3.830
44.5,3.830
44.4,3.830
44.4,3.830
44.3,3.830
44.3,3.830
44.2,3.830
44.1,3.830
44.1,3.830
44.0,3.830
43.9,3.830
43.9,3.830
43.8,3.830
43.7,3.830
43.7,3.830
43.6,3.830
43.5,3.830
43.5,3.830
43.4,3.830
43.4,3.830
43.4,3.830
43.4,3.830
43.3,3.830
43.3,3.830
43.4,3.830
43.4,3.830
43.4,3.830
43.5,3.830
43.6,3.830
43.7,3.830
43.8,3.830
43.9,3.830
44.0,3.830
44.0,3.830
44.0,3.830
44.1,3.830
44.1,3.830
44.0,3.825
44.0,3.825
43.9,3.825
43.9,3.825
43.8,3.825
43.8,3.825
43.8,3.825
43.8,3.825
43.7,3.825
43.7,3.825
43.7,3.825
43.7,3.825
43.7,3.825
43.8,3.825
43.8,3.825
43.9,3.825
43.9,3.825
43.9,3.825
44.0,3.825
44.0,3.825
44.0,3.825
44.0,3.825
44.0,3.825
44.0,3.825
43.9,3.825
43.8,3.825
43.8,3.825
43.8,3.825
43.8,3.825
43.8,3.825
43.8,3.825
43.8,3.825
43.8,3.825
43.8,3.825
44.0,3.825
44.0,3.825
44.0,3.825
44.0,3.825
44.0,3.825
44.0,3.825
44.0,3.825
44.0,3.825
44.0,3.825
44.0,3.825
43.9,3.825
43.9,3.825
43.8,3.825
43.8,3.825
43.8,3.825
43.8,3.825
43.8,3.825
43.8,3.825
43.8,3.825
43.8,3.825
43.9,3.825
43.8,3.825
43.9,3.825
43.9,3.825
43.9,3.825
43.9,3.825
43.9,3.825
43.9,3.825
43.9,3.825
43.9,3.825
43.9,3.825
43.9,3.825
43.9,3.825
43.9,3.825
43.9,3.825
43.9,3.825
43.9,3.825
43.9,3.825
43.9,3.825
43.8,3.825
43.8,3.825
43.8,3.825
43.8,3.825
43.8,3.825
43.9,3.825
43.9,3.825
43.9,3.825
43.9,3.825
43.9,3.825
43.9,3.825
43.9,3.825
43.9,3.825
43.9,3.825
43.9,3.820
43.9,3.820
43.9,3.820
43.8,3.820
43.8,3.820
43.8,3.820
43.8,3.820
43.8,3.820
43.8,3.820
43.9,3.820
43.9,3.820
43.9,3.820
43.9,3.820
43.9,3.820
43.9,3.820
43.9,3.820
43.9,3.820
43.9,3.820
43.9,3.820
43.9,3.820
43.9,3.820
43.8,3.820
43.8,3.820
43.9,3.820
43.9,3.820
43.9,3.820
43.9,3.820
43.9,3.820
43.9,3.820
43.9,3.820
43.9,3.820
43.9,3.820
43.9,3.820
43.9,3.820
43.9,3.820
43.9,3.820
43.9,3.820
43.9,3.820
43.9,3.820
43.9,3.820
43.9,3.820
43.9,3.820
43.9,3.820
43.9,3.820
43.9,3.820
43.9,3.820
43.9,3.820
43.9,3.820
43.8,3.820
43.8,3.820
43.8,3.820
43.8,3.820
43.8,3.820
43.8,3.820
43.8,3.820
43.8,3.820
43.8,3.820
43.9,3.820
43.9,3.820
43.9,3.820
43.9,3.820
43.9,3.820
43.9,3.820
43.9,3.820
43.9,3.820
43.9,3.820
43.9,3.820
43.9,3.820
43.9,3.820
43.9,3.820
43.9,3.820
43.9,3.820
43.9,3.820
43.9,3.820
43.9,3.820
43.9,3.820
43.9,3.820
43.9,3.820
43.9,3.820
43.9,3.820
43.9,3.820
43.9,3.820
43.9,3.820
43.9,3.820
43.9,3.820
43.9,3.820
43.9,3.820
43.9,3.820
43.9,3.820
43.9,3.820
43.9,3.820
43.9,3.820
43.9,3.820
43.9,3.820
43.9,3.820
43.9,3.820
43.9,3.820
43.9,3.820
43.9,3.820
43.9,3.820
43.9,3.820
43.9,3.815
43.9,3.815
43.8,3.815
43.8,3.815
43.8,3.815
43.8,3.815
43.8,3.815
43.8,3.815
43.8,3.815
43.8,3.815
43.8,3.815
43.8,3.815
43.8,3.815
43.8,3.815
43.8,3.815
43.8,3.815
43.8,3.815
43.8,3.815
43.9,3.815
43.9,3.815
43.9,3.815
43.9,3.815
43.9,3.815
43.9,3.815
43.9,3.815
43.9,3.815
43.9,3.815
43.9,3.815
43.9,3.815
43.9,3.815
43.9,3.815
43.9,3.815
43.9,3.815
43.9,3.815
43.9,3.815
43.9,3.815
43.9,3.815
43.9,3.815
43.9,3.815
43.9,3.815
43.9,3.815
43.9,3.815
43.9,3.815
43.9,3.815
43.9,3.815
43.9,3.815
43.9,3.815
43.9,3.815
43.9,3.815
43.9,3.815
43.8,3.815
43.8,3.815
43.8,3.815
43.8,3.815
43.8,3.815
43.8,3.815
43.8,3.815
43.8,3.815
43.8,3.815
43.8,3.815
43.8,3.815
43.8,3.815
43.8,3.815
43.8,3.815
43.8,3.815
43.8,3.815
43.8,3.815
43.8,3.815
43.8,3.815
43.8,3.815
43.8,3.815
43.8,3.815
43.8,3.815
43.8,3.815
43.8,3.815
43.8,3.815
43.8,3.815
43.8,3.815
43.8,3.810
43.8,3.810
43.8,3.810
43.8,3.810
43.8,3.810
43.8,3.810
43.8,3.810
43.8,3.810
43.8,3.810
43.8,3.810
43.8,3.810
43.8,3.810
43.8,3.810
43.8,3.810
43.8,3.810
43.8,3.810
43.8,3.810
43.8,3.810
43.8,3.810
43.8,3.810
43.8,3.810
43.8,3.810
43.8,3.810
43.8,3.810
43.8,3.810
43.8,3.810
43.8,3.810
43.8,3.810
43.8,3.810
43.8,3.810
43.7,3.810
43.7,3.810
43.7,3.810
43.7,3.810
43.7,3.810
43.7,3.810
43.7,3.810
43.7,3.810
43.7,3.810
43.7,3.810
43.7,3.810
43.7,3.810
43.7,3.810
43.7,3.810
43.7,3.810
43.7,3.810
43.7,3.810
43.7,3.810
43.7,3.810
43.7,3.810
43.7,3.810
43.7,3.810
43.7,3.810
43.7,3.810
43.7,3.810
43.7,3.810
43.7,3.810
43.7,3.810
43.7,3.810
43.7,3.810
43.7,3.810
43.7,3.810
43.7,3.810
43.7,3.810
43.7,3.810
43.7,3.810
43.7,3.810
43.7,3.810
43.7,3.810
43.7,3.805
43.7,3.805
43.7,3.805
43.7,3.805
43.7,3.805
43.7,3.805
43.7,3.805
43.7,3.805
43.7,3.805
43.7,3.805
43.7,3.805
43.7,3.805
43.7,3.805
43.7,3.805
43.7,3.805
43.7,3.805
43.7,3.805
43.7,3.805
43.7,3.805
43.7,3.805
43.7,3.805
43.7,3.805
43.7,3.805
43.7,3.805
43.7,3.805
43.7,3.805
43.7,3.805
43.7,3.805
43.7,3.805
43.7,3.805
43.7,3.805
43.7,3.805
43.7,3.805
43.7,3.805
43.7,3.805
43.7,3.805
43.7,3.805
43.7,3.805
43.7,3.805
43.7,3.805
43.7,3.805
43.7,3.805
43.7,3.805
43.7,3.805
43.7,3.805
43.7,3.805
43.7,3.805
43.7,3.805
43.7,3.805
43.7,3.805
43.7,3.805
43.7,3.805
43.7,3.805
43.7,3.805
43.7,3.805
43.7,3.805
43.7,3.805
43.7,3.805
43.7,3.805
43.7,3.805
43.7,3.805
43.7,3.805
43.7,3.805
43.7,3.805
43.7,3.805
43.7,3.805
43.7,3.800
43.7,3.800
43.7,3.800
43.7,3.800
43.7,3.800
43.7,3.800
43.7,3.800
43.7,3.800
43.7,3.800
43.7,3.800
43.7,3.800
43.7,3.800
43.7,3.800
43.7,3.800
43.7,3.800
43.7,3.800
43.7,3.800
43.7,3.800
43.7,3.800
43.7,3.800
43.7,3.800
43.7,3.800
43.7,3.800
43.7,3.800
43.7,3.800
43.7,3.800
43.7,3.800
43.7,3.800
43.7,3.800
43.7,3.800
43.7,3.800
43.7,3.800
43.7,3.800
43.7,3.800
43.7,3.800
43.7,3.800
43.7,3.800
43.7,3.800
43.7,3.800
43.7,3.800
43.7,3.800
43.7,3.800
43.6,3.800
43.6,3.800
43.6,3.800
43.6,3.800
43.6,3.800
43.6,3.800
43.6,3.800
43.6,3.800
43.6,3.800
43.6,3.800
43.6,3.800
43.6,3.800
43.6,3.800
43.6,3.800
43.6,3.800
43.6,3.800
43.6,3.800
43.6,3.800
43.6,3.800
43.6,3.800
43.6,3.795
43.6,3.795
43.6,3.795
43.6,3.795
43.6,3.795
43.6,3.795
43.6,3.795
43.6,3.795
43.6,3.795
43.6,3.795
43.6,3.795
43.6,3.795
43.6,3.795
43.6,3.795
43.6,3.795
43.6,3.795
43.6,3.795
43.6,3.795
43.6,3.795
43.6,3.795
43.6,3.795
43.6,3.795
43.6,3.795
43.6,3.795
43.6,3.795
43.6,3.795
43.6,3.795
43.6,3.795
43.6,3.795
43.6,3.795
43.6,3.795
43.6,3.795
43.6,3.795
43.6,3.795
43.6,3.795
43.6,3.795
43.6,3.795
43.6,3.795
43.6,3.795
43.6,3.795
43.5,3.795
43.5,3.795
43.5,3.795
43.5,3.795
43.5,3.795
43.5,3.795
43.5,3.795
43.5,3.795
43.5,3.795
43.5,3.795
43.5,3.795
43.5,3.795
43.5,3.795
43.5,3.795
43.5,3.795
43.5,3.795
43.5,3.795
43.5,3.795
43.5,3.790
43.5,3.790
43.5,3.790
43.5,3.790
43.5,3.790
43.5,3.790
43.5,3.790
43.5,3.790
43.5,3.790
43.5,3.790
43.5,3.790
43.5,3.790
43.5,3.790
43.5,3.790
43.5,3.790
43.5,3.790
43.5,3.790
43.5,3.790
43.5,3.790
43.5,3.790
43.5,3.790
43.5,3.790
43.5,3.790
43.5,3.790
43.5,3.790
43.5,3.790
43.5,3.790
43.5,3.790
43.5,3.790
43.5,3.790
43.5,3.790
43.5,3.790
43.5,3.790
43.5,3.790
43.5,3.790
43.5,3.790
43.4,3.790
43.4,3.790
43.4,3.790
43.4,3.790
43.4,3.790
43.4,3.790
43.4,3.790
43.4,3.790
43.4,3.790
43.4,3.790
43.4,3.790
43.4,3.790
43.4,3.790
43.4,3.790
43.4,3.790
43.4,3.790
43.4,3.790
43.4,3.790
43.4,3.790
43.4,3.790
43.4,3.785
43.4,3.785
43.4,3.785
43.4,3.785
43.4,3.785
43.4,3.785
43.4,3.785
43.4,3.785
43.4,3.785
43.4,3.785
43.4,3.785
43.4,3.785
43.4,3.785
43.4,3.785
43.4,3.785
43.4,3.785
43.4,3.785
43.4,3.785
43.4,3.785
43.4,3.785
43.4,3.785
43.4,3.785
43.4,3.785
43.4,3.785
43.4,3.785
43.4,3.785
43.4,3.785
43.4,3.785
43.4,3.785
43.4,3.785
43.4,3.785
43.4,3.785
43.4,3.785
43.4,3.785
43.4,3.785
43.4,3.785
43.4,3.785
43.4,3.785
43.4,3.785
43.5,3.785
43.5,3.785
43.5,3.785
43.5,3.785
43.5,3.785
43.5,3.785
43.5,3.785
43.5,3.785
43.5,3.785
43.5,3.785
43.5,3.785
43.5,3.785
43.5,3.785
43.5,3.785
43.5,3.785
43.5,3.785
43.5,3.785
43.5,3.785
43.5,3.785
43.5,3.780
43.5,3.780
43.5,3.780
43.5,3.780
43.5,3.780
43.5,3.780
43.5,3.780
43.5,3.780
43.5,3.780
43.5,3.780
43.5,3.780
43.5,3.780
43.5,3.780
43.5,3.780
43.5,3.780
43.5,3.780
43.5,3.780
43.5,3.780
43.5,3.780
43.5,3.780
43.5,3.780
43.5,3.780
43.5,3.780
43.5,3.780
43.5,3.780
43.5,3.780
43.5,3.780
43.5,3.780
43.5,3.780
43.5,3.780
43.5,3.780
43.5,3.780
43.5,3.780
43.5,3.780
43.5,3.780
43.5,3.780
43.5,3.780
43.5,3.780
43.5,3.780
43.5,3.780
43.5,3.780
43.5,3.780
43.5,3.780
43.5,3.780
43.5,3.780
43.5,3.780
43.5,3.780
43.5,3.780
43.5,3.780
43.5,3.780
43.5,3.780
43.5,3.780
43.5,3.780
43.5,3.780
43.5,3.780
43.5,3.780
43.5,3.780
43.5,3.780
43.5,3.780
43.5,3.780
43.5,3.780
43.5,3.780
43.5,3.775
43.5,3.775
43.5,3.775
43.5,3.775
43.5,3.775
43.5,3.775
43.5,3.775
43.5,3.775
43.5,3.775
43.5,3.775
43.5,3.775
43.5,3.775
43.5,3.775
43.5,3.775
43.5,3.775
43.5,3.775
43.5,3.775
43.5,3.775
43.5,3.775
43.5,3.775
43.5,3.775
43.5,3.775
43.5,3.775
43.5,3.775
43.5,3.775
43.5,3.775
43.5,3.775
43.5,3.775
43.5,3.775
43.5,3.775
43.5,3.775
43.5,3.775
43.5,3.775
43.5,3.775
43.5,3.775
43.5,3.775
43.5,3.775
43.5,3.775
43.5,3.775
43.5,3.775
43.5,3.775
43.5,3.775
43.5,3.775
43.5,3.775
43.5,3.775
43.5,3.775
43.5,3.775
43.5,3.775
43.5,3.775
43.5,3.775
43.5,3.775
43.5,3.775
43.5,3.775
43.5,3.775
43.5,3.775
43.5,3.775
43.5,3.775
43.5,3.775
43.5,3.775
43.5,3.775
43.5,3.775
43.5,3.775
43.5,3.775
43.5,3.775
43.5,3.775
43.5,3.775
43.5,3.775
43.5,3.775
43.5,3.770
43.5,3.770
43.5,3.770
43.5,3.770
43.5,3.770
43.5,3.770
43.5,3.770
43.5,3.770
43.5,3.770
43.5,3.770
43.5,3.770
43.5,3.770
43.5,3.770
43.5,3.770
43.5,3.770
43.5,3.770
43.5,3.770
43.5,3.770
43.5,3.770
43.5,3.770
43.5,3.770
43.5,3.770
43.5,3.770
43.5,3.770
43.5,3.770
43.5,3.770
43.5,3.770
43.5,3.770
43.5,3.770
43.5,3.770
43.5,3.770
43.5,3.770
43.5,3.770
43.5,3.770
43.5,3.770
43.5,3.770
43.5,3.770
43.5,3.770
43.5,3.770
43.5,3.770
43.5,3.770
43.5,3.770
43.5,3.770
43.5,3.770
43.5,3.770
43.5,3.770
43.5,3.770
43.5,3.770
43.5,3.770
43.5,3.770
43.5,3.770
43.5,3.770
43.5,3.770
43.5,3.770
43.5,3.770
43.5,3.770
43.5,3.770
43.5,3.770
43.5,3.765
43.5,3.765
43.5,3.765
43.5,3.765
43.5,3.765
43.5,3.765
43.5,3.765
43.5,3.765
43.5,3.765
43.5,3.765
43.5,3.765
43.4,3.765
43.4,3.765
43.4,3.765
43.4,3.765
43.4,3.765
43.4,3.765
43.4,3.765
43.4,3.765
43.4,3.765
43.4,3.765
43.4,3.765
43.4,3.765
43.4,3.765
43.4,3.765
43.4,3.765
43.4,3.765
43.4,3.765
43.4,3.765
43.4,3.765
43.4,3.765
43.4,3.765
43.4,3.765
43.4,3.765
43.4,3.765
43.4,3.765
43.4,3.765
43.4,3.765
43.4,3.765
43.4,3.765
43.4,3.765
43.4,3.765
43.4,3.765
43.4,3.765
43.4,3.765
43.4,3.765
43.4,3.765
43.4,3.765
43.3,3.765
43.3,3.765
43.3,3.760
43.3,3.760
43.3,3.760
43.3,3.760
43.3,3.760
43.3,3.760
43.3,3.760
43.3,3.760
43.3,3.760
43.3,3.760
43.4,3.760
43.4,3.760
43.4,3.760
43.4,3.760
43.4,3.760
43.4,3.760
43.4,3.760
43.4,3.760
43.4,3.760
43.4,3.760
43.4,3.760
43.4,3.760
43.4,3.760
43.4,3.760
43.4,3.760
43.4,3.760
43.4,3.760
43.4,3.760
43.4,3.760
43.4,3.760
43.4,3.760
43.4,3.760
43.4,3.760
43.4,3.760
43.4,3.760
43.4,3.760
43.4,3.760
43.4,3.760
43.4,3.760
43.4,3.760
43.4,3.760
43.4,3.760
43.4,3.760
43.4,3.760
43.4,3.760
43.4,3.760
43.4,3.760
43.4,3.755
43.4,3.755
43.4,3.755
43.4,3.755
43.4,3.755
43.4,3.755
43.4,3.755
43.4,3.755
43.4,3.755
43.4,3.755
43.4,3.755
43.4,3.755
43.4,3.755
43.4,3.755
43.4,3.755
43.4,3.755
43.4,3.755
43.4,3.755
43.4,3.755
43.4,3.755
43.4,3.755
43.4,3.755
43.4,3.755
43.4,3.755
43.4,3.755
43.4,3.755
43.4,3.755
43.4,3.755
43.4,3.755
43.4,3.755
43.4,3.755
43.4,3.755
43.4,3.755
43.4,3.755
43.3,3.755
43.3,3.755
43.3,3.755
43.3,3.755
43.3,3.755
43.3,3.755
43.3,3.755
43.3,3.750
43.3,3.750
43.3,3.750
43.3,3.750
43.3,3.750
43.3,3.750
43.3,3.750
43.3,3.750
43.3,3.750
43.3,3.750
43.3,3.750
43.3,3.750
43.3,3.750
43.3,3.750
43.3,3.750
43.3,3.750
43.3,3.750
43.3,3.750
43.3,3.750
43.3,3.750
43.3,3.750
43.3,3.750
43.3,3.750
43.3,3.750
43.3,3.750
43.3,3.750
43.3,3.750
43.3,3.750
43.3,3.750
43.3,3.750
43.3,3.750
43.3,3.750
43.3,3.750
43.3,3.750
43.3,3.750
43.3,3.750
43.3,3.750
43.3,3.745
43.3,3.745
43.3,3.745
43.3,3.745
43.3,3.745
43.3,3.745
43.3,3.745
43.3,3.745
43.3,3.745
43.3,3.745
43.3,3.745
43.3,3.745
43.3,3.745
43.3,3.745
43.3,3.745
43.3,3.745
43.3,3.745
43.3,3.745
43.3,3.745
43.3,3.745
43.3,3.745
43.3,3.745
43.3,3.745
43.4,3.745
43.4,3.745
43.4,3.745
43.4,3.745
43.4,3.745
43.4,3.745
43.4,3.745
43.4,3.745
43.3,3.745
43.3,3.745
43.3,3.740
43.3,3.740
43.3,3.740
43.3,3.740
43.3,3.740
43.3,3.740
43.3,3.740
43.3,3.740
43.3,3.740
43.3,3.740
43.3,3.740
43.3,3.740
43.3,3.740
43.3,3.740
43.3,3.740
43.3,3.740
43.3,3.740
43.3,3.740
43.3,3.740
43.3,3.740
43.3,3.740
43.3,3.740
43.3,3.740
43.3,3.740
43.3,3.740
43.3,3.740
43.3,3.740
43.3,3.740
43.3,3.740
43.3,3.740
43.3,3.740
43.3,3.740
43.3,3.740
43.3,3.735
43.3,3.735
43.3,3.735
43.3,3.735
43.3,3.735
43.3,3.735
43.3,3.735
43.3,3.735
43.3,3.735
43.3,3.735
43.3,3.735
43.3,3.735
43.3,3.735
43.3,3.735
43.3,3.735
43.3,3.735
43.3,3.735
43.3,3.735
43.3,3.735
43.3,3.735
43.3,3.735
43.3,3.735
43.3,3.735
43.3,3.735
43.3,3.735
43.3,3.735
43.3,3.735
43.3,3.735
43.3,3.735
43.3,3.730
43.2,3.730
43.2,3.730
43.2,3.730
43.2,3.730
43.2,3.730
43.2,3.730
43.2,3.730
43.2,3.730
43.2,3.730
43.2,3.730
43.2,3.730
43.2,3.730
43.2,3.730
43.2,3.730
43.2,3.730
43.2,3.730
43.2,3.730
43.2,3.730
43.2,3.730
43.2,3.730
43.2,3.730
43.2,3.730
43.2,3.730
43.2,3.730
43.2,3.730
43.2,3.725
43.2,3.725
43.2,3.725
43.2,3.725
43.2,3.725
43.2,3.725
43.2,3.725
43.2,3.725
43.2,3.725
43.2,3.725
43.2,3.725
43.2,3.725
43.2,3.725
43.2,3.725
43.2,3.725
43.2,3.725
43.2,3.725
43.2,3.725
43.2,3.725
43.2,3.725
43.2,3.725
43.2,3.725
43.2,3.725
43.2,3.720
43.2,3.720
43.2,3.720
43.2,3.720
43.2,3.720
43.2,3.720
43.2,3.720
43.2,3.720
43.2,3.720
43.2,3.720
43.2,3.720
43.2,3.720
43.2,3.720
43.2,3.720
43.2,3.720
43.2,3.720
43.2,3.720
43.2,3.720
43.2,3.720
43.2,3.720
43.2,3.720
43.2,3.720
43.2,3.715
43.2,3.715
43.2,3.715
43.2,3.715
43.2,3.715
43.2,3.715
43.2,3.715
43.2,3.715
43.2,3.715
43.2,3.715
43.2,3.715
43.2,3.715
43.2,3.715
43.2,3.715
43.2,3.715
43.2,3.715
43.2,3.715
43.2,3.715
43.2,3.715
43.2,3.715
43.2,3.715
43.2,3.715
43.2,3.710
43.2,3.710
43.2,3.710
43.2,3.710
43.2,3.710
43.2,3.710
43.2,3.710
43.2,3.710
43.2,3.710
43.2,3.710
43.2,3.710
43.2,3.710
43.2,3.710
43.2,3.710
43.2,3.710
43.2,3.710
43.2,3.710
43.2,3.710
43.2,3.705
43.2,3.705
43.2,3.705
43.2,3.705
43.2,3.705
43.2,3.705
43.2,3.705
43.2,3.705
43.2,3.705
43.2,3.705
43.2,3.705
43.2,3.705
43.2,3.705
43.2,3.705
43.2,3.705
43.2,3.705
43.2,3.705
43.2,3.705
43.2,3.705
43.2,3.700
43.2,3.700
43.2,3.700
43.2,3.700
43.2,3.700
43.2,3.700
43.2,3.700
43.2,3.700
43.2,3.700
43.2,3.700
43.2,3.700
43.2,3.700
43.2,3.700
43.2,3.700
43.2,3.700
43.2,3.700
43.2,3.700
43.2,3.700
43.2,3.700
43.2,3.695
43.2,3.695
43.2,3.695
43.2,3.695
43.2,3.695
43.2,3.695
43.2,3.695
43.2,3.695
43.2,3.695
43.2,3.695
43.2,3.695
43.1,3.695
43.1,3.695
43.1,3.695
43.1,3.695
43.1,3.695
43.1,3.695
43.1,3.695
43.1,3.690
43.1,3.690
43.1,3.690
43.1,3.690
43.1,3.690
43.1,3.690
43.1,3.690
43.1,3.690
43.1,3.690
43.1,3.690
43.1,3.690
43.1,3.690
43.1,3.690
43.1,3.690
43.1,3.690
43.1,3.690
43.1,3.685
43.1,3.685
43.1,3.685
43.1,3.685
43.1,3.685
43.1,3.685
43.1,3.685
43.1,3.685
43.1,3.685
43.1,3.685
43.1,3.685
43.1,3.685
43.1,3.685
43.1,3.685
43.1,3.685
43.0,3.685
43.0,3.680
43.0,3.680
43.0,3.680
43.0,3.680
43.0,3.680
43.0,3.680
43.0,3.680
43.0,3.680
43.0,3.680
43.0,3.680
43.0,3.680
43.0,3.680
43.0,3.680
43.0,3.680
43.0,3.680
43.0,3.680
43.0,3.675
43.0,3.675
43.0,3.675
43.0,3.675
43.0,3.675
43.0,3.675
43.0,3.675
43.0,3.675
43.0,3.675
43.1,3.675
43.1,3.675
43.1,3.675
43.1,3.675
43.1,3.675
43.1,3.670
43.1,3.670
43.1,3.670
43.1,3.670
43.1,3.670
43.1,3.670
43.1,3.670
43.1,3.670
43.1,3.670
43.1,3.670
43.1,3.670
43.1,3.670
43.1,3.670
43.1,3.670
43.0,3.665
43.0,3.665
43.0,3.665
43.0,3.665
43.0,3.665
43.0,3.665
43.0,3.665
43.0,3.665
43.0,3.665
43.0,3.665
43.1,3.665
43.1,3.665
43.1,3.665
43.1,3.660
43.1,3.660
43.1,3.660
43.1,3.660
43.1,3.660
43.0,3.660
43.0,3.660
43.0,3.660
43.0,3.660
43.0,3.660
43.0,3.660
43.0,3.660
43.0,3.660
43.0,3.655
43.0,3.655
43.1,3.655
43.1,3.655
43.1,3.655
43.1,3.655
43.1,3.655
43.1,3.655
43.1,3.655
43.1,3.655
43.1,3.655
43.1,3.655
43.1,3.650
43.1,3.650
43.1,3.650
43.1,3.650
43.1,3.650
43.1,3.650
43.1,3.650
43.1,3.650
43.1,3.650
43.1,3.650
43.1,3.650
43.1,3.650
43.1,3.645
43.1,3.645
43.1,3.645
43.1,3.645
43.1,3.645
43.0,3.645
43.0,3.645
43.0,3.645
43.0,3.645
43.0,3.645
43.0,3.645
43.0,3.645
43.0,3.640
43.0,3.640
43.0,3.640
43.0,3.640
43.0,3.640
43.0,3.640
43.0,3.640
43.0,3.640
43.0,3.640
43.0,3.640
43.0,3.640
43.0,3.640
43.0,3.635
43.0,3.635
43.0,3.635
43.0,3.635
43.0,3.635
43.0,3.635
43.0,3.635
43.0,3.635
43.0,3.635
43.0,3.635
43.0,3.635
43.0,3.635
43.0,3.630
43.0,3.630
43.0,3.630
43.0,3.630
43.0,3.630
43.0,3.630
43.0,3.630
43.0,3.630
43.0,3.630
43.0,3.630
43.0,3.630
43.0,3.625
43.0,3.625
43.0,3.625
43.0,3.625
43.0,3.625
42.9,3.625
42.9,3.625
42.9,3.625
42.9,3.625
42.9,3.625
42.9,3.625
42.9,3.625
42.9,3.620
42.9,3.620
42.9,3.620
42.9,3.620
42.9,3.620
42.9,3.620
42.9,3.620
42.9,3.620
42.9,3.620
42.9,3.620
42.9,3.620
42.9,3.620
42.9,3.620
42.9,3.615
42.9,3.615
42.9,3.615
42.9,3.615
42.9,3.615
42.9,3.615
42.9,3.615
42.9,3.615
42.9,3.615
42.9,3.615
42.9,3.615
42.9,3.615
42.9,3.610
42.9,3.610
42.9,3.610
42.9,3.610
42.8,3.610
42.8,3.610
42.8,3.610
42.8,3.610
42.8,3.610
42.8,3.610
42.8,3.610
42.8,3.610
42.8,3.605
42.8,3.605
42.8,3.605
42.8,3.605
42.8,3.605
42.8,3.605
42.8,3.605
42.8,3.605
42.8,3.605
42.8,3.605
42.8,3.605
42.8,3.605
42.8,3.600
42.8,3.600
42.8,3.600
42.8,3.600
42.8,3.600
42.8,3.600
42.8,3.600
42.8,3.600
42.8,3.600
42.8,3.600
42.8,3.600
42.8,3.600
42.8,3.600
42.8,3.595
42.8,3.595
42.8,3.595
42.7,3.595
42.7,3.595
42.7,3.595
42.7,3.595
42.7,3.595
42.7,3.595
42.7,3.595
42.7,3.595
42.7,3.595
42.7,3.590
42.7,3.590
42.7,3.590
42.7,3.590
42.7,3.590
42.8,3.590
42.8,3.590
42.8,3.590
42.8,3.590
42.8,3.590
42.8,3.590
42.8,3.590
42.8,3.590
42.8,3.585
42.8,3.585
42.8,3.585
42.8,3.585
42.7,3.585
42.7,3.585
42.7,3.585
42.7,3.585
42.7,3.585
42.7,3.585
42.7,3.585
42.7,3.580
42.7,3.580
42.7,3.580
42.7,3.580
42.7,3.580
42.7,3.580
42.7,3.580
42.7,3.580
42.7,3.580
42.7,3.580
42.7,3.580
42.7,3.580
42.7,3.575
42.7,3.575
42.7,3.575
42.7,3.575
42.7,3.575
42.7,3.575
42.7,3.575
42.7,3.575
42.7,3.575
42.7,3.575
42.7,3.575
42.7,3.570
42.7,3.570
42.7,3.570
42.7,3.570
42.7,3.570
42.7,3.570
42.7,3.570
42.7,3.570
42.7,3.570
42.7,3.570
42.7,3.570
42.7,3.565
42.7,3.565
42.7,3.565
42.7,3.565
42.7,3.565
42.7,3.565
42.7,3.565
42.7,3.565
42.7,3.565
42.7,3.565
42.7,3.565
42.7,3.560
42.7,3.560
42.7,3.560
42.7,3.560
42.7,3.560
42.7,3.560
42.7,3.560
42.7,3.560
42.7,3.560
42.7,3.560
42.7,3.560
42.7,3.555
42.7,3.555
42.7,3.555
42.7,3.555
42.7,3.555
42.7,3.555
42.7,3.555
42.7,3.555
42.7,3.555
42.7,3.555
42.7,3.555
42.7,3.555
42.7,3.550
42.7,3.550
42.7,3.550
42.7,3.550
42.6,3.550
42.6,3.550
42.6,3.550
42.6,3.550
42.6,3.550
42.6,3.550
42.6,3.545
42.6,3.545
42.6,3.545
42.6,3.545
42.6,3.545
42.6,3.545
42.6,3.545
42.6,3.545
42.6,3.545
42.7,3.545
42.7,3.545
42.7,3.540
42.7,3.540
42.7,3.540
42.7,3.540
42.7,3.540
42.7,3.540
42.6,3.540
42.6,3.540
42.6,3.540
42.6,3.540
42.6,3.540
42.6,3.540
42.6,3.540
42.6,3.535
42.6,3.535
42.6,3.535
42.6,3.535
42.6,3.535
42.6,3.535
42.6,3.535
42.6,3.535
42.6,3.535
42.6,3.535
42.6,3.535
42.6,3.535
42.6,3.530
42.6,3.530
42.6,3.530
42.6,3.530
42.6,3.530
42.6,3.530
42.6,3.530
42.6,3.530
42.6,3.530
42.6,3.530
42.6,3.530
42.6,3.530
42.6,3.525
42.6,3.525
42.6,3.525
42.6,3.525
42.6,3.525
42.6,3.525
42.6,3.525
42.6,3.525
42.6,3.525
42.6,3.525
42.6,3.525
42.6,3.525
42.6,3.520
42.7,3.520
42.7,3.520
42.7,3.520
42.7,3.520
42.7,3.520
42.7,3.520
42.7,3.520
42.5,3.520
42.5,3.520
42.5,3.520
42.5,3.520
42.5,3.520
42.5,3.520
42.5,3.515
42.5,3.515
42.6,3.515
42.6,3.515
42.6,3.515
42.6,3.515
42.6,3.515
42.6,3.515
42.6,3.515
42.6,3.515
42.6,3.515
42.6,3.515
42.6,3.515
42.6,3.515
42.6,3.510
42.6,3.510
42.6,3.510
42.6,3.510
42.6,3.510
42.6,3.510
42.6,3.510
42.6,3.510
42.6,3.510
42.6,3.510
42.6,3.510
42.6,3.510
42.6,3.510
42.6,3.510
42.6,3.505
42.6,3.505
42.6,3.505
42.6,3.505
42.6,3.505
42.6,3.505
42.6,3.505
42.6,3.505
42.6,3.505
42.6,3.505
42.6,3.505
42.6,3.505
42.6,3.505
42.6,3.500
42.6,3.500
42.6,3.500
42.6,3.500
42.6,3.500
42.6,3.500
42.6,3.500
42.6,3.500
42.6,3.500
42.6,3.500
42.5,3.500
42.5,3.500
42.5,3.500
42.5,3.500
42.5,3.500
42.5,3.495
42.5,3.495
42.5,3.495
42.5,3.495
42.5,3.495
42.5,3.495
42.5,3.495
42.5,3.495
42.5,3.495
42.5,3.495
42.5,3.495
42.5,3.495
42.5,3.495
42.5,3.495
42.5,3.495
42.5,3.490
42.5,3.490
42.5,3.490
42.5,3.490
42.5,3.490
42.5,3.490
42.5,3.490
42.5,3.490
42.5,3.490
42.5,3.490
42.5,3.490
42.5,3.490
42.5,3.490
42.5,3.490
42.5,3.490
42.5,3.485
42.5,3.485
42.5,3.485
42.5,3.485
42.5,3.485
42.5,3.485
42.5,3.485
42.5,3.485
42.5,3.485
42.5,3.485
42.5,3.485
42.5,3.485
42.6,3.485
42.6,3.485
42.6,3.480
42.6,3.480
42.6,3.480
42.6,3.480
42.6,3.480
42.6,3.480
42.6,3.480
42.6,3.480
42.6,3.480
42.6,3.480
42.6,3.480
42.6,3.480
42.6,3.480
42.6,3.480
42.6,3.480
42.5,3.480
42.5,3.475
42.5,3.475
42.5,3.475
42.6,3.475
42.6,3.475
42.6,3.475
42.6,3.475
42.6,3.475
42.6,3.475
42.6,3.475
42.5,3.475
42.5,3.475
42.5,3.475
42.5,3.475
42.5,3.475
42.5,3.475
42.5,3.470
42.5,3.470
42.5,3.470
42.5,3.470
42.5,3.470
42.5,3.470
42.5,3.470
42.6,3.470
42.6,3.470
42.6,3.470
42.6,3.470
42.6,3.470
42.6,3.470
42.6,3.470
42.6,3.470
42.6,3.465
42.6,3.465
42.5,3.465
42.5,3.465
42.5,3.465
42.5,3.465
42.5,3.465
42.5,3.465
42.5,3.465
42.5,3.465
42.5,3.465
42.5,3.465
42.5,3.465
42.5,3.465
42.5,3.465
42.5,3.460
42.5,3.460
42.5,3.460
42.5,3.460
42.5,3.460
42.5,3.460
42.5,3.460
42.5,3.460
42.5,3.460
42.5,3.460
42.5,3.460
42.5,3.460
42.5,3.460
42.5,3.460
42.5,3.460
42.5,3.460
42.5,3.455
42.5,3.455
42.5,3.455
42.4,3.455
42.4,3.455
42.4,3.455
42.5,3.455
42.5,3.455
42.5,3.455
42.5,3.455
42.5,3.455
42.5,3.455
42.5,3.455
42.5,3.455
42.5,3.455
42.4,3.455
42.4,3.455
42.4,3.450
42.4,3.450
42.4,3.450
42.4,3.450
42.4,3.450
42.4,3.450
42.4,3.450
42.4,3.450
42.4,3.450
42.4,3.450
42.4,3.450
42.4,3.450
42.4,3.450
42.4,3.450
42.4,3.450
42.4,3.445
42.4,3.445
42.4,3.445
42.4,3.445
42.3,3.445
42.4,3.445
42.3,3.445
42.3,3.445
42.3,3.445
42.3,3.445
42.4,3.445
42.5,3.445
42.5,3.445
42.5,3.445
42.5,3.445
42.5,3.445
42.5,3.440
42.5,3.440
42.5,3.440
42.5,3.440
42.5,3.440
42.5,3.440
42.5,3.440
42.4,3.440
42.4,3.440
42.4,3.440
42.4,3.440
42.4,3.440
42.4,3.440
42.4,3.440
42.4,3.440
42.4,3.440
42.4,3.440
42.4,3.435
42.4,3.435
42.4,3.435
42.4,3.435
42.4,3.435
42.4,3.435
42.4,3.435
42.4,3.435
42.4,3.435
42.3,3.435
42.3,3.435
42.3,3.435
42.3,3.435
42.3,3.435
42.3,3.435
42.3,3.435
42.3,3.435
42.4,3.430
42.4,3.430
42.4,3.430
42.4,3.430
42.4,3.430
42.4,3.430
42.4,3.430
42.4,3.430
42.4,3.430
42.4,3.430
42.4,3.430
42.4,3.430
42.4,3.430
42.4,3.430
42.4,3.430
42.4,3.430
42.4,3.425
42.4,3.425
42.4,3.425
42.4,3.425
42.4,3.425
42.4,3.425
42.5,3.425
42.5,3.425
42.5,3.425
42.5,3.425
42.5,3.425
42.5,3.425
42.5,3.425
42.5,3.425
42.5,3.425
42.5,3.420
42.5,3.420
42.4,3.420
42.4,3.420
42.4,3.420
42.4,3.420
42.4,3.420
42.4,3.420
42.4,3.420
42.4,3.420
42.4,3.420
42.4,3.420
42.4,3.420
42.4,3.420
42.4,3.420
42.4,3.415
42.4,3.415
42.4,3.415
42.4,3.415
42.4,3.415
42.4,3.415
42.3,3.415
42.3,3.415
42.3,3.415
42.3,3.415
42.3,3.415
42.3,3.415
42.3,3.415
42.3,3.415
42.3,3.415
42.4,3.410
42.5,3.410
42.5,3.410
42.4,3.410
42.4,3.410
42.4,3.410
42.4,3.410
42.4,3.410
42.4,3.410
42.4,3.410
42.4,3.410
42.4,3.410
42.4,3.410
42.4,3.410
42.4,3.410
42.4,3.405
42.4,3.405
42.4,3.405
42.4,3.405
42.4,3.405
42.4,3.405
42.4,3.405
42.4,3.405
42.4,3.405
42.4,3.405
42.4,3.405
42.4,3.405
42.4,3.405
42.4,3.405
42.4,3.400
42.4,3.400
42.4,3.400
42.4,3.400
42.4,3.400
42.4,3.400
42.4,3.400
42.3,3.400
42.3,3.400
42.3,3.400
42.3,3.400
42.3,3.400
42.3,3.400
42.3,3.400
42.3,3.400
42.4,3.395
42.4,3.395
42.4,3.395
42.4,3.395
42.4,3.395
42.4,3.395
42.4,3.395
42.4,3.395
42.4,3.395
42.3,3.395
42.2,3.395
42.3,3.395
42.3,3.395
42.3,3.395
42.3,3.395
42.2,3.395
42.2,3.390
42.2,3.390
42.2,3.390
42.2,3.390
42.2,3.390
42.2,3.390
42.2,3.390
42.2,3.390
42.2,3.390
42.2,3.390
42.2,3.390
42.2,3.390
42.2,3.390
42.2,3.390
42.2,3.385
42.3,3.385
42.3,3.385
42.3,3.385
42.3,3.385
42.3,3.385
42.3,3.385
42.3,3.385
42.3,3.385
42.3,3.385
42.3,3.385
42.3,3.385
42.3,3.385
42.3,3.385
42.3,3.385
42.3,3.380
42.3,3.380
42.3,3.380
42.3,3.380
42.3,3.380
42.3,3.380
42.3,3.380
42.3,3.380
42.3,3.380
42.3,3.380
42.3,3.380
42.3,3.380
42.3,3.380
42.3,3.380
42.3,3.380
42.3,3.380
42.3,3.375
42.3,3.375
42.3,3.375
42.3,3.375
42.3,3.375
42.3,3.375
42.3,3.375
42.3,3.375
42.3,3.375
42.3,3.375
42.3,3.375
42.2,3.375
42.2,3.375
42.2,3.375
42.2,3.375
42.2,3.375
42.2,3.370
42.2,3.370
42.2,3.370
42.2,3.370
42.2,3.370
42.2,3.370
42.2,3.370
42.2,3.370
42.2,3.370
42.2,3.370
42.2,3.370
42.2,3.370
42.2,3.370
42.2,3.370
42.2,3.370
42.2,3.370
42.2,3.365
42.2,3.365
42.2,3.365
42.2,3.365
42.2,3.365
42.2,3.365
42.2,3.365
42.2,3.365
42.2,3.365
42.2,3.365
42.2,3.365
42.2,3.365
42.2,3.365
42.2,3.365
42.2,3.365
42.2,3.360
42.2,3.360
42.2,3.360
42.2,3.360
42.2,3.360
42.2,3.360
42.2,3.360
42.2,3.360
42.2,3.360
42.2,3.360
42.2,3.360
42.2,3.360
42.2,3.360
42.2,3.360
42.2,3.360
42.2,3.360
42.2,3.355
42.2,3.355
42.3,3.355
42.3,3.355
42.3,3.355
42.3,3.355
42.3,3.355
42.3,3.355
42.3,3.355
42.3,3.355
42.3,3.355
42.3,3.355
42.2,3.355
42.2,3.355
42.2,3.355
42.2,3.355
42.2,3.350
42.2,3.350
42.2,3.350
42.2,3.350
42.2,3.350
42.2,3.350
42.2,3.350
42.2,3.350
42.2,3.350
42.2,3.350
42.2,3.350
42.2,3.350
42.2,3.350
42.2,3.350
42.2,3.345
42.2,3.345
42.2,3.345
42.2,3.345
42.2,3.345
42.2,3.345
42.2,3.345
42.2,3.345
42.2,3.345
42.2,3.345
42.2,3.345
42.2,3.345
42.2,3.345
42.2,3.345
42.2,3.340
42.2,3.340
42.2,3.340
42.2,3.340
42.2,3.340
42.2,3.340
42.2,3.340
42.2,3.340
42.2,3.340
42.2,3.340
42.2,3.340
42.2,3.340
42.2,3.340
42.2,3.340
42.2,3.335
42.2,3.335
42.2,3.335
42.2,3.335
42.2,3.335
42.2,3.335
42.2,3.335
42.2,3.335
42.2,3.335
42.2,3.335
42.2,3.335
42.2,3.335
42.2,3.335
42.2,3.330
42.2,3.330
42.2,3.330
42.2,3.330
42.2,3.330
42.2,3.330
42.2,3.330
42.2,3.330
42.2,3.330
42.2,3.330
42.2,3.330
42.2,3.330
42.2,3.330
42.2,3.325
42.2,3.325
42.2,3.325
42.2,3.325
42.2,3.325
42.2,3.325
42.2,3.325
42.2,3.325
42.2,3.325
42.2,3.325
42.2,3.325
42.2,3.320
42.2,3.320
42.2,3.320
42.2,3.320
42.2,3.320
42.2,3.320
42.2,3.320
42.2,3.320
42.2,3.320
42.2,3.320
42.2,3.320
42.2,3.320
42.2,3.315
42.2,3.315
42.1,3.315
42.1,3.315
42.1,3.315
42.1,3.315
42.1,3.315
42.1,3.315
42.1,3.315
42.1,3.315
42.1,3.315
42.1,3.315
42.1,3.315
42.1,3.310
42.1,3.310
42.1,3.310
42.1,3.310
42.1,3.310
42.1,3.310
42.1,3.310
42.1,3.310
42.1,3.310
42.1,3.310
42.1,3.305
42.1,3.305
42.1,3.305
42.1,3.305
42.1,3.305
42.1,3.305
42.1,3.305
42.1,3.305
42.1,3.305
42.1,3.305
42.1,3.305
42.1,3.305
42.1,3.300
42.1,3.300
42.1,3.300
42.1,3.300
42.1,3.300
42.1,3.300
42.1,3.300
42.1,3.300
42.1,3.300
42.1,3.300
42.1,3.300
42.1,3.295
42.1,3.295
42.1,3.295
42.1,3.295
42.1,3.295
42.1,3.295
42.1,3.295
42.1,3.295
42.1,3.295
42.1,3.295
42.1,3.295
42.1,3.295
42.1,3.290
42.1,3.290
42.1,3.290
42.1,3.290
42.1,3.290
42.1,3.290
42.1,3.290
42.1,3.290
42.1,3.290
42.1,3.290
42.1,3.285
42.1,3.285
42.1,3.285
42.1,3.285
42.1,3.285
42.1,3.285
42.1,3.285
42.1,3.285
42.1,3.285
42.1,3.285
42.0,3.285
42.0,3.280
42.0,3.280
42.0,3.280
42.0,3.280
42.0,3.280
42.0,3.280
42.0,3.280
42.0,3.280
42.0,3.280
42.0,3.280
42.0,3.280
42.0,3.275
42.0,3.275
42.0,3.275
42.0,3.275
42.0,3.275
42.0,3.275
42.0,3.275
42.0,3.275
41.9,3.275
41.9,3.275
41.9,3.275
41.9,3.270
41.9,3.270
41.9,3.270
41.9,3.270
41.9,3.270
42.0,3.270
42.0,3.270
42.0,3.270
42.0,3.270
42.0,3.270
42.0,3.270
42.0,3.270
42.0,3.265
42.0,3.265
42.0,3.265
42.0,3.265
41.9,3.265
41.9,3.265
41.9,3.265
41.9,3.265
41.9,3.265
41.9,3.265
41.9,3.260
41.9,3.260
41.9,3.260
41.9,3.260
41.9,3.260
41.9,3.260
42.0,3.260
42.0,3.260
42.0,3.260
42.0,3.260
42.0,3.260
42.0,3.255
42.0,3.255
41.9,3.255
41.9,3.255
41.9,3.255
41.9,3.255
41.9,3.255
41.9,3.255
41.9,3.255
41.9,3.255
41.9,3.255
41.9,3.250
41.9,3.250
41.9,3.250
41.9,3.250
41.9,3.250
41.9,3.250
41.9,3.250
41.9,3.250
41.9,3.250
41.8,3.250
41.8,3.250
41.8,3.250
41.8,3.245
41.8,3.245
41.8,3.245
41.8,3.245
41.8,3.245
41.8,3.245
41.8,3.245
41.8,3.245
41.8,3.245
41.8,3.245
41.8,3.240
41.8,3.240
41.8,3.240
41.8,3.240
41.8,3.240
41.8,3.240
41.7,3.240
41.7,3.240
41.7,3.240
41.6,3.240
41.6,3.240
41.6,3.240
41.6,3.235
41.6,3.235
41.6,3.235
41.6,3.235
41.6,3.235
41.7,3.235
41.7,3.235
41.7,3.235
41.8,3.235
41.8,3.235
41.8,3.235
41.8,3.235
41.8,3.230
41.8,3.230
41.8,3.230
41.8,3.230
41.8,3.230
41.7,3.230
41.7,3.230
41.7,3.230
41.7,3.230
41.7,3.230
41.7,3.225
41.7,3.225
41.7,3.225
41.7,3.225
41.7,3.225
41.7,3.225
41.7,3.225
41.8,3.225
41.8,3.225
41.8,3.225
41.8,3.225
41.8,3.225
41.8,3.220
41.7,3.220
41.7,3.220
41.6,3.220
41.6,3.220
41.6,3.220
41.6,3.220
41.6,3.220
41.6,3.220
41.6,3.220
41.6,3.220
41.6,3.220
41.6,3.215
41.6,3.215
41.6,3.215
41.6,3.215
41.6,3.215
41.6,3.215
41.6,3.215
41.7,3.215
41.7,3.215
41.7,3.215
41.7,3.215
41.7,3.215
41.7,3.210
41.7,3.210
41.7,3.210
41.7,3.210
41.7,3.210
41.7,3.210
41.7,3.210
41.7,3.210
41.7,3.210
41.7,3.210
41.8,3.210
41.8,3.205
41.9,3.205
41.8,3.205
41.8,3.205
41.8,3.205
41.8,3.205
41.8,3.205
41.8,3.205
41.8,3.205
41.8,3.205
41.8,3.205
41.7,3.205
41.7,3.200
41.7,3.200
41.7,3.200
41.7,3.200
41.7,3.200
41.7,3.200
41.7,3.200
41.7,3.200
41.7,3.200
41.8,3.200
41.8,3.200
41.8,3.200
41.8,3.200
41.8,3.195
41.8,3.195
41.8,3.195
41.8,3.195
41.8,3.195
41.8,3.195
41.7,3.195
41.7,3.195
41.7,3.195
41.6,3.195
41.6,3.195
41.6,3.195
41.6,3.195
41.6,3.190
41.6,3.190
41.6,3.190
41.6,3.190
41.6,3.190
41.7,3.190
41.7,3.190
41.7,3.190
41.7,3.190
41.7,3.190
41.7,3.190
41.7,3.190
41.7,3.190
41.7,3.185
41.7,3.185
41.7,3.185
41.7,3.185
41.6,3.185
41.6,3.185
41.6,3.185
41.6,3.185
41.6,3.185
41.6,3.185
41.6,3.185
41.6,3.185
41.7,3.180
41.7,3.180
41.7,3.180
41.7,3.180
41.7,3.180
41.6,3.180
41.6,3.180
41.5,3.180
41.5,3.180
41.5,3.180
41.5,3.180
41.5,3.180
41.5,3.175
41.5,3.175
41.5,3.175
41.5,3.175
41.5,3.175
41.5,3.175
41.5,3.175
41.5,3.175
41.4,3.175
41.4,3.175
41.4,3.175
41.4,3.175
41.4,3.175
41.4,3.170
41.4,3.170
41.4,3.170
41.4,3.170
41.4,3.170
41.4,3.170
41.4,3.170
41.4,3.170
41.4,3.170
41.4,3.170
41.4,3.170
41.4,3.165
41.4,3.165
41.5,3.165
41.5,3.165
41.5,3.165
41.5,3.165
41.5,3.165
41.5,3.165
41.5,3.165
41.5,3.165
41.5,3.165
41.5,3.165
41.5,3.160
41.5,3.160
41.5,3.160
41.5,3.160
41.5,3.160
41.5,3.160
41.5,3.160
41.5,3.160
41.5,3.160
41.5,3.160
41.5,3.160
41.5,3.155
41.5,3.155
41.5,3.155
41.5,3.155
41.6,3.155
41.6,3.155
41.6,3.155
41.6,3.155
41.6,3.155
41.6,3.155
41.6,3.155
41.6,3.155
41.6,3.150
41.6,3.150
41.6,3.150
41.6,3.150
41.6,3.150
41.6,3.150
41.6,3.150
41.6,3.150
41.6,3.150
41.6,3.150
41.6,3.150
41.6,3.145
41.6,3.145
41.6,3.145
41.6,3.145
41.6,3.145
41.6,3.145
41.6,3.145
41.6,3.145
41.6,3.145
41.6,3.145
41.6,3.145
41.6,3.145
41.6,3.140
41.6,3.140
41.6,3.140
41.6,3.140
41.6,3.140
41.6,3.140
41.6,3.140
41.6,3.140
41.6,3.140
41.6,3.140
41.6,3.140
41.6,3.140
41.6,3.135
41.5,3.135
41.5,3.135
41.5,3.135
41.5,3.135
41.5,3.135
41.5,3.135
41.5,3.135
41.5,3.135
41.5,3.135
41.5,3.135
41.5,3.135
41.5,3.130
41.5,3.130
41.5,3.130
41.5,3.130
41.5,3.130
41.5,3.130
41.5,3.130
41.5,3.130
41.5,3.130
41.5,3.130
41.5,3.130
41.5,3.130
41.4,3.130
41.4,3.125
41.4,3.125
41.4,3.125
41.4,3.125
41.4,3.125
41.4,3.125
41.4,3.125
41.4,3.125
41.4,3.125
41.4,3.125
41.4,3.125
41.4,3.125
41.4,3.125
41.3,3.120
41.3,3.120
41.3,3.120
41.3,3.120
41.3,3.120
41.3,3.120
41.3,3.120
41.3,3.120
41.3,3.120
41.3,3.120
41.3,3.120
41.3,3.120
41.3,3.120
41.3,3.120
41.3,3.115
41.3,3.115
41.3,3.115
41.3,3.115
41.3,3.115
41.3,3.115
41.3,3.115
41.3,3.115
41.3,3.115
41.3,3.115
41.3,3.115
41.3,3.115
41.3,3.115
41.3,3.110
41.4,3.110
41.4,3.110
41.4,3.110
41.4,3.110
41.4,3.110
41.4,3.110
41.4,3.110
41.4,3.110
41.4,3.110
41.4,3.110
41.4,3.110
41.4,3.110
41.4,3.110
41.4,3.105
41.4,3.105
41.4,3.105
41.3,3.105
41.3,3.105
41.3,3.105
41.3,3.105
41.3,3.105
41.3,3.105
41.3,3.105
41.3,3.105
41.3,3.105
41.3,3.105
41.3,3.105
41.3,3.100
41.3,3.100
41.3,3.100
41.3,3.100
41.3,3.100
41.3,3.100
41.3,3.100
41.3,3.100
41.3,3.100
41.3,3.100
41.3,3.100
41.3,3.100
41.3,3.100
41.3,3.095
41.3,3.095
41.3,3.095
41.3,3.095
41.3,3.095
41.3,3.095
41.3,3.095
41.3,3.095
41.3,3.095
41.3,3.095
41.3,3.095
41.3,3.095
41.3,3.095
41.3,3.095
41.3,3.090
41.3,3.090
41.3,3.090
41.3,3.090
41.3,3.090
41.3,3.090
41.4,3.090
41.4,3.090
41.4,3.090
41.4,3.090
41.4,3.090
41.4,3.090
41.4,3.090
41.4,3.085
41.4,3.085
41.4,3.085
41.4,3.085
41.4,3.085
41.4,3.085
41.4,3.085
41.4,3.085
41.4,3.085
41.4,3.085
41.3,3.085
41.3,3.085
41.3,3.085
41.3,3.080
41.3,3.080
41.3,3.080
41.3,3.080
41.3,3.080
41.3,3.080
41.3,3.080
41.3,3.080
41.3,3.080
41.3,3.080
41.3,3.080
41.2,3.080
41.2,3.080
41.2,3.075
41.2,3.075
41.2,3.075
41.2,3.075
41.2,3.075
41.2,3.075
41.2,3.075
41.2,3.075
41.2,3.075
41.2,3.075
41.2,3.075
41.2,3.075
41.2,3.075
41.2,3.075
41.2,3.070
41.2,3.070
41.2,3.070
41.2,3.070
41.1,3.070
41.1,3.070
41.0,3.070
41.0,3.070
41.0,3.070
41.0,3.070
41.0,3.070
41.0,3.070
41.0,3.070
41.0,3.065
41.0,3.065
41.0,3.065
41.0,3.065
41.0,3.065
41.0,3.065
41.0,3.065
41.0,3.065
41.0,3.065
41.0,3.065
41.0,3.065
41.0,3.065
41.0,3.065
41.0,3.065
41.0,3.060
40.9,3.060
40.9,3.060
40.9,3.060
40.9,3.060
40.9,3.060
40.9,3.060
40.9,3.060
40.9,3.060
40.9,3.060
40.9,3.060
41.0,3.060
41.0,3.060
41.0,3.060
41.0,3.055
41.0,3.055
41.0,3.055
41.0,3.055
41.0,3.055
41.0,3.055
41.0,3.055
41.0,3.055
41.0,3.055
41.0,3.055
41.0,3.055
41.0,3.055
41.1,3.055
41.1,3.055
41.1,3.055
41.1,3.050
41.1,3.050
41.1,3.050
41.1,3.050
41.1,3.050
41.1,3.050
41.1,3.050
41.1,3.050
41.1,3.050
41.1,3.050
41.1,3.050
41.1,3.050
41.1,3.050
41.1,3.050
41.1,3.050
41.1,3.045
41.1,3.045
41.1,3.045
41.1,3.045
41.1,3.045
41.2,3.045
41.2,3.045
41.2,3.045
41.2,3.045
41.2,3.045
41.2,3.045
41.2,3.045
41.2,3.045
41.2,3.045
41.2,3.045
41.2,3.045
41.2,3.040
41.2,3.040
41.2,3.040
41.2,3.040
41.2,3.040
41.2,3.040
41.2,3.040
41.2,3.040
41.2,3.040
41.2,3.040
41.2,3.040
41.2,3.040
41.2,3.040
41.2,3.040
41.2,3.040
41.2,3.040
41.2,3.040
41.1,3.035
41.1,3.035
41.1,3.035
41.1,3.035
41.1,3.035
41.1,3.035
41.1,3.035
41.1,3.035
41.1,3.035
41.1,3.035
41.1,3.035
41.1,3.035
41.1,3.035
41.1,3.035
41.1,3.035
41.1,3.035
41.0,3.030
41.0,3.030
41.0,3.030
41.0,3.030
41.0,3.030
41.0,3.030
41.0,3.030
41.0,3.030
41.0,3.030
41.0,3.030
41.0,3.030
41.0,3.030
41.0,3.030
41.0,3.030
41.0,3.030
41.0,3.030
41.0,3.030
41.0,3.025
41.0,3.025
41.0,3.025
40.9,3.025
40.9,3.025
40.9,3.025
40.9,3.025
40.9,3.025
40.9,3.025
40.9,3.025
40.9,3.025
40.9,3.025
40.9,3.025
40.9,3.025
40.9,3.025
40.9,3.025
40.9,3.020
40.9,3.020
40.9,3.020
40.9,3.020
40.9,3.020
40.8,3.020
40.8,3.020
40.8,3.020
40.8,3.020
40.8,3.020
40.7,3.020
40.7,3.020
40.7,3.020
40.7,3.020
40.7,3.020
40.7,3.020
40.7,3.015
40.7,3.015
40.8,3.015
40.8,3.015
40.8,3.015
40.8,3.015
40.8,3.015
40.8,3.015
40.8,3.015
40.8,3.015
40.8,3.015
40.8,3.015
40.8,3.015
40.8,3.015
40.8,3.015
40.8,3.015
40.7,3.010
40.7,3.010
40.7,3.010
40.7,3.010
40.7,3.010
40.7,3.010
40.7,3.010
40.7,3.010
40.7,3.010
40.7,3.010
40.7,3.010
40.7,3.010
40.7,3.010
40.7,3.010
40.7,3.010
40.6,3.010
40.6,3.005
40.6,3.005
40.6,3.005
40.6,3.005
40.6,3.005
40.6,3.005
40.6,3.005
40.6,3.005
40.6,3.005
40.6,3.005
40.6,3.005
40.6,3.005
40.6,3.005
40.6,3.005
40.6,3.005
40.6,3.000
40.6,3.000
40.5,3.000
40.5,3.000
40.5,3.000
40.5,3.000
40.5,3.000
40.5,3.000
40.5,3.000
40.5,3.000
40.5,3.000
40.5,3.000
40.5,3.000
40.5,3.000
40.5,3.000
40.5,2.995
40.5,2.995
40.5,2.995
40.5,2.995
40.5,2.995
40.5,2.995
40.4,2.995
40.4,2.995
40.4,2.995
40.4,2.995
40.4,2.995
40.4,2.995
40.4,2.995
40.4,2.995
40.4,2.995
40.4,2.995
40.4,2.990
40.4,2.990
40.4,2.990
40.4,2.990
40.3,2.990
40.3,2.990
40.4,2.990
40.4,2.990
40.4,2.990
40.4,2.990
40.4,2.990
40.4,2.990
40.4,2.990
40.4,2.985
40.4,2.985
40.4,2.985
40.4,2.985
40.4,2.985
40.4,2.985
40.4,2.985
40.4,2.985
40.4,2.985
40.4,2.985
40.4,2.985
40.4,2.985
40.4,2.985
40.3,2.985
40.3,2.985
40.3,2.980
40.3,2.980
40.3,2.980
40.3,2.980
40.3,2.980
40.3,2.980
40.3,2.980
40.3,2.980
40.3,2.980
40.3,2.980
40.3,2.980
40.3,2.980
40.4,2.980
40.4,2.980
40.4,2.980
40.4,2.975
40.4,2.975
40.4,2.975
40.4,2.975
40.4,2.975
40.4,2.975
40.4,2.975
40.4,2.975
40.5,2.975
40.5,2.975
40.5,2.975
40.5,2.975
40.5,2.975
40.5,2.975
40.5,2.975
40.6,2.975
40.6,2.970
40.6,2.970
40.6,2.970
40.6,2.970
40.6,2.970
40.7,2.970
40.7,2.970
40.7,2.970
40.7,2.970
40.7,2.970
40.7,2.970
40.7,2.970
40.7,2.970
40.7,2.970
40.7,2.965
40.7,2.965
40.8,2.965
40.8,2.965
40.8,2.965
40.8,2.965
40.8,2.965
40.8,2.965
40.8,2.965
40.8,2.965
40.8,2.965
40.8,2.965
40.8,2.965
40.8,2.965
40.9,2.965
40.9,2.960
40.9,2.960
40.9,2.960
40.9,2.960
40.9,2.960
40.9,2.960
40.9,2.960
40.9,2.960
40.9,2.960
40.9,2.960
40.7,2.960
40.8,2.960
40.8,2.960
40.8,2.960
40.8,2.960
40.8,2.960
40.8,2.955
40.8,2.955
40.8,2.955
40.8,2.955
40.8,2.955
40.8,2.955
40.8,2.955
40.8,2.955
40.8,2.955
40.8,2.955
40.8,2.955
40.8,2.955
40.8,2.955
40.8,2.955
40.8,2.955
40.8,2.950
40.7,2.950
40.7,2.950
40.7,2.950
40.7,2.950
40.7,2.950
40.7,2.950
40.7,2.950
40.7,2.950
40.7,2.950
40.7,2.950
40.7,2.950
40.8,2.950
40.9,2.950
40.9,2.950
40.9,2.950
40.9,2.950
40.9,2.950
40.9,2.950
40.9,2.950
40.8,2.945
40.7,2.945
40.6,2.945
40.6,2.945
40.5,2.945
40.4,2.945
40.4,2.945
40.4,2.945
40.4,2.945
40.5,2.945
40.6,2.945
40.7,2.945
40.8,2.945
40.9,2.945
40.9,2.945
40.9,2.945
40.9,2.945
40.9,2.945
40.8,2.945
40.8,2.945
40.7,2.945
40.6,2.945
40.5,2.940
40.4,2.940
40.4,2.940
40.3,2.940
40.3,2.940
40.2,2.940
40.2,2.940
40.2,2.940
40.3,2.940
40.4,2.940
40.5,2.940
40.6,2.940
40.7,2.940
40.8,2.940
40.9,2.940
40.9,2.940
40.9,2.940
40.9,2.940
40.8,2.940
40.7,2.940
40.6,2.935
40.4,2.935
40.3,2.935
40.3,2.935
40.3,2.935
40.2,2.935
40.2,2.935
40.2,2.935
40.3,2.935
40.4,2.935
40.5,2.935
40.5,2.935
40.6,2.935
40.6,2.935
40.6,2.935
40.7,2.935
40.6,2.935
40.6,2.935
40.5,2.930
40.4,2.930
40.3,2.930
40.2,2.930
40.2,2.930
40.1,2.930
40.1,2.930
40.1,2.930
40.1,2.930
40.1,2.930
40.2,2.930
40.3,2.930
40.3,2.930
40.4,2.930
40.4,2.930
40.4,2.925
40.4,2.925
40.4,2.925
40.4,2.925
40.4,2.925
40.3,2.925
40.3,2.925
40.2,2.925
40.2,2.925
40.2,2.925
40.2,2.925
40.2,2.925
40.2,2.925
40.2,2.925
40.2,2.925
40.2,2.920
40.2,2.920
40.2,2.920
40.3,2.920
40.4,2.920
40.4,2.920
40.5,2.920
40.5,2.920
40.5,2.920
40.5,2.920
40.5,2.920
40.5,2.920
40.5,2.920
40.5,2.920
40.4,2.915
40.4,2.915
40.4,2.915
40.4,2.915
40.4,2.915
40.4,2.915
40.5,2.915
40.5,2.915
40.6,2.915
40.6,2.915
40.7,2.915
40.8,2.915
40.8,2.915
40.8,2.915
40.8,2.915
40.7,2.910
40.7,2.910
40.7,2.910
40.6,2.910
40.6,2.910
40.6,2.910
40.6,2.910
40.6,2.910
40.6,2.910
40.6,2.910
40.6,2.910
40.6,2.910
40.6,2.910
40.6,2.910
40.7,2.905
40.7,2.905
40.7,2.905
40.7,2.905
40.7,2.905
40.7,2.905
40.7,2.905
40.7,2.905
40.7,2.905
40.7,2.905
40.7,2.905
40.7,2.905
40.7,2.905
40.7,2.905
40.7,2.905
40.7,2.900
40.7,2.900
40.7,2.900
40.7,2.900
40.7,2.900
40.7,2.900
40.7,2.900
40.7,2.900
40.7,2.900
40.7,2.900
40.7,2.900
40.6,2.900
40.6,2.900
40.6,2.900
40.5,2.900
40.5,2.900
40.5,2.900
40.5,2.895
40.5,2.895
40.5,2.895
40.5,2.895
40.5,2.895
40.5,2.895
40.5,2.895
40.5,2.895
40.5,2.895
40.5,2.895
40.5,2.895
40.5,2.895
40.5,2.895
40.5,2.895
40.5,2.895
40.5,2.895
40.5,2.895
40.5,2.895
40.5,2.890
40.5,2.890
40.5,2.890
40.5,2.890
40.5,2.890
40.4,2.890
40.4,2.890
40.4,2.890
40.4,2.890
40.4,2.890
40.4,2.890
40.4,2.890
40.4,2.890
40.4,2.890
40.4,2.890
40.4,2.890
40.4,2.890
40.4,2.890
40.4,2.885
40.4,2.885
40.4,2.885
40.4,2.885
40.4,2.885
40.4,2.885
40.4,2.885
40.4,2.885
40.4,2.885
40.4,2.885
40.4,2.885
40.4,2.885
40.4,2.885
40.3,2.885
40.3,2.885
40.3,2.885
40.3,2.885
40.3,2.885
40.3,2.885
40.3,2.880
40.3,2.880
40.3,2.880
40.3,2.880
40.3,2.880
40.3,2.880
40.3,2.880
40.3,2.880
40.3,2.880
40.3,2.880
40.3,2.880
40.3,2.880
40.3,2.880
40.3,2.880
40.3,2.880
40.3,2.880
40.3,2.880
40.3,2.880
40.3,2.880
40.2,2.880
40.2,2.880
40.2,2.875
40.2,2.875
40.2,2.875
40.2,2.875
40.2,2.875
40.2,2.875
40.2,2.875
40.2,2.875
40.1,2.875
40.1,2.875
40.1,2.875
40.1,2.875
40.1,2.875
40.1,2.875
40.1,2.875
40.1,2.875
40.1,2.875
40.1,2.875
40.1,2.875
40.1,2.870
40.1,2.870
40.1,2.870
40.1,2.870
40.1,2.870
40.1,2.870
40.1,2.870
40.1,2.870
40.1,2.870
40.1,2.870
40.1,2.870
40.1,2.870
40.1,2.870
40.1,2.870
40.1,2.870
40.1,2.870
40.1,2.870
40.1,2.870
40.1,2.870
40.1,2.865
40.1,2.865
40.1,2.865
40.1,2.865
40.1,2.865
40.1,2.865
40.1,2.865
40.1,2.865
40.1,2.865
40.1,2.865
40.1,2.865
40.1,2.865
40.1,2.865
40.1,2.865
40.1,2.865
40.1,2.865
40.1,2.865
40.1,2.860
40.1,2.860
40.1,2.860
40.1,2.860
40.1,2.860
40.1,2.860
40.1,2.860
40.1,2.860
40.1,2.860
40.1,2.860
40.1,2.860
40.1,2.860
40.1,2.860
40.1,2.860
40.1,2.860
40.1,2.860
40.1,2.860
40.1,2.860
40.1,2.855
40.1,2.855
40.2,2.855
40.2,2.855
40.2,2.855
40.2,2.855
40.3,2.855
40.2,2.855
40.3,2.855
40.3,2.855
40.4,2.855
40.4,2.855
40.4,2.855
40.4,2.855
40.4,2.855
40.4,2.855
40.4,2.850
40.4,2.850
40.4,2.850
40.4,2.850
40.4,2.850
40.4,2.850
40.4,2.850
40.4,2.850
40.4,2.850
40.4,2.850
40.4,2.850
40.4,2.850
40.4,2.850
40.4,2.850
40.4,2.850
40.4,2.845
40.4,2.845
40.4,2.845
40.4,2.845
40.4,2.845
40.4,2.845
40.3,2.845
40.3,2.845
40.2,2.845
40.2,2.845
40.2,2.845
40.1,2.845
40.1,2.845
40.1,2.840
40.1,2.840
40.1,2.840
40.1,2.840
40.1,2.840
40.1,2.840
40.1,2.840
40.1,2.840
40.1,2.840
40.1,2.840
40.2,2.840
40.2,2.840
40.2,2.840
40.2,2.840
40.2,2.835
40.1,2.835
40.0,2.835
40.0,2.835
40.0,2.835
40.0,2.835
40.0,2.835
40.0,2.835
40.0,2.835
40.0,2.835
40.0,2.835
40.0,2.835
40.0,2.835
40.0,2.830
40.0,2.830
40.0,2.830
40.0,2.830
40.0,2.830
40.0,2.830
40.0,2.830
40.0,2.830
40.0,2.830
39.9,2.830
39.9,2.830
39.8,2.830
39.8,2.825
39.8,2.825
39.8,2.825
39.8,2.825
39.8,2.825
39.8,2.825
39.8,2.825
39.8,2.825
39.8,2.825
39.8,2.825
39.8,2.825
39.8,2.825
39.8,2.825
39.8,2.820
39.7,2.820
39.7,2.820
39.7,2.820
39.7,2.820
39.6,2.820
39.6,2.820
39.5,2.820
39.5,2.820
39.4,2.820
39.4,2.820
39.4,2.820
39.4,2.820
39.4,2.815
39.4,2.815
39.4,2.815
39.4,2.815
39.4,2.815
39.4,2.815
39.4,2.815
39.4,2.815
39.4,2.815
39.4,2.815
39.4,2.815
39.3,2.815
39.3,2.810
39.3,2.810
39.3,2.810
39.3,2.810
39.3,2.810
39.3,2.810
39.3,2.810
39.3,2.810
39.2,2.810
39.2,2.810
39.2,2.810
39.4,2.810
39.4,2.805
39.5,2.805
39.5,2.805
39.5,2.805
39.5,2.805
39.6,2.805
39.6,2.805
39.6,2.805
39.6,2.805
39.6,2.805
39.6,2.805
39.6,2.805
39.6,2.805
39.6,2.800
39.6,2.800
39.6,2.800
39.6,2.800
39.6,2.800
39.6,2.800
39.6,2.800
39.6,2.800
39.7,2.800
39.8,2.800
39.8,2.800
39.8,2.800
39.8,2.800
39.8,2.795
39.9,2.795
39.9,2.795
39.9,2.795
39.9,2.795
39.9,2.795
39.9,2.795
39.9,2.795
39.9,2.795
39.9,2.795
39.8,2.795
39.8,2.795
39.8,2.790
39.8,2.790
39.8,2.790
39.8,2.790
39.8,2.790
39.8,2.790
39.8,2.790
39.8,2.790
39.8,2.790
39.8,2.790
39.8,2.790
39.8,2.790
39.8,2.790
39.7,2.785
39.6,2.785
39.6,2.785
39.6,2.785
39.6,2.785
39.5,2.785
39.5,2.785
39.5,2.785
39.5,2.785
39.5,2.785
39.5,2.785
39.5,2.785
39.5,2.780
39.5,2.780
39.5,2.780
39.5,2.780
39.5,2.780
39.5,2.780
39.5,2.780
39.5,2.780
39.5,2.780
39.4,2.780
39.4,2.780
39.4,2.780
39.4,2.775
39.4,2.775
39.4,2.775
39.4,2.775
39.4,2.775
39.4,2.775
39.4,2.775
39.4,2.775
39.5,2.775
39.5,2.775
39.5,2.775
39.5,2.775
39.5,2.770
39.4,2.770
39.3,2.770
39.3,2.770
39.3,2.770
39.2,2.770
39.2,2.770
39.2,2.770
39.2,2.770
39.2,2.770
39.2,2.770
39.2,2.770
39.2,2.765
39.2,2.765
39.2,2.765
39.2,2.765
39.2,2.765
39.2,2.765
39.2,2.765
39.3,2.765
39.3,2.765
39.2,2.765
39.1,2.760
39.1,2.760
39.1,2.760
39.0,2.760
39.0,2.760
39.0,2.760
39.0,2.760
39.0,2.760
39.0,2.760
39.0,2.760
39.1,2.760
39.0,2.760
39.0,2.755
39.0,2.755
39.0,2.755
39.0,2.755
39.0,2.755
39.0,2.755
39.0,2.755
39.0,2.755
38.9,2.755
38.9,2.755
38.9,2.755
38.9,2.750
38.8,2.750
38.8,2.750
38.8,2.750
38.8,2.750
38.8,2.750
38.8,2.750
38.8,2.750
38.8,2.750
38.8,2.745
38.8,2.745
38.8,2.745
38.8,2.745
38.8,2.745
38.8,2.745
38.8,2.745
38.8,2.745
38.8,2.745
38.8,2.745
38.8,2.745
38.8,2.740
38.7,2.740
38.7,2.740
38.7,2.740
38.7,2.740
38.7,2.740
38.7,2.740
38.7,2.740
38.7,2.740
38.7,2.740
38.8,2.735
38.8,2.735
38.8,2.735
38.8,2.735
38.9,2.735
38.9,2.735
38.9,2.735
38.9,2.735
39.0,2.735
39.0,2.735
39.0,2.735
39.1,2.730
39.1,2.730
39.1,2.730
39.2,2.730
39.2,2.730
39.3,2.730
39.3,2.730
39.3,2.730
39.4,2.730
39.4,2.730
39.4,2.725
39.4,2.725
39.4,2.725
39.5,2.725
39.5,2.725
39.5,2.725
39.5,2.725
39.5,2.725
39.4,2.725
39.4,2.725
39.3,2.720
39.3,2.720
39.2,2.720
39.2,2.720
39.2,2.720
39.2,2.720
39.2,2.720
39.2,2.720
39.2,2.720
39.2,2.720
39.3,2.715
39.3,2.715
39.3,2.715
39.3,2.715
39.3,2.715
39.4,2.715
39.4,2.715
39.4,2.715
39.4,2.715
39.3,2.715
39.3,2.710
39.3,2.710
39.3,2.710
39.3,2.710
39.3,2.710
39.3,2.710
39.3,2.710
39.3,2.710
39.2,2.710
39.2,2.710
39.2,2.705
39.2,2.705
39.2,2.705
39.2,2.705
39.2,2.705
39.2,2.705
39.2,2.705
39.2,2.705
39.2,2.705
39.2,2.705
39.2,2.700
39.0,2.700
39.0,2.700
39.0,2.700
39.0,2.700
39.0,2.700
38.9,2.700
38.9,2.700
38.9,2.700
38.9,2.695
38.9,2.695
38.9,2.695
38.9,2.695
38.9,2.695
38.9,2.695
38.8,2.695
38.8,2.695
38.8,2.695
38.8,2.695
38.8,2.690
38.8,2.690
38.8,2.690
38.8,2.690
38.8,2.690
38.7,2.690
38.7,2.690
38.7,2.690
38.7,2.690
38.7,2.685
38.7,2.685
38.7,2.685
38.7,2.685
38.7,2.685
38.7,2.685
38.8,2.685
38.8,2.685
38.8,2.680
38.8,2.680
38.9,2.680
38.9,2.680
39.0,2.680
39.0,2.680
39.1,2.680
39.1,2.680
39.1,2.680
39.1,2.675
39.1,2.675
39.1,2.675
39.1,2.675
39.1,2.675
39.1,2.675
39.1,2.675
39.1,2.675
39.1,2.675
39.2,2.670
39.2,2.670
39.2,2.670
39.2,2.670
39.2,2.670
39.2,2.670
39.3,2.670
39.3,2.670
39.3,2.670
39.3,2.665
39.3,2.665
39.3,2.665
39.3,2.665
39.3,2.665
39.3,2.665
39.3,2.665
39.4,2.665
39.4,2.665
39.4,2.660
39.4,2.660
39.4,2.660
39.4,2.660
39.4,2.660
39.4,2.660
39.3,2.660
39.3,2.660
39.3,2.660
39.3,2.655
39.3,2.655
39.3,2.655
39.3,2.655
39.3,2.655
39.3,2.655
39.3,2.655
39.3,2.655
39.3,2.655
39.3,2.650
39.3,2.650
39.3,2.650
39.3,2.650
39.3,2.650
39.3,2.650
39.3,2.650
39.3,2.650
39.3,2.650
39.3,2.645
39.3,2.645
39.3,2.645
39.3,2.645
39.3,2.645
39.3,2.645
39.3,2.645
39.3,2.645
39.3,2.645
39.3,2.640
39.3,2.640
39.3,2.640
39.3,2.640
39.3,2.640
39.3,2.640
39.3,2.640
39.3,2.640
39.3,2.640
39.3,2.640
39.3,2.635
39.3,2.635
39.2,2.635
39.2,2.635
39.2,2.635
39.2,2.635
39.2,2.635
39.2,2.635
39.2,2.635
39.2,2.635
39.2,2.630
39.2,2.630
39.2,2.630
39.2,2.630
39.2,2.630
39.2,2.630
39.2,2.630
39.2,2.630
39.2,2.630
39.2,2.625
39.2,2.625
39.2,2.625
39.2,2.625
39.2,2.625
39.2,2.625
39.2,2.625
39.2,2.625
39.2,2.625
39.2,2.620
39.2,2.620
39.1,2.620
39.1,2.620
39.1,2.620
39.1,2.620
39.1,2.620
39.1,2.620
39.2,2.620
39.2,2.620
39.2,2.615
39.2,2.615
39.2,2.615
39.2,2.615
39.2,2.615
39.1,2.615
39.1,2.615
39.1,2.615
39.1,2.615
39.1,2.610
39.1,2.610
39.1,2.610
39.1,2.610
39.1,2.610
39.1,2.610
39.1,2.610
39.1,2.610
39.1,2.610
39.1,2.610
39.1,2.605
39.1,2.605
39.1,2.605
39.1,2.605
39.1,2.605
39.1,2.605
39.1,2.605
39.1,2.605
39.1,2.605
39.1,2.600
39.1,2.600
39.1,2.600
39.1,2.600
39.1,2.600
39.1,2.600
39.1,2.600
39.1,2.600
39.1,2.600
39.1,2.595
39.0,2.595
39.0,2.595
38.9,2.595
38.9,2.595
38.9,2.595
38.9,2.595
38.9,2.595
38.9,2.595
38.9,2.595
38.9,2.590
39.0,2.590
39.0,2.590
39.0,2.590
39.0,2.590
39.0,2.590
39.0,2.590
39.0,2.590
39.1,2.590
39.1,2.585
39.0,2.585
39.0,2.585
38.9,2.585
38.9,2.585
38.9,2.585
38.9,2.585
38.9,2.585
38.9,2.585
38.9,2.585
38.9,2.580
38.9,2.580
38.9,2.580
38.9,2.580
38.9,2.580
38.9,2.580
39.0,2.580
39.0,2.580
39.0,2.580
39.0,2.580
39.0,2.575
39.0,2.575
39.0,2.575
39.0,2.575
39.0,2.575
38.9,2.575
38.9,2.575
38.9,2.575
38.9,2.575
38.9,2.575
38.9,2.570
38.9,2.570
38.9,2.570
38.9,2.570
38.9,2.570
38.9,2.570
38.9,2.570
38.9,2.570
38.9,2.570
38.9,2.570
38.9,2.565
38.9,2.565
38.8,2.565
38.8,2.565
38.8,2.565
38.8,2.565
38.8,2.565
38.8,2.565
38.8,2.565
38.8,2.565
38.8,2.565
38.8,2.560
38.8,2.560
38.8,2.560
38.8,2.560
38.8,2.560
38.8,2.560
38.8,2.560
38.8,2.560
38.8,2.560
38.8,2.560
38.8,2.560
38.8,2.555
38.8,2.555
38.8,2.555
38.8,2.555
38.8,2.555
38.7,2.555
38.7,2.555
38.7,2.555
38.8,2.555
38.8,2.555
38.8,2.550
38.8,2.550
38.8,2.550
38.8,2.550
38.8,2.550
38.8,2.550
38.8,2.550
38.8,2.550
38.8,2.550
38.8,2.550
38.7,2.550
38.7,2.545
38.7,2.545
38.7,2.545
38.7,2.545
38.6,2.545
38.6,2.545
38.6,2.545
38.6,2.545
38.6,2.545
38.6,2.545
38.6,2.540
38.6,2.540
38.6,2.540
38.6,2.540
38.6,2.540
38.6,2.540
38.6,2.540
38.6,2.540
38.6,2.540
38.5,2.540
38.5,2.540
38.4,2.535
38.4,2.535
38.3,2.535
38.3,2.535
38.3,2.535
38.3,2.535
38.3,2.535
38.3,2.535
38.3,2.535
38.3,2.535
38.3,2.530
38.3,2.530
38.3,2.530
38.3,2.530
38.3,2.530
38.3,2.530
38.3,2.530
38.3,2.530
38.3,2.530
38.3,2.530
38.3,2.530
38.3,2.525
38.3,2.525
38.3,2.525
38.3,2.525
38.3,2.525
38.3,2.525
38.3,2.525
38.3,2.525
38.3,2.525
38.3,2.525
38.3,2.520
38.3,2.520
38.3,2.520
38.3,2.520
38.3,2.520
38.3,2.520
38.3,2.520
38.3,2.520
38.3,2.520
38.3,2.520
38.3,2.520
38.3,2.515
38.3,2.515
38.3,2.515
38.3,2.515
38.3,2.515
38.4,2.515
38.4,2.515
38.4,2.515
38.4,2.515
38.5,2.515
38.5,2.515
38.5,2.510
38.5,2.510
38.5,2.510
38.5,2.510
38.5,2.510
38.5,2.510
38.5,2.510
38.5,2.510
38.6,2.510
38.7,2.510
38.7,2.505
38.7,2.505
38.8,2.505
38.9,2.505
39.0,2.505
39.1,2.505
39.1,2.505
39.1,2.505
39.2,2.505
39.2,2.505
39.2,2.505
39.2,2.505
39.2,2.500
39.2,2.500
39.2,2.500
39.1,2.500
39.1,2.500
39.1,2.500
39.1,2.500
39.1,2.500
39.1,2.500
39.1,2.500
39.1,2.500
39.2,2.495
39.2,2.495
39.2,2.495
39.3,2.495
39.3,2.495
39.3,2.495
39.3,2.495
39.3,2.495
39.3,2.495
39.3,2.495
39.2,2.495
39.2,2.495
39.2,2.490
39.2,2.490
39.2,2.490
39.2,2.490
39.2,2.490
39.2,2.490
39.2,2.490
39.2,2.490
39.2,2.490
39.2,2.490
39.3,2.490
39.2,2.490
39.2,2.485
39.2,2.485
39.2,2.485
39.3,2.485
39.3,2.485
39.2,2.485
39.2,2.485
39.2,2.485
39.2,2.485
39.2,2.485
39.2,2.485
39.2,2.485
39.2,2.480
39.2,2.480
39.2,2.480
39.2,2.480
39.2,2.480
39.2,2.480
39.2,2.480
39.2,2.480
39.2,2.480
39.2,2.480
39.2,2.480
39.2,2.480
39.2,2.475
39.2,2.475
39.2,2.475
39.2,2.475
39.2,2.475
39.2,2.475
39.2,2.475
39.2,2.475
39.2,2.475
39.2,2.475
39.2,2.475
39.2,2.475
39.2,2.475
39.2,2.470
39.2,2.470
39.2,2.470
39.2,2.470
39.2,2.470
39.2,2.470
39.2,2.470
39.2,2.470
39.2,2.470
39.2,2.470
39.2,2.470
39.2,2.470
39.2,2.465
39.2,2.465
39.2,2.465
39.2,2.465
39.2,2.465
39.2,2.465
39.2,2.465
39.2,2.465
39.2,2.465
39.2,2.465
39.2,2.465
39.2,2.460
39.2,2.460
39.2,2.460
39.2,2.460
39.2,2.460
39.2,2.460
39.2,2.460
39.2,2.460
39.2,2.460
39.2,2.460
39.2,2.460
39.2,2.455
39.2,2.455
39.2,2.455
39.2,2.455
39.2,2.455
39.2,2.455
39.2,2.455
39.1,2.455
39.1,2.455
39.1,2.455
39.1,2.455
39.1,2.455
39.1,2.450
39.1,2.450
39.1,2.450
39.1,2.450
39.1,2.450
39.2,2.450
39.2,2.450
39.2,2.450
39.2,2.450
39.2,2.450
39.2,2.445
39.2,2.445
39.2,2.445
39.2,2.445
39.2,2.445
39.2,2.445
39.2,2.445
39.2,2.445
39.2,2.445
39.2,2.445
39.2,2.445
39.2,2.440
39.2,2.440
39.2,2.440
39.2,2.440
39.2,2.440
39.2,2.440
39.2,2.440
39.2,2.440
39.2,2.440
39.1,2.440
39.1,2.440
39.1,2.435
39.1,2.435
39.1,2.435
39.1,2.435
39.1,2.435
39.1,2.435
39.1,2.435
39.2,2.435
39.2,2.435
39.2,2.435
39.2,2.430
39.2,2.430
39.2,2.430
39.1,2.430
39.1,2.430
39.1,2.430
39.1,2.430
39.1,2.430
39.1,2.430
39.1,2.430
39.1,2.425
39.1,2.425
39.1,2.425
39.1,2.425
39.1,2.425
39.1,2.425
39.1,2.425
39.1,2.425
39.1,2.425
39.1,2.425
39.1,2.425
39.1,2.420
39.1,2.420
39.1,2.420
39.1,2.420
39.1,2.420
39.1,2.420
39.1,2.420
39.1,2.420
39.1,2.420
39.1,2.420
39.1,2.420
39.1,2.415
39.1,2.415
39.1,2.415
39.1,2.415
39.1,2.415
39.1,2.415
39.1,2.415
39.1,2.415
39.1,2.415
39.1,2.415
39.1,2.415
39.1,2.410
39.1,2.410
39.1,2.410
39.1,2.410
39.1,2.410
39.1,2.410
39.1,2.410
39.1,2.410
39.0,2.410
39.0,2.410
39.0,2.405
39.0,2.405
39.0,2.405
39.0,2.405
39.0,2.405
39.0,2.405
39.0,2.405
39.0,2.405
39.0,2.405
39.1,2.405
39.1,2.405
39.1,2.400
39.1,2.400
39.1,2.400
39.1,2.400
39.1,2.400
39.0,2.400
39.0,2.400
38.9,2.400
38.9,2.400
38.9,2.400
38.9,2.400
38.9,2.395
38.9,2.395
38.9,2.395
38.9,2.395
38.9,2.395
38.9,2.395
38.9,2.395
38.9,2.395
38.9,2.395
38.9,2.395
38.9,2.395
38.9,2.390
38.9,2.390
38.9,2.390
38.9,2.390
38.9,2.390
38.9,2.390
38.9,2.390
38.9,2.390
38.9,2.390
38.9,2.390
38.9,2.390
38.9,2.385
38.9,2.385
38.9,2.385
38.9,2.385
38.9,2.385
38.9,2.385
38.9,2.385
38.9,2.385
38.9,2.385
38.9,2.385
38.9,2.380
38.9,2.380
38.9,2.380
38.9,2.380
38.9,2.380
38.9,2.380
38.9,2.380
38.9,2.380
38.9,2.380
38.9,2.380
38.9,2.380
38.9,2.375
38.9,2.375
38.9,2.375
38.9,2.375
38.9,2.375
38.9,2.375
38.9,2.375
38.9,2.375
38.9,2.375
38.9,2.375
38.9,2.370
38.9,2.370
38.9,2.370
38.9,2.370
38.8,2.370
38.8,2.370
38.8,2.370
38.8,2.370
38.8,2.370
38.8,2.370
38.8,2.365
38.8,2.365
38.8,2.365
38.8,2.365
38.8,2.365
38.8,2.365
38.8,2.365
38.8,2.365
38.8,2.365
38.8,2.365
38.9,2.360
38.9,2.360
38.9,2.360
38.9,2.360
38.9,2.360
38.9,2.360
38.9,2.360
38.9,2.360
38.9,2.360
38.9,2.360
38.9,2.355
38.9,2.355
38.9,2.355
38.9,2.355
38.9,2.355
38.9,2.355
38.9,2.355
38.9,2.355
38.9,2.355
38.9,2.355
38.8,2.355
38.8,2.350
38.8,2.350
38.8,2.350
38.8,2.350
38.8,2.350
38.8,2.350
38.8,2.350
38.8,2.350
38.8,2.350
38.8,2.345
38.8,2.345
38.8,2.345
38.8,2.345
38.8,2.345
38.8,2.345
38.8,2.345
38.8,2.345
38.8,2.345
38.8,2.345
38.8,2.345
38.8,2.340
38.8,2.340
38.7,2.340
38.7,2.340
38.7,2.340
38.7,2.340
38.7,2.340
38.7,2.340
38.7,2.340
38.7,2.340
38.6,2.340
38.6,2.335
38.6,2.335
38.6,2.335
38.6,2.335
38.6,2.335
38.6,2.335
38.6,2.335
38.6,2.335
38.6,2.335
38.6,2.335
38.6,2.335
38.6,2.330
38.6,2.330
38.6,2.330
38.6,2.330
38.5,2.330
38.5,2.330
38.5,2.330
38.5,2.330
38.5,2.330
38.5,2.330
38.5,2.325
38.5,2.325
38.5,2.325
38.5,2.325
38.5,2.325
38.5,2.325
38.5,2.325
38.5,2.325
38.5,2.325
38.5,2.325
38.5,2.325
38.5,2.320
38.5,2.320
38.4,2.320
38.4,2.320
38.4,2.320
38.4,2.320
38.4,2.320
38.4,2.320
38.4,2.320
38.4,2.320
38.4,2.320
38.4,2.315
38.4,2.315
38.4,2.315
38.4,2.315
38.4,2.315
38.4,2.315
38.4,2.315
38.4,2.315
38.4,2.315
38.3,2.315
38.3,2.310
38.2,2.310
38.2,2.310
38.2,2.310
38.2,2.310
38.2,2.310
38.2,2.310
38.2,2.310
38.2,2.310
38.2,2.310
38.2,2.310
38.3,2.305
38.3,2.305
38.3,2.305
38.3,2.305
38.3,2.305
38.3,2.305
38.3,2.305
38.3,2.305
38.3,2.305
38.3,2.305
38.3,2.300
38.2,2.300
38.2,2.300
38.2,2.300
38.2,2.300
38.2,2.300
38.2,2.300
38.2,2.300
38.2,2.300
38.2,2.300
38.2,2.300
38.2,2.295
38.2,2.295
38.3,2.295
38.3,2.295
38.3,2.295
38.3,2.295
38.3,2.295
38.3,2.295
38.3,2.295
38.3,2.295
38.2,2.290
38.2,2.290
38.2,2.290
38.2,2.290
38.2,2.290
38.2,2.290
38.2,2.290
38.2,2.290
38.2,2.290
38.2,2.285
38.2,2.285
38.2,2.285
38.2,2.285
38.1,2.285
38.1,2.285
38.1,2.285
38.1,2.285
38.1,2.285
38.1,2.285
38.1,2.280
38.1,2.280
38.1,2.280
38.1,2.280
38.1,2.280
38.1,2.280
38.1,2.280
38.1,2.280
38.1,2.280
38.1,2.275
38.1,2.275
38.1,2.275
38.1,2.275
38.2,2.275
38.2,2.275
38.2,2.275
38.2,2.275
38.2,2.275
38.1,2.275
38.1,2.270
38.1,2.270
38.1,2.270
38.1,2.270
38.1,2.270
38.1,2.270
38.1,2.270
38.1,2.270
38.1,2.270
38.1,2.265
38.1,2.265
38.1,2.265
38.1,2.265
38.1,2.265
38.1,2.265
38.1,2.265
38.1,2.265
38.1,2.265
38.1,2.260
38.1,2.260
38.1,2.260
38.1,2.260
38.1,2.260
38.0,2.260
38.0,2.260
38.0,2.260
38.0,2.260
38.0,2.260
38.0,2.255
38.0,2.255
38.0,2.255
38.0,2.255
38.0,2.255
38.0,2.255
38.0,2.255
38.0,2.255
38.0,2.255
38.0,2.255
38.0,2.250
38.0,2.250
38.0,2.250
38.0,2.250
38.0,2.250
38.0,2.250
38.0,2.250
38.0,2.250
38.0,2.250
38.0,2.250
38.0,2.245
38.0,2.245
38.0,2.245
38.0,2.245
38.0,2.245
38.0,2.245
38.0,2.245
38.0,2.245
38.0,2.245
38.0,2.245
38.0,2.240
38.0,2.240
38.0,2.240
38.0,2.240
38.0,2.240
38.0,2.240
38.0,2.240
38.0,2.240
38.0,2.240
38.0,2.240
38.0,2.240
38.0,2.235
38.0,2.235
38.0,2.235
38.0,2.235
38.0,2.235
38.0,2.235
38.0,2.235
38.0,2.235
38.0,2.235
38.0,2.235
38.0,2.235
38.0,2.230
38.0,2.230
38.0,2.230
38.0,2.230
38.0,2.230
38.0,2.230
38.0,2.230
38.0,2.230
38.0,2.230
38.0,2.230
38.0,2.230
38.0,2.225
38.0,2.225
38.0,2.225
38.0,2.225
38.0,2.225
38.0,2.225
38.0,2.225
38.0,2.225
38.0,2.225
38.0,2.225
38.0,2.220
38.0,2.220
38.0,2.220
38.0,2.220
38.0,2.220
38.0,2.220
37.9,2.220
37.9,2.220
37.9,2.220
37.9,2.220
37.9,2.220
37.9,2.215
37.9,2.215
37.9,2.215
37.9,2.215
37.9,2.215
37.9,2.215
37.9,2.215
37.9,2.215
37.9,2.215
37.9,2.215
37.9,2.215
37.9,2.210
37.9,2.210
37.9,2.210
37.9,2.210
37.9,2.210
37.9,2.210
37.9,2.210
37.9,2.210
37.9,2.210
37.9,2.210
37.9,2.205
37.9,2.205
37.9,2.205
37.9,2.205
37.9,2.205
37.9,2.205
38.0,2.205
37.9,2.205
37.9,2.205
37.9,2.205
37.9,2.205
37.9,2.200
37.9,2.200
37.9,2.200
37.9,2.200
37.9,2.200
37.9,2.200
37.9,2.200
37.9,2.200
37.9,2.200
37.9,2.200
37.9,2.195
37.9,2.195
37.9,2.195
37.9,2.195
37.9,2.195
37.9,2.195
37.9,2.195
37.9,2.195
37.9,2.195
37.9,2.195
37.9,2.195
37.9,2.190
37.9,2.190
37.9,2.190
37.8,2.190
37.8,2.190
37.8,2.190
37.8,2.190
37.8,2.190
37.8,2.190
37.8,2.190
37.8,2.185
37.8,2.185
37.8,2.185
37.8,2.185
37.8,2.185
37.8,2.185
37.9,2.185
37.9,2.185
37.9,2.185
37.9,2.185
37.9,2.185
37.8,2.180
37.8,2.180
37.8,2.180
37.8,2.180
37.8,2.180
37.8,2.180
37.8,2.180
37.8,2.180
37.8,2.180
37.8,2.180
37.7,2.180
37.7,2.180
37.7,2.175
37.7,2.175
37.7,2.175
37.7,2.175
37.8,2.175
37.8,2.175
37.8,2.175
37.9,2.175
37.8,2.175
37.8,2.175
37.8,2.175
37.8,2.170
37.8,2.170
37.8,2.170
37.8,2.170
37.8,2.170
37.8,2.170
37.8,2.170
37.8,2.170
37.8,2.170
37.8,2.170
37.8,2.170
37.8,2.165
37.8,2.165
37.8,2.165
37.8,2.165
37.8,2.165
37.8,2.165
37.8,2.165
37.8,2.165
37.8,2.165
37.8,2.165
37.8,2.165
37.8,2.165
37.8,2.160
37.8,2.160
37.7,2.160
37.7,2.160
37.7,2.160
37.7,2.160
37.7,2.160
37.7,2.160
37.7,2.160
37.7,2.160
37.7,2.160
37.7,2.160
37.7,2.155
37.7,2.155
37.8,2.155
37.8,2.155
37.8,2.155
37.7,2.155
37.7,2.155
37.7,2.155
37.7,2.155
37.6,2.155
37.6,2.155
37.6,2.155
37.6,2.150
37.6,2.150
37.6,2.150
37.6,2.150
37.6,2.150
37.6,2.150
37.7,2.150
37.7,2.150
37.7,2.150
37.7,2.150
37.7,2.150
37.7,2.150
37.7,2.145
37.7,2.145
37.7,2.145
37.7,2.145
37.7,2.145
37.7,2.145
37.7,2.145
37.7,2.145
37.7,2.145
37.7,2.145
37.7,2.145
37.7,2.145
37.7,2.140
37.7,2.140
37.7,2.140
37.7,2.140
37.7,2.140
37.7,2.140
37.7,2.140
37.7,2.140
37.7,2.140
37.7,2.140
37.7,2.140
37.7,2.135
37.7,2.135
37.7,2.135
37.6,2.135
37.6,2.135
37.6,2.135
37.6,2.135
37.6,2.135
37.6,2.135
37.6,2.135
37.6,2.135
37.7,2.135
37.7,2.130
37.7,2.130
37.7,2.130
37.7,2.130
37.7,2.130
37.6,2.130
37.6,2.130
37.6,2.130
37.6,2.130
37.6,2.130
37.6,2.130
37.6,2.125
37.6,2.125
37.6,2.125
37.6,2.125
37.6,2.125
37.6,2.125
37.6,2.125
37.6,2.125
37.6,2.125
37.6,2.125
37.6,2.125
37.6,2.120
37.6,2.120
37.6,2.120
37.6,2.120
37.6,2.120
37.6,2.120
37.6,2.120
37.5,2.120
37.5,2.120
37.5,2.120
37.5,2.120
37.5,2.115
37.5,2.115
37.5,2.115
37.5,2.115
37.6,2.115
37.6,2.115
37.6,2.115
37.6,2.115
37.6,2.115
37.6,2.115
37.6,2.115
37.6,2.110
37.6,2.110
37.6,2.110
37.6,2.110
37.6,2.110
37.6,2.110
37.6,2.110
37.5,2.110
37.5,2.110
37.5,2.110
37.5,2.105
37.5,2.105
37.5,2.105
37.5,2.105
37.5,2.105
37.5,2.105
37.5,2.105
37.5,2.105
37.5,2.105
37.5,2.105
37.5,2.105
37.5,2.105
37.5,2.100
37.5,2.100
37.5,2.100
37.5,2.100
37.5,2.100
37.5,2.100
37.5,2.100
37.5,2.100
37.5,2.100
37.5,2.100
37.5,2.100
37.5,2.095
37.5,2.095
37.5,2.095
37.5,2.095
37.5,2.095
37.5,2.095
37.5,2.095
37.5,2.095
37.5,2.095
37.5,2.095
37.5,2.095
37.5,2.095
37.5,2.090
37.5,2.090
37.5,2.090
37.5,2.090
37.5,2.090
37.5,2.090
37.5,2.090
37.5,2.090
37.4,2.090
37.4,2.090
37.4,2.090
37.4,2.090
37.3,2.085
37.3,2.085
37.3,2.085
37.3,2.085
37.3,2.085
37.3,2.085
37.3,2.085
37.3,2.085
37.3,2.085
37.2,2.085
37.2,2.085
37.2,2.080
37.2,2.080
37.2,2.080
37.2,2.080
37.2,2.080
37.2,2.080
37.2,2.080
37.2,2.080
37.2,2.080
37.2,2.080
37.2,2.080
37.2,2.080
37.2,2.075
37.2,2.075
37.2,2.075
37.1,2.075
37.1,2.075
37.1,2.075
37.1,2.075
37.1,2.075
37.1,2.075
37.1,2.075
37.1,2.075
37.1,2.075
37.1,2.070
37.1,2.070
37.0,2.070
37.0,2.070
37.0,2.070
37.0,2.070
37.0,2.070
37.0,2.070
37.0,2.070
37.0,2.070
37.0,2.070
37.0,2.070
37.0,2.070
37.0,2.065
37.0,2.065
37.0,2.065
37.0,2.065
37.0,2.065
37.0,2.065
36.9,2.065
36.8,2.065
36.8,2.065
36.8,2.065
36.8,2.065
36.8,2.060
36.8,2.060
36.8,2.060
36.8,2.060
36.8,2.060
36.8,2.060
36.8,2.060
36.8,2.060
36.8,2.060
36.8,2.060
36.8,2.060
36.8,2.060
36.8,2.055
36.8,2.055
36.8,2.055
36.8,2.055
36.8,2.055
36.7,2.055
36.7,2.055
36.7,2.055
36.7,2.055
36.6,2.055
36.6,2.055
36.6,2.055
36.6,2.050
36.6,2.050
36.6,2.050
36.6,2.050
36.6,2.050
36.6,2.050
36.6,2.050
36.6,2.050
36.6,2.050
36.6,2.050
36.6,2.050
36.6,2.050
36.5,2.045
36.5,2.045
36.5,2.045
36.4,2.045
36.4,2.045
36.4,2.045
36.4,2.045
36.4,2.045
36.4,2.045
36.4,2.045
36.4,2.045
36.4,2.040
36.4,2.040
36.4,2.040
36.4,2.040
36.4,2.040
36.4,2.040
36.4,2.040
36.4,2.040
36.4,2.040
36.4,2.040
36.4,2.040
36.4,2.040
36.4,2.035
36.4,2.035
36.4,2.035
36.4,2.035
36.4,2.035
36.4,2.035
36.4,2.035
36.3,2.035
36.3,2.035
36.3,2.035
36.3,2.035
36.3,2.035
36.3,2.030
36.3,2.030
36.3,2.030
36.3,2.030
36.3,2.030
36.3,2.030
36.3,2.030
36.2,2.030
36.2,2.030
36.2,2.030
36.2,2.025
36.2,2.025
36.2,2.025
36.2,2.025
36.1,2.025
36.1,2.025
36.1,2.025
36.1,2.025
36.1,2.025
36.1,2.025
36.1,2.025
36.1,2.025
36.1,2.020
36.1,2.020
36.1,2.020
36.1,2.020
36.1,2.020
36.1,2.020
36.1,2.020
36.1,2.020
36.0,2.020
36.0,2.020
36.0,2.020
36.0,2.020
35.9,2.015
35.9,2.015
35.9,2.015
35.9,2.015
35.9,2.015
35.9,2.015
35.9,2.015
35.9,2.015
35.9,2.015
35.9,2.015
35.9,2.015
35.9,2.010
35.9,2.010
35.8,2.010
35.8,2.010
35.8,2.010
35.8,2.010
35.8,2.010
35.8,2.010
35.8,2.010
35.8,2.010
35.8,2.010
35.8,2.005
35.8,2.005
35.8,2.005
35.8,2.005
35.8,2.005
35.8,2.005
35.8,2.005
35.9,2.005
35.9,2.005
35.9,2.005
35.9,2.005
35.9,2.005
35.9,2.000
35.9,2.000
35.9,2.000
35.9,2.000
35.8,2.000
35.8,2.000
35.8,2.000
35.8,2.000
35.8,2.000
35.8,2.000
35.8,2.000
35.8,2.000
35.8,1.995
35.7,1.995
35.7,1.995
35.7,1.995
35.7,1.995
35.7,1.995
35.7,1.995
35.7,1.995
35.7,1.995
35.7,1.995
35.7,1.995
35.7,1.995
35.7,1.990
35.7,1.990
35.7,1.990
35.7,1.990
35.7,1.990
35.7,1.990
35.7,1.990
35.7,1.990
35.7,1.990
35.7,1.990
35.7,1.990
35.7,1.990
35.7,1.985
35.7,1.985
35.7,1.985
35.7,1.985
35.7,1.985
35.7,1.985
35.7,1.985
35.7,1.985
35.7,1.985
35.7,1.985
35.7,1.985
35.7,1.980
35.7,1.980
35.7,1.980
35.7,1.980
35.7,1.980
35.7,1.980
35.7,1.980
35.7,1.980
35.7,1.980
35.7,1.980
35.7,1.980
35.7,1.980
35.6,1.975
35.6,1.975
35.6,1.975
35.6,1.975
35.6,1.975
35.6,1.975
35.6,1.975
35.6,1.975
35.6,1.975
35.6,1.975
35.6,1.975
35.6,1.975
35.6,1.970
35.6,1.970
35.6,1.970
35.6,1.970
35.6,1.970
35.6,1.970
35.6,1.970
35.6,1.970
35.6,1.970
35.6,1.970
35.6,1.970
35.6,1.970
35.6,1.965
35.6,1.965
35.6,1.965
35.6,1.965
35.6,1.965
35.6,1.965
35.6,1.965
35.6,1.965
35.6,1.965
35.6,1.965
35.6,1.965
35.6,1.960
35.6,1.960
35.6,1.960
35.6,1.960
35.6,1.960
35.6,1.960
35.6,1.960
35.6,1.960
35.6,1.960
35.6,1.960
35.6,1.960
35.6,1.960
35.6,1.955
35.6,1.955
35.6,1.955
35.5,1.955
35.5,1.955
35.5,1.955
35.5,1.955
35.6,1.955
35.6,1.955
35.6,1.955
35.6,1.955
35.6,1.955
35.5,1.950
35.5,1.950
35.5,1.950
35.5,1.950
35.5,1.950
35.5,1.950
35.5,1.950
35.5,1.950
35.5,1.950
35.5,1.950
35.5,1.950
35.5,1.945
35.5,1.945
35.5,1.945
35.5,1.945
35.5,1.945
35.5,1.945
35.5,1.945
35.5,1.945
35.5,1.945
35.5,1.945
35.5,1.945
35.5,1.940
35.5,1.940
35.5,1.940
35.5,1.940
35.5,1.940
35.5,1.940
35.5,1.940
35.5,1.940
35.4,1.940
35.4,1.940
35.4,1.940
35.4,1.940
35.4,1.935
35.4,1.935
35.4,1.935
35.4,1.935
35.4,1.935
35.4,1.935
35.4,1.935
35.5,1.935
35.5,1.935
35.5,1.935
35.5,1.935
35.5,1.930
35.4,1.930
35.4,1.930
35.4,1.930
35.4,1.930
35.4,1.930
35.4,1.930
35.4,1.930
35.4,1.930
35.4,1.930
35.4,1.930
35.4,1.930
35.4,1.925
35.4,1.925
35.4,1.925
35.4,1.925
35.4,1.925
35.4,1.925
35.5,1.925
35.5,1.925
35.5,1.925
35.5,1.925
35.5,1.925
35.4,1.920
35.4,1.920
35.4,1.920
35.4,1.920
35.4,1.920
35.4,1.920
35.4,1.920
35.4,1.920
35.4,1.920
35.4,1.920
35.4,1.920
35.4,1.920
35.4,1.915
35.4,1.915
35.4,1.915
35.4,1.915
35.4,1.915
35.4,1.915
35.4,1.915
35.4,1.915
35.4,1.915
35.4,1.915
35.4,1.915
35.4,1.910
35.3,1.910
35.3,1.910
35.3,1.910
35.3,1.910
35.3,1.910
35.3,1.910
35.3,1.910
35.3,1.910
35.3,1.910
35.3,1.910
35.3,1.910
35.4,1.905
35.4,1.905
35.4,1.905
35.4,1.905
35.4,1.905
35.4,1.905
35.4,1.905
35.4,1.905
35.4,1.905
35.4,1.905
35.4,1.900
35.4,1.900
35.4,1.900
35.4,1.900
35.4,1.900
35.3,1.900
35.3,1.900
35.3,1.900
35.3,1.900
35.3,1.900
35.3,1.900
35.3,1.895
35.3,1.895
35.3,1.895
35.3,1.895
35.3,1.895
35.3,1.895
35.3,1.895
35.3,1.895
35.3,1.895
35.3,1.895
35.3,1.895
35.3,1.890
35.3,1.890
35.3,1.890
35.3,1.890
35.3,1.890
35.3,1.890
35.3,1.890
35.3,1.890
35.2,1.890
35.2,1.890
35.2,1.885
35.2,1.885
35.2,1.885
35.3,1.885
35.3,1.885
35.3,1.885
35.3,1.885
35.3,1.885
35.3,1.885
35.2,1.880
35.2,1.880
35.2,1.880
35.2,1.880
35.2,1.880
35.2,1.880
35.2,1.880
35.2,1.880
35.2,1.880
35.2,1.880
35.2,1.880
35.2,1.875
35.2,1.875
35.2,1.875
35.2,1.875
35.2,1.875
35.2,1.875
35.2,1.875
35.3,1.875
35.3,1.875
35.3,1.875
35.3,1.870
35.3,1.870
35.3,1.870
35.3,1.870
35.3,1.870
35.3,1.870
35.3,1.870
35.2,1.870
35.2,1.870
35.2,1.870
35.2,1.865
35.2,1.865
35.2,1.865
35.2,1.865
35.2,1.865
35.2,1.865
35.2,1.865
35.2,1.865
35.2,1.865
35.2,1.865
35.2,1.860
35.2,1.860
35.2,1.860
35.2,1.860
35.2,1.860
35.2,1.860
35.2,1.860
35.2,1.860
35.2,1.860
35.2,1.860
35.2,1.860
35.2,1.860
35.2,1.855
35.2,1.855
35.2,1.855
35.2,1.855
35.2,1.855
35.2,1.855
35.2,1.855
35.2,1.855
35.2,1.855
35.2,1.855
35.2,1.855
35.2,1.850
35.2,1.850
35.2,1.850
35.2,1.850
35.2,1.850
35.2,1.850
35.2,1.850
35.2,1.850
35.2,1.850
35.2,1.850
35.2,1.850
35.2,1.845
35.2,1.845
35.2,1.845
35.2,1.845
35.2,1.845
35.2,1.845
35.2,1.845
35.2,1.845
35.2,1.845
35.2,1.845
35.2,1.845
35.2,1.840
35.2,1.840
35.2,1.840
35.2,1.840
35.2,1.840
35.2,1.840
35.2,1.840
35.2,1.840
35.2,1.840
35.2,1.840
35.2,1.840
35.2,1.840
35.2,1.835
35.2,1.835
35.2,1.835
35.2,1.835
35.2,1.835
35.2,1.835
35.2,1.835
35.2,1.835
35.2,1.835
35.2,1.835
35.2,1.835
35.2,1.835
35.2,1.830
35.2,1.830
35.2,1.830
35.2,1.830
35.2,1.830
35.2,1.830
35.2,1.830
35.2,1.830
35.2,1.830
35.2,1.830
35.2,1.830
35.2,1.830
35.2,1.825
35.2,1.825
35.2,1.825
35.2,1.825
35.2,1.825
35.2,1.825
35.2,1.825
35.2,1.825
35.2,1.825
35.2,1.825
35.2,1.825
35.2,1.825
35.2,1.820
35.2,1.820
35.2,1.820
35.2,1.820
35.2,1.820
35.2,1.820
35.2,1.820
35.2,1.820
35.1,1.820
35.1,1.820
35.1,1.820
35.1,1.820
35.1,1.815
35.1,1.815
35.1,1.815
35.1,1.815
35.1,1.815
35.1,1.815
35.1,1.815
35.1,1.815
35.1,1.815
35.1,1.815
35.1,1.815
35.1,1.810
35.2,1.810
35.2,1.810
35.2,1.810
35.2,1.810
35.2,1.810
35.2,1.810
35.2,1.810
35.2,1.810
35.2,1.810
35.2,1.810
35.2,1.805
35.2,1.805
35.2,1.805
35.2,1.805
35.2,1.805
35.2,1.805
35.2,1.805
35.2,1.805
35.2,1.805
35.2,1.805
35.1,1.805
35.1,1.800
35.1,1.800
35.1,1.800
35.1,1.800
35.1,1.800
35.1,1.800
35.1,1.800
35.1,1.800
35.1,1.800
35.1,1.800
35.1,1.800
35.1,1.795
35.1,1.795
35.1,1.795
35.1,1.795
35.1,1.795
35.1,1.795
35.1,1.795
35.1,1.795
35.1,1.795
35.0,1.795
35.0,1.795
35.0,1.795
35.0,1.790
35.0,1.790
35.0,1.790
35.0,1.790
35.0,1.790
35.0,1.790
35.0,1.790
35.0,1.790
35.0,1.790
35.0,1.790
35.0,1.790
35.0,1.785
35.0,1.785
35.0,1.785
35.0,1.785
34.9,1.785
34.9,1.785
34.9,1.785
34.9,1.785
34.9,1.785
34.9,1.785
34.9,1.785
34.9,1.785
34.9,1.780
34.9,1.780
34.9,1.780
34.9,1.780
34.9,1.780
34.9,1.780
34.9,1.780
34.9,1.780
34.9,1.780
34.9,1.780
34.9,1.780
34.9,1.780
34.9,1.775
34.9,1.775
34.9,1.775
34.9,1.775
34.8,1.775
34.8,1.775
34.8,1.775
34.8,1.775
34.8,1.775
34.8,1.775
34.8,1.775
34.8,1.775
34.8,1.775
34.8,1.770
34.9,1.770
34.8,1.770
34.8,1.770
34.8,1.770
34.9,1.770
34.9,1.770
34.9,1.770
34.9,1.770
34.9,1.770
34.9,1.770
34.9,1.765
34.8,1.765
34.8,1.765
34.8,1.765
34.8,1.765
34.8,1.765
34.8,1.765
34.8,1.765
34.8,1.765
34.8,1.765
34.8,1.765
34.8,1.760
34.8,1.760
34.8,1.760
34.8,1.760
34.8,1.760
34.8,1.760
34.8,1.760
34.8,1.760
34.8,1.760
34.8,1.760
34.8,1.760
34.8,1.760
34.8,1.755
34.8,1.755
34.8,1.755
34.8,1.755
34.8,1.755
34.8,1.755
34.8,1.755
34.8,1.755
34.8,1.755
34.8,1.755
34.8,1.755
34.8,1.755
34.8,1.750
34.8,1.750
34.8,1.750
34.8,1.750
34.7,1.750
34.7,1.750
34.7,1.750
34.7,1.750
34.7,1.750
34.7,1.750
34.7,1.750
34.7,1.745
34.7,1.745
34.7,1.745
34.7,1.745
34.7,1.745
34.7,1.745
34.7,1.745
34.7,1.745
34.7,1.745
34.6,1.745
34.7,1.745
34.7,1.740
34.6,1.740
34.6,1.740
34.6,1.740
34.6,1.740
34.6,1.740
34.6,1.740
34.6,1.740
34.7,1.740
34.7,1.740
34.7,1.740
34.7,1.735
34.7,1.735
34.7,1.735
34.7,1.735
34.7,1.735
34.7,1.735
34.7,1.735
34.6,1.735
34.6,1.735
34.6,1.735
34.6,1.735
34.6,1.730
34.6,1.730
34.6,1.730
34.6,1.730
34.6,1.730
34.6,1.730
34.7,1.730
34.7,1.730
34.7,1.730
34.7,1.730
34.7,1.730
34.7,1.725
34.7,1.725
34.7,1.725
34.7,1.725
34.7,1.725
34.7,1.725
34.7,1.725
34.7,1.725
34.7,1.725
34.7,1.725
34.7,1.720
34.7,1.720
34.7,1.720
34.7,1.720
34.7,1.720
34.7,1.720
34.7,1.720
34.7,1.720
34.7,1.720
34.7,1.720
34.7,1.720
34.8,1.715
34.8,1.715
34.8,1.715
34.8,1.715
34.8,1.715
34.8,1.715
34.8,1.715
34.8,1.715
34.8,1.715
34.8,1.715
34.8,1.710
34.8,1.710
34.8,1.710
34.8,1.710
34.8,1.710
34.8,1.710
34.8,1.710
34.7,1.710
34.7,1.710
34.7,1.710
34.7,1.705
34.7,1.705
34.7,1.705
34.7,1.705
34.7,1.705
34.7,1.705
34.7,1.705
34.8,1.705
34.8,1.705
34.8,1.705
34.8,1.705
34.8,1.700
34.8,1.700
34.8,1.700
34.8,1.700
34.8,1.700
34.8,1.700
34.8,1.700
34.8,1.700
34.8,1.700
34.8,1.700
34.8,1.700
34.8,1.695
34.8,1.695
34.8,1.695
34.8,1.695
34.8,1.695
34.8,1.695
34.8,1.695
34.8,1.695
34.8,1.695
34.8,1.695
34.8,1.695
34.8,1.690
34.8,1.690
34.8,1.690
34.8,1.690
34.8,1.690
34.8,1.690
34.8,1.690
34.8,1.690
34.7,1.690
34.7,1.690
34.7,1.685
34.7,1.685
34.7,1.685
34.7,1.685
34.7,1.685
34.7,1.685
34.7,1.685
34.7,1.685
34.7,1.685
34.7,1.685
34.7,1.685
34.7,1.685
34.7,1.680
34.7,1.680
34.7,1.680
34.7,1.680
34.7,1.680
34.7,1.680
34.7,1.680
34.7,1.680
34.7,1.680
34.7,1.680
34.7,1.680
34.6,1.680
34.6,1.675
34.6,1.675
34.6,1.675
34.6,1.675
34.6,1.675
34.6,1.675
34.6,1.675
34.6,1.675
34.7,1.675
34.7,1.675
34.7,1.675
34.7,1.670
34.7,1.670
34.7,1.670
34.7,1.670
34.7,1.670
34.7,1.670
34.6,1.670
34.6,1.670
34.6,1.670
34.6,1.670
34.6,1.670
34.6,1.670
34.6,1.665
34.6,1.665
34.6,1.665
34.6,1.665
34.6,1.665
34.6,1.665
34.6,1.665
34.6,1.665
34.6,1.665
34.6,1.665
34.6,1.665
34.6,1.665
34.5,1.660
34.5,1.660
34.5,1.660
34.5,1.660
34.5,1.660
34.5,1.660
34.5,1.660
34.5,1.660
34.5,1.660
34.5,1.660
34.5,1.660
34.5,1.660
34.5,1.655
34.5,1.655
34.5,1.655
34.5,1.655
34.5,1.655
34.5,1.655
34.5,1.655
34.5,1.655
34.5,1.655
34.5,1.655
34.5,1.655
34.5,1.650
34.5,1.650
34.5,1.650
34.5,1.650
34.4,1.650
34.4,1.650
34.4,1.650
34.4,1.650
34.4,1.650
34.4,1.650
34.4,1.650
34.4,1.650
34.4,1.645
34.4,1.645
34.4,1.645
34.4,1.645
34.4,1.645
34.4,1.645
34.4,1.645
34.4,1.645
34.4,1.645
34.4,1.645
34.4,1.645
34.4,1.640
34.4,1.640
34.4,1.640
34.4,1.640
34.4,1.640
34.4,1.640
34.4,1.640
34.4,1.640
34.4,1.640
34.4,1.640
34.4,1.640
34.4,1.640
34.4,1.635
34.4,1.635
34.4,1.635
34.4,1.635
34.4,1.635
34.3,1.635
34.3,1.635
34.3,1.635
34.3,1.635
34.3,1.635
34.3,1.635
34.3,1.630
34.3,1.630
34.3,1.630
34.3,1.630
34.3,1.630
34.3,1.630
34.4,1.630
34.4,1.630
34.4,1.630
34.4,1.630
34.4,1.630
34.3,1.625
34.3,1.625
34.3,1.625
34.3,1.625
34.3,1.625
34.3,1.625
34.3,1.625
34.3,1.625
34.3,1.625
34.3,1.625
34.3,1.625
34.3,1.625
34.3,1.620
34.3,1.620
34.3,1.620
34.3,1.620
34.3,1.620
34.3,1.620
34.3,1.620
34.3,1.620
34.2,1.620
34.2,1.620
34.2,1.620
34.2,1.620
34.2,1.615
34.2,1.615
34.2,1.615
34.2,1.615
34.2,1.615
34.2,1.615
34.2,1.615
34.2,1.615
34.2,1.615
34.2,1.615
34.2,1.615
34.2,1.615
34.2,1.610
34.1,1.610
34.1,1.610
34.1,1.610
34.0,1.610
34.0,1.610
34.0,1.610
33.9,1.610
33.9,1.610
33.9,1.610
33.9,1.610
33.9,1.605
33.9,1.605
33.9,1.605
33.9,1.605
33.9,1.605
33.9,1.605
33.9,1.605
33.9,1.605
33.9,1.605
33.9,1.605
33.9,1.605
33.9,1.605
33.8,1.600
33.9,1.600
33.8,1.600
33.8,1.600
33.8,1.600
33.8,1.600
33.8,1.600
33.8,1.600
33.8,1.600
33.8,1.600
33.8,1.600
33.8,1.600
33.8,1.595
33.8,1.595
33.8,1.595
33.7,1.595
33.7,1.595
33.7,1.595
33.7,1.595
33.7,1.595
33.7,1.595
33.7,1.595
33.7,1.595
33.7,1.595
33.7,1.590
33.7,1.590
33.7,1.590
33.7,1.590
33.7,1.590
33.6,1.590
33.6,1.590
33.6,1.590
33.6,1.590
33.6,1.590
33.6,1.590
33.6,1.590
33.6,1.585
33.6,1.585
33.6,1.585
33.6,1.585
33.6,1.585
33.6,1.585
33.6,1.585
33.6,1.585
33.6,1.585
33.6,1.585
33.6,1.585
33.6,1.580
33.6,1.580
33.6,1.580
33.6,1.580
33.6,1.580
33.6,1.580
33.6,1.580
33.6,1.580
33.6,1.580
33.6,1.580
33.6,1.580
33.6,1.580
33.6,1.575
33.6,1.575
33.6,1.575
33.6,1.575
33.6,1.575
33.6,1.575
33.6,1.575
33.6,1.575
33.6,1.575
33.6,1.575
33.6,1.575
33.6,1.570
33.6,1.570
33.6,1.570
33.6,1.570
33.6,1.570
33.6,1.570
33.6,1.570
33.6,1.570
33.6,1.570
33.6,1.570
33.6,1.565
33.6,1.565
33.6,1.565
33.6,1.565
33.6,1.565
33.6,1.565
33.6,1.565
33.6,1.565
33.6,1.565
33.6,1.565
33.6,1.565
33.6,1.560
33.6,1.560
33.6,1.560
33.6,1.560
33.6,1.560
33.6,1.560
33.6,1.560
33.6,1.560
33.6,1.560
33.6,1.560
33.6,1.555
33.6,1.555
33.6,1.555
33.6,1.555
33.6,1.555
33.6,1.555
33.6,1.555
33.6,1.555
33.6,1.555
33.6,1.555
33.6,1.555
33.6,1.550
33.6,1.550
33.5,1.550
33.5,1.550
33.5,1.550
33.5,1.550
33.5,1.550
33.5,1.550
33.5,1.550
33.5,1.545
33.5,1.545
33.5,1.545
33.5,1.545
33.5,1.545
33.5,1.545
33.5,1.545
33.5,1.545
33.5,1.545
33.5,1.545
33.5,1.540
33.5,1.540
33.5,1.540
33.6,1.540
33.6,1.540
33.6,1.540
33.6,1.540
33.6,1.540
33.6,1.540
33.6,1.540
33.6,1.535
33.6,1.535
33.6,1.535
33.6,1.535
33.6,1.535
33.6,1.535
33.6,1.535
33.6,1.535
33.6,1.535
33.6,1.535
33.6,1.535
33.6,1.530
33.6,1.530
33.6,1.530
33.6,1.530
33.6,1.530
33.6,1.530
33.7,1.530
33.7,1.530
33.7,1.530
33.7,1.530
33.7,1.525
33.7,1.525
33.7,1.525
33.7,1.525
33.7,1.525
33.7,1.525
33.7,1.525
33.7,1.525
33.7,1.525
33.7,1.525
33.7,1.520
33.7,1.520
33.7,1.520
33.6,1.520
33.6,1.520
33.6,1.520
33.6,1.520
33.6,1.520
33.6,1.520
33.6,1.520
33.6,1.520
33.6,1.515
33.6,1.515
33.6,1.515
33.6,1.515
33.6,1.515
33.6,1.515
33.6,1.515
33.7,1.515
33.7,1.515
33.7,1.515
33.7,1.510
33.7,1.510
33.7,1.510
33.7,1.510
33.7,1.510
33.6,1.510
33.6,1.510
33.6,1.510
33.6,1.510
33.6,1.510
33.6,1.510
33.6,1.505
33.6,1.505
33.6,1.505
33.6,1.505
33.6,1.505
33.6,1.505
33.6,1.505
33.6,1.505
33.7,1.505
33.6,1.505
33.6,1.500
33.6,1.500
33.6,1.500
33.6,1.500
33.6,1.500
33.6,1.500
33.6,1.500
33.6,1.500
33.6,1.500
33.6,1.500
33.6,1.495
33.6,1.495
33.6,1.495
33.7,1.495
33.7,1.495
33.7,1.495
33.7,1.495
33.7,1.495
33.7,1.495
33.7,1.495
33.7,1.495
33.7,1.490
33.7,1.490
33.7,1.490
33.7,1.490
33.7,1.490
33.7,1.490
33.7,1.490
33.7,1.490
33.7,1.490
33.7,1.490
33.7,1.485
33.7,1.485
33.7,1.485
33.7,1.485
33.8,1.485
33.8,1.485
33.8,1.485
33.8,1.485
33.8,1.485
33.8,1.485
33.7,1.480
33.7,1.480
33.7,1.480
33.7,1.480
33.7,1.480
33.7,1.480
33.7,1.480
33.7,1.480
33.7,1.480
33.7,1.480
33.7,1.475
33.7,1.475
33.7,1.475
33.7,1.475
33.7,1.475
33.7,1.475
33.7,1.475
33.7,1.475
33.7,1.475
33.7,1.475
33.7,1.470
33.7,1.470
33.7,1.470
33.7,1.470
33.7,1.470
33.8,1.470
33.8,1.470
33.8,1.470
33.8,1.470
33.8,1.470
33.8,1.465
33.8,1.465
33.8,1.465
33.8,1.465
33.8,1.465
33.8,1.465
33.8,1.465
33.8,1.465
33.8,1.465
33.8,1.465
33.8,1.460
33.8,1.460
33.8,1.460
33.8,1.460
33.8,1.460
33.8,1.460
33.8,1.460
33.8,1.460
33.8,1.460
33.8,1.460
33.8,1.455
33.8,1.455
33.8,1.455
33.8,1.455
33.8,1.455
33.8,1.455
33.8,1.455
33.8,1.455
33.8,1.455
33.8,1.455
33.8,1.450
33.8,1.450
33.8,1.450
33.8,1.450
33.8,1.450
33.8,1.450
33.8,1.450
33.8,1.450
33.8,1.450
33.8,1.450
33.8,1.445
33.8,1.445
33.8,1.445
33.8,1.445
33.8,1.445
33.8,1.445
33.8,1.445
33.8,1.445
33.8,1.445
33.8,1.445
33.8,1.440
33.8,1.440
33.8,1.440
33.8,1.440
33.8,1.440
33.8,1.440
33.8,1.440
33.8,1.440
33.8,1.440
33.8,1.440
33.8,1.440
33.8,1.435
33.8,1.435
33.8,1.435
33.8,1.435
33.8,1.435
33.8,1.435
33.8,1.435
33.8,1.435
33.8,1.435
33.8,1.435
33.8,1.430
33.8,1.430
33.8,1.430
33.8,1.430
33.8,1.430
33.8,1.430
33.8,1.430
33.8,1.430
33.8,1.430
33.8,1.430
33.8,1.425
33.7,1.425
33.7,1.425
33.7,1.425
33.7,1.425
33.7,1.425
33.7,1.425
33.7,1.425
33.7,1.425
33.7,1.425
33.6,1.420
33.6,1.420
33.6,1.420
33.6,1.420
33.6,1.420
33.6,1.420
33.5,1.420
33.5,1.420
33.5,1.420
33.5,1.420
33.5,1.415
33.5,1.415
33.5,1.415
33.5,1.415
33.5,1.415
33.5,1.415
33.5,1.415
33.5,1.415
33.5,1.415
33.4,1.415
33.4,1.415
33.4,1.410
33.4,1.410
33.4,1.410
33.3,1.410
33.3,1.410
33.3,1.410
33.3,1.410
33.3,1.410
33.3,1.410
33.3,1.405
33.3,1.405
33.3,1.405
33.3,1.405
33.3,1.405
33.3,1.405
33.3,1.405
33.3,1.405
33.3,1.405
33.3,1.405
33.3,1.400
33.3,1.400
33.3,1.400
33.3,1.400
33.1,1.400
33.1,1.400
33.1,1.400
33.1,1.400
33.1,1.400
33.1,1.400
33.1,1.400
33.1,1.395
33.1,1.395
33.1,1.395
33.1,1.395
33.1,1.395
33.1,1.395
33.1,1.395
33.1,1.395
33.1,1.395
33.1,1.395
33.1,1.390
33.1,1.390
33.1,1.390
33.1,1.390
33.1,1.390
33.1,1.390
33.1,1.390
33.1,1.390
33.0,1.390
33.0,1.385
33.0,1.385
33.0,1.385
33.0,1.385
33.0,1.385
33.0,1.385
33.0,1.385
33.1,1.385
33.1,1.385
33.1,1.385
33.1,1.385
33.1,1.380
33.1,1.380
33.1,1.380
33.1,1.380
33.1,1.380
33.1,1.380
33.1,1.380
33.1,1.380
33.1,1.380
33.0,1.380
33.0,1.380
33.0,1.375
33.0,1.375
33.0,1.375
33.0,1.375
33.0,1.375
33.0,1.375
33.0,1.375
33.0,1.375
33.0,1.375
33.0,1.375
33.0,1.370
33.0,1.370
33.0,1.370
33.0,1.370
33.0,1.370
33.0,1.370
33.0,1.370
33.0,1.370
33.0,1.370
33.0,1.370
33.1,1.365
33.1,1.365
33.1,1.365
33.1,1.365
33.1,1.365
33.1,1.365
33.1,1.365
33.1,1.365
33.1,1.365
33.1,1.365
33.1,1.365
33.1,1.360
33.1,1.360
33.2,1.360
33.2,1.360
33.1,1.360
33.1,1.360
33.1,1.360
33.1,1.360
33.1,1.360
33.1,1.360
33.1,1.360
33.1,1.355
33.1,1.355
33.1,1.355
33.1,1.355
33.1,1.355
33.1,1.355
33.1,1.355
33.1,1.355
33.1,1.355
33.1,1.355
33.1,1.355
33.1,1.350
33.1,1.350
33.1,1.350
33.1,1.350
33.1,1.350
33.1,1.350
33.1,1.350
33.1,1.350
33.1,1.350
33.1,1.350
33.2,1.350
33.2,1.345
33.2,1.345
33.2,1.345
33.2,1.345
33.2,1.345
33.2,1.345
33.2,1.345
33.2,1.345
33.2,1.345
33.2,1.345
33.2,1.340
33.2,1.340
33.2,1.340
33.2,1.340
33.2,1.340
33.2,1.340
33.2,1.340
33.2,1.340
33.2,1.340
33.2,1.340
33.2,1.340
33.2,1.335
33.2,1.335
33.2,1.335
33.2,1.335
33.2,1.335
33.2,1.335
33.2,1.335
33.2,1.335
33.2,1.335
33.2,1.335
33.2,1.335
33.2,1.330
33.2,1.330
33.2,1.330
33.2,1.330
33.2,1.330
33.2,1.330
33.2,1.330
33.2,1.330
33.2,1.330
33.2,1.330
33.2,1.325
33.2,1.325
33.2,1.325
33.2,1.325
33.2,1.325
33.1,1.325
33.1,1.325
33.1,1.325
33.1,1.325
33.1,1.325
33.1,1.320
33.1,1.320
33.1,1.320
33.1,1.320
33.1,1.320
33.1,1.320
33.1,1.320
33.1,1.320
33.1,1.320
33.2,1.320
33.2,1.320
33.2,1.315
33.2,1.315
33.2,1.315
33.2,1.315
33.2,1.315
33.2,1.315
33.2,1.315
33.2,1.315
33.2,1.315
33.2,1.315
33.2,1.315
33.2,1.310
33.1,1.310
33.1,1.310
33.1,1.310
33.1,1.310
33.1,1.310
33.1,1.310
33.1,1.310
33.1,1.310
33.1,1.305
33.1,1.305
33.1,1.305
33.1,1.305
33.1,1.305
33.1,1.305
33.1,1.305
33.1,1.305
33.1,1.305
33.1,1.305
33.1,1.305
33.1,1.300
33.1,1.300
33.1,1.300
33.0,1.300
33.0,1.300
33.0,1.300
33.0,1.300
33.0,1.300
33.0,1.300
33.0,1.300
33.0,1.300
33.1,1.295
33.1,1.295
33.1,1.295
33.1,1.295
33.1,1.295
33.1,1.295
33.1,1.295
33.1,1.295
33.1,1.295
33.1,1.295
33.1,1.295
33.1,1.295
33.1,1.290
33.1,1.290
33.1,1.290
33.1,1.290
33.1,1.290
33.1,1.290
33.1,1.290
33.1,1.290
33.1,1.290
33.1,1.290
33.1,1.285
33.1,1.285
33.1,1.285
33.1,1.285
33.1,1.285
33.1,1.285
33.1,1.285
33.1,1.285
33.1,1.285
33.1,1.285
33.1,1.285
33.1,1.285
33.1,1.280
33.1,1.280
33.1,1.280
33.1,1.280
33.1,1.280
33.1,1.280
33.1,1.280
33.0,1.280
33.0,1.280
33.0,1.280
33.0,1.280
33.0,1.280
33.0,1.280
33.0,1.275
33.0,1.275
33.0,1.275
33.0,1.275
33.0,1.275
33.0,1.275
33.0,1.275
33.0,1.275
33.0,1.275
33.0,1.275
33.0,1.275
33.0,1.275
33.0,1.270
33.0,1.270
33.0,1.270
33.1,1.270
33.1,1.270
33.1,1.270
33.1,1.270
33.1,1.270
33.1,1.270
33.1,1.270
33.1,1.270
33.1,1.270
33.1,1.270
33.1,1.265
33.1,1.265
33.0,1.265
33.0,1.265
33.0,1.265
33.0,1.265
33.0,1.265
33.0,1.265
33.0,1.265
33.0,1.265
33.0,1.265
33.1,1.265
33.1,1.260
33.1,1.260
33.1,1.260
33.1,1.260
33.1,1.260
33.1,1.260
33.0,1.260
33.0,1.260
33.0,1.260
32.9,1.260
32.9,1.260
32.9,1.260
32.9,1.255
32.9,1.255
32.9,1.255
32.9,1.255
32.9,1.255
32.9,1.255
33.0,1.255
33.0,1.255
33.0,1.255
33.0,1.255
33.0,1.255
33.0,1.255
33.0,1.250
33.0,1.250
32.9,1.250
32.9,1.250
32.9,1.250
32.9,1.250
32.8,1.250
32.9,1.250
32.8,1.250
32.8,1.250
32.8,1.250
32.8,1.250
32.8,1.245
32.8,1.245
32.8,1.245
32.8,1.245
32.8,1.245
32.8,1.245
32.8,1.245
32.8,1.245
32.9,1.245
32.9,1.245
32.9,1.245
32.9,1.240
32.9,1.240
32.9,1.240
32.8,1.240
32.8,1.240
32.8,1.240
32.8,1.240
32.8,1.240
32.8,1.240
32.8,1.240
32.8,1.240
32.8,1.235
32.8,1.235
32.8,1.235
32.8,1.235
32.8,1.235
32.8,1.235
32.8,1.235
32.8,1.235
32.8,1.235
32.7,1.235
32.7,1.235
32.7,1.235
32.7,1.230
32.7,1.230
32.7,1.230
32.7,1.230
32.7,1.230
32.7,1.230
32.7,1.230
32.6,1.230
32.6,1.230
32.6,1.230
32.6,1.225
32.6,1.225
32.6,1.225
32.6,1.225
32.6,1.225
32.6,1.225
32.6,1.225
32.6,1.225
32.6,1.225
32.6,1.225
32.6,1.225
32.6,1.225
32.6,1.220
32.6,1.220
32.6,1.220
32.6,1.220
32.6,1.220
32.6,1.220
32.6,1.220
32.6,1.220
32.6,1.220
32.6,1.220
32.6,1.220
32.6,1.220
32.6,1.215
32.6,1.215
32.6,1.215
32.6,1.215
32.6,1.215
32.6,1.215
32.6,1.215
32.6,1.215
32.6,1.215
32.6,1.215
32.6,1.215
32.6,1.215
32.6,1.210
32.6,1.210
32.6,1.210
32.6,1.210
32.6,1.210
32.6,1.210
32.6,1.210
32.6,1.210
32.6,1.210
32.6,1.210
32.6,1.210
32.6,1.205
32.6,1.205
32.7,1.205
32.7,1.205
32.7,1.205
32.7,1.205
32.7,1.205
32.7,1.205
32.7,1.205
32.7,1.205
32.7,1.205
32.6,1.205
32.6,1.200
32.6,1.200
32.6,1.200
32.6,1.200
32.6,1.200
32.6,1.200
32.6,1.200
32.6,1.200
32.6,1.200
32.6,1.200
32.6,1.200
32.6,1.200
32.7,1.195
32.7,1.195
32.7,1.195
32.7,1.195
32.7,1.195
32.7,1.195
32.7,1.195
32.7,1.195
32.7,1.195
32.7,1.195
32.6,1.195
32.6,1.195
32.5,1.190
32.6,1.190
32.6,1.190
32.6,1.190
32.5,1.190
32.5,1.190
32.5,1.190
32.5,1.190
32.5,1.190
32.5,1.190
32.5,1.190
32.5,1.190
32.5,1.185
32.5,1.185
32.5,1.185
32.5,1.185
32.5,1.185
32.5,1.185
32.5,1.185
32.5,1.185
32.5,1.185
32.5,1.185
32.5,1.185
32.5,1.180
32.4,1.180
32.4,1.180
32.4,1.180
32.4,1.180
32.4,1.180
32.4,1.180
32.4,1.180
32.4,1.180
32.4,1.180
32.4,1.180
32.4,1.175
32.4,1.175
32.4,1.175
32.5,1.175
32.5,1.175
32.5,1.175
32.5,1.175
32.5,1.175
32.5,1.175
32.5,1.175
32.5,1.175
32.5,1.170
32.5,1.170
32.5,1.170
32.5,1.170
32.4,1.170
32.4,1.170
32.4,1.170
32.4,1.170
32.4,1.170
32.4,1.170
32.4,1.170
32.4,1.165
32.4,1.165
32.4,1.165
32.4,1.165
32.4,1.165
32.4,1.165
32.4,1.165
32.4,1.165
32.4,1.165
32.4,1.165
32.4,1.160
32.4,1.160
32.4,1.160
32.4,1.160
32.4,1.160
32.4,1.160
32.4,1.160
32.4,1.160
32.4,1.160
32.4,1.160
32.3,1.155
32.3,1.155
32.3,1.155
32.3,1.155
32.3,1.155
32.3,1.155
32.3,1.155
32.3,1.155
32.3,1.155
32.3,1.155
32.3,1.150
32.3,1.150
32.3,1.150
32.3,1.150
32.3,1.150
32.3,1.150
32.3,1.150
32.3,1.150
32.3,1.150
32.3,1.145
32.2,1.145
32.2,1.145
32.2,1.145
32.2,1.145
32.2,1.145
32.2,1.145
32.2,1.145
32.2,1.145
32.2,1.145
32.2,1.140
32.2,1.140
32.2,1.140
32.2,1.140
32.2,1.140
32.2,1.140
32.2,1.140
32.2,1.140
32.2,1.140
32.2,1.140
32.2,1.135
32.2,1.135
32.1,1.135
32.1,1.135
32.1,1.135
32.1,1.135
32.1,1.135
32.1,1.135
32.1,1.135
32.1,1.135
32.1,1.130
32.1,1.130
32.1,1.130
32.1,1.130
32.0,1.130
32.0,1.130
32.0,1.130
32.0,1.130
32.0,1.130
32.0,1.130
32.0,1.125
32.0,1.125
31.9,1.125
31.9,1.125
31.9,1.125
31.9,1.125
31.9,1.125
31.9,1.125
31.9,1.125
31.9,1.120
31.9,1.120
31.9,1.120
31.9,1.120
31.9,1.120
31.9,1.120
31.9,1.120
31.9,1.120
31.9,1.120
31.9,1.120
31.9,1.115
31.9,1.115
31.9,1.115
31.9,1.115
31.9,1.115
31.9,1.115
31.9,1.115
31.9,1.115
31.9,1.115
31.9,1.115
31.9,1.110
31.9,1.110
31.9,1.110
31.9,1.110
31.9,1.110
31.9,1.110
31.9,1.110
31.9,1.110
31.9,1.110
31.8,1.110
31.8,1.105
31.8,1.105
31.8,1.105
31.8,1.105
31.8,1.105
31.8,1.105
31.8,1.105
31.8,1.105
31.8,1.105
31.8,1.100
31.8,1.100
31.8,1.100
31.8,1.100
31.8,1.100
31.8,1.100
31.8,1.100
31.8,1.100
31.8,1.100
31.8,1.100
31.8,1.095
31.8,1.095
31.8,1.095
31.8,1.095
31.8,1.095
31.8,1.095
31.8,1.095
31.8,1.095
31.8,1.095
31.8,1.095
31.8,1.090
31.8,1.090
31.8,1.090
31.8,1.090
31.8,1.090
31.8,1.090
31.8,1.090
31.8,1.090
31.8,1.090
31.8,1.085
31.8,1.085
31.8,1.085
31.8,1.085
31.8,1.085
31.8,1.085
31.8,1.085
31.8,1.085
31.8,1.085
31.8,1.085
31.8,1.080
31.8,1.080
31.8,1.080
31.8,1.080
31.8,1.080
31.8,1.080
31.8,1.080
31.8,1.080
31.8,1.080
31.8,1.075
31.8,1.075
31.8,1.075
31.8,1.075
31.8,1.075
31.8,1.075
31.8,1.075
31.8,1.075
31.8,1.075
31.8,1.075
31.8,1.070
31.8,1.070
31.8,1.070
31.8,1.070
31.8,1.070
31.8,1.070
31.8,1.070
31.8,1.070
31.8,1.070
31.8,1.065
31.8,1.065
31.8,1.065
31.8,1.065
31.8,1.065
31.8,1.065
31.8,1.065
31.8,1.065
31.8,1.065
31.8,1.065
31.8,1.060
31.8,1.060
31.8,1.060
31.8,1.060
31.8,1.060
31.8,1.060
31.8,1.060
31.8,1.060
31.8,1.060
31.8,1.060
31.8,1.055
31.8,1.055
31.8,1.055
31.8,1.055
31.8,1.055
31.8,1.055
31.8,1.055
31.8,1.055
31.8,1.055
31.8,1.055
31.8,1.050
31.8,1.050
31.8,1.050
31.8,1.050
31.8,1.050
31.8,1.050
31.8,1.050
31.8,1.050
31.8,1.050
31.8,1.045
31.8,1.045
31.8,1.045
31.8,1.045
31.8,1.045
31.8,1.045
31.8,1.045
31.8,1.045
31.7,1.045
31.7,1.045
31.7,1.040
31.7,1.040
31.7,1.040
31.7,1.040
31.7,1.040
31.7,1.040
31.7,1.040
31.8,1.040
31.8,1.040
31.8,1.040
31.8,1.035
31.8,1.035
31.8,1.035
31.8,1.035
31.8,1.035
31.8,1.035
31.8,1.035
31.8,1.035
31.8,1.035
31.8,1.035
31.8,1.030
31.8,1.030
31.8,1.030
31.8,1.030
31.8,1.030
31.8,1.030
31.8,1.030
31.8,1.030
31.8,1.030
31.8,1.030
31.8,1.030
31.8,1.025
31.8,1.025
31.8,1.025
31.8,1.025
31.8,1.025
31.8,1.025
31.8,1.025
31.8,1.025
31.8,1.025
31.8,1.020
31.8,1.020
31.8,1.020
31.8,1.020
31.8,1.020
31.8,1.020
31.8,1.020
31.8,1.020
31.8,1.020
31.8,1.020
31.8,1.015
31.8,1.015
31.8,1.015
31.8,1.015
31.8,1.015
31.8,1.015
31.8,1.015
31.8,1.015
31.8,1.015
31.8,1.015
31.8,1.010
31.8,1.010
31.7,1.010
31.7,1.010
31.7,1.010
31.7,1.010
31.7,1.010
31.7,1.010
31.7,1.010
31.7,1.010
31.7,1.010
31.7,1.005
31.8,1.005
31.8,1.005
31.8,1.005
31.8,1.005
31.8,1.005
31.8,1.005
31.7,1.005
31.7,1.005
31.7,1.005
31.7,1.000
31.7,1.000
31.7,1.000
31.7,1.000
31.7,1.000
31.7,1.000
31.7,1.000
31.7,1.000
31.7,1.000
31.7,1.000
31.7,0.995
31.8,0.995
31.8,0.995
31.8,0.995
31.8,0.995
31.8,0.995
31.8,0.995
31.8,0.995
31.8,0.995
31.8,0.995
31.8,0.995
31.8,0.990
31.7,0.990
31.7,0.990
31.7,0.990
31.7,0.990
31.7,0.990
31.7,0.990
31.7,0.990
31.7,0.990
31.7,0.985
31.7,0.985
31.7,0.985
31.7,0.985
31.7,0.985
31.7,0.985
31.7,0.985
31.7,0.985
31.7,0.985
31.7,0.985
31.7,0.985
31.7,0.980
31.7,0.980
31.7,0.980
31.7,0.980
31.7,0.980
31.7,0.980
31.7,0.980
31.7,0.980
31.7,0.980
31.7,0.980
31.7,0.980
31.7,0.975
31.7,0.975
31.7,0.975
31.7,0.975
31.7,0.975
31.7,0.975
31.7,0.975
31.7,0.975
31.7,0.975
31.7,0.975
31.7,0.970
31.7,0.970
31.7,0.970
31.7,0.970
31.7,0.970
31.7,0.970
31.7,0.970
31.7,0.970
31.7,0.970
31.7,0.970
31.7,0.970
31.7,0.965
31.7,0.965
31.7,0.965
31.7,0.965
31.7,0.965
31.7,0.965
31.7,0.965
31.7,0.965
31.7,0.965
31.7,0.965
31.7,0.960
31.7,0.960
31.7,0.960
31.7,0.960
31.8,0.960
31.8,0.960
31.8,0.960
31.8,0.960
31.8,0.960
31.8,0.960
31.8,0.960
31.8,0.955
31.8,0.955
31.8,0.955
31.8,0.955
31.8,0.955
31.8,0.955
31.8,0.955
31.8,0.955
31.8,0.955
31.8,0.955
31.8,0.955
31.8,0.950
31.8,0.950
31.8,0.950
31.8,0.950
31.8,0.950
31.8,0.950
31.8,0.950
31.8,0.950
31.8,0.950
31.7,0.950
31.7,0.950
31.7,0.950
31.7,0.945
31.7,0.945
31.6,0.945
31.6,0.945
31.6,0.945
31.6,0.945
31.6,0.945
31.6,0.945
31.6,0.945
31.6,0.945
31.6,0.940
31.6,0.940
31.6,0.940
31.6,0.940
31.6,0.940
31.6,0.940
31.6,0.940
31.6,0.940
31.6,0.940
31.6,0.940
31.6,0.940
31.6,0.940
31.6,0.935
31.5,0.935
31.5,0.935
31.5,0.935
31.5,0.935
31.5,0.935
31.5,0.935
31.5,0.935
31.5,0.935
31.5,0.935
31.5,0.935
31.5,0.935
31.5,0.930
31.5,0.930
31.5,0.930
31.5,0.930
31.5,0.930
31.5,0.930
31.5,0.930
31.5,0.930
31.4,0.930
31.4,0.930
31.4,0.930
31.4,0.925
31.4,0.925
31.4,0.925
31.4,0.925
31.4,0.925
31.4,0.925
31.4,0.925
31.4,0.925
31.4,0.925
31.4,0.925
31.4,0.925
31.4,0.920
31.4,0.920
31.4,0.920
31.4,0.920
31.4,0.920
31.4,0.920
31.4,0.920
31.4,0.920
31.4,0.920
31.4,0.920
31.4,0.920
31.4,0.920
31.4,0.920
31.3,0.915
31.3,0.915
31.3,0.915
31.3,0.915
31.3,0.915
31.3,0.915
31.3,0.915
31.3,0.915
31.3,0.915
31.3,0.915
31.3,0.915
31.3,0.915
31.3,0.915
31.3,0.910
31.3,0.910
31.3,0.910
31.3,0.910
31.3,0.910
31.3,0.910
31.3,0.910
31.3,0.910
31.3,0.910
31.3,0.910
31.3,0.910
31.3,0.910
31.3,0.905
31.3,0.905
31.3,0.905
31.3,0.905
31.3,0.905
31.3,0.905
31.3,0.905
31.3,0.905
31.3,0.905
31.3,0.905
31.3,0.905
31.3,0.905
31.3,0.905
31.3,0.900
31.3,0.900
31.3,0.900
31.3,0.900
31.3,0.900
31.3,0.900
31.3,0.900
31.3,0.900
31.3,0.900
31.3,0.900
31.3,0.900
31.3,0.900
31.3,0.900
31.3,0.900
31.3,0.900
31.3,0.895
31.3,0.895
31.3,0.895
31.3,0.895
31.3,0.895
31.3,0.895
31.3,0.895
31.3,0.895
31.3,0.895
31.3,0.895
31.3,0.895
31.3,0.895
31.3,0.895
31.3,0.895
31.3,0.890
31.3,0.890
31.3,0.890
31.3,0.890
31.3,0.890
31.3,0.890
31.3,0.890
31.3,0.890
31.3,0.890
31.3,0.890
31.3,0.890
31.3,0.890
31.3,0.890
31.3,0.890
31.2,0.890
31.2,0.885
31.2,0.885
31.2,0.885
31.2,0.885
31.2,0.885
31.2,0.885
31.2,0.885
31.2,0.885
31.2,0.885
31.2,0.885
31.2,0.885
31.2,0.885
31.2,0.885
31.2,0.885
31.2,0.885
31.2,0.885
31.2,0.880
31.2,0.880
31.2,0.880
31.2,0.880
31.2,0.880
31.2,0.880
31.2,0.880
31.2,0.880
31.2,0.880
31.2,0.880
31.2,0.880
31.2,0.880
31.2,0.880
31.2,0.880
31.2,0.880
31.2,0.880
31.2,0.880
31.2,0.875
31.2,0.875
31.2,0.875
31.2,0.875
31.2,0.875
31.2,0.875
31.2,0.875
31.2,0.875
31.2,0.875
31.2,0.875
31.2,0.875
31.2,0.875
31.2,0.875
31.2,0.875
31.2,0.875
31.2,0.875
31.2,0.875
31.2,0.870
31.2,0.870
31.2,0.870
31.2,0.870
31.2,0.870
31.2,0.870
31.2,0.870
31.2,0.870
31.2,0.870
31.2,0.870
31.2,0.870
31.2,0.870
31.2,0.870
31.2,0.870
31.2,0.870
31.1,0.870
31.1,0.870
31.1,0.870
31.1,0.870
31.1,0.865
31.1,0.865
31.1,0.865
31.1,0.865
31.1,0.865
31.1,0.865
31.1,0.865
31.1,0.865
31.1,0.865
31.2,0.865
31.2,0.865
31.2,0.865
31.2,0.865
31.2,0.865
31.2,0.865
31.2,0.865
31.2,0.865
31.2,0.865
31.2,0.860
31.2,0.860
31.2,0.860
31.2,0.860
31.2,0.860
31.2,0.860
31.2,0.860
31.2,0.860
31.2,0.860
31.2,0.860
31.2,0.860
31.2,0.860
31.2,0.860
31.2,0.860
31.2,0.860
31.2,0.860
31.2,0.860
31.2,0.860
31.2,0.860
31.2,0.855
31.2,0.855
31.2,0.855
31.2,0.855
31.2,0.855
31.2,0.855
31.2,0.855
31.2,0.855
31.2,0.855
31.2,0.855
31.2,0.855
31.2,0.855
31.2,0.855
31.2,0.855
31.2,0.855
31.2,0.855
31.2,0.855
31.2,0.855
31.2,0.855
31.2,0.850
31.2,0.850
31.2,0.850
31.2,0.850
31.2,0.850
31.2,0.850
31.2,0.850
31.2,0.850
31.2,0.850
31.2,0.850
31.2,0.850
31.2,0.850
31.2,0.850
31.2,0.850
31.2,0.850
31.1,0.850
31.1,0.850
31.1,0.850
31.1,0.850
31.1,0.850
31.1,0.845
31.1,0.845
31.1,0.845
31.1,0.845
31.1,0.845
31.1,0.845
31.1,0.845
31.1,0.845
31.1,0.845
31.1,0.845
31.1,0.845
31.1,0.845
31.1,0.845
31.1,0.845
31.1,0.845
31.1,0.845
31.1,0.845
31.1,0.845
31.0,0.840
31.0,0.840
31.0,0.840
31.0,0.840
31.0,0.840
31.0,0.840
31.0,0.840
31.0,0.840
31.0,0.840
31.0,0.840
31.0,0.840
31.0,0.840
31.0,0.840
31.0,0.840
31.0,0.840
31.0,0.840
31.0,0.840
31.0,0.840
31.0,0.840
31.0,0.835
31.0,0.835
31.0,0.835
31.0,0.835
31.0,0.835
31.0,0.835
31.0,0.835
31.0,0.835
31.0,0.835
31.0,0.835
31.0,0.835
31.0,0.835
31.0,0.835
31.0,0.835
31.0,0.835
31.0,0.835
31.0,0.835
31.0,0.835
31.0,0.835
31.0,0.830
31.0,0.830
31.0,0.830
31.0,0.830
31.0,0.830
31.0,0.830
31.0,0.830
31.0,0.830
31.0,0.830
31.0,0.830
31.0,0.830
31.0,0.830
31.0,0.830
31.0,0.830
31.0,0.830
31.0,0.830
31.0,0.825
31.0,0.825
31.0,0.825
31.0,0.825
31.0,0.825
30.9,0.825
30.9,0.825
30.9,0.825
30.9,0.825
30.9,0.825
30.9,0.825
30.9,0.825
30.9,0.825
30.9,0.825
30.9,0.825
30.9,0.825
30.9,0.825
30.9,0.825
30.9,0.820
30.9,0.820
30.9,0.820
30.9,0.820
30.9,0.820
30.9,0.820
30.9,0.820
30.9,0.820
30.9,0.820
30.9,0.820
30.8,0.820
30.8,0.820
30.8,0.820
30.8,0.820
30.8,0.820
30.8,0.820
30.8,0.820
30.8,0.815
30.8,0.815
30.8,0.815
30.8,0.815
30.9,0.815
30.9,0.815
30.9,0.815
30.9,0.815
30.9,0.815
30.9,0.815
30.9,0.815
30.9,0.815
30.9,0.815
30.9,0.815
30.9,0.815
30.9,0.815
30.9,0.815
30.9,0.815
30.9,0.810
30.9,0.810
30.9,0.810
30.9,0.810
30.9,0.810
30.9,0.810
30.9,0.810
30.9,0.810
30.9,0.810
30.9,0.810
30.9,0.810
30.9,0.810
30.8,0.810
30.8,0.810
30.8,0.810
30.8,0.810
30.8,0.805
30.8,0.805
30.8,0.805
30.8,0.805
30.8,0.805
30.8,0.805
30.8,0.805
30.8,0.805
30.8,0.805
30.8,0.805
30.8,0.805
30.8,0.805
30.8,0.805
30.8,0.805
30.8,0.805
30.8,0.805
30.8,0.805
30.8,0.800
30.8,0.800
30.8,0.800
30.8,0.800
30.7,0.800
30.7,0.800
30.7,0.800
30.7,0.800
30.7,0.800
30.7,0.800
30.7,0.800
30.7,0.800
30.7,0.800
30.7,0.800
30.7,0.800
30.7,0.800
30.7,0.800
30.7,0.795
30.7,0.795
30.7,0.795
30.7,0.795
30.7,0.795
30.7,0.795
30.7,0.795
30.7,0.795
30.7,0.795
30.7,0.795
30.7,0.795
30.7,0.795
30.7,0.795
30.7,0.795
30.7,0.795
30.7,0.795
30.7,0.795
30.7,0.790
30.7,0.790
30.7,0.790
30.7,0.790
30.7,0.790
30.7,0.790
30.7,0.790
30.7,0.790
30.7,0.790
30.7,0.790
30.7,0.790
30.7,0.790
30.7,0.790
30.7,0.790
30.7,0.790
30.7,0.790
30.7,0.790
30.7,0.785
30.7,0.785
30.7,0.785
30.7,0.785
30.7,0.785
30.7,0.785
30.7,0.785
30.7,0.785
30.7,0.785
30.7,0.785
30.7,0.785
30.7,0.785
30.7,0.785
30.7,0.785
30.7,0.785
30.7,0.780
30.7,0.780
30.7,0.780
30.7,0.780
30.7,0.780
30.7,0.780
30.7,0.780
30.7,0.780
30.7,0.780
30.6,0.780
30.6,0.780
30.7,0.780
30.7,0.780
30.8,0.780
30.8,0.780
30.8,0.780
30.7,0.775
30.7,0.775
30.7,0.775
30.7,0.775
30.7,0.775
30.7,0.775
30.7,0.775
30.7,0.775
30.7,0.775
30.7,0.775
30.7,0.775
30.7,0.775
30.7,0.775
30.7,0.775
30.7,0.775
30.7,0.775
30.7,0.770
30.7,0.770
30.7,0.770
30.7,0.770
30.7,0.770
30.7,0.770
30.7,0.770
30.7,0.770
30.7,0.770
30.7,0.770
30.7,0.770
30.7,0.770
30.7,0.770
30.7,0.770
30.7,0.770
30.7,0.770
30.7,0.765
30.7,0.765
30.7,0.765
30.7,0.765
30.7,0.765
30.7,0.765
30.7,0.765
30.7,0.765
30.7,0.765
30.7,0.765
30.7,0.765
30.7,0.765
30.7,0.765
30.7,0.765
30.7,0.765
30.7,0.765
30.7,0.760
30.7,0.760
30.7,0.760
30.7,0.760
30.7,0.760
30.7,0.760
30.7,0.760
30.7,0.760
30.7,0.760
30.7,0.760
30.7,0.760
30.7,0.760
30.7,0.760
30.7,0.760
30.7,0.760
30.7,0.760
30.7,0.760
30.7,0.755
30.7,0.755
30.7,0.755
30.7,0.755
30.7,0.755
30.7,0.755
30.6,0.755
30.6,0.755
30.6,0.755
30.6,0.755
30.6,0.755
30.6,0.755
30.6,0.755
30.7,0.755
30.7,0.755
30.7,0.755
30.7,0.755
30.7,0.755
30.7,0.750
30.6,0.750
30.6,0.750
30.6,0.750
30.6,0.750
30.6,0.750
30.6,0.750
30.6,0.750
30.6,0.750
30.6,0.750
30.6,0.750
30.6,0.750
30.6,0.750
30.6,0.750
30.6,0.750
30.6,0.750
30.6,0.750
30.6,0.745
30.6,0.745
30.6,0.745
30.6,0.745
30.6,0.745
30.6,0.745
30.6,0.745
30.6,0.745
30.6,0.745
30.6,0.745
30.6,0.745
30.6,0.745
30.6,0.745
30.6,0.745
30.6,0.745
30.6,0.745
30.6,0.745
30.6,0.745
30.6,0.745
30.6,0.745
30.6,0.740
30.6,0.740
30.6,0.740
30.6,0.740
30.6,0.740
30.6,0.740
30.6,0.740
30.6,0.740
30.6,0.740
30.6,0.740
30.6,0.740
30.6,0.740
30.6,0.740
30.6,0.740
30.6,0.740
30.6,0.740
30.6,0.740
30.6,0.740
30.6,0.740
30.6,0.740
30.6,0.735
30.6,0.735
30.6,0.735
30.6,0.735
30.6,0.735
30.6,0.735
30.6,0.735
30.6,0.735
30.6,0.735
30.6,0.735
30.6,0.735
30.6,0.735
30.6,0.735
30.6,0.735
30.6,0.735
30.6,0.735
30.6,0.735
30.6,0.735
30.6,0.735
30.6,0.735
30.6,0.735
30.6,0.730
30.6,0.730
30.6,0.730
30.5,0.730
30.5,0.730
30.5,0.730
30.5,0.730
30.5,0.730
30.5,0.730
30.5,0.730
30.5,0.730
30.5,0.730
30.5,0.730
30.5,0.730
30.5,0.730
30.5,0.730
30.5,0.730
30.5,0.730
30.5,0.730
30.5,0.725
30.5,0.725
30.5,0.725
30.5,0.725
30.5,0.725
30.5,0.725
30.5,0.725
30.5,0.725
30.5,0.725
30.5,0.725
30.5,0.725
30.5,0.725
30.5,0.725
30.5,0.725
30.5,0.725
30.5,0.725
30.5,0.725
30.5,0.725
30.5,0.725
30.5,0.725
30.5,0.720
30.6,0.720
30.6,0.720
30.6,0.720
30.6,0.720
30.6,0.720
30.6,0.720
30.6,0.720
30.6,0.720
30.6,0.720
30.5,0.720
30.5,0.720
30.5,0.720
30.5,0.720
30.5,0.720
30.5,0.720
30.5,0.720
30.5,0.720
30.5,0.720
30.5,0.720
30.5,0.720
30.5,0.715
30.5,0.715
30.5,0.715
30.5,0.715
30.5,0.715
30.5,0.715
30.5,0.715
30.5,0.715
30.5,0.715
30.5,0.715
30.5,0.715
30.5,0.715
30.5,0.715
30.5,0.715
30.5,0.715
30.5,0.715
30.5,0.715
30.5,0.715
30.5,0.715
30.5,0.715
30.5,0.710
30.6,0.710
30.6,0.710
30.6,0.710
30.6,0.710
30.6,0.710
30.6,0.710
30.6,0.710
30.6,0.710
30.6,0.710
30.6,0.710
30.6,0.710
30.6,0.710
30.6,0.710
30.6,0.710
30.6,0.710
30.6,0.710
30.6,0.710
30.6,0.710
30.5,0.710
30.5,0.710
30.5,0.705
30.5,0.705
30.5,0.705
30.5,0.705
30.5,0.705
30.5,0.705
30.5,0.705
30.5,0.705
30.5,0.705
30.5,0.705
30.5,0.705
30.5,0.705
30.5,0.705
30.5,0.705
30.5,0.705
30.5,0.705
30.5,0.705
30.5,0.705
30.5,0.705
30.5,0.700
30.5,0.700
30.5,0.700
30.5,0.700
30.5,0.700
30.5,0.700
30.5,0.700
30.5,0.700
30.5,0.700
30.5,0.700
30.5,0.700
30.5,0.700
30.5,0.700
30.5,0.700
30.5,0.700
30.5,0.700
30.5,0.700
30.5,0.700
30.5,0.700
30.5,0.700
30.5,0.700
30.5,0.695
30.5,0.695
30.5,0.695
30.5,0.695
30.5,0.695
30.5,0.695
30.5,0.695
30.5,0.695
30.6,0.695
30.6,0.695
30.6,0.695
30.6,0.695
30.6,0.695
30.6,0.695
30.6,0.695
30.6,0.695
30.6,0.695
30.6,0.695
30.6,0.695
30.6,0.695
30.6,0.695
30.6,0.695
30.6,0.695
30.6,0.690
30.6,0.690
30.6,0.690
30.6,0.690
30.6,0.690
30.6,0.690
30.6,0.690
30.6,0.690
30.6,0.690
30.5,0.690
30.5,0.690
30.5,0.690
30.5,0.690
30.5,0.690
30.5,0.690
30.5,0.690
30.5,0.690
30.5,0.690
30.5,0.690
30.5,0.690
30.5,0.690
30.5,0.690
30.5,0.690
30.5,0.685
30.5,0.685
30.5,0.685
30.5,0.685
30.5,0.685
30.5,0.685
30.5,0.685
30.5,0.685
30.4,0.685
30.4,0.685
30.4,0.685
30.4,0.685
30.4,0.685
30.4,0.685
30.4,0.685
30.4,0.685
30.4,0.685
30.4,0.685
30.4,0.685
30.4,0.685
30.4,0.685
30.4,0.685
30.4,0.685
30.4,0.685
30.4,0.680
30.4,0.680
30.4,0.680
30.4,0.680
30.4,0.680
30.4,0.680
30.4,0.680
30.4,0.680
30.4,0.680
30.4,0.680
30.4,0.680
30.4,0.680
30.4,0.680
30.4,0.680
30.4,0.680
30.4,0.680
30.4,0.680
30.4,0.680
30.4,0.680
30.4,0.680
30.4,0.680
30.4,0.680
30.4,0.680
30.4,0.680
30.4,0.680
30.4,0.680
30.4,0.675
30.4,0.675
30.4,0.675
30.4,0.675
30.4,0.675
30.4,0.675
30.4,0.675
30.4,0.675
30.4,0.675
30.4,0.675
30.4,0.675
30.4,0.675
30.4,0.675
30.4,0.675
30.4,0.675
30.4,0.675
30.4,0.675
30.4,0.675
30.4,0.675
30.4,0.675
30.4,0.675
30.4,0.675
30.4,0.675
30.4,0.675
30.4,0.675
30.4,0.675
30.4,0.675
30.4,0.670
30.4,0.670
30.4,0.670
30.4,0.670
30.4,0.670
30.4,0.670
30.4,0.670
30.4,0.670
30.4,0.670
30.4,0.670
30.4,0.670
30.4,0.670
30.4,0.670
30.4,0.670
30.4,0.670
30.4,0.670
30.3,0.670
30.3,0.670
30.3,0.670
30.3,0.670
30.3,0.670
30.3,0.670
30.3,0.670
30.3,0.670
30.3,0.670
30.3,0.665
30.3,0.665
30.3,0.665
30.3,0.665
30.3,0.665
30.3,0.665
30.3,0.665
30.3,0.665
30.3,0.665
30.3,0.665
30.3,0.665
30.3,0.665
30.3,0.665
30.3,0.665
30.3,0.665
30.3,0.665
30.3,0.665
30.3,0.665
30.3,0.665
30.3,0.665
30.3,0.665
30.3,0.665
30.3,0.665
30.3,0.665
30.3,0.665
30.3,0.665
30.3,0.665
30.3,0.660
30.3,0.660
30.3,0.660
30.3,0.660
30.3,0.660
30.3,0.660
30.3,0.660
30.3,0.660
30.3,0.660
30.3,0.660
30.3,0.660
30.3,0.660
30.3,0.660
30.3,0.660
30.3,0.660
30.3,0.660
30.3,0.660
30.3,0.660
30.3,0.660
30.3,0.660
30.3,0.660
30.3,0.660
30.3,0.660
30.3,0.660
30.3,0.660
30.3,0.660
30.3,0.660
30.3,0.660
30.3,0.660
30.2,0.655
30.2,0.655
30.2,0.655
30.2,0.655
30.2,0.655
30.2,0.655
30.2,0.655
30.2,0.655
30.2,0.655
30.2,0.655
30.2,0.655
30.2,0.655
30.2,0.655
30.2,0.655
30.2,0.655
30.2,0.655
30.2,0.655
30.2,0.655
30.2,0.655
30.2,0.655
30.2,0.655
30.2,0.655
30.2,0.655
30.2,0.655
30.2,0.655
30.2,0.655
30.2,0.655
30.2,0.655
30.2,0.655
30.2,0.650
30.2,0.650
30.2,0.650
30.2,0.650
30.2,0.650
30.2,0.650
30.2,0.650
30.2,0.650
30.2,0.650
30.2,0.650
30.2,0.650
30.2,0.650
30.2,0.650
30.2,0.650
30.2,0.650
30.2,0.650
30.2,0.650
30.2,0.650
30.2,0.650
30.2,0.650
30.2,0.650
30.2,0.650
30.2,0.650
30.2,0.650
30.3,0.650
30.3,0.650
30.3,0.650
30.3,0.650
30.3,0.650
30.3,0.650
30.3,0.645
30.3,0.645
30.3,0.645
30.3,0.645
30.3,0.645
30.3,0.645
30.3,0.645
30.3,0.645
30.3,0.645
30.3,0.645
30.3,0.645
30.3,0.645
30.3,0.645
30.3,0.645
30.3,0.645
30.3,0.645
30.3,0.645
30.3,0.645
30.3,0.645
30.3,0.645
30.3,0.645
30.3,0.645
30.3,0.645
30.3,0.645
30.3,0.645
30.3,0.645
30.3,0.645
30.3,0.645
30.3,0.645
30.3,0.645
30.3,0.645
30.2,0.645
30.2,0.640
30.2,0.640
30.3,0.640
30.3,0.640
30.3,0.640
30.3,0.640
30.3,0.640
30.3,0.640
30.3,0.640
30.3,0.640
30.3,0.640
30.3,0.640
30.3,0.640
30.3,0.640
30.3,0.640
30.3,0.640
30.3,0.640
30.3,0.640
30.3,0.640
30.3,0.640
30.3,0.640
30.3,0.640
30.3,0.640
30.3,0.640
30.3,0.640
30.3,0.640
30.3,0.640
30.3,0.640
30.3,0.640
30.3,0.640
30.3,0.640
30.3,0.640
30.3,0.640
30.3,0.640
30.3,0.635
30.3,0.635
30.3,0.635
30.3,0.635
30.3,0.635
30.3,0.635
30.3,0.635
30.3,0.635
30.3,0.635
30.3,0.635
30.3,0.635
30.3,0.635
30.3,0.635
30.3,0.635
30.3,0.635
30.3,0.635
30.3,0.635
30.3,0.635
30.3,0.635
30.3,0.635
30.3,0.635
30.3,0.635
30.3,0.635
30.3,0.635
30.3,0.635
30.3,0.635
30.3,0.635
30.3,0.635
30.3,0.635
30.3,0.635
30.3,0.635
30.3,0.635
30.3,0.635
30.3,0.635
30.3,0.635
30.3,0.635
30.3,0.630
30.3,0.630
30.3,0.630
30.3,0.630
30.3,0.630
30.3,0.630
30.3,0.630
30.3,0.630
30.3,0.630
30.3,0.630
30.3,0.630
30.3,0.630
30.3,0.630
30.3,0.630
30.3,0.630
30.3,0.630
30.3,0.630
30.3,0.630
30.3,0.630
30.3,0.630
30.3,0.630
30.3,0.630
30.3,0.630
30.3,0.630
30.3,0.630
30.3,0.630
30.3,0.630
30.3,0.630
30.3,0.630
30.3,0.630
30.3,0.630
30.3,0.630
30.3,0.630
30.3,0.630
30.3,0.630
30.3,0.630
30.3,0.625
30.3,0.625
30.3,0.625
30.3,0.625
30.3,0.625
30.3,0.625
30.3,0.625
30.3,0.625
30.3,0.625
30.3,0.625
30.3,0.625
30.3,0.625
30.3,0.625
30.3,0.625
30.3,0.625
30.3,0.625
30.3,0.625
30.3,0.625
30.3,0.625
30.3,0.625
30.3,0.625
30.3,0.625
30.3,0.625
30.3,0.625
30.3,0.625
30.3,0.625
30.3,0.625
30.3,0.625
30.3,0.625
30.3,0.625
30.3,0.625
30.3,0.625
30.3,0.625
30.3,0.625
30.3,0.620
30.3,0.620
30.3,0.620
30.3,0.620
30.3,0.620
30.3,0.620
30.3,0.620
30.3,0.620
30.3,0.620
30.3,0.620
30.3,0.620
30.3,0.620
30.3,0.620
30.3,0.620
30.3,0.620
30.2,0.620
30.2,0.620
30.2,0.620
30.2,0.620
30.2,0.620
30.2,0.620
30.2,0.620
30.2,0.620
30.2,0.620
30.2,0.620
30.2,0.620
30.2,0.620
30.2,0.620
30.3,0.620
30.3,0.620
30.3,0.620
30.3,0.620
30.3,0.620
30.3,0.620
30.3,0.620
30.2,0.620
30.2,0.620
30.2,0.620
30.2,0.615
30.2,0.615
30.2,0.615
30.2,0.615
30.2,0.615
30.2,0.615
30.2,0.615
30.2,0.615
30.2,0.615
30.2,0.615
30.2,0.615
30.2,0.615
30.2,0.615
30.2,0.615
30.2,0.615
30.2,0.615
30.2,0.615
30.2,0.615
30.2,0.615
30.2,0.615
30.2,0.615
30.2,0.615
30.2,0.615
30.2,0.615
30.2,0.615
30.2,0.615
30.2,0.615
30.2,0.615
30.2,0.615
30.2,0.615
30.2,0.615
30.2,0.615
30.2,0.615
30.2,0.615
30.2,0.615
30.2,0.615
30.2,0.615
30.2,0.615
30.2,0.615
30.2,0.610
30.2,0.610
30.2,0.610
30.2,0.610
30.2,0.610
30.2,0.610
30.2,0.610
30.2,0.610
30.2,0.610
30.2,0.610
30.2,0.610
30.2,0.610
30.2,0.610
30.2,0.610
30.3,0.610
30.3,0.610
30.3,0.610
30.3,0.610
30.3,0.610
30.3,0.610
30.3,0.610
30.3,0.610
30.2,0.610
30.2,0.610
30.2,0.610
30.2,0.610
30.2,0.610
30.2,0.610
30.2,0.610
30.2,0.610
30.2,0.610
30.2,0.610
30.2,0.610
30.2,0.610
30.2,0.610
30.2,0.610
30.2,0.605
30.2,0.605
30.2,0.605
30.2,0.605
30.2,0.605
30.3,0.605
30.3,0.605
30.3,0.605
30.3,0.605
30.3,0.605
30.2,0.605
30.2,0.605
30.2,0.605
30.2,0.605
30.2,0.605
30.2,0.605
30.2,0.605
30.2,0.605
30.2,0.605
30.2,0.605
30.2,0.605
30.2,0.605
30.1,0.605
30.1,0.605
30.1,0.605
30.1,0.605
30.1,0.605
30.1,0.605
30.1,0.605
30.2,0.605
30.2,0.605
30.2,0.605
30.2,0.600
30.2,0.600
30.2,0.600
30.2,0.600
30.2,0.600
30.2,0.600
30.2,0.600
30.2,0.600
30.2,0.600
30.1,0.600
30.1,0.600
30.1,0.600
30.1,0.600
30.1,0.600
30.1,0.600
30.1,0.600
30.1,0.600
30.1,0.600
30.1,0.600
30.1,0.600
30.1,0.600
30.1,0.600
30.1,0.600
30.1,0.600
30.1,0.600
30.1,0.600
30.1,0.600
30.1,0.600
30.1,0.600
30.1,0.600
30.1,0.600
30.1,0.600
30.1,0.595
30.1,0.595
30.1,0.595
30.1,0.595
30.1,0.595
30.1,0.595
30.1,0.595
30.1,0.595
30.1,0.595
30.1,0.595
30.2,0.595
30.2,0.595
30.2,0.595
30.2,0.595
30.2,0.595
30.2,0.595
30.2,0.595
30.2,0.595
30.2,0.595
30.2,0.595
30.2,0.595
30.2,0.595
30.2,0.595
30.2,0.595
30.2,0.595
30.2,0.595
30.2,0.595
30.2,0.595
30.2,0.595
30.2,0.595
30.2,0.590
30.2,0.590
30.2,0.590
30.2,0.590
30.2,0.590
30.2,0.590
30.2,0.590
30.2,0.590
30.2,0.590
30.2,0.590
30.2,0.590
30.2,0.590
30.2,0.590
30.2,0.590
30.2,0.590
30.2,0.590
30.2,0.590
30.1,0.590
30.1,0.590
30.1,0.590
30.1,0.590
30.1,0.590
30.1,0.590
30.1,0.590
30.1,0.590
30.1,0.585
30.1,0.585
30.1,0.585
30.1,0.585
30.1,0.585
30.1,0.585
30.1,0.585
30.1,0.585
30.1,0.585
30.1,0.585
30.1,0.585
30.1,0.585
30.1,0.585
30.1,0.585
30.1,0.585
30.1,0.585
30.1,0.585
30.1,0.585
30.1,0.585
30.1,0.585
30.1,0.585
30.1,0.585
30.1,0.585
30.1,0.585
30.1,0.585
30.1,0.585
30.1,0.580
30.1,0.580
30.1,0.580
30.1,0.580
30.1,0.580
30.1,0.580
30.1,0.580
30.1,0.580
30.1,0.580
30.1,0.580
30.0,0.580
30.0,0.580
30.0,0.580
30.0,0.580
30.0,0.580
30.0,0.580
30.0,0.580
30.0,0.580
30.0,0.580
30.0,0.580
30.0,0.580
30.0,0.580
30.0,0.580
30.0,0.580
30.0,0.580
30.0,0.580
30.0,0.580
30.0,0.575
30.0,0.575
30.0,0.575
30.0,0.575
30.0,0.575
30.0,0.575
30.0,0.575
30.0,0.575
30.0,0.575
30.0,0.575
30.0,0.575
30.0,0.575
30.0,0.575
30.0,0.575
30.0,0.575
30.0,0.575
30.0,0.575
30.0,0.575
30.0,0.575
30.0,0.575
30.0,0.575
30.0,0.575
30.0,0.575
30.0,0.575
30.0,0.575
29.9,0.570
29.9,0.570
29.9,0.570
29.9,0.570
29.9,0.570
29.9,0.570
29.9,0.570
29.9,0.570
29.9,0.570
29.9,0.570
29.9,0.570
29.9,0.570
29.9,0.570
29.9,0.570
29.9,0.570
29.9,0.570
29.8,0.570
29.8,0.570
29.8,0.570
29.8,0.570
29.8,0.570
29.8,0.570
29.8,0.565
29.8,0.565
29.8,0.565
29.8,0.565
29.8,0.565
29.8,0.565
29.8,0.565
29.8,0.565
29.8,0.565
29.8,0.565
29.8,0.565
29.8,0.565
29.8,0.565
29.8,0.565
29.8,0.565
29.8,0.565
29.8,0.565
29.8,0.565
29.8,0.565
29.8,0.565
29.8,0.565
29.8,0.565
29.8,0.565
29.8,0.560
29.8,0.560
29.8,0.560
29.8,0.560
29.8,0.560
29.8,0.560
29.8,0.560
29.8,0.560
29.8,0.560
29.8,0.560
29.7,0.560
29.7,0.560
29.7,0.560
29.7,0.560
29.7,0.560
29.7,0.560
29.7,0.560
29.7,0.560
29.7,0.560
29.7,0.560
29.7,0.560
29.7,0.560
29.7,0.560
29.7,0.555
29.7,0.555
29.7,0.555
29.7,0.555
29.7,0.555
29.7,0.555
29.7,0.555
29.6,0.555
29.6,0.555
29.6,0.555
29.6,0.555
29.6,0.555
29.6,0.555
29.6,0.555
29.6,0.555
29.6,0.555
29.6,0.555
29.6,0.555
29.6,0.555
29.6,0.555
29.6,0.555
29.6,0.555
29.6,0.550
29.6,0.550
29.6,0.550
29.6,0.550
29.6,0.550
29.6,0.550
29.6,0.550
29.6,0.550
29.6,0.550
29.6,0.550
29.6,0.550
29.6,0.550
29.6,0.550
29.6,0.550
29.6,0.550
29.6,0.550
29.6,0.550
29.6,0.550
29.6,0.550
29.6,0.550
29.6,0.550
29.6,0.550
29.6,0.550
29.6,0.545
29.6,0.545
29.6,0.545
29.6,0.545
29.6,0.545
29.6,0.545
29.6,0.545
29.6,0.545
29.5,0.545
29.5,0.545
29.5,0.545
29.5,0.545
29.5,0.545
29.5,0.545
29.5,0.545
29.5,0.545
29.5,0.545
29.5,0.545
29.5,0.545
29.5,0.545
29.5,0.545
29.5,0.545
29.5,0.540
29.5,0.540
29.5,0.540
29.5,0.540
29.6,0.540
29.6,0.540
29.6,0.540
29.6,0.540
29.6,0.540
29.6,0.540
29.6,0.540
29.6,0.540
29.6,0.540
29.6,0.540
29.6,0.540
29.6,0.540
29.6,0.540
29.6,0.540
29.6,0.540
29.6,0.540
29.5,0.540
29.5,0.540
29.5,0.540
29.5,0.540
29.5,0.535
29.5,0.535
29.5,0.535
29.5,0.535
29.5,0.535
29.5,0.535
29.5,0.535
29.5,0.535
29.5,0.535
29.5,0.535
29.5,0.535
29.5,0.535
29.5,0.535
29.5,0.535
29.5,0.535
29.5,0.535
29.5,0.535
29.5,0.535
29.5,0.535
29.5,0.535
29.5,0.535
29.5,0.535
29.5,0.535
29.5,0.535
29.5,0.530
29.5,0.530
29.5,0.530
29.5,0.530
29.5,0.530
29.5,0.530
29.5,0.530
29.5,0.530
29.5,0.530
29.5,0.530
29.5,0.530
29.5,0.530
29.5,0.530
29.5,0.530
29.5,0.530
29.5,0.530
29.5,0.530
29.5,0.530
29.5,0.530
29.5,0.530
29.6,0.530
29.6,0.530
29.6,0.530
29.6,0.530
29.6,0.525
29.6,0.525
29.6,0.525
29.5,0.525
29.5,0.525
29.5,0.525
29.5,0.525
29.5,0.525
29.5,0.525
29.5,0.525
29.5,0.525
29.5,0.525
29.5,0.525
29.5,0.525
29.5,0.525
29.5,0.525
29.5,0.525
29.5,0.525
29.5,0.525
29.5,0.525
29.6,0.525
29.6,0.525
29.6,0.525
29.6,0.520
29.5,0.520
29.5,0.520
29.5,0.520
29.5,0.520
29.5,0.520
29.5,0.520
29.5,0.520
29.5,0.520
29.5,0.520
29.5,0.520
29.5,0.520
29.4,0.520
29.4,0.520
29.4,0.520
29.4,0.520
29.4,0.520
29.4,0.520
29.4,0.520
29.4,0.520
29.4,0.520
29.4,0.520
29.4,0.520
29.4,0.520
29.4,0.515
29.5,0.515
29.5,0.515
29.5,0.515
29.5,0.515
29.5,0.515
29.5,0.515
29.5,0.515
29.5,0.515
29.5,0.515
29.5,0.515
29.5,0.515
29.5,0.515
29.5,0.515
29.5,0.515
29.5,0.515
29.5,0.515
29.5,0.515
29.5,0.515
29.5,0.515
29.5,0.515
29.5,0.515
29.5,0.515
29.5,0.515
29.5,0.510
29.5,0.510
29.5,0.510
29.5,0.510
29.5,0.510
29.5,0.510
29.5,0.510
29.5,0.510
29.5,0.510
29.5,0.510
29.5,0.510
29.5,0.510
29.5,0.510
29.5,0.510
29.5,0.510
29.5,0.510
29.5,0.510
29.5,0.510
29.5,0.510
29.5,0.510
29.5,0.510
29.5,0.510
29.5,0.505
29.5,0.505
29.5,0.505
29.5,0.505
29.5,0.505
29.5,0.505
29.5,0.505
29.5,0.505
29.5,0.505
29.5,0.505
29.5,0.505
29.5,0.505
29.5,0.505
29.5,0.505
29.5,0.505
29.5,0.505
29.5,0.505
29.5,0.505
29.5,0.505
29.5,0.505
29.5,0.505
29.5,0.505
29.5,0.505
29.5,0.505
29.5,0.505
29.5,0.505
29.5,0.500
29.5,0.500
29.5,0.500
29.5,0.500
29.5,0.500
29.5,0.500
29.5,0.500
29.5,0.500
29.5,0.500
29.5,0.500
29.5,0.500
29.5,0.500
29.5,0.500
29.5,0.500
29.5,0.500
29.5,0.500
29.4,0.500
29.4,0.500
29.4,0.500
29.4,0.500
29.4,0.500
29.4,0.500
29.4,0.500
29.4,0.500
29.4,0.500
29.4,0.500
29.4,0.495
29.4,0.495
29.4,0.495
29.4,0.495
29.4,0.495
29.4,0.495
29.4,0.495
29.4,0.495
29.5,0.495
29.5,0.495
29.5,0.495
29.4,0.495
29.4,0.495
29.4,0.495
29.4,0.495
29.4,0.495
29.4,0.495
29.4,0.495
29.4,0.495
29.4,0.495
29.4,0.495
29.4,0.495
29.4,0.495
29.4,0.495
29.4,0.495
29.4,0.495
29.4,0.490
29.4,0.490
29.4,0.490
29.4,0.490
29.4,0.490
29.4,0.490
29.4,0.490
29.4,0.490
29.4,0.490
29.4,0.490
29.3,0.490
29.3,0.490
29.3,0.490
29.3,0.490
29.3,0.490
29.3,0.490
29.3,0.490
29.3,0.490
29.3,0.490
29.3,0.490
29.3,0.490
29.3,0.490
29.3,0.490
29.3,0.490
29.3,0.490
29.3,0.485
29.3,0.485
29.3,0.485
29.3,0.485
29.3,0.485
29.3,0.485
29.3,0.485
29.3,0.485
29.3,0.485
29.2,0.485
29.2,0.485
29.2,0.485
29.2,0.485
29.2,0.485
29.2,0.485
29.2,0.485
29.2,0.485
29.2,0.485
29.2,0.485
29.2,0.485
29.2,0.485
29.2,0.485
29.2,0.485
29.2,0.485
29.2,0.485
29.2,0.480
29.2,0.480
29.1,0.480
29.1,0.480
29.1,0.480
29.1,0.480
29.1,0.480
29.1,0.480
29.1,0.480
29.1,0.480
29.2,0.480
29.2,0.480
29.2,0.480
29.2,0.480
29.2,0.480
29.2,0.480
29.2,0.480
29.2,0.480
29.2,0.480
29.2,0.480
29.2,0.480
29.2,0.480
29.2,0.480
29.2,0.480
29.2,0.480
29.2,0.475
29.2,0.475
29.2,0.475
29.2,0.475
29.2,0.475
29.2,0.475
29.2,0.475
29.2,0.475
29.2,0.475
29.2,0.475
29.2,0.475
29.2,0.475
29.2,0.475
29.2,0.475
29.2,0.475
29.2,0.475
29.2,0.475
29.2,0.475
29.2,0.475
29.2,0.475
29.2,0.475
29.2,0.475
29.2,0.475
29.2,0.475
29.2,0.470
29.2,0.470
29.2,0.470
29.2,0.470
29.2,0.470
29.2,0.470
29.2,0.470
29.2,0.470
29.2,0.470
29.2,0.470
29.2,0.470
29.2,0.470
29.2,0.470
29.2,0.470
29.2,0.470
29.2,0.470
29.2,0.470
29.2,0.470
29.2,0.470
29.2,0.470
29.2,0.470
29.2,0.470
29.2,0.470
29.2,0.470
29.2,0.470
29.2,0.465
29.2,0.465
29.2,0.465
29.2,0.465
29.2,0.465
29.2,0.465
29.2,0.465
29.1,0.465
29.1,0.465
29.2,0.465
29.2,0.465
29.2,0.465
29.2,0.465
29.2,0.465
29.2,0.465
29.2,0.465
29.2,0.465
29.2,0.465
29.2,0.465
29.2,0.465
29.2,0.465
29.2,0.465
29.2,0.465
29.2,0.460
29.2,0.460
29.2,0.460
29.2,0.460
29.2,0.460
29.1,0.460
29.1,0.460
29.1,0.460
29.1,0.460
29.1,0.460
29.1,0.460
29.1,0.460
29.1,0.460
29.1,0.460
29.1,0.460
29.1,0.460
29.1,0.460
29.1,0.460
29.1,0.460
29.1,0.460
29.1,0.460
29.1,0.460
29.1,0.460
29.1,0.460
29.1,0.455
29.1,0.455
29.1,0.455
29.1,0.455
29.1,0.455
29.1,0.455
29.2,0.455
29.2,0.455
29.2,0.455
29.2,0.455
29.2,0.455
29.2,0.455
29.2,0.455
29.2,0.455
29.2,0.455
29.2,0.455
29.2,0.455
29.2,0.455
29.2,0.455
29.2,0.455
29.2,0.455
29.2,0.455
29.2,0.455
29.2,0.455
29.2,0.450
29.2,0.450
29.2,0.450
29.2,0.450
29.2,0.450
29.2,0.450
29.2,0.450
29.2,0.450
29.2,0.450
29.2,0.450
29.2,0.450
29.2,0.450
29.2,0.450
29.2,0.450
29.2,0.450
29.2,0.450
29.2,0.450
29.1,0.450
29.1,0.450
29.1,0.450
29.1,0.450
29.1,0.450
29.1,0.445
29.1,0.445
29.1,0.445
29.1,0.445
29.1,0.445
29.1,0.445
29.1,0.445
29.1,0.445
29.1,0.445
29.1,0.445
29.1,0.445
29.1,0.445
29.1,0.445
29.1,0.445
29.1,0.445
29.1,0.445
29.1,0.445
29.1,0.445
29.1,0.445
29.1,0.445
29.1,0.445
29.1,0.440
29.1,0.440
29.1,0.440
29.1,0.440
29.1,0.440
29.1,0.440
29.1,0.440
29.1,0.440
29.1,0.440
29.1,0.440
29.1,0.440
29.1,0.440
29.1,0.440
29.1,0.440
29.1,0.440
29.1,0.440
29.1,0.440
29.1,0.440
29.1,0.440
29.1,0.440
29.1,0.440
29.1,0.440
29.1,0.435
29.1,0.435
29.1,0.435
29.1,0.435
29.1,0.435
29.1,0.435
29.1,0.435
29.2,0.435
29.2,0.435
29.2,0.435
29.2,0.435
29.2,0.435
29.2,0.435
29.2,0.435
29.2,0.435
29.2,0.435
29.2,0.435
29.2,0.435
29.2,0.435
29.2,0.435
29.2,0.435
29.2,0.435
29.2,0.430
29.2,0.430
29.2,0.430
29.2,0.430
29.2,0.430
29.2,0.430
29.2,0.430
29.2,0.430
29.2,0.430
29.2,0.430
29.2,0.430
29.2,0.430
29.2,0.430
29.2,0.430
29.2,0.430
29.2,0.430
29.2,0.430
29.2,0.430
29.2,0.430
29.3,0.430
29.3,0.430
29.3,0.425
29.3,0.425
29.3,0.425
29.3,0.425
29.3,0.425
29.3,0.425
29.3,0.425
29.3,0.425
29.3,0.425
29.3,0.425
29.3,0.425
29.3,0.425
29.3,0.425
29.3,0.425
29.3,0.425
29.3,0.425
29.3,0.425
29.3,0.425
29.3,0.425
29.3,0.425
29.3,0.425
29.4,0.425
29.4,0.425
29.4,0.420
29.4,0.420
29.4,0.420
29.4,0.420
29.4,0.420
29.4,0.420
29.4,0.420
29.4,0.420
29.4,0.420
29.4,0.420
29.4,0.420
29.4,0.420
29.4,0.420
29.4,0.420
29.4,0.420
29.4,0.420
29.4,0.420
29.4,0.420
29.4,0.420
29.4,0.420
29.4,0.420
29.4,0.420
29.4,0.420
29.4,0.420
29.4,0.420
29.4,0.415
29.4,0.415
29.4,0.415
29.4,0.415
29.4,0.415
29.4,0.415
29.4,0.415
29.4,0.415
29.4,0.415
29.4,0.415
29.4,0.415
29.4,0.415
29.4,0.415
29.4,0.415
29.5,0.415
29.5,0.415
29.5,0.415
29.5,0.415
29.5,0.415
29.5,0.415
29.5,0.415
29.5,0.415
29.5,0.415
29.5,0.415
29.5,0.415
29.5,0.415
29.5,0.410
29.5,0.410
29.5,0.410
29.5,0.410
29.5,0.410
29.5,0.410
29.5,0.410
29.5,0.410
29.5,0.410
29.5,0.410
29.5,0.410
29.5,0.410
29.5,0.410
29.5,0.410
29.5,0.410
29.5,0.410
29.5,0.410
29.5,0.410
29.5,0.410
29.5,0.410
29.5,0.410
29.5,0.410
29.5,0.410
29.5,0.410
29.5,0.410
29.5,0.410
29.5,0.405
29.5,0.405
29.5,0.405
29.5,0.405
29.5,0.405
29.5,0.405
29.5,0.405
29.5,0.405
29.5,0.405
29.5,0.405
29.5,0.405
29.5,0.405
29.5,0.405
29.5,0.405
29.5,0.405
29.5,0.405
29.5,0.405
29.5,0.405
29.5,0.405
29.5,0.405
29.5,0.405
29.5,0.405
29.5,0.405
29.5,0.405
29.5,0.405
29.5,0.405
29.5,0.405
29.5,0.400
29.5,0.400
29.5,0.400
29.5,0.400
29.5,0.400
29.5,0.400
29.5,0.400
29.5,0.400
29.5,0.400
29.5,0.400
29.5,0.400
29.5,0.400
29.5,0.400
29.5,0.400
29.5,0.400
29.5,0.400
29.5,0.400
29.5,0.400
29.5,0.400
29.5,0.400
29.5,0.400
29.5,0.400
29.5,0.400
29.5,0.400
29.5,0.400
29.5,0.400
29.5,0.400
29.5,0.400
29.5,0.395
29.5,0.395
29.5,0.395
29.5,0.395
29.5,0.395
29.5,0.395
29.5,0.395
29.5,0.395
29.5,0.395
29.5,0.395
29.5,0.395
29.5,0.395
29.5,0.395
29.5,0.395
29.5,0.395
29.5,0.395
29.5,0.395
29.5,0.395
29.5,0.395
29.5,0.395
29.5,0.395
29.5,0.395
29.5,0.395
29.5,0.395
29.5,0.395
29.5,0.395
29.5,0.390
29.5,0.390
29.5,0.390
29.5,0.390
29.5,0.390
29.5,0.390
29.5,0.390
29.5,0.390
29.5,0.390
29.5,0.390
29.5,0.390
29.5,0.390
29.5,0.390
29.5,0.390
29.5,0.390
29.5,0.390
29.5,0.390
29.5,0.390
29.5,0.390
29.5,0.390
29.5,0.390
29.5,0.390
29.5,0.390
29.5,0.390
29.5,0.390
29.5,0.390
29.5,0.385
29.5,0.385
29.5,0.385
29.5,0.385
29.5,0.385
29.5,0.385
29.5,0.385
29.5,0.385
29.5,0.385
29.5,0.385
29.5,0.385
29.5,0.385
29.5,0.385
29.5,0.385
29.5,0.385
29.5,0.385
29.5,0.385
29.5,0.385
29.5,0.385
29.5,0.385
29.5,0.385
29.5,0.385
29.5,0.385
29.5,0.385
29.5,0.385
29.5,0.380
29.5,0.380
29.5,0.380
29.5,0.380
29.5,0.380
29.5,0.380
29.5,0.380
29.5,0.380
29.5,0.380
29.5,0.380
29.5,0.380
29.5,0.380
29.5,0.380
29.5,0.380
29.5,0.380
29.5,0.380
29.5,0.380
29.5,0.380
29.5,0.380
29.5,0.380
29.5,0.380
29.5,0.380
29.5,0.380
29.5,0.380
29.5,0.380
29.5,0.380
29.5,0.380
29.5,0.375
29.5,0.375
29.5,0.375
29.5,0.375
29.5,0.375
29.5,0.375
29.5,0.375
29.5,0.375
29.5,0.375
29.5,0.375
29.5,0.375
29.5,0.375
29.5,0.375
29.5,0.375
29.5,0.375
29.5,0.375
29.5,0.375
29.5,0.375
29.5,0.375
29.5,0.375
29.5,0.375
29.5,0.375
29.5,0.375
29.5,0.375
29.5,0.375
29.5,0.375
29.5,0.375
29.5,0.375
29.5,0.370
29.5,0.370
29.5,0.370
29.5,0.370
29.5,0.370
29.4,0.370
29.4,0.370
29.4,0.370
29.4,0.370
29.4,0.370
29.4,0.370
29.4,0.370
29.4,0.370
29.4,0.370
29.4,0.370
29.4,0.370
29.4,0.370
29.4,0.370
29.4,0.370
29.4,0.370
29.4,0.370
29.4,0.370
29.4,0.370
29.4,0.370
29.4,0.370
29.4,0.370
29.4,0.370
29.4,0.370
29.4,0.370
29.4,0.365
29.4,0.365
29.4,0.365
29.4,0.365
29.4,0.365
29.4,0.365
29.4,0.365
29.4,0.365
29.4,0.365
29.4,0.365
29.4,0.365
29.4,0.365
29.4,0.365
29.4,0.365
29.4,0.365
29.4,0.365
29.4,0.365
29.4,0.365
29.4,0.365
29.4,0.365
29.4,0.365
29.4,0.365
29.4,0.365
29.4,0.365
29.4,0.365
29.4,0.365
29.4,0.365
29.4,0.360
29.4,0.360
29.4,0.360
29.4,0.360
29.4,0.360
29.3,0.360
29.3,0.360
29.3,0.360
29.3,0.360
29.3,0.360
29.3,0.360
29.3,0.360
29.3,0.360
29.3,0.360
29.3,0.360
29.3,0.360
29.3,0.360
29.3,0.360
29.3,0.360
29.3,0.360
29.3,0.360
29.3,0.360
29.3,0.360
29.3,0.360
29.3,0.360
29.3,0.360
29.3,0.360
29.3,0.360
29.2,0.360
29.2,0.355
29.2,0.355
29.2,0.355
29.2,0.355
29.2,0.355
29.2,0.355
29.2,0.355
29.2,0.355
29.1,0.355
29.1,0.355
29.1,0.355
29.1,0.355
29.1,0.355
29.1,0.355
29.1,0.355
29.1,0.355
29.1,0.355
29.1,0.355
29.1,0.355
29.1,0.355
29.1,0.355
29.1,0.355
29.1,0.355
29.1,0.355
29.1,0.355
29.1,0.355
29.1,0.355
29.0,0.355
29.0,0.355
29.0,0.355
29.0,0.355
29.0,0.355
29.0,0.350
29.0,0.350
29.0,0.350
29.0,0.350
29.0,0.350
28.9,0.350
28.9,0.350
28.9,0.350
28.9,0.350
28.9,0.350
28.9,0.350
28.9,0.350
28.9,0.350
28.9,0.350
28.8,0.350
28.8,0.350
28.8,0.350
28.8,0.350
28.8,0.350
28.8,0.350
28.8,0.350
28.8,0.350
28.8,0.350
28.8,0.350
28.8,0.350
28.8,0.350
28.8,0.350
28.8,0.350
28.8,0.345
28.7,0.345
28.7,0.345
28.7,0.345
28.7,0.345
28.7,0.345
28.7,0.345
28.7,0.345
28.7,0.345
28.7,0.345
28.7,0.345
28.7,0.345
28.7,0.345
28.7,0.345
28.7,0.345
28.7,0.345
28.6,0.345
28.6,0.345
28.6,0.345
28.6,0.345
28.6,0.345
28.6,0.345
28.6,0.345
28.6,0.345
28.6,0.345
28.6,0.345
28.6,0.345
28.6,0.345
28.6,0.345
28.6,0.345
28.6,0.345
28.5,0.345
28.5,0.340
28.5,0.340
28.5,0.340
28.5,0.340
28.5,0.340
28.5,0.340
28.5,0.340
28.5,0.340
28.5,0.340
28.5,0.340
28.5,0.340
28.5,0.340
28.4,0.340
28.4,0.340
28.4,0.340
28.4,0.340
28.4,0.340
28.4,0.340
28.4,0.340
28.4,0.340
28.4,0.340
28.4,0.340
28.4,0.340
28.4,0.340
28.4,0.340
28.4,0.340
28.4,0.340
28.4,0.340
28.4,0.340
28.4,0.340
28.4,0.340
28.4,0.340
28.4,0.340
28.4,0.335
28.4,0.335
28.4,0.335
28.4,0.335
28.4,0.335
28.4,0.335
28.4,0.335
28.4,0.335
28.4,0.335
28.4,0.335
28.4,0.335
28.4,0.335
28.4,0.335
28.4,0.335
28.4,0.335
28.4,0.335
28.4,0.335
28.4,0.335
28.4,0.335
28.4,0.335
28.4,0.335
28.4,0.335
28.4,0.335
28.4,0.335
28.4,0.335
28.4,0.335
28.4,0.335
28.4,0.335
28.4,0.335
28.4,0.335
28.4,0.335
28.4,0.335
28.4,0.330
28.4,0.330
28.4,0.330
28.4,0.330
28.4,0.330
28.4,0.330
28.4,0.330
28.4,0.330
28.4,0.330
28.4,0.330
28.4,0.330
28.4,0.330
28.4,0.330
28.4,0.330
28.4,0.330
28.4,0.330
28.4,0.330
28.4,0.330
28.4,0.330
28.4,0.330
28.4,0.330
28.4,0.330
28.4,0.330
28.4,0.330
28.4,0.330
28.4,0.330
28.4,0.330
28.4,0.330
28.4,0.330
28.4,0.330
28.4,0.330
28.4,0.325
28.4,0.325
28.4,0.325
28.4,0.325
28.4,0.325
28.4,0.325
28.4,0.325
28.4,0.325
28.4,0.325
28.4,0.325
28.4,0.325
28.4,0.325
28.4,0.325
28.4,0.325
28.3,0.325
28.3,0.325
28.3,0.325
28.3,0.325
28.3,0.325
28.3,0.325
28.3,0.325
28.3,0.325
28.3,0.325
28.3,0.325
28.3,0.325
28.3,0.325
28.3,0.325
28.3,0.325
28.3,0.325
28.3,0.325
28.3,0.320
28.3,0.320
28.3,0.320
28.3,0.320
28.3,0.320
28.3,0.320
28.3,0.320
28.3,0.320
28.3,0.320
28.3,0.320
28.3,0.320
28.3,0.320
28.3,0.320
28.3,0.320
28.2,0.320
28.2,0.320
28.2,0.320
28.2,0.320
28.2,0.320
28.2,0.320
28.2,0.320
28.2,0.320
28.2,0.320
28.2,0.320
28.2,0.320
28.2,0.320
28.2,0.320
28.2,0.315
28.2,0.315
28.2,0.315
28.2,0.315
28.2,0.315
28.2,0.315
28.2,0.315
28.2,0.315
28.2,0.315
28.2,0.315
28.2,0.315
28.2,0.315
28.2,0.315
28.2,0.315
28.2,0.315
28.2,0.315
28.2,0.315
28.2,0.315
28.2,0.315
28.2,0.315
28.2,0.315
28.2,0.315
28.2,0.315
28.2,0.310
28.2,0.310
28.2,0.310
28.2,0.310
28.2,0.310
28.2,0.310
28.2,0.310
28.2,0.310
28.2,0.310
28.2,0.310
28.2,0.310
28.2,0.310
28.2,0.310
28.2,0.310
28.3,0.310
28.3,0.310
28.3,0.310
28.3,0.310
28.3,0.310
28.3,0.310
28.3,0.310
28.3,0.310
28.3,0.310
28.3,0.305
28.3,0.305
28.3,0.305
28.3,0.305
28.3,0.305
28.3,0.305
28.3,0.305
28.3,0.305
28.3,0.305
28.3,0.305
28.3,0.305
28.3,0.305
28.3,0.305
28.3,0.305
28.3,0.305
28.4,0.305
28.4,0.305
28.4,0.305
28.4,0.305
28.4,0.305
28.4,0.300
28.4,0.300
28.4,0.300
28.4,0.300
28.4,0.300
28.4,0.300
28.4,0.300
28.4,0.300
28.4,0.300
28.4,0.300
28.5,0.300
28.5,0.300
28.5,0.300
28.5,0.300
28.5,0.300
28.5,0.300
28.5,0.300
28.5,0.300
28.5,0.300
28.5,0.300
28.5,0.300
28.5,0.300
28.5,0.295
28.5,0.295
28.5,0.295
28.5,0.295
28.5,0.295
28.5,0.295
28.5,0.295
28.5,0.295
28.5,0.295
28.5,0.295
28.5,0.295
28.5,0.295
28.5,0.295
28.5,0.295
28.5,0.295
28.5,0.295
28.5,0.295
28.5,0.295
28.5,0.295
28.5,0.295
28.5,0.295
28.5,0.295
28.5,0.290
28.5,0.290
28.5,0.290
28.5,0.290
28.5,0.290
28.5,0.290
28.5,0.290
28.5,0.290
28.5,0.290
28.5,0.290
28.5,0.290
28.6,0.290
28.6,0.290
28.6,0.290
28.6,0.290
28.6,0.290
28.6,0.290
28.6,0.290
28.6,0.290
28.6,0.290
28.6,0.290
28.6,0.290
28.6,0.285
28.6,0.285
28.6,0.285
28.6,0.285
28.6,0.285
28.6,0.285
28.6,0.285
28.6,0.285
28.6,0.285
28.6,0.285
28.6,0.285
28.6,0.285
28.6,0.285
28.6,0.285
28.6,0.285
28.6,0.285
28.6,0.285
28.6,0.285
28.6,0.285
28.6,0.285
28.6,0.285
28.6,0.285
28.6,0.280
28.6,0.280
28.6,0.280
28.6,0.280
28.6,0.280
28.6,0.280
28.6,0.280
28.6,0.280
28.6,0.280
28.6,0.280
28.6,0.280
28.7,0.280
28.7,0.280
28.7,0.280
28.7,0.280
28.7,0.280
28.7,0.280
28.7,0.280
28.7,0.280
28.7,0.280
28.7,0.280
28.7,0.280
28.7,0.275
28.7,0.275
28.7,0.275
28.7,0.275
28.7,0.275
28.7,0.275
28.7,0.275
28.6,0.275
28.6,0.275
28.6,0.275
28.6,0.275
28.6,0.275
28.6,0.275
28.6,0.275
28.6,0.275
28.7,0.275
28.7,0.275
28.7,0.275
28.7,0.275
28.7,0.275
28.7,0.275
28.7,0.275
28.8,0.275
28.8,0.270
28.8,0.270
28.8,0.270
28.8,0.270
28.8,0.270
28.8,0.270
28.8,0.270
28.8,0.270
28.8,0.270
28.8,0.270
28.8,0.270
28.8,0.270
28.8,0.270
28.8,0.270
28.8,0.270
28.8,0.270
28.8,0.270
28.8,0.270
28.8,0.270
28.8,0.270
28.8,0.270
28.8,0.265
28.8,0.265
28.8,0.265
28.8,0.265
28.8,0.265
28.8,0.265
28.8,0.265
28.8,0.265
28.8,0.265
28.8,0.265
28.8,0.265
28.8,0.265
28.8,0.265
28.8,0.265
28.8,0.265
28.8,0.265
28.8,0.265
28.8,0.265
28.8,0.265
28.8,0.265
28.8,0.265
28.8,0.265
28.8,0.260
28.8,0.260
28.8,0.260
28.8,0.260
28.8,0.260
28.8,0.260
28.8,0.260
28.8,0.260
28.8,0.260
28.8,0.260
28.8,0.260
28.8,0.260
28.8,0.260
28.8,0.260
28.8,0.260
28.8,0.260
28.8,0.260
28.8,0.260
28.8,0.260
28.8,0.260
28.8,0.260
28.7,0.255
28.7,0.255
28.7,0.255
28.7,0.255
28.7,0.255
28.7,0.255
28.7,0.255
28.7,0.255
28.7,0.255
28.7,0.255
28.7,0.255
28.7,0.255
28.7,0.255
28.7,0.255
28.7,0.255
28.7,0.255
28.7,0.255
28.7,0.255
28.7,0.255
28.6,0.250
28.6,0.250
28.6,0.250
28.6,0.250
28.6,0.250
28.6,0.250
28.6,0.250
28.6,0.250
28.6,0.250
28.6,0.250
28.6,0.250
28.7,0.250
28.7,0.250
28.7,0.250
28.7,0.250
28.7,0.250
28.7,0.250
28.7,0.250
28.7,0.245
28.7,0.245
28.7,0.245
28.7,0.245
28.7,0.245
28.7,0.245
28.7,0.245
28.7,0.245
28.7,0.245
28.7,0.245
28.7,0.245
28.7,0.245
28.7,0.245
28.7,0.245
28.7,0.245
28.7,0.245
28.7,0.245
28.7,0.240
28.7,0.240
28.7,0.240
28.7,0.240
28.7,0.240
28.7,0.240
28.8,0.240
28.8,0.240
28.8,0.240
28.8,0.240
28.8,0.240
28.8,0.240
28.8,0.240
28.8,0.240
28.8,0.240
28.8,0.240
28.8,0.240
28.8,0.240
28.8,0.235
28.8,0.235
28.8,0.235
28.8,0.235
28.8,0.235
28.8,0.235
28.8,0.235
28.8,0.235
28.8,0.235
28.8,0.235
28.8,0.235
28.8,0.235
28.8,0.235
28.8,0.235
28.8,0.235
28.8,0.235
28.8,0.235
28.8,0.235
28.8,0.230
28.8,0.230
28.8,0.230
28.8,0.230
28.8,0.230
28.8,0.230
28.8,0.230
28.8,0.230
28.8,0.230
28.8,0.230
28.8,0.230
28.8,0.230
28.8,0.230
28.8,0.230
28.9,0.230
28.9,0.230
28.9,0.230
28.9,0.230
28.9,0.225
28.9,0.225
28.9,0.225
29.0,0.225
29.0,0.225
29.0,0.225
29.0,0.225
29.0,0.225
29.0,0.225
29.0,0.225
29.0,0.225
29.0,0.225
29.0,0.225
29.0,0.225
29.0,0.225
29.0,0.225
28.9,0.225
28.9,0.220
28.9,0.220
28.9,0.220
28.9,0.220
28.9,0.220
28.9,0.220
28.9,0.220
28.9,0.220
28.9,0.220
28.9,0.220
29.0,0.220
29.0,0.220
29.0,0.220
29.0,0.220
29.0,0.220
29.0,0.220
29.0,0.220
29.0,0.220
29.0,0.215
29.0,0.215
29.0,0.215
29.0,0.215
29.0,0.215
29.0,0.215
29.0,0.215
29.0,0.215
29.0,0.215
29.1,0.215
29.1,0.215
29.1,0.215
29.1,0.215
29.1,0.215
29.1,0.215
29.1,0.215
29.1,0.215
29.1,0.215
29.0,0.210
29.0,0.210
29.0,0.210
29.0,0.210
29.0,0.210
29.0,0.210
29.0,0.210
29.0,0.210
29.0,0.210
29.0,0.210
29.1,0.210
29.1,0.210
29.1,0.210
29.1,0.210
29.1,0.210
29.1,0.210
29.1,0.210
29.0,0.205
29.0,0.205
29.0,0.205
29.0,0.205
29.0,0.205
29.0,0.205
29.0,0.205
29.0,0.205
29.0,0.205
29.0,0.205
29.0,0.205
29.0,0.205
29.0,0.205
29.0,0.205
29.0,0.205
29.0,0.205
29.0,0.205
29.0,0.200
29.0,0.200
29.0,0.200
29.0,0.200
29.0,0.200
29.0,0.200
29.0,0.200
29.0,0.200
29.0,0.200
29.0,0.200
29.0,0.200
29.0,0.200
29.0,0.200
29.0,0.200
29.0,0.200
29.0,0.200
29.0,0.200
29.0,0.200
29.0,0.195
29.0,0.195
29.0,0.195
29.0,0.195
29.0,0.195
29.0,0.195
29.0,0.195
29.0,0.195
29.0,0.195
29.0,0.195
29.0,0.195
29.0,0.195
29.0,0.195
29.0,0.195
29.0,0.195
29.0,0.195
29.0,0.195
29.0,0.195
29.0,0.195
29.1,0.190
29.0,0.190
29.0,0.190
29.0,0.190
29.0,0.190
29.0,0.190
29.0,0.190
29.0,0.190
29.0,0.190
29.0,0.190
29.0,0.190
29.0,0.190
29.0,0.190
29.0,0.190
29.0,0.190
29.0,0.190
29.0,0.190
29.0,0.190
29.0,0.190
29.0,0.185
29.0,0.185
29.0,0.185
29.0,0.185
29.0,0.185
29.0,0.185
29.0,0.185
29.0,0.185
29.0,0.185
29.0,0.185
29.0,0.185
29.0,0.185
29.0,0.185
29.0,0.185
29.0,0.185
29.0,0.185
29.0,0.185
29.0,0.185
29.0,0.185
29.0,0.185
29.0,0.185
29.0,0.185
29.0,0.180
29.0,0.180
29.0,0.180
29.0,0.180
29.0,0.180
29.0,0.180
29.0,0.180
29.0,0.180
29.0,0.180
29.0,0.180
29.0,0.180
29.0,0.180
29.0,0.180
29.0,0.180
29.0,0.180
29.0,0.180
29.0,0.180
29.0,0.180
29.0,0.180
29.0,0.180
29.0,0.180
29.0,0.180
29.0,0.180
29.0,0.180
28.9,0.180
28.9,0.175
28.9,0.175
28.9,0.175
28.9,0.175
28.9,0.175
28.9,0.175
28.8,0.175
28.8,0.175
28.8,0.175
28.8,0.175
28.8,0.175
28.8,0.175
28.8,0.175
28.8,0.175
28.8,0.175
28.8,0.175
28.8,0.175
28.9,0.175
28.9,0.175
28.9,0.175
28.9,0.175
28.9,0.175
28.9,0.175
28.9,0.175
28.9,0.175
28.8,0.175
28.8,0.175
28.8,0.170
28.8,0.170
28.8,0.170
28.8,0.170
28.8,0.170
28.8,0.170
28.8,0.170
28.9,0.170
28.9,0.170
28.9,0.170
28.9,0.170
28.9,0.170
28.9,0.170
28.9,0.170
28.9,0.170
28.9,0.170
28.9,0.170
28.8,0.170
28.8,0.170
28.8,0.170
28.8,0.170
28.8,0.170
28.8,0.170
28.8,0.170
28.8,0.170
28.8,0.170
28.8,0.170
28.8,0.170
28.7,0.170
28.7,0.170
28.7,0.165
28.7,0.165
28.7,0.165
28.7,0.165
28.7,0.165
28.7,0.165
28.7,0.165
28.7,0.165
28.7,0.165
28.7,0.165
28.7,0.165
28.7,0.165
28.7,0.165
28.7,0.165
28.7,0.165
28.7,0.165
28.7,0.165
28.6,0.165
28.6,0.165
28.6,0.165
28.6,0.165
28.6,0.165
28.6,0.165
28.6,0.165
28.6,0.165
28.6,0.165
28.6,0.165
28.6,0.165
28.6,0.165
28.6,0.165
28.6,0.165
28.6,0.165
28.6,0.165
28.6,0.160
28.6,0.160
28.6,0.160
28.5,0.160
28.5,0.160
28.5,0.160
28.5,0.160
28.5,0.160
28.5,0.160
28.5,0.160
28.5,0.160
28.5,0.160
28.5,0.160
28.5,0.160
28.5,0.160
28.4,0.160
28.4,0.160
28.4,0.160
28.4,0.160
28.4,0.160
28.4,0.160
28.4,0.160
28.4,0.160
28.4,0.160
28.4,0.160
28.4,0.160
28.3,0.160
28.3,0.160
28.3,0.160
28.3,0.160
28.3,0.160
28.3,0.160
28.3,0.160
28.3,0.160
28.3,0.160
28.3,0.160
28.3,0.160
28.3,0.160
28.3,0.160
28.3,0.155
28.3,0.155
28.3,0.155
28.3,0.155
28.3,0.155
28.3,0.155
28.3,0.155
28.3,0.155
28.3,0.155
28.3,0.155
28.3,0.155
28.3,0.155
28.3,0.155
28.3,0.155
28.3,0.155
28.3,0.155
28.3,0.155
28.3,0.155
28.3,0.155
28.4,0.155
28.4,0.155
28.4,0.155
28.4,0.155
28.4,0.155
28.4,0.155
28.4,0.155
28.4,0.155
28.4,0.155
28.4,0.155
28.4,0.155
28.4,0.155
28.4,0.155
28.4,0.155
28.4,0.155
28.4,0.155
28.4,0.155
28.4,0.155
28.4,0.155
28.4,0.155
28.4,0.155
28.4,0.155
28.4,0.155
28.4,0.155
28.4,0.150
28.4,0.150
28.4,0.150
28.4,0.150
28.4,0.150
28.4,0.150
28.4,0.150
28.4,0.150
28.4,0.150
28.4,0.150
28.4,0.150
28.4,0.150
28.4,0.150
28.4,0.150
28.4,0.150
28.4,0.150
28.4,0.150
28.4,0.150
28.4,0.150
28.4,0.150
28.4,0.150
28.4,0.150
28.4,0.150
28.4,0.150
28.4,0.150
28.4,0.150
28.4,0.150
28.4,0.150
28.4,0.150
28.4,0.150
28.4,0.150
28.4,0.150
28.4,0.150
28.4,0.150
28.4,0.150
28.4,0.150
28.4,0.150
28.4,0.150
28.4,0.150
28.4,0.150
28.4,0.150
28.4,0.150
28.4,0.150
28.4,0.150
28.4,0.150
28.4,0.150
28.4,0.150
28.4,0.150
28.4,0.150
28.4,0.150
28.4,0.150
28.4,0.150
28.4,0.145
28.4,0.145
28.4,0.145
28.4,0.145
28.4,0.145
28.4,0.145
28.4,0.145
28.4,0.145
28.4,0.145
28.4,0.145
28.4,0.145
28.4,0.145
28.4,0.145
28.4,0.145
28.3,0.145
28.3,0.145
28.3,0.145
28.3,0.145
28.3,0.145
28.3,0.145
28.3,0.145
28.3,0.145
28.3,0.145
28.3,0.145
28.3,0.145
28.3,0.145
28.3,0.145
28.3,0.145
28.3,0.145
28.3,0.145
28.3,0.145
28.3,0.145
28.3,0.145
28.3,0.145
28.3,0.145
28.3,0.145
28.3,0.145
28.3,0.145
28.3,0.145
28.3,0.145
28.3,0.145
28.3,0.145
28.3,0.145
28.3,0.145
28.3,0.145
28.3,0.145
28.3,0.145
28.3,0.145
28.3,0.145
28.3,0.140
28.3,0.140
28.3,0.140
28.3,0.140
28.3,0.140
28.3,0.140
28.3,0.140
28.3,0.140
28.3,0.140
28.3,0.140
28.3,0.140
28.3,0.140
28.3,0.140
28.3,0.140
28.3,0.140
28.3,0.140
28.3,0.140
28.3,0.140
28.3,0.140
28.3,0.140
28.3,0.140
28.3,0.140
28.3,0.140
28.3,0.140
28.3,0.140
28.3,0.140
28.3,0.140
28.3,0.140
28.3,0.140
28.3,0.140
28.3,0.140
28.3,0.140
28.3,0.140
28.3,0.140
28.3,0.140
28.3,0.140
28.3,0.140
28.3,0.140
28.3,0.140
28.3,0.140
28.3,0.140
28.3,0.140
28.3,0.140
28.3,0.140
28.2,0.140
28.2,0.140
28.2,0.140
28.2,0.135
28.2,0.135
28.2,0.135
28.2,0.135
28.2,0.135
28.2,0.135
28.2,0.135
28.2,0.135
28.2,0.135
28.2,0.135
28.2,0.135
28.2,0.135
28.2,0.135
28.2,0.135
28.2,0.135
28.2,0.135
28.2,0.135
28.2,0.135
28.2,0.135
28.2,0.135
28.2,0.135
28.2,0.135
28.2,0.135
28.3,0.135
28.3,0.135
28.3,0.135
28.3,0.135
28.3,0.135
28.3,0.135
28.3,0.135
28.3,0.135
28.3,0.135
28.3,0.135
28.3,0.135
28.3,0.135
28.3,0.135
28.3,0.135
28.3,0.135
28.3,0.135
28.3,0.135
28.3,0.135
28.3,0.135
28.3,0.135
28.3,0.130
28.3,0.130
28.3,0.130
28.3,0.130
28.3,0.130
28.3,0.130
28.3,0.130
28.3,0.130
28.3,0.130
28.3,0.130
28.3,0.130
28.3,0.130
28.3,0.130
28.3,0.130
28.3,0.130
28.3,0.130
28.3,0.130
28.3,0.130
28.3,0.130
28.3,0.130
28.3,0.130
28.3,0.130
28.3,0.130
28.3,0.130
28.3,0.130
28.3,0.130
28.3,0.130
28.3,0.130
28.3,0.130
28.3,0.130
28.3,0.130
28.3,0.130
28.3,0.130
28.3,0.130
28.3,0.130
28.3,0.130
28.3,0.130
28.3,0.130
28.3,0.125
28.3,0.125
28.3,0.125
28.2,0.125
28.2,0.125
28.2,0.125
28.2,0.125
28.2,0.125
28.2,0.125
28.2,0.125
28.2,0.125
28.2,0.125
28.2,0.125
28.2,0.125
28.2,0.125
28.2,0.125
28.2,0.125
28.2,0.125
28.2,0.125
28.2,0.125
28.2,0.125
28.2,0.125
28.2,0.125
28.2,0.125
28.2,0.125
28.2,0.125
28.2,0.125
28.2,0.125
28.2,0.125
28.2,0.125
28.2,0.125
28.2,0.120
28.3,0.120
28.3,0.120
28.3,0.120
28.3,0.120
28.3,0.120
28.3,0.120
28.3,0.120
28.3,0.120
28.3,0.120
28.3,0.120
28.3,0.120
28.3,0.120
28.3,0.120
28.3,0.120
28.3,0.120
28.3,0.120
28.3,0.120
28.3,0.120
28.3,0.120
28.3,0.120
28.3,0.120
28.3,0.120
28.3,0.120
28.3,0.120
28.3,0.120
28.3,0.120
28.3,0.120
28.3,0.120
28.3,0.120
28.3,0.120
28.3,0.115
28.3,0.115
28.3,0.115
28.3,0.115
28.3,0.115
28.3,0.115
28.3,0.115
28.3,0.115
28.3,0.115
28.3,0.115
28.2,0.115
28.2,0.115
28.2,0.115
28.2,0.115
28.2,0.115
28.2,0.115
28.2,0.115
28.2,0.115
28.2,0.115
28.2,0.115
28.2,0.115
28.2,0.115
28.2,0.115
28.3,0.115
28.3,0.115
28.3,0.115
28.3,0.115
28.3,0.115
28.3,0.115
28.3,0.115
28.3,0.110
28.3,0.110
28.3,0.110
28.3,0.110
28.3,0.110
28.3,0.110
28.3,0.110
28.3,0.110
28.3,0.110
28.3,0.110
28.3,0.110
28.3,0.110
28.3,0.110
28.3,0.110
28.3,0.110
28.3,0.110
28.3,0.110
28.3,0.110
28.3,0.110
28.3,0.110
28.3,0.110
28.3,0.110
28.3,0.110
28.3,0.110
28.3,0.110
28.3,0.110
28.3,0.110
28.3,0.110
28.3,0.110
28.3,0.105
28.3,0.105
28.3,0.105
28.3,0.105
28.3,0.105
28.3,0.105
28.3,0.105
28.3,0.105
28.3,0.105
28.3,0.105
28.3,0.105
28.3,0.105
28.3,0.105
28.3,0.105
28.3,0.105
28.3,0.105
28.3,0.105
28.3,0.105
28.3,0.105
28.3,0.105
28.3,0.105
28.3,0.105
28.3,0.105
28.3,0.105
28.3,0.105
28.3,0.105
28.4,0.105
28.4,0.105
28.4,0.105
28.4,0.105
28.4,0.105
28.4,0.105
28.4,0.105
28.4,0.105
28.4,0.100
28.4,0.100
28.4,0.100
28.4,0.100
28.4,0.100
28.4,0.100
28.4,0.100
28.4,0.100
28.4,0.100
28.4,0.100
28.3,0.100
28.3,0.100
28.3,0.100
28.3,0.100
28.3,0.100
28.3,0.100
28.3,0.100
28.3,0.100
28.3,0.100
28.3,0.100
28.3,0.100
28.3,0.100
28.3,0.100
28.3,0.100
28.3,0.100
28.3,0.100
28.3,0.100
28.3,0.100
28.3,0.100
28.3,0.100
28.3,0.100
28.3,0.100
28.3,0.100
28.3,0.100
28.3,0.100
28.3,0.095
28.3,0.095
28.3,0.095
28.3,0.095
28.3,0.095
28.3,0.095
28.3,0.095
28.3,0.095
28.3,0.095
28.3,0.095
28.2,0.095
28.2,0.095
28.2,0.095
28.2,0.095
28.2,0.095
28.2,0.095
28.2,0.095
28.2,0.095
28.2,0.095
28.2,0.095
28.2,0.095
28.2,0.095
28.2,0.095
28.2,0.095
28.2,0.095
28.2,0.095
28.2,0.095
28.2,0.095
28.2,0.095
28.2,0.095
28.2,0.095
28.2,0.095
28.2,0.095
28.2,0.095
28.1,0.090
28.1,0.090
28.1,0.090
28.1,0.090
28.1,0.090
28.1,0.090
28.1,0.090
28.1,0.090
28.1,0.090
28.1,0.090
28.1,0.090
28.1,0.090
28.1,0.090
28.1,0.090
28.1,0.090
28.1,0.090
28.1,0.090
28.1,0.090
28.1,0.090
28.1,0.090
28.1,0.090
28.1,0.090
28.1,0.090
28.1,0.090
28.1,0.090
28.1,0.090
28.1,0.090
28.1,0.090
28.1,0.090
28.1,0.090
28.1,0.090
28.1,0.090
28.1,0.090
28.1,0.090
28.1,0.085
28.1,0.085
28.1,0.085
28.1,0.085
28.1,0.085
28.1,0.085
28.1,0.085
28.1,0.085
28.1,0.085
28.0,0.085
28.0,0.085
28.0,0.085
28.0,0.085
28.0,0.085
28.0,0.085
28.0,0.085
28.0,0.085
28.0,0.085
28.0,0.085
28.0,0.085
28.0,0.085
27.9,0.085
27.9,0.085
27.9,0.085
27.9,0.085
27.9,0.085
27.9,0.085
27.9,0.085
27.9,0.085
27.9,0.085
27.9,0.085
27.9,0.085
27.9,0.085
27.9,0.085
27.9,0.085
27.8,0.085
27.7,0.080
27.6,0.080
27.5,0.080
27.4,0.080
27.4,0.080
27.3,0.080
27.2,0.080
27.1,0.080
27.0,0.080
26.9,0.080
26.8,0.080
26.7,0.080
26.7,0.080
26.6,0.080
26.5,0.080
26.4,0.080
26.3,0.080
26.2,0.080
26.1,0.080
26.0,0.080
25.9,0.080
25.8,0.080
25.7,0.080
25.6,0.080
25.5,0.080
25.4,0.080
25.3,0.080
25.3,0.080
25.2,0.080
25.1,0.080
25.0,0.080
24.9,0.080
24.8,0.080
24.7,0.080
24.6,0.080
24.5,0.080
24.4,0.080
24.3,0.075
24.2,0.075
24.2,0.075
24.0,0.075
23.9,0.075
23.9,0.075
23.8,0.075
23.6,0.075
23.6,0.075
23.5,0.075
23.4,0.075
23.3,0.075
23.2,0.075
23.1,0.075
23.0,0.075
22.9,0.075
22.8,0.075
22.7,0.075
22.6,0.075
22.5,0.075
22.4,0.075
22.3,0.075
22.3,0.075
22.2,0.075
22.1,0.075
22.0,0.075
21.9,0.075
21.9,0.075
21.8,0.075
21.7,0.075
21.7,0.075
21.6,0.075
21.5,0.075
21.4,0.075
21.3,0.075
21.2,0.075
21.2,0.075
21.1,0.075
21.0,0.075
21.0,0.075
21.0,0.070
20.9,0.070
20.9,0.070
20.8,0.070
20.8,0.070
20.7,0.070
20.7,0.070
20.7,0.070
20.7,0.070
20.6,0.070
20.6,0.070
20.6,0.070
20.6,0.070
20.6,0.070
20.6,0.070
20.8,0.070
20.8,0.070
20.8,0.070
20.9,0.070
21.0,0.070
21.0,0.070
21.0,0.070
21.1,0.070
21.1,0.070
21.2,0.070
21.2,0.070
21.2,0.070
21.3,0.070
21.3,0.070
21.3,0.070
21.3,0.070
21.3,0.070
21.3,0.070
21.3,0.070
21.3,0.070
21.3,0.070
21.3,0.070
21.3,0.070
21.3,0.070
21.3,0.070
21.3,0.070
21.3,0.070
21.2,0.070
21.2,0.065
21.2,0.065
21.1,0.065
21.1,0.065
21.1,0.065
21.0,0.065
21.0,0.065
21.0,0.065
21.0,0.065
20.9,0.065
20.9,0.065
20.8,0.065
20.8,0.065
20.8,0.065
20.7,0.065
20.7,0.065
20.6,0.065
20.5,0.065
20.5,0.065
20.4,0.065
20.4,0.065
20.3,0.065
20.3,0.065
20.2,0.065
20.2,0.065
20.1,0.065
20.0,0.065
20.0,0.065
19.9,0.065
19.8,0.065
19.8,0.065
19.7,0.065
19.6,0.065
19.5,0.065
19.5,0.065
19.4,0.065
19.3,0.065
19.2,0.065
19.2,0.065
19.1,0.065
19.0,0.065
19.0,0.065
18.9,0.065
18.8,0.065
18.7,0.065
18.6,0.060
18.5,0.060
18.5,0.060
18.4,0.060
18.3,0.060
18.2,0.060
18.1,0.060
18.0,0.060
17.9,0.060
17.9,0.060
17.8,0.060
17.7,0.060
17.6,0.060
17.5,0.060
17.4,0.060
17.3,0.060
17.2,0.060
17.2,0.060
17.1,0.060
17.1,0.060
17.0,0.060
16.9,0.060
16.8,0.060
16.8,0.060
16.7,0.060
16.6,0.060
16.5,0.060
16.4,0.060
16.3,0.060
16.3,0.060
16.2,0.060
16.1,0.060
16.0,0.060
15.9,0.060
15.8,0.060
15.7,0.060
15.7,0.060
15.6,0.060
15.5,0.060
15.4,0.060
15.3,0.060
15.2,0.060
15.2,0.060
15.1,0.060
15.0,0.060
15.0,0.060
14.9,0.060
14.8,0.060
14.7,0.060
14.6,0.060
14.5,0.060
14.4,0.060
14.4,0.060
14.3,0.055
14.2,0.055
14.1,0.055
14.0,0.055
14.0,0.055
13.9,0.055
13.8,0.055
13.7,0.055
13.6,0.055
13.5,0.055
13.4,0.055
13.4,0.055
13.3,0.055
13.2,0.055
13.1,0.055
13.1,0.055
13.0,0.055
12.9,0.055
12.9,0.055
12.8,0.055
12.7,0.055
12.6,0.055
12.5,0.055
12.5,0.055
12.4,0.055
12.3,0.055
12.2,0.055
12.1,0.055
12.1,0.055
12.0,0.055
11.9,0.055
11.8,0.055
11.7,0.055
11.7,0.055
11.6,0.055
11.5,0.055
11.4,0.055
11.4,0.055
11.3,0.055
11.2,0.055
11.1,0.055
11.1,0.055
11.0,0.055
11.0,0.055
10.9,0.055
10.8,0.055
10.7,0.055
10.6,0.055
10.6,0.055
10.5,0.055
10.4,0.055
10.3,0.055
10.3,0.055
10.2,0.055
10.1,0.055
10.0,0.055
9.9,0.050
9.9,0.050
9.8,0.050
9.7,0.050
9.6,0.050
9.6,0.050
9.5,0.050
9.4,0.050
9.4,0.050
9.3,0.050
9.2,0.050
9.1,0.050
9.0,0.050
9.0,0.050
8.9,0.050
8.8,0.050
8.8,0.050
8.7,0.050
8.6,0.050
8.6,0.050
8.5,0.050
8.4,0.050
8.4,0.050
8.3,0.050
8.2,0.050
8.1,0.050
8.1,0.050
8.1,0.050
8.0,0.050
7.9,0.050
7.8,0.050
7.8,0.050
7.7,0.050
7.7,0.050
7.6,0.050
7.5,0.050
7.5,0.050
7.4,0.050
7.4,0.050
7.3,0.050
7.3,0.050
7.2,0.050
7.1,0.050
7.1,0.050
7.1,0.050
7.0,0.050
6.9,0.050
6.9,0.050
6.8,0.050
6.7,0.050
6.7,0.050
6.6,0.050
6.6,0.050
6.5,0.050
6.5,0.050
6.5,0.050
6.4,0.050
6.4,0.050
6.3,0.045
6.3,0.045
6.3,0.045
6.2,0.045
6.2,0.045
6.2,0.045
6.1,0.045
6.1,0.045
6.0,0.045
6.0,0.045
5.9,0.045
5.9,0.045
5.9,0.045
5.8,0.045
5.8,0.045
5.8,0.045
5.7,0.045
5.7,0.045
5.7,0.045
5.7,0.045
5.7,0.045
5.6,0.045
5.6,0.045
5.6,0.045
5.6,0.045
5.5,0.045
5.5,0.045
5.5,0.045
5.5,0.045
5.5,0.045
5.5,0.045
5.5,0.045
5.5,0.045
5.5,0.045
5.4,0.045
5.4,0.045
5.4,0.045
5.4,0.045
5.4,0.045
5.4,0.045
5.4,0.045
5.4,0.045
5.3,0.045
5.3,0.045
5.3,0.045
5.3,0.045
5.3,0.045
5.3,0.045
5.3,0.045
5.3,0.045
5.3,0.045
5.3,0.045
5.3,0.045
5.3,0.045
5.3,0.045
5.3,0.045
5.3,0.045
5.3,0.045
5.3,0.045
5.3,0.045
5.3,0.045
5.3,0.045
5.3,0.040
5.3,0.040
5.2,0.040
5.1,0.040
5.1,0.040
5.1,0.040
5.0,0.040
5.0,0.040
5.0,0.040
4.9,0.040
4.9,0.040
4.8,0.040
4.8,0.040
4.7,0.040
4.7,0.040
4.7,0.040
4.6,0.040
4.6,0.040
4.6,0.040
4.5,0.040
4.5,0.040
4.4,0.040
4.4,0.040
4.3,0.040
4.3,0.040
4.2,0.040
4.2,0.040
4.1,0.040
4.0,0.040
4.0,0.040
3.9,0.040
3.8,0.040
3.8,0.040
3.7,0.040
3.7,0.040
3.6,0.040
3.6,0.040
3.6,0.040
3.5,0.040
3.5,0.040
3.4,0.040
3.4,0.040
3.3,0.040
3.3,0.040
3.2,0.040
3.2,0.040
3.2,0.040
3.1,0.040
3.1,0.040
3.0,0.040
3.0,0.040
3.0,0.040
2.9,0.040
2.9,0.040
2.8,0.040
2.8,0.040
2.7,0.040
2.6,0.040
2.6,0.040
2.6,0.040
2.5,0.040
2.5,0.040
2.5,0.040
2.4,0.040
2.4,0.040
2.3,0.040
2.3,0.040
2.3,0.040
2.2,0.040
2.2,0.040
2.2,0.040
2.1,0.040
2.1,0.040
2.1,0.040
2.0,0.040
1.9,0.040
1.9,0.040
1.8,0.040
1.8,0.040
1.8,0.040
1.7,0.040
1.7,0.035
1.6,0.035
1.6,0.035
1.5,0.035
1.5,0.035
1.5,0.035
1.4,0.035
1.4,0.035
1.3,0.035
1.3,0.035
1.3,0.035
1.3,0.035
1.3,0.035
1.2,0.035
1.2,0.035
1.1,0.035
1.1,0.035
1.0,0.035
1.0,0.035
0.9,0.035
0.9,0.035
0.9,0.035
0.9,0.035
0.8,0.035
0.8,0.035
0.8,0.035
0.7,0.035
0.7,0.035
0.7,0.035
0.6,0.035
0.6,0.035
0.6,0.035
0.5,0.035
0.5,0.035
0.4,0.035
0.4,0.035
0.4,0.035
0.3,0.035
0.3,0.035
0.3,0.035
0.2,0.035
0.2,0.035
0.2,0.035
0.1,0.035
0.1,0.035
0.1,0.035
0.1,0.035
0.1,0.035
0.0,0.035
0.0,0.035
-0.1,0.035
-0.1,0.035
-0.2,0.035
-0.2,0.035
-0.2,0.035
-0.2,0.035
-0.2,0.035
-0.3,0.035
-0.3,0.035
-0.3,0.035
-0.3,0.035
-0.3,0.035
-0.3,0.035
-0.4,0.035
-0.4,0.035
-0.5,0.035
-0.5,0.035
-0.5,0.035
-0.5,0.035
-0.5,0.035
-0.5,0.035
-0.5,0.035
-0.5,0.035
-0.5,0.035
-0.5,0.035
-0.5,0.035
-0.5,0.035
-0.4,0.035
-0.4,0.035
-0.4,0.035
-0.3,0.035
-0.3,0.035
-0.3,0.035
-0.3,0.035
-0.3,0.035
-0.3,0.035
-0.3,0.035
-0.3,0.035
-0.3,0.035
-0.2,0.035
-0.1,0.035
-0.1,0.035
-0.1,0.035
-0.1,0.035
-0.1,0.035
-0.1,0.035
-0.1,0.035
-0.1,0.035
-0.1,0.035
-0.1,0.035
-0.1,0.035
-0.1,0.035
-0.1,0.035
-0.1,0.035
-0.1,0.035
-0.1,0.035
-0.1,0.035
-0.1,0.035
-0.1,0.030
-0.1,0.030
-0.1,0.030
-0.1,0.030
-0.1,0.030
-0.1,0.030
-0.1,0.030
-0.1,0.030
0.0,0.030
0.0,0.030
0.0,0.030
0.0,0.030
0.0,0.030
0.0,0.030
0.0,0.030
0.0,0.030
0.0,0.030
0.0,0.030
-0.1,0.030
-0.1,0.030
-0.1,0.030
-0.1,0.030
-0.1,0.030
-0.1,0.030
-0.1,0.030
-0.1,0.030
-0.1,0.030
-0.1,0.030
-0.1,0.030
-0.1,0.030
-0.1,0.030
-0.1,0.030
-0.1,0.030
-0.1,0.030
-0.1,0.030
-0.1,0.030
-0.1,0.030
-0.1,0.030
-0.1,0.030
-0.1,0.030
-0.1,0.030
-0.1,0.030
0.0,0.030
0.0,0.030
0.0,0.030
0.0,0.030
0.0,0.030
0.0,0.030
0.0,0.030
0.0,0.030
0.0,0.030
0.0,0.030
0.0,0.030
0.0,0.030
-0.1,0.030
-0.1,0.030
-0.1,0.030
-0.1,0.030
-0.1,0.030
-0.1,0.030
-0.1,0.030
-0.1,0.030
-0.1,0.030
0.0,0.030
0.0,0.030
0.0,0.030
0.0,0.030
0.0,0.030
0.0,0.030
0.0,0.030
0.0,0.030
0.0,0.030
0.0,0.030
-0.1,0.030
-0.1,0.030
-0.1,0.030
-0.1,0.030
-0.1,0.030
-0.1,0.030
-0.1,0.030
-0.1,0.030
-0.1,0.030
-0.1,0.030
0.0,0.030
0.0,0.030
0.0,0.030
0.0,0.030
0.0,0.030
0.0,0.030
0.0,0.030
0.0,0.030
0.0,0.030
0.0,0.030
0.0,0.030
0.0,0.030
-0.1,0.030
-0.1,0.030
-0.1,0.030
-0.1,0.030
-0.1,0.030
-0.1,0.030
-0.1,0.030
-0.1,0.030
0.0,0.030
0.0,0.030
0.0,0.030
0.0,0.030
0.0,0.030
0.0,0.030
0.0,0.030
0.0,0.030
0.0,0.030
0.0,0.030
0.0,0.030
0.0,0.025
0.0,0.025
0.0,0.025
0.0,0.025
-0.1,0.025
-0.1,0.025
-0.1,0.025
-0.1,0.025
-0.1,0.025
-0.1,0.025
0.0,0.025
0.0,0.025
0.0,0.025
0.0,0.025
0.0,0.025
0.0,0.025
0.0,0.025
0.0,0.025
0.0,0.025
0.0,0.025
0.0,0.025
0.0,0.025
0.0,0.025
0.0,0.025
0.0,0.025
0.0,0.025
0.0,0.025
0.0,0.025
0.0,0.025
0.0,0.025
0.0,0.025
0.0,0.025
0.0,0.025
0.0,0.025
0.0,0.025
0.0,0.025
0.0,0.025
0.0,0.025
0.0,0.025
0.0,0.025
0.0,0.025
0.0,0.025
0.0,0.025
0.0,0.025
0.0,0.025
0.0,0.025
0.0,0.025
0.0,0.025
0.0,0.025
0.0,0.025
0.0,0.025
0.0,0.025
0.0,0.025
0.0,0.025
0.0,0.025
0.0,0.025
0.0,0.025
0.0,0.025
0.0,0.025
0.0,0.025
0.0,0.025
0.0,0.025
0.0,0.025
0.0,0.025
0.0,0.025
0.0,0.025
0.0,0.025
0.0,0.025
0.0,0.025
0.0,0.025
0.0,0.025
0.0,0.025
0.0,0.025
0.0,0.025
0.0,0.025
0.0,0.025
0.0,0.025
0.0,0.025
0.0,0.025
0.0,0.025
0.0,0.025
0.0,0.025
0.0,0.025
0.0,0.025
0.0,0.025
0.0,0.025
0.0,0.025
0.0,0.025
0.0,0.025
0.0,0.025
0.0,0.025
0.0,0.025
0.0,0.025
0.0,0.025
0.0,0.025
0.0,0.025
0.0,0.025
0.0,0.025
0.0,0.025
0.0,0.025
0.0,0.025
0.0,0.025
0.0,0.025
0.0,0.025
0.0,0.025
0.0,0.025
0.0,0.025
0.1,0.025
0.0,0.025
0.0,0.025
0.0,0.025
0.0,0.025
0.0,0.025
0.0,0.025
0.0,0.025
0.0,0.025
0.0,0.025
0.0,0.025
0.0,0.025
0.0,0.025
0.0,0.025
0.0,0.025
0.0,0.025
0.0,0.025
0.0,0.025
0.0,0.025
0.0,0.025
0.0,0.025
0.0,0.025
0.0,0.025
0.0,0.025
0.0,0.025
0.0,0.025
0.0,0.025
0.0,0.025
0.0,0.025
0.0,0.025
0.0,0.025
0.0,0.020
0.0,0.020
0.0,0.020
0.0,0.020
0.0,0.020
0.0,0.020
0.0,0.020
0.0,0.020
0.0,0.020
0.0,0.020
0.0,0.020
0.0,0.020
0.0,0.020
0.0,0.020
0.0,0.020
0.0,0.020
0.0,0.020
0.0,0.020
0.0,0.020
0.0,0.020
0.0,0.020
0.0,0.020
0.0,0.020
0.0,0.020
0.0,0.020
0.0,0.020
0.0,0.020
0.0,0.020
0.0,0.020
0.0,0.020
0.0,0.020
0.0,0.020
0.1,0.020
0.1,0.020
0.1,0.020
0.1,0.020
0.1,0.020
0.1,0.020
0.1,0.020
0.1,0.020
0.1,0.020
0.1,0.020
0.0,0.020
0.0,0.020
0.0,0.020
0.0,0.020
0.0,0.020
0.0,0.020
0.0,0.020
0.0,0.020
0.0,0.020
0.0,0.020
0.0,0.020
0.0,0.020
0.0,0.020
0.0,0.020
0.0,0.020
0.0,0.020
0.0,0.020
0.0,0.020
0.0,0.020
0.0,0.020
0.0,0.020
0.0,0.020
0.0,0.020
0.0,0.020
0.0,0.020
0.0,0.020
0.0,0.020
0.0,0.020
0.0,0.020
0.0,0.020
0.0,0.020
0.0,0.020
0.0,0.020
0.0,0.020
0.0,0.020
0.0,0.020
0.0,0.020
0.0,0.020
0.0,0.020
0.0,0.020
0.0,0.020
0.0,0.020
0.0,0.020
0.0,0.020
0.0,0.020
0.0,0.020
0.0,0.020
0.0,0.020
0.0,0.020
0.0,0.020
0.0,0.020
0.0,0.020
0.0,0.020
0.0,0.020
0.0,0.020
0.0,0.020
0.0,0.020
0.0,0.020
0.0,0.020
0.0,0.020
0.0,0.020
0.0,0.020
0.0,0.020
0.0,0.020
0.0,0.020
0.0,0.020
0.0,0.020
0.0,0.020
0.0,0.020
0.0,0.020
0.0,0.020
0.0,0.020
0.0,0.020
0.0,0.020
0.0,0.020
0.0,0.020
0.0,0.020
0.0,0.020
0.0,0.020
0.0,0.020
0.0,0.020
0.0,0.020
0.0,0.020
0.0,0.020
0.1,0.020
0.1,0.020
0.1,0.020
0.1,0.020
0.1,0.020
0.1,0.020
0.1,0.020
0.1,0.020
0.0,0.020
0.0,0.020
0.0,0.020
0.0,0.020
0.0,0.020
0.0,0.020
0.0,0.020
0.0,0.020
0.0,0.020
0.0,0.020
0.0,0.020
0.0,0.020
0.0,0.020
0.1,0.020
0.1,0.020
0.1,0.020
0.1,0.020
0.1,0.020
0.1,0.020
0.1,0.020
0.1,0.020
0.1,0.020
0.1,0.020
0.0,0.020
0.0,0.020
0.0,0.020
0.0,0.020
0.0,0.020
0.0,0.020
0.0,0.020
0.0,0.020
0.0,0.020
0.0,0.020
0.0,0.020
0.0,0.020
0.0,0.020
0.0,0.020
0.0,0.020
0.0,0.020
0.0,0.020
0.0,0.020
0.0,0.020
0.0,0.020
0.0,0.020
0.0,0.020
0.0,0.020
0.0,0.020
0.0,0.020
0.0,0.020
0.0,0.020
0.0,0.020
0.0,0.020
0.0,0.020
0.0,0.020
0.0,0.020
0.0,0.020
0.0,0.020
0.0,0.020
0.0,0.020
0.0,0.020
0.0,0.020
0.0,0.020
0.0,0.020
0.0,0.020
0.0,0.020
0.0,0.015
0.0,0.015
0.0,0.015
0.0,0.015
0.0,0.015
0.0,0.015
0.0,0.015
0.0,0.015
0.0,0.015
0.0,0.015
0.0,0.015
0.0,0.015
0.0,0.015
0.0,0.015
0.0,0.015
0.0,0.015
0.0,0.015
0.0,0.015
0.0,0.015
0.0,0.015
0.0,0.015
0.0,0.015
0.0,0.015
0.0,0.015
0.0,0.015
0.0,0.015
0.0,0.015
0.0,0.015
0.0,0.015
0.0,0.015
0.0,0.015
0.0,0.015
0.0,0.015
0.0,0.015
0.0,0.015
0.0,0.015
0.0,0.015
0.0,0.015
0.0,0.015
0.0,0.015
0.0,0.015
0.0,0.015
0.0,0.015
0.0,0.015
0.0,0.015
0.0,0.015
0.0,0.015
0.0,0.015
0.0,0.015
0.0,0.015
0.0,0.015
0.0,0.015
0.0,0.015
0.0,0.015
0.0,0.015
0.0,0.015
0.0,0.015
0.0,0.015
0.0,0.015
0.0,0.015
0.0,0.015
0.0,0.015
0.0,0.015
0.0,0.015
0.0,0.015
0.0,0.015
0.0,0.015
0.0,0.015
0.0,0.015
0.0,0.015
0.0,0.015
0.0,0.015
0.0,0.015
0.0,0.015
0.1,0.015
0.1,0.015
0.0,0.015
0.0,0.015
0.0,0.015
0.0,0.015
0.0,0.015
0.0,0.015
0.0,0.015
0.0,0.015
0.0,0.015
0.0,0.015
0.0,0.015
0.0,0.015
0.0,0.015
0.0,0.015
0.0,0.015
0.0,0.015
0.0,0.015
0.0,0.015
0.0,0.015
0.0,0.015
0.0,0.015
0.0,0.015
0.0,0.015
0.0,0.015
0.0,0.015
0.0,0.015
0.0,0.015
0.0,0.015
0.0,0.015
0.0,0.015
0.0,0.015
0.0,0.015
0.0,0.015
0.0,0.015
0.0,0.015
0.0,0.015
0.0,0.015
0.0,0.015
0.0,0.015
0.0,0.015
0.0,0.015
0.0,0.015
0.0,0.015
0.0,0.015
0.0,0.015
0.0,0.015
0.0,0.015
0.0,0.015
0.0,0.015
0.0,0.015
0.0,0.015
0.0,0.015
0.0,0.015
0.0,0.015
0.0,0.015
0.0,0.015
0.0,0.015
0.0,0.015
0.0,0.015
0.0,0.015
0.0,0.015
0.0,0.015
0.0,0.015
0.0,0.015
0.0,0.015
0.0,0.015
0.0,0.015
0.0,0.015
0.0,0.015
0.0,0.015
0.0,0.015
0.0,0.015
0.0,0.015
0.0,0.015
0.0,0.015
0.0,0.015
0.0,0.015
0.0,0.015
0.0,0.015
0.0,0.015
0.0,0.015
0.0,0.015
0.0,0.015
0.0,0.015
0.0,0.015
0.0,0.015
0.0,0.015
0.0,0.015
0.0,0.010
0.0,0.010
0.0,0.010
0.0,0.010
0.0,0.010
0.1,0.010
0.1,0.010
0.1,0.010
0.1,0.010
0.1,0.010
0.1,0.010
0.1,0.010
0.1,0.010
0.1,0.010
0.0,0.010
0.0,0.010
0.0,0.010
0.0,0.010
0.0,0.010
-0.1,0.010
-0.1,0.010
-0.1,0.010
-0.1,0.010
-0.1,0.010
0.0,0.010
0.1,0.010
0.0,0.010
0.0,0.010
0.0,0.010
0.0,0.010
0.0,0.010
0.0,0.010
0.0,0.010
0.0,0.010
0.0,0.010
0.0,0.010
0.0,0.010
0.0,0.010
0.0,0.010
0.0,0.010
0.0,0.010
0.0,0.010
0.0,0.010
0.0,0.010
0.1,0.010
0.1,0.010
0.1,0.010
0.1,0.010
0.1,0.010
0.1,0.010
0.1,0.010
0.1,0.010
0.1,0.010
0.1,0.010
0.0,0.010
0.0,0.010
0.0,0.010
0.0,0.010
0.0,0.010
0.0,0.010
0.0,0.010
0.0,0.010
0.0,0.010
0.0,0.010
0.0,0.010
0.0,0.010
0.0,0.010
0.0,0.010
0.0,0.010
0.0,0.010
0.0,0.010
0.0,0.010
0.0,0.010
0.0,0.010
0.0,0.010
0.0,0.010
-0.1,0.010
0.0,0.010
0.0,0.010
0.0,0.010
0.0,0.010
0.0,0.010
0.0,0.010
0.0,0.010
0.0,0.010
0.0,0.010
0.1,0.010
0.1,0.010
0.1,0.010
0.1,0.010
0.1,0.010
0.1,0.010
0.1,0.010
0.1,0.010
0.0,0.010
0.0,0.010
-0.1,0.010
-0.1,0.010
0.0,0.010
0.0,0.010
0.0,0.010
0.0,0.010
0.0,0.010
0.0,0.005
0.0,0.005
0.0,0.005
0.0,0.005
0.0,0.005
0.0,0.005
0.0,0.005
0.0,0.005
0.0,0.005
0.0,0.005
0.0,0.005
0.0,0.005
0.0,0.005
0.0,0.005
0.0,0.005
0.0,0.005
0.0,0.005
0.0,0.005
0.0,0.005
0.0,0.005
0.1,0.005
0.0,0.005
0.0,0.005
0.0,0.005
0.0,0.005
0.1,0.005
0.1,0.005
0.1,0.005
0.1,0.005
0.1,0.005
0.1,0.005
0.1,0.005
0.0,0.005
0.0,0.005
0.0,0.005
0.0,0.005
0.0,0.005
0.0,0.005
0.0,0.005
0.0,0.005
0.0,0.005
0.0,0.005
0.0,0.005
0.0,0.005
0.0,0.005
0.1,0.005
0.1,0.005
0.1,0.005
0.1,0.005
0.0,0.005
0.0,0.005
0.0,0.005
0.0,0.005
0.0,0.005
0.0,0.005
0.0,0.005
0.0,0.005
0.0,0.005
0.0,0.005
0.0,0.005
0.0,0.005
0.0,0.005
0.0,0.005
0.0,0.005
0.0,0.005
0.0,0.005
0.0,0.005
0.0,0.005
0.0,0.005
0.0,0.005
0.0,0.005
0.0,0.005
0.0,0.000
0.0,0.000
0.0,0.000
0.0,0.000
0.0,0.000
0.0,0.000
0.0,0.000
0.0,0.000
0.0,0.000
0.0,0.000
0.0,0.000
0.0,0.000
0.0,0.000
0.0,0.000
0.0,0.000
0.0,0.000
0.0,0.000
0.0,0.000
0.0,0.000
0.0,0.000
0.0,0.000
0.0,0.000
0.0,0.000
0.0,0.000
0.0,0.000
0.0,0.000
0.0,0.000
0.0,0.000
0.0,0.000
0.0,0.000
0.0,0.000
0.0,0.000
0.0,0.000
0.0,0.000
0.0,0.000
0.0,0.000
0.0,0.000
0.0,0.000
0.0,0.000
0.0,0.000
0.0,0.000
0.0,0.000
0.0,0.000
0.0,0.000
0.0,0.000
0.0,0.000
0.0,0.000
0.0,0.000
0.0,0.000
0.0,0.000
0.0,0.000
0.0,0.000
0.0,0.000
0.0,-0.005
0.0,-0.005
0.0,-0.005
0.0,-0.005
0.0,-0.005
0.0,-0.005
0.0,-0.005
0.0,-0.005
0.0,-0.005
0.0,-0.005
0.0,-0.005
0.0,-0.005
0.0,-0.005
0.0,-0.005
0.0,-0.005
0.0,-0.005
0.0,-0.005
0.0,-0.005
0.0,-0.005
0.1,-0.005
0.1,-0.005
0.1,-0.005
0.1,-0.005
0.1,-0.005
0.1,-0.005
0.1,-0.005
0.0,-0.005
0.0,-0.005
0.0,-0.005
0.0,-0.005
0.0,-0.005
0.0,-0.005
0.0,-0.005
0.0,-0.005
0.0,-0.005
0.0,-0.005
0.0,-0.005
0.0,-0.005
0.0,-0.005
0.0,-0.005
0.0,-0.005
0.0,-0.005
0.0,-0.005
0.0,-0.005
0.0,-0.005
0.0,-0.005
0.0,-0.005
0.0,-0.010
0.0,-0.010
0.0,-0.010
0.0,-0.010
0.0,-0.010
0.0,-0.010
0.0,-0.010
0.0,-0.010
0.0,-0.010
0.0,-0.010
0.0,-0.010
0.0,-0.010
0.0,-0.010
0.0,-0.010
0.0,-0.010
0.0,-0.010
0.0,-0.010
0.0,-0.010
0.0,-0.010
0.0,-0.010
0.0,-0.010
0.0,-0.010
0.0,-0.010
0.0,-0.010
0.0,-0.010
0.0,-0.010
0.0,-0.010
0.0,-0.010
0.0,-0.010
0.0,-0.010
0.0,-0.010
0.0,-0.010
0.0,-0.010
0.0,-0.010
0.0,-0.010
0.0,-0.010
0.0,-0.010
0.0,-0.010
0.0,-0.010
0.0,-0.010
0.0,-0.010
0.0,-0.010
0.0,-0.010
0.0,-0.010
0.0,-0.010
0.0,-0.010
0.0,-0.010
0.0,-0.010
0.0,-0.010
0.0,-0.010
0.0,-0.010
0.0,-0.010
0.0,-0.015
0.0,-0.015
0.0,-0.015
0.0,-0.015
0.0,-0.015
0.0,-0.015
0.0,-0.015
0.0,-0.015
0.0,-0.015
0.0,-0.015
0.1,-0.015
0.1,-0.015
0.1,-0.015
0.1,-0.015
0.1,-0.015
0.1,-0.015
0.1,-0.015
0.1,-0.015
0.1,-0.015
0.1,-0.015
0.1,-0.015
0.0,-0.015
0.0,-0.015
0.0,-0.015
0.0,-0.015
0.0,-0.015
0.0,-0.015
0.0,-0.015
0.0,-0.015
0.0,-0.015
0.0,-0.015
0.0,-0.015
0.0,-0.015
0.0,-0.015
0.0,-0.015
0.0,-0.015
0.0,-0.015
0.0,-0.015
0.0,-0.015
0.0,-0.015
0.0,-0.015
0.0,-0.015
0.0,-0.015
0.0,-0.015
0.0,-0.015
0.0,-0.015
0.0,-0.015
0.0,-0.015
0.0,-0.015
0.0,-0.015
0.0,-0.015
0.0,-0.015
0.0,-0.015
0.0,-0.015
0.0,-0.015
0.0,-0.015
0.0,-0.015
0.0,-0.015
0.0,-0.020
0.0,-0.020
0.0,-0.020
0.0,-0.020
0.0,-0.020
0.0,-0.020
0.0,-0.020
0.0,-0.020
0.0,-0.020
0.0,-0.020
0.0,-0.020
0.0,-0.020
0.0,-0.020
0.0,-0.020
0.0,-0.020
0.0,-0.020
0.0,-0.020
0.0,-0.020
0.0,-0.020
0.0,-0.020
0.1,-0.020
0.1,-0.020
0.1,-0.020
0.1,-0.020
0.1,-0.020
0.1,-0.020
0.1,-0.020
0.0,-0.020
0.0,-0.020
0.0,-0.020
0.0,-0.020
0.0,-0.020
0.0,-0.020
0.0,-0.020
0.0,-0.020
0.0,-0.020
0.0,-0.020
0.0,-0.020
0.0,-0.020
0.0,-0.020
0.0,-0.020
0.0,-0.020
0.0,-0.020
0.0,-0.020
0.0,-0.020
0.0,-0.020
0.0,-0.020
0.0,-0.020
0.0,-0.020
0.0,-0.020
0.0,-0.020
0.0,-0.020
0.0,-0.020
0.0,-0.020
0.0,-0.020
0.0,-0.020
0.0,-0.020
0.0,-0.020
0.0,-0.020
0.0,-0.020
0.0,-0.020
0.0,-0.020
0.0,-0.020
0.0,-0.020
0.0,-0.020
0.0,-0.020
0.0,-0.020
0.0,-0.020
0.0,-0.020
0.0,-0.020
0.0,-0.020
0.0,-0.020
0.0,-0.020
0.0,-0.020
0.0,-0.020
0.0,-0.020
0.0,-0.020
0.0,-0.020
0.0,-0.020
0.0,-0.020
0.0,-0.020
0.0,-0.020
0.0,-0.020
0.0,-0.020
0.0,-0.020
0.0,-0.020
0.0,-0.020
0.0,-0.020
0.0,-0.020
0.0,-0.025
0.0,-0.025
0.0,-0.025
0.0,-0.025
0.0,-0.025
0.0,-0.025
0.0,-0.025
0.0,-0.025
0.0,-0.025
0.0,-0.025
0.0,-0.025
0.0,-0.025
0.0,-0.025
0.0,-0.025
0.0,-0.025
0.0,-0.025
0.0,-0.025
0.0,-0.025
0.0,-0.025
0.0,-0.025
0.0,-0.025
0.0,-0.025
0.0,-0.025
0.0,-0.025
0.0,-0.025
0.0,-0.025
0.0,-0.025
0.0,-0.025
0.0,-0.025
0.0,-0.025
0.0,-0.025
0.0,-0.025
0.0,-0.025
0.0,-0.025
0.0,-0.025
0.0,-0.025
0.0,-0.025
0.0,-0.025
0.0,-0.025
0.0,-0.025
0.0,-0.025
0.0,-0.025
0.0,-0.025
0.0,-0.025
0.0,-0.025
0.0,-0.025
0.0,-0.025
0.0,-0.025
0.0,-0.025
0.0,-0.025
0.0,-0.025
0.0,-0.025
0.0,-0.025
0.0,-0.025
0.0,-0.025
0.0,-0.025
0.0,-0.025
0.0,-0.025
0.0,-0.025
0.0,-0.025
0.0,-0.025
0.0,-0.025
0.0,-0.025
0.0,-0.025
0.0,-0.025
0.0,-0.025
0.0,-0.025
0.0,-0.025
0.0,-0.025
0.0,-0.025
0.0,-0.025
0.0,-0.025
0.0,-0.025
0.0,-0.025
0.0,-0.025
0.0,-0.025
0.0,-0.025
0.0,-0.025
0.0,-0.025
0.0,-0.025
0.0,-0.025
0.0,-0.025
0.0,-0.025
0.0,-0.025
0.0,-0.025
0.1,-0.025
0.0,-0.025
0.0,-0.025
0.0,-0.025
0.0,-0.025
0.0,-0.025
0.0,-0.025
0.0,-0.025
0.0,-0.025
0.0,-0.025
0.0,-0.025
0.0,-0.025
0.0,-0.025
0.0,-0.025
-0.1,-0.025
0.0,-0.025
0.0,-0.025
0.0,-0.025
0.0,-0.025
0.0,-0.025
0.0,-0.030
0.1,-0.030
0.1,-0.030
0.1,-0.030
0.1,-0.030
0.1,-0.030
0.1,-0.030
0.1,-0.030
0.1,-0.030
0.1,-0.030
0.1,-0.030
-0.1,-0.030
-0.1,-0.030
-0.1,-0.030
-0.1,-0.030
-0.1,-0.030
-0.1,-0.030
-0.1,-0.030
-0.1,-0.030
-0.1,-0.030
-0.1,-0.030
-0.1,-0.030
0.0,-0.030
0.1,-0.030
0.1,-0.030
0.1,-0.030
0.1,-0.030
0.1,-0.030
0.1,-0.030
0.1,-0.030
0.1,-0.030
0.1,-0.030
0.1,-0.030
0.1,-0.030
0.0,-0.030
0.0,-0.030
0.0,-0.030
0.0,-0.030
0.0,-0.030
0.0,-0.030
0.0,-0.030
0.0,-0.030
0.0,-0.030
0.0,-0.030
0.0,-0.030
0.0,-0.030
0.1,-0.030
0.1,-0.030
0.1,-0.030
0.1,-0.030
0.1,-0.030
0.1,-0.030
0.1,-0.030
0.0,-0.030
0.0,-0.030
0.0,-0.030
0.0,-0.030
0.0,-0.030
0.0,-0.030
0.0,-0.030
0.0,-0.030
0.0,-0.030
0.0,-0.030
0.0,-0.030
0.0,-0.030
0.0,-0.030
0.0,-0.030
0.0,-0.030
0.0,-0.030
0.0,-0.030
0.0,-0.030
0.0,-0.030
0.0,-0.030
0.0,-0.030
0.0,-0.030
0.0,-0.030
0.0,-0.030
0.0,-0.030
0.0,-0.030
0.0,-0.030
0.0,-0.030
0.0,-0.030
0.0,-0.030
0.0,-0.030
0.0,-0.030
0.0,-0.030
0.0,-0.030
0.0,-0.030
0.0,-0.030
0.0,-0.030
0.0,-0.030
0.0,-0.030
0.0,-0.030
0.0,-0.030
0.0,-0.030
0.0,-0.030
0.0,-0.030
0.0,-0.030
0.0,-0.030
0.0,-0.030
0.0,-0.030
0.0,-0.030
0.0,-0.030
0.0,-0.030
0.0,-0.030
0.0,-0.030
0.0,-0.030
0.0,-0.030
0.0,-0.030
0.0,-0.030
0.0,-0.030
0.0,-0.030
0.0,-0.030
0.0,-0.030
0.0,-0.030
0.0,-0.030
0.0,-0.035
0.0,-0.035
0.0,-0.035
0.0,-0.035
0.0,-0.035
0.0,-0.035
0.0,-0.035
0.0,-0.035
0.0,-0.035
0.0,-0.035
0.0,-0.035
0.0,-0.035
0.0,-0.035
0.0,-0.035
0.0,-0.035
0.0,-0.035
0.0,-0.035
0.0,-0.035
0.0,-0.035
0.0,-0.035
0.0,-0.035
0.0,-0.035
0.0,-0.035
0.0,-0.035
0.0,-0.035
0.0,-0.035
0.0,-0.035
0.0,-0.035
0.0,-0.035
0.0,-0.035
0.0,-0.035
0.0,-0.035
0.0,-0.035
0.1,-0.035
0.1,-0.035
0.1,-0.035
0.1,-0.035
0.1,-0.035
0.1,-0.035
0.1,-0.035
0.1,-0.035
0.1,-0.035
0.1,-0.035
0.1,-0.035
0.1,-0.035
0.1,-0.035
0.1,-0.035
0.1,-0.035
0.0,-0.035
0.0,-0.035
0.0,-0.035
0.0,-0.035
0.0,-0.035
0.0,-0.035
0.0,-0.035
0.0,-0.035
0.0,-0.035
0.0,-0.035
0.0,-0.035
0.0,-0.035
0.0,-0.035
0.0,-0.035
0.0,-0.035
0.0,-0.035
0.0,-0.035
0.0,-0.035
0.0,-0.035
0.0,-0.035
0.0,-0.035
0.0,-0.035
0.0,-0.035
0.0,-0.035
0.0,-0.035
0.0,-0.035
0.0,-0.035
0.0,-0.035
0.0,-0.035
0.1,-0.035
0.1,-0.035
0.1,-0.035
0.1,-0.035
0.1,-0.035
0.0,-0.035
0.0,-0.035
0.0,-0.035
0.0,-0.035
0.0,-0.035
0.0,-0.035
0.0,-0.035
0.0,-0.035
0.0,-0.035
0.0,-0.035
0.0,-0.035
0.0,-0.035
0.0,-0.035
0.0,-0.035
0.0,-0.035
0.0,-0.035
0.0,-0.035
0.0,-0.035
0.0,-0.035
0.0,-0.035
0.0,-0.035
0.0,-0.035
0.0,-0.035
0.0,-0.035
0.0,-0.035
0.0,-0.035
0.0,-0.035
0.0,-0.035
0.0,-0.035
0.0,-0.035
0.0,-0.035
0.0,-0.035
0.0,-0.035
0.0,-0.035
0.0,-0.035
0.0,-0.035
0.0,-0.035
0.0,-0.035
0.0,-0.035
0.0,-0.035
0.0,-0.035
0.0,-0.035
0.0,-0.035
0.0,-0.035
0.0,-0.035
0.0,-0.035
0.0,-0.035
0.0,-0.035
0.0,-0.035
0.0,-0.035
0.0,-0.035
0.0,-0.035
0.0,-0.035
0.0,-0.035
0.0,-0.035
0.0,-0.035
0.0,-0.035
0.0,-0.035
0.0,-0.035
0.0,-0.035
0.0,-0.035
0.0,-0.035
0.0,-0.035
0.0,-0.035
0.0,-0.035
0.0,-0.035
0.0,-0.035
0.0,-0.035
0.0,-0.035
0.0,-0.035
0.0,-0.035
0.0,-0.035
0.0,-0.035
0.0,-0.035
0.0,-0.035
0.0,-0.035
0.0,-0.035
0.0,-0.035
0.0,-0.035
0.0,-0.035
0.0,-0.035
0.0,-0.035
0.0,-0.035
0.0,-0.035
0.0,-0.035
0.0,-0.035
0.0,-0.035
0.0,-0.035
0.0,-0.035
0.0,-0.035
0.0,-0.035
0.0,-0.035
0.0,-0.035
0.0,-0.035
0.0,-0.035
0.0,-0.035
0.0,-0.035
0.0,-0.035
0.0,-0.035
0.0,-0.035
0.0,-0.035
0.0,-0.035
0.0,-0.035
0.0,-0.035
0.0,-0.035
0.0,-0.035
0.0,-0.035
0.0,-0.035
0.0,-0.035
0.0,-0.035
0.0,-0.035
0.0,-0.035
0.0,-0.035
0.0,-0.035
0.0,-0.035
0.0,-0.035
0.0,-0.035
0.0,-0.035
0.0,-0.035
0.0,-0.035
0.0,-0.035
0.0,-0.035
0.0,-0.035
0.0,-0.035
0.0,-0.035
0.0,-0.035
0.0,-0.035
0.0,-0.035
0.0,-0.035
0.0,-0.035
0.0,-0.035
0.0,-0.035
0.0,-0.035
0.0,-0.035
0.0,-0.035
0.0,-0.035
0.0,-0.035
0.0,-0.035
0.0,-0.035
0.0,-0.035
0.0,-0.035
0.0,-0.035
0.0,-0.035
0.0,-0.035
0.0,-0.035
0.0,-0.035
0.0,-0.035
0.0,-0.035
0.0,-0.035
0.0,-0.035
0.0,-0.035
0.0,-0.035
0.0,-0.035
0.0,-0.035
0.0,-0.035
0.0,-0.035
0.0,-0.035
0.0,-0.035
0.0,-0.035
0.0,-0.035
0.0,-0.035
0.0,-0.035
0.0,-0.035
0.0,-0.035
0.0,-0.035
0.0,-0.035
0.0,-0.035
0.0,-0.035
0.0,-0.035
0.0,-0.035
0.0,-0.035
0.0,-0.035
0.0,-0.035
0.0,-0.035
0.0,-0.035
0.0,-0.035
0.0,-0.035
0.0,-0.035
0.0,-0.035
0.0,-0.035
0.0,-0.035
0.0,-0.035
0.0,-0.035
0.0,-0.035
0.0,-0.035
0.0,-0.035
0.0,-0.035
0.0,-0.035
0.0,-0.035
0.0,-0.035
0.0,-0.035
0.0,-0.035
0.0,-0.035
0.0,-0.035
0.0,-0.035
0.0,-0.035
0.0,-0.035
0.0,-0.035
0.0,-0.035
0.0,-0.035
0.0,-0.035
0.0,-0.035
0.0,-0.035
0.0,-0.035
0.0,-0.035
0.0,-0.035
0.0,-0.035
0.0,-0.035
0.0,-0.035
0.0,-0.035
0.0,-0.035
0.0,-0.035
0.0,-0.035
0.0,-0.035
0.0,-0.035
0.0,-0.035
0.0,-0.035
0.0,-0.035
0.0,-0.035
0.0,-0.035
0.0,-0.035
0.0,-0.035
0.0,-0.035
0.0,-0.035
0.0,-0.035
0.0,-0.035
0.0,-0.035
0.0,-0.035
0.0,-0.035
0.0,-0.035
0.0,-0.035
0.0,-0.035
0.0,-0.035
0.0,-0.035
0.0,-0.035
0.0,-0.035
0.0,-0.035
0.0,-0.035
0.0,-0.035
0.0,-0.035
0.0,-0.035
0.0,-0.035
0.0,-0.035
0.0,-0.035
0.0,-0.035
0.0,-0.035
0.0,-0.035
0.0,-0.035
0.0,-0.035
0.0,-0.035
0.0,-0.035
0.0,-0.035
0.0,-0.035
0.0,-0.035
0.0,-0.035
0.0,-0.035
0.0,-0.035
0.0,-0.035
0.0,-0.035
0.0,-0.035
0.0,-0.035
0.0,-0.035
0.0,-0.035
0.0,-0.035
0.0,-0.035
0.0,-0.035
0.0,-0.035
0.0,-0.035
0.0,-0.035
0.0,-0.035
0.0,-0.035
0.0,-0.035
0.0,-0.035
0.0,-0.035
0.0,-0.035
0.0,-0.035
0.0,-0.035
0.0,-0.035
0.0,-0.035
0.0,-0.035
0.0,-0.035
0.0,-0.035
0.0,-0.035
0.0,-0.035
0.0,-0.035
0.0,-0.035
0.0,-0.035
0.0,-0.035
0.0,-0.035
0.0,-0.035
0.0,-0.035
0.0,-0.035
0.0,-0.035
0.0,-0.035
0.0,-0.035
0.0,-0.035
0.0,-0.035
0.0,-0.035
0.0,-0.035
0.0,-0.035
0.0,-0.035
0.0,-0.035
0.0,-0.035
0.0,-0.035
0.0,-0.035
0.0,-0.035
0.0,-0.035
0.0,-0.035
0.0,-0.035
0.0,-0.035
0.0,-0.035
0.0,-0.035
0.0,-0.035
0.0,-0.035
0.0,-0.035
0.0,-0.035
0.0,-0.035
0.0,-0.035
0.0,-0.035
0.0,-0.035
0.0,-0.035
0.0,-0.035
0.0,-0.035
0.0,-0.035
0.0,-0.035
0.0,-0.035
0.0,-0.035
0.0,-0.035
0.0,-0.035
0.0,-0.035
0.0,-0.035
0.0,-0.035
0.0,-0.035
0.0,-0.035
0.0,-0.035
0.0,-0.035
0.0,-0.035
0.0,-0.035
0.0,-0.035
0.0,-0.035
0.0,-0.035
0.0,-0.035
0.0,-0.035
0.0,-0.035
0.0,-0.035
0.0,-0.035
0.0,-0.035
0.0,-0.035
0.0,-0.035
0.0,-0.035
0.0,-0.035
0.0,-0.035
0.0,-0.035
0.0,-0.035
0.0,-0.035
0.0,-0.035
0.0,-0.035
0.0,-0.035
0.0,-0.035
0.0,-0.035
0.0,-0.035
0.1,-0.035
0.1,-0.035
0.1,-0.035
0.1,-0.035
0.1,-0.035
0.1,-0.035
0.1,-0.035
0.1,-0.035
0.1,-0.035
0.1,-0.035
0.1,-0.035
0.0,-0.035
0.0,-0.035
0.0,-0.035
0.0,-0.035
0.0,-0.035
0.0,-0.035
0.0,-0.035
0.0,-0.035
0.0,-0.035
0.0,-0.035
0.0,-0.035
0.0,-0.035
0.0,-0.035
0.0,-0.035
0.0,-0.035
0.0,-0.035
0.0,-0.035
0.0,-0.035
0.0,-0.035
0.0,-0.035
0.0,-0.035
0.0,-0.035
0.0,-0.035
0.0,-0.035
0.0,-0.035
0.0,-0.035
0.0,-0.035
0.0,-0.035
0.0,-0.035
0.0,-0.035
0.1,-0.035
0.1,-0.035
0.1,-0.035
0.1,-0.035
0.1,-0.035
0.1,-0.035
0.1,-0.035
0.1,-0.035
0.1,-0.035
0.1,-0.035
0.1,-0.035
0.0,-0.035
0.0,-0.035
0.0,-0.035
0.0,-0.035
0.0,-0.035
0.0,-0.035
0.0,-0.035
0.0,-0.035
0.0,-0.035
0.0,-0.035
0.0,-0.035
0.0,-0.035
0.0,-0.035
0.0,-0.035
0.0,-0.035
0.0,-0.035
0.0,-0.035
0.0,-0.035
0.0,-0.035
0.0,-0.035
0.0,-0.035
0.0,-0.035
0.0,-0.035
0.0,-0.035
0.0,-0.035
0.0,-0.035
0.0,-0.035
0.0,-0.035
0.0,-0.035
0.0,-0.035
0.0,-0.035
0.0,-0.035
0.0,-0.035
0.0,-0.035
0.0,-0.035
0.0,-0.035
0.0,-0.035
0.0,-0.035
0.0,-0.035
0.0,-0.035
0.0,-0.035
0.0,-0.035
0.0,-0.035
0.0,-0.035
0.0,-0.035
0.0,-0.035
0.0,-0.035
0.0,-0.035
0.0,-0.035
0.0,-0.035
0.0,-0.035
0.0,-0.035
0.0,-0.035
0.0,-0.035
0.0,-0.035
0.0,-0.035
0.0,-0.035
0.0,-0.035
0.0,-0.035
0.0,-0.035
0.0,-0.035
0.0,-0.035
0.0,-0.035
0.0,-0.035
0.0,-0.035
0.0,-0.035
0.0,-0.035
0.0,-0.035
0.0,-0.035
0.0,-0.035
0.0,-0.035
0.0,-0.035
0.0,-0.035
0.0,-0.035
0.0,-0.035
0.0,-0.035
0.0,-0.035
0.0,-0.035
0.0,-0.035
0.0,-0.035
0.0,-0.035
0.0,-0.035
0.0,-0.035
0.0,-0.035
0.0,-0.035
0.0,-0.035
0.0,-0.035
0.0,-0.035
0.0,-0.035
0.0,-0.035
0.0,-0.035
0.0,-0.035
0.0,-0.035
0.0,-0.035
0.0,-0.035
0.0,-0.035
0.0,-0.035
0.0,-0.035
0.0,-0.035
0.0,-0.035
0.0,-0.035
0.0,-0.035
0.0,-0.035
0.0,-0.035
0.0,-0.035
0.0,-0.035
0.0,-0.035
0.0,-0.035
0.0,-0.035
0.0,-0.035
0.0,-0.035
0.0,-0.035
0.0,-0.035
0.0,-0.035
0.0,-0.035
0.0,-0.035
0.0,-0.035
0.0,-0.035
0.0,-0.035
0.0,-0.035
0.0,-0.035
0.0,-0.035
0.0,-0.035
0.0,-0.035
0.0,-0.035
0.0,-0.035
0.0,-0.035
0.0,-0.035
0.0,-0.035
0.0,-0.035
0.0,-0.035
0.0,-0.035
0.0,-0.035
0.0,-0.035
0.0,-0.035
0.0,-0.035
0.0,-0.035
0.0,-0.035
0.0,-0.035
0.0,-0.035
0.0,-0.035
0.0,-0.035
0.0,-0.035
0.0,-0.035
0.0,-0.035
0.0,-0.035
0.0,-0.035
0.0,-0.035
0.0,-0.035
0.0,-0.035
0.0,-0.035
0.0,-0.035
0.0,-0.035
0.0,-0.035
0.0,-0.035
0.0,-0.035
0.0,-0.035
0.0,-0.035
0.0,-0.035
0.0,-0.035
0.0,-0.035
0.0,-0.035
0.0,-0.035
0.0,-0.035
0.0,-0.035
0.0,-0.035
0.0,-0.035
0.0,-0.035
0.1,-0.035
0.1,-0.035
0.1,-0.035
0.1,-0.035
0.1,-0.035
0.1,-0.035
0.1,-0.035
0.1,-0.035
0.0,-0.035
0.0,-0.035
0.0,-0.035
0.0,-0.035
0.0,-0.035
0.0,-0.035
0.0,-0.035
0.0,-0.035
0.0,-0.035
0.0,-0.035
0.0,-0.035
0.0,-0.035
0.0,-0.035
0.0,-0.035
0.0,-0.035
0.0,-0.035
0.0,-0.035
0.0,-0.035
0.0,-0.035
0.0,-0.035
0.0,-0.035
0.0,-0.035
0.0,-0.035
0.0,-0.035
0.0,-0.035
0.0,-0.035
0.0,-0.035
0.0,-0.035
0.0,-0.035
0.0,-0.035
0.0,-0.035
0.0,-0.035
0.0,-0.035
0.0,-0.035
0.0,-0.035
0.0,-0.035
0.0,-0.035
0.0,-0.035
0.0,-0.035
0.0,-0.035
0.0,-0.035
0.0,-0.035
0.0,-0.035
0.0,-0.035
0.0,-0.035
0.0,-0.035
0.0,-0.035
0.0,-0.035
0.0,-0.035
0.0,-0.035
0.0,-0.035
0.0,-0.035
0.0,-0.035
0.0,-0.035
0.0,-0.035
0.0,-0.035
0.0,-0.035
0.0,-0.035
0.0,-0.035
0.0,-0.035
0.0,-0.035
0.0,-0.035
0.0,-0.035
0.0,-0.035
0.0,-0.035
0.0,-0.035
0.0,-0.035
0.0,-0.035
0.0,-0.035
0.0,-0.035
0.0,-0.035
0.0,-0.035
0.0,-0.035
0.0,-0.035
0.0,-0.035
0.0,-0.035
0.0,-0.035
0.0,-0.035
0.0,-0.035
0.0,-0.035
0.0,-0.035
0.0,-0.035
0.0,-0.035
0.0,-0.035
0.0,-0.035
0.0,-0.035
0.0,-0.035
0.0,-0.035
0.0,-0.035
0.0,-0.035
0.0,-0.035
0.0,-0.035
0.0,-0.035
0.0,-0.035
0.0,-0.035
0.0,-0.035
0.0,-0.035
0.0,-0.035
0.0,-0.035
0.0,-0.035
0.0,-0.035
0.0,-0.035
0.0,-0.035
0.0,-0.035
0.0,-0.035
0.0,-0.035
0.0,-0.035
0.0,-0.035
0.0,-0.035
0.0,-0.035
0.0,-0.035
0.0,-0.035
0.0,-0.035
0.0,-0.035
0.0,-0.035
0.0,-0.035
0.0,-0.035
0.0,-0.035
0.0,-0.035
0.0,-0.035
0.0,-0.035
0.0,-0.035
0.0,-0.035
0.0,-0.035
0.0,-0.035
0.0,-0.035
0.0,-0.035
0.0,-0.035
0.0,-0.035
0.0,-0.035
0.0,-0.035
0.0,-0.035
0.0,-0.035
0.0,-0.035
0.0,-0.035
0.0,-0.035
0.0,-0.035
0.0,-0.035
0.0,-0.035
0.0,-0.035
0.0,-0.035
0.0,-0.035
0.0,-0.035
-0.1,-0.035
-0.1,-0.035
-0.1,-0.035
-0.1,-0.035
-0.1,-0.035
-0.1,-0.035
-0.1,-0.035
0.0,-0.035
0.0,-0.035
0.0,-0.035
0.0,-0.035
0.0,-0.035
0.0,-0.035
0.0,-0.035
0.0,-0.035
0.0,-0.035
0.0,-0.035
0.0,-0.035
0.0,-0.035
0.0,-0.035
0.0,-0.035
0.0,-0.035
0.0,-0.035
0.0,-0.035
0.0,-0.035
0.0,-0.035
0.0,-0.035
0.0,-0.035
0.0,-0.035
0.0,-0.035
0.1,-0.035
0.1,-0.035
0.1,-0.035
0.1,-0.035
0.1,-0.035
0.1,-0.035
0.0,-0.035
0.0,-0.035
0.0,-0.035
0.0,-0.035
0.0,-0.035
0.0,-0.035
0.0,-0.035
0.0,-0.035
0.0,-0.035
0.0,-0.035
0.0,-0.035
0.0,-0.035
0.0,-0.035
0.0,-0.035
0.0,-0.035
0.0,-0.035
0.0,-0.035
0.0,-0.035
0.0,-0.035
0.0,-0.035
0.0,-0.035
0.0,-0.035
0.0,-0.035
0.0,-0.035
0.0,-0.035
0.0,-0.035
0.0,-0.035
0.0,-0.035
0.0,-0.035
0.0,-0.035
0.0,-0.035
0.0,-0.035
0.0,-0.035
0.0,-0.035
0.0,-0.035
0.0,-0.035
0.0,-0.035
0.1,-0.035
0.1,-0.035
0.1,-0.035
0.1,-0.035
0.1,-0.035
0.1,-0.035
0.1,-0.035
0.1,-0.035
0.0,-0.035
0.0,-0.035
0.0,-0.035
0.0,-0.035
0.0,-0.035
0.0,-0.035
0.0,-0.035
0.0,-0.035
0.0,-0.035
0.0,-0.035
0.0,-0.035
0.0,-0.035
0.0,-0.035
0.0,-0.035
0.0,-0.035
0.0,-0.035
0.0,-0.035
0.0,-0.035
0.0,-0.035
0.0,-0.035
0.0,-0.035
0.0,-0.035
0.0,-0.035
0.0,-0.035
0.0,-0.035
0.0,-0.035
0.0,-0.035
0.0,-0.035
0.0,-0.035
0.0,-0.035
0.0,-0.035
0.0,-0.035
0.0,-0.035
0.0,-0.035
0.0,-0.035
0.0,-0.035
0.0,-0.035
0.0,-0.035
0.0,-0.035
0.0,-0.035
0.0,-0.035
0.0,-0.035
0.0,-0.035
0.0,-0.035
0.0,-0.035
0.0,-0.035
0.0,-0.035
0.0,-0.035
0.0,-0.035
0.0,-0.035
0.0,-0.035
0.0,-0.035
0.0,-0.035
0.0,-0.035
0.0,-0.035
0.0,-0.035
0.0,-0.035
0.0,-0.035
0.0,-0.035
0.0,-0.035
0.0,-0.035
0.0,-0.035
0.0,-0.035
0.0,-0.035
0.0,-0.035
0.0,-0.035
0.0,-0.035
0.0,-0.035
0.0,-0.035
0.0,-0.035
0.0,-0.035
0.0,-0.035
0.0,-0.035
0.0,-0.035
0.0,-0.035
0.0,-0.035
0.0,-0.035
0.0,-0.035
0.0,-0.035
0.0,-0.035
0.0,-0.035
0.0,-0.035
0.0,-0.035
0.0,-0.035
0.0,-0.035
0.0,-0.035
0.0,-0.035
0.0,-0.035
0.0,-0.035
0.0,-0.035
0.0,-0.035
0.0,-0.035
0.0,-0.035
0.0,-0.035
0.0,-0.035
0.0,-0.035
0.0,-0.035
0.0,-0.035
0.0,-0.035
0.0,-0.035
0.0,-0.035
0.0,-0.035
0.0,-0.035
0.0,-0.035
0.0,-0.035
0.0,-0.035
0.0,-0.035
0.0,-0.035
0.0,-0.035
0.0,-0.035
0.0,-0.035
0.0,-0.035
0.0,-0.035
0.0,-0.035
0.0,-0.035
0.0,-0.035
0.0,-0.035
0.0,-0.035
0.0,-0.035
0.0,-0.035
0.0,-0.035
0.0,-0.035
0.0,-0.035
0.0,-0.035
0.0,-0.035
0.0,-0.035
0.0,-0.035
0.0,-0.035
0.0,-0.035
0.0,-0.035
0.0,-0.035
0.0,-0.035
0.0,-0.035
0.0,-0.035
0.0,-0.035
0.0,-0.035
0.0,-0.035
0.0,-0.035
0.0,-0.035
0.0,-0.035
0.0,-0.035
0.0,-0.035
0.0,-0.035
0.0,-0.035
0.0,-0.035
0.0,-0.035
0.0,-0.035
0.0,-0.035
0.0,-0.035
0.0,-0.035
0.0,-0.035
0.0,-0.035
0.0,-0.035
0.0,-0.035
0.0,-0.035
0.0,-0.035
0.0,-0.035
0.0,-0.035
0.0,-0.035
0.0,-0.035
0.0,-0.035
0.0,-0.035
0.0,-0.035
0.0,-0.035
0.0,-0.035
0.0,-0.035
0.0,-0.035
0.0,-0.035
0.0,-0.035
0.1,-0.035
0.0,-0.035
0.0,-0.035
0.0,-0.035
0.0,-0.035
0.0,-0.035
0.0,-0.035
0.0,-0.035
0.0,-0.035
0.0,-0.035
0.0,-0.035
0.0,-0.035
0.0,-0.035
0.0,-0.035
0.0,-0.035
0.0,-0.035
0.0,-0.035
0.0,-0.035
0.0,-0.035
0.0,-0.035
0.0,-0.035
0.0,-0.035
0.0,-0.035
0.0,-0.035
0.0,-0.035
0.0,-0.035
0.0,-0.035
0.0,-0.035
0.0,-0.035
0.0,-0.035
0.0,-0.035
0.0,-0.035
0.0,-0.035
0.0,-0.035
0.0,-0.035
0.0,-0.035
0.0,-0.035
0.0,-0.035
0.0,-0.035
0.0,-0.035
0.0,-0.035
0.0,-0.035
0.0,-0.035
0.0,-0.035
0.0,-0.035
0.0,-0.035
0.0,-0.035
0.0,-0.035
0.0,-0.035
0.0,-0.035
0.0,-0.035
0.0,-0.035
0.0,-0.035
0.0,-0.035
0.0,-0.035
0.0,-0.035
0.0,-0.035
0.0,-0.035
0.0,-0.035
0.0,-0.035
0.0,-0.035
0.0,-0.035
0.0,-0.035
0.0,-0.035
0.0,-0.035
0.0,-0.035
0.0,-0.035
0.0,-0.035
0.0,-0.035
0.0,-0.035
0.0,-0.035
0.0,-0.035
0.0,-0.035
0.0,-0.035
0.0,-0.035
0.0,-0.035
0.0,-0.035
0.0,-0.035
0.0,-0.035
0.0,-0.035
0.0,-0.035
0.0,-0.035
0.0,-0.035
0.0,-0.035
0.0,-0.035
0.0,-0.035
0.0,-0.035
0.0,-0.035
0.0,-0.035
0.0,-0.035
0.0,-0.035
0.0,-0.035
0.0,-0.035
0.0,-0.035
0.0,-0.035
0.0,-0.035
0.0,-0.035
0.0,-0.035
0.0,-0.035
0.0,-0.035
0.0,-0.035
0.0,-0.035
0.0,-0.035
0.0,-0.035
0.0,-0.035
0.0,-0.035
0.0,-0.035
0.0,-0.035
0.0,-0.035
0.0,-0.035
0.0,-0.035
0.0,-0.035
0.0,-0.035
0.0,-0.035
0.0,-0.035
0.0,-0.035
0.0,-0.035
0.0,-0.035
0.0,-0.035
0.0,-0.035
0.0,-0.035
0.0,-0.035
0.0,-0.035
0.0,-0.035
0.0,-0.035
0.0,-0.035
0.0,-0.035
0.0,-0.035
0.0,-0.035
0.0,-0.035
0.0,-0.035
0.0,-0.035
0.0,-0.035
0.0,-0.035
0.0,-0.035
0.0,-0.035
0.0,-0.035
0.0,-0.035
0.0,-0.035
0.0,-0.035
0.0,-0.035
0.0,-0.035
0.0,-0.035
0.0,-0.035
0.0,-0.035
0.0,-0.035
0.0,-0.035
0.0,-0.035
0.0,-0.035
0.0,-0.035
0.0,-0.035
0.0,-0.035
0.0,-0.035
0.0,-0.035
0.0,-0.035
0.0,-0.035
0.0,-0.035
0.0,-0.035
0.0,-0.035
0.0,-0.035
0.0,-0.035
0.0,-0.035
0.0,-0.035
0.0,-0.035
0.0,-0.035
0.0,-0.035
0.0,-0.035
0.0,-0.035
0.0,-0.035
0.0,-0.035
0.0,-0.035
0.0,-0.035
0.0,-0.035
0.0,-0.035
0.0,-0.035
0.0,-0.035
0.0,-0.035
0.0,-0.035
0.0,-0.035
0.0,-0.035
0.0,-0.035
0.0,-0.035
0.0,-0.035
0.0,-0.035
0.0,-0.035
0.0,-0.035
0.0,-0.035
0.0,-0.035
0.0,-0.035
0.0,-0.035
0.0,-0.035
0.0,-0.035
0.0,-0.035
0.0,-0.035
0.0,-0.035
0.0,-0.035
0.0,-0.035
0.0,-0.035
0.0,-0.035
0.0,-0.035
0.0,-0.035
0.0,-0.035
0.0,-0.035
0.0,-0.035
0.0,-0.035
0.0,-0.035
0.0,-0.035
0.0,-0.035
0.0,-0.035
0.0,-0.035
0.0,-0.035
0.0,-0.035
0.0,-0.035
0.0,-0.035
0.0,-0.035
0.0,-0.035
0.0,-0.035
0.0,-0.035
0.0,-0.035
0.0,-0.035
0.0,-0.035
0.0,-0.035
0.0,-0.035
0.0,-0.035
0.0,-0.035
0.0,-0.035
0.0,-0.035
0.0,-0.035
0.0,-0.035
0.0,-0.035
0.0,-0.035
0.0,-0.035
0.0,-0.035
0.0,-0.035
0.0,-0.035
0.0,-0.035
0.0,-0.035
0.0,-0.035
0.0,-0.035
0.0,-0.035
0.0,-0.035
0.0,-0.035
0.0,-0.035
0.0,-0.035
0.0,-0.035
0.0,-0.035
0.0,-0.035
0.0,-0.035
0.0,-0.035
0.0,-0.035
0.0,-0.035
0.0,-0.035
0.0,-0.035
0.0,-0.035
0.0,-0.035
0.0,-0.035
0.0,-0.035
0.0,-0.035
0.0,-0.035
0.0,-0.035
0.0,-0.035
0.0,-0.035
0.0,-0.035
0.0,-0.035
0.0,-0.035
0.0,-0.035
0.0,-0.035
0.0,-0.035
0.0,-0.035
0.0,-0.035
0.0,-0.035
0.0,-0.035
0.0,-0.035
0.0,-0.035
0.0,-0.035
0.0,-0.035
0.0,-0.035
0.0,-0.035
0.0,-0.035
0.0,-0.035
0.0,-0.035
0.0,-0.035
0.0,-0.035
0.0,-0.035
0.0,-0.035
0.0,-0.035
0.0,-0.035
0.0,-0.035
0.0,-0.035
0.0,-0.035
0.0,-0.035
0.0,-0.035
0.0,-0.035
0.0,-0.035
0.0,-0.035
0.0,-0.035
0.0,-0.035
0.0,-0.035
0.0,-0.035
0.0,-0.035
0.0,-0.035
0.0,-0.035
0.0,-0.035
0.0,-0.035
0.0,-0.035
0.0,-0.035
0.0,-0.035
0.0,-0.035
0.0,-0.035
0.0,-0.035
0.0,-0.035
0.0,-0.035
0.0,-0.035
0.0,-0.035
0.0,-0.035
0.0,-0.035
0.0,-0.035
0.0,-0.035
0.0,-0.035
0.0,-0.035
0.0,-0.035
0.0,-0.035
0.0,-0.035
0.0,-0.035
0.0,-0.035
0.0,-0.035
0.0,-0.035
0.0,-0.035
0.0,-0.035
0.0,-0.035
0.0,-0.035
0.0,-0.035
0.0,-0.035
0.0,-0.035
0.0,-0.035
0.0,-0.035
0.0,-0.035
0.0,-0.035
0.0,-0.035
0.0,-0.035
0.0,-0.035
0.0,-0.035
0.0,-0.035
0.0,-0.035
0.0,-0.035
0.0,-0.035
0.0,-0.035
0.0,-0.035
0.0,-0.035
0.0,-0.035
0.0,-0.035
0.0,-0.035
0.0,-0.035
0.0,-0.035
0.0,-0.035
0.0,-0.035
0.0,-0.035
0.0,-0.035
0.0,-0.035
0.0,-0.035
0.0,-0.035
0.0,-0.035
0.0,-0.035
0.0,-0.035
0.0,-0.035
0.0,-0.035
0.0,-0.035
0.0,-0.035
0.0,-0.035
0.0,-0.035
0.0,-0.035
0.0,-0.035
0.0,-0.035
0.0,-0.035
0.0,-0.035
0.0,-0.035
0.0,-0.035
0.0,-0.035
0.0,-0.035
0.0,-0.035
0.0,-0.035
0.0,-0.035
0.0,-0.035
0.0,-0.035
0.0,-0.035
0.0,-0.035
0.0,-0.035
0.0,-0.035
0.0,-0.035
0.0,-0.035
0.0,-0.035
0.0,-0.035
0.0,-0.035
0.0,-0.035
0.0,-0.035
0.0,-0.035
0.0,-0.035
0.0,-0.035
0.0,-0.035
-0.1,-0.035
0.0,-0.035
0.0,-0.035
0.0,-0.035
0.0,-0.035
0.0,-0.035
0.0,-0.035
0.0,-0.035
0.0,-0.035
0.0,-0.035
0.0,-0.035
0.0,-0.035
0.0,-0.035
0.0,-0.035
0.0,-0.035
0.0,-0.035
0.0,-0.035
0.0,-0.035
0.0,-0.035
0.0,-0.030
0.0,-0.030
0.0,-0.030
0.0,-0.030
0.0,-0.030
0.0,-0.030
0.0,-0.030
0.0,-0.030
0.0,-0.030
0.0,-0.030
0.0,-0.030
0.1,-0.030
0.1,-0.030
0.1,-0.030
0.1,-0.030
0.1,-0.030
0.0,-0.030
0.1,-0.030
0.0,-0.030
0.0,-0.030
0.0,-0.030
0.0,-0.030
0.0,-0.030
0.0,-0.030
0.0,-0.030
0.0,-0.030
0.0,-0.030
0.0,-0.030
0.0,-0.030
0.0,-0.030
0.0,-0.030
0.0,-0.030
0.0,-0.030
0.0,-0.030
-0.1,-0.030
-0.1,-0.030
-0.1,-0.030
-0.1,-0.030
-0.1,-0.030
-0.1,-0.030
-0.1,-0.030
0.0,-0.030
0.0,-0.030
0.1,-0.030
0.1,-0.030
0.1,-0.030
0.2,-0.030
0.2,-0.030
0.2,-0.030
0.2,-0.030
0.1,-0.030
0.0,-0.030
0.0,-0.030
-0.1,-0.030
-0.1,-0.030
-0.1,-0.030
-0.1,-0.030
-0.1,-0.030
-0.1,-0.030
-0.1,-0.030
-0.1,-0.030
-0.1,-0.030
0.0,-0.030
0.0,-0.030
0.1,-0.030
0.1,-0.030
0.1,-0.030
0.1,-0.030
0.1,-0.030
0.1,-0.030
0.1,-0.030
0.1,-0.030
0.0,-0.030
-0.1,-0.030
-0.1,-0.030
-0.1,-0.030
-0.2,-0.030
-0.2,-0.030
-0.2,-0.030
-0.1,-0.030
-0.1,-0.030
0.0,-0.030
0.0,-0.030
0.1,-0.030
0.2,-0.030
0.2,-0.030
0.2,-0.030
0.2,-0.030
0.2,-0.030
0.2,-0.030
0.1,-0.030
0.1,-0.030
0.0,-0.030
-0.1,-0.030
-0.1,-0.030
-0.2,-0.030
-0.2,-0.030
-0.2,-0.030
-0.2,-0.030
-0.2,-0.030
-0.1,-0.030
0.0,-0.030
0.0,-0.030
0.0,-0.030
0.1,-0.030
0.2,-0.030
0.2,-0.030
0.2,-0.030
0.2,-0.030
0.2,-0.030
0.1,-0.030
0.1,-0.030
0.0,-0.030
0.0,-0.030
-0.1,-0.030
-0.1,-0.030
-0.1,-0.030
-0.1,-0.030
-0.1,-0.030
-0.1,-0.030
0.0,-0.030
0.0,-0.030
0.1,-0.030
0.1,-0.030
0.1,-0.030
0.2,-0.030
0.2,-0.030
0.2,-0.030
0.2,-0.030
0.2,-0.030
0.1,-0.030
0.0,-0.030
0.0,-0.030
0.0,-0.030
-0.1,-0.030
-0.1,-0.030
-0.1,-0.030
-0.1,-0.030
-0.1,-0.030
-0.1,-0.030
-0.1,-0.030
0.0,-0.030
0.0,-0.030
0.1,-0.030
0.1,-0.030
0.1,-0.030
0.2,-0.030
0.2,-0.030
0.2,-0.030
0.1,-0.030
0.1,-0.030
0.0,-0.030
0.0,-0.030
-0.1,-0.030
-0.1,-0.030
-0.1,-0.030
-0.1,-0.030
-0.1,-0.030
-0.1,-0.030
-0.1,-0.030
0.0,-0.030
0.1,-0.030
0.1,-0.030
0.1,-0.030
0.2,-0.030
0.2,-0.030
0.2,-0.030
0.2,-0.030
0.1,-0.030
0.0,-0.030
0.0,-0.030
-0.1,-0.030
-0.1,-0.030
-0.1,-0.030
-0.1,-0.030
-0.1,-0.030
-0.1,-0.030
-0.1,-0.030
-0.1,-0.030
-0.1,-0.030
0.0,-0.030
0.0,-0.030
0.0,-0.030
0.1,-0.030
0.1,-0.030
0.1,-0.030
0.1,-0.030
0.1,-0.030
0.1,-0.030
0.1,-0.030
0.1,-0.030
0.0,-0.030
0.0,-0.030
0.0,-0.030
-0.1,-0.030
-0.1,-0.030
-0.1,-0.030
-0.1,-0.030
-0.1,-0.030
-0.1,-0.030
-0.1,-0.030
0.1,-0.030
0.1,-0.030
0.1,-0.030
0.1,-0.030
0.1,-0.030
0.1,-0.030
0.1,-0.030
0.1,-0.030
0.1,-0.030
0.1,-0.030
0.0,-0.030
0.0,-0.030
-0.1,-0.030
-0.1,-0.030
-0.1,-0.030
-0.1,-0.030
-0.1,-0.030
-0.1,-0.030
-0.1,-0.030
0.1,-0.030
0.1,-0.030
0.1,-0.030
0.2,-0.030
0.2,-0.030
0.2,-0.030
0.2,-0.030
0.2,-0.030
0.2,-0.030
0.2,-0.030
0.1,-0.030
0.0,-0.030
0.0,-0.030
0.0,-0.030
-0.1,-0.030
-0.1,-0.030
-0.1,-0.030
-0.1,-0.030
-0.1,-0.030
-0.1,-0.030
-0.1,-0.030
0.0,-0.030
0.0,-0.030
0.1,-0.030
0.1,-0.030
0.1,-0.030
0.1,-0.030
0.1,-0.030
0.1,-0.030
0.1,-0.030
0.0,-0.030
0.0,-0.030
-0.1,-0.030
-0.1,-0.030
-0.1,-0.030
-0.1,-0.030
-0.1,-0.030
-0.1,-0.030
-0.1,-0.030
-0.1,-0.030
0.0,-0.030
0.0,-0.030
0.1,-0.030
0.1,-0.030
0.1,-0.030
0.1,-0.030
0.1,-0.030
0.1,-0.030
0.1,-0.030
0.0,-0.030
0.0,-0.030
0.0,-0.030
-0.1,-0.030
-0.1,-0.030
-0.1,-0.030
-0.1,-0.030
-0.1,-0.030
-0.1,-0.030
-0.1,-0.030
-0.1,-0.030
0.0,-0.030
0.1,-0.030
0.1,-0.030
0.1,-0.030
0.1,-0.030
0.1,-0.030
0.1,-0.030
0.1,-0.030
0.1,-0.030
0.1,-0.030
0.0,-0.030
0.0,-0.030
0.0,-0.030
0.0,-0.030
-0.1,-0.030
-0.1,-0.030
0.0,-0.030
-0.1,-0.030
-0.1,-0.030
-0.1,-0.030
0.0,-0.030
0.0,-0.030
0.1,-0.025
0.1,-0.025
0.1,-0.025
0.1,-0.025
0.1,-0.025
0.0,-0.025
0.0,-0.025
0.0,-0.025
0.0,-0.025
-0.1,-0.025
-0.1,-0.025
-0.1,-0.025
-0.1,-0.025
-0.1,-0.025
-0.1,-0.025
-0.1,-0.025
-0.1,-0.025
-0.1,-0.025
-0.1,-0.025
0.0,-0.025
0.0,-0.025
0.0,-0.025
0.0,-0.025
0.0,-0.025
0.0,-0.025
0.0,-0.025
0.0,-0.025
0.0,-0.025
0.0,-0.025
0.0,-0.025
0.0,-0.025
0.0,-0.025
0.0,-0.025
0.0,-0.025
0.0,-0.025
0.0,-0.025
0.0,-0.025
0.1,-0.025
0.0,-0.025
0.0,-0.025
0.0,-0.025
0.0,-0.025
0.1,-0.025
0.1,-0.025
0.1,-0.025
0.1,-0.025
0.1,-0.025
0.1,-0.025
0.1,-0.025
0.1,-0.025
0.0,-0.025
0.0,-0.025
0.0,-0.025
0.0,-0.025
0.0,-0.025
0.0,-0.025
0.0,-0.025
0.0,-0.025
0.0,-0.025
0.1,-0.025
0.0,-0.025
0.1,-0.025
0.1,-0.025
0.1,-0.025
0.1,-0.025
0.1,-0.025
0.1,-0.025
0.0,-0.025
0.1,-0.025
0.0,-0.025
0.0,-0.025
0.0,-0.025
0.0,-0.025
0.0,-0.025
0.0,-0.025
0.0,-0.025
0.1,-0.025
0.1,-0.025
0.1,-0.025
0.1,-0.025
0.1,-0.025
0.1,-0.025
0.1,-0.025
0.0,-0.025
0.0,-0.025
0.0,-0.025
0.0,-0.025
0.0,-0.025
0.0,-0.025
0.0,-0.025
0.0,-0.025
0.0,-0.025
0.0,-0.025
0.0,-0.025
0.0,-0.025
0.0,-0.025
0.0,-0.025
0.0,-0.025
0.0,-0.025
0.0,-0.025
0.0,-0.025
0.0,-0.025
0.0,-0.025
0.0,-0.025
0.0,-0.025
0.0,-0.025
0.0,-0.025
0.0,-0.025
0.0,-0.025
0.0,-0.025
0.0,-0.025
0.0,-0.025
0.0,-0.025
0.0,-0.025
0.0,-0.025
0.0,-0.025
0.0,-0.025
0.0,-0.025
0.0,-0.025
0.0,-0.025
0.0,-0.025
0.0,-0.025
0.0,-0.025
0.0,-0.025
0.0,-0.025
0.0,-0.025
0.0,-0.025
0.0,-0.025
0.0,-0.025
0.0,-0.025
0.0,-0.025
0.0,-0.025
0.0,-0.025
0.0,-0.025
0.0,-0.025
0.0,-0.025
0.0,-0.025
0.0,-0.025
0.0,-0.025
0.0,-0.025
0.0,-0.025
0.0,-0.025
0.0,-0.025
0.0,-0.025
0.0,-0.025
0.0,-0.025
0.0,-0.025
0.0,-0.025
0.0,-0.025
0.0,-0.025
0.0,-0.025
0.0,-0.025
0.0,-0.025
0.0,-0.025
0.0,-0.025
0.0,-0.025
0.0,-0.025
0.0,-0.025
0.0,-0.025
0.0,-0.025
0.0,-0.025
0.0,-0.025
0.0,-0.025
0.0,-0.025
0.0,-0.025
0.0,-0.025
0.0,-0.025
0.0,-0.025
0.0,-0.025
0.0,-0.025
0.0,-0.025
0.0,-0.025
0.0,-0.025
0.0,-0.025
0.0,-0.025
0.0,-0.025
0.0,-0.025
0.1,-0.025
0.1,-0.025
0.1,-0.025
0.0,-0.025
0.0,-0.025
0.0,-0.025
-0.1,-0.025
-0.1,-0.025
-0.1,-0.025
-0.1,-0.025
-0.1,-0.025
-0.1,-0.025
-0.1,-0.025
-0.1,-0.025
0.0,-0.025
0.0,-0.025
0.0,-0.025
0.0,-0.025
0.0,-0.025
0.0,-0.025
0.0,-0.025
0.0,-0.025
0.0,-0.025
0.0,-0.025
0.0,-0.025
0.0,-0.025
0.0,-0.025
0.0,-0.025
0.0,-0.025
0.0,-0.025
0.0,-0.025
0.0,-0.025
-0.1,-0.025
-0.1,-0.025
-0.1,-0.025
-0.1,-0.025
-0.1,-0.025
-0.1,-0.025
0.0,-0.025
0.0,-0.025
0.0,-0.025
0.0,-0.025
0.1,-0.025
0.1,-0.025
0.1,-0.025
0.1,-0.025
0.1,-0.025
0.0,-0.025
0.0,-0.025
-0.1,-0.025
0.0,-0.025
0.0,-0.025
0.0,-0.025
0.0,-0.025
0.0,-0.025
0.0,-0.025
0.1,-0.025
0.1,-0.025
0.1,-0.025
0.1,-0.025
0.1,-0.025
0.1,-0.025
0.0,-0.025
0.0,-0.025
0.0,-0.025
0.0,-0.025
0.0,-0.025
0.0,-0.025
0.0,-0.025
0.0,-0.025
0.0,-0.025
0.0,-0.025
0.0,-0.025
0.0,-0.025
0.0,-0.025
0.0,-0.025
0.0,-0.025
0.1,-0.025
0.1,-0.025
0.1,-0.025
0.1,-0.025
0.1,-0.025
0.1,-0.025
0.1,-0.025
0.1,-0.025
0.1,-0.025
-0.1,-0.025
-0.1,-0.025
-0.1,-0.025
-0.1,-0.025
-0.1,-0.025
-0.1,-0.025
-0.1,-0.025
-0.1,-0.025
-0.1,-0.025
0.0,-0.025
0.0,-0.025
0.0,-0.025
0.0,-0.025
0.0,-0.025
0.0,-0.025
0.0,-0.025
0.0,-0.025
0.0,-0.025
0.0,-0.025
0.0,-0.025
0.0,-0.025
-0.1,-0.025
-0.1,-0.025
-0.1,-0.025
-0.1,-0.025
-0.1,-0.025
-0.1,-0.025
-0.1,-0.025
-0.1,-0.025
0.1,-0.025
0.1,-0.025
0.0,-0.025
0.0,-0.025
0.0,-0.025
0.0,-0.025
0.0,-0.025
0.0,-0.025
0.1,-0.025
0.1,-0.025
0.0,-0.025
0.0,-0.025
0.0,-0.025
0.0,-0.025
0.0,-0.025
0.0,-0.025
0.0,-0.025
0.0,-0.025
0.0,-0.025
0.0,-0.025
0.0,-0.025
0.0,-0.025
0.0,-0.025
0.0,-0.025
0.0,-0.025
0.0,-0.025
0.0,-0.025
0.0,-0.025
0.0,-0.025
0.0,-0.025
0.0,-0.025
0.0,-0.025
0.0,-0.025
-0.1,-0.025
0.0,-0.025
0.0,-0.025
0.0,-0.025
0.0,-0.025
0.0,-0.025
-0.1,-0.025
-0.1,-0.025
-0.1,-0.025
-0.1,-0.025
0.1,-0.025
0.1,-0.025
0.0,-0.025
0.0,-0.025
0.0,-0.025
0.0,-0.025
0.0,-0.025
0.0,-0.025
0.0,-0.025
0.0,-0.025
0.0,-0.025
0.0,-0.025
0.0,-0.020
0.0,-0.020
0.0,-0.020
0.0,-0.020
0.0,-0.020
0.0,-0.020
0.0,-0.020
0.0,-0.020
0.0,-0.020
0.1,-0.020
0.1,-0.020
0.1,-0.020
0.1,-0.020
0.1,-0.020
0.1,-0.020
0.1,-0.020
0.0,-0.020
0.0,-0.020
0.0,-0.020
0.0,-0.020
0.0,-0.020
0.0,-0.020
0.0,-0.020
0.0,-0.020
0.0,-0.020
0.0,-0.020
0.0,-0.020
0.0,-0.020
0.0,-0.020
0.0,-0.020
0.0,-0.020
0.0,-0.020
0.0,-0.020
0.0,-0.020
0.0,-0.020
0.0,-0.020
0.0,-0.020
0.0,-0.020
0.0,-0.020
0.0,-0.020
0.0,-0.020
0.0,-0.020
0.0,-0.020
0.0,-0.020
0.0,-0.020
0.0,-0.020
0.1,-0.020
0.0,-0.020
0.0,-0.020
0.0,-0.020
0.0,-0.020
0.1,-0.020
0.1,-0.020
0.1,-0.020
0.0,-0.020
0.0,-0.020
0.0,-0.020
0.0,-0.020
0.0,-0.020
0.0,-0.020
0.0,-0.020
0.0,-0.020
0.0,-0.020
0.0,-0.020
0.0,-0.020
0.0,-0.020
0.0,-0.020
0.0,-0.020
0.0,-0.020
0.0,-0.020
0.0,-0.020
0.0,-0.020
0.0,-0.020
0.0,-0.020
0.0,-0.020
0.0,-0.020
0.0,-0.020
0.0,-0.020
0.0,-0.020
0.0,-0.020
0.0,-0.020
0.0,-0.020
0.0,-0.020
0.0,-0.020
0.0,-0.020
0.0,-0.020
0.0,-0.020
0.0,-0.020
0.0,-0.020
0.0,-0.020
0.0,-0.020
0.0,-0.020
0.0,-0.020
0.0,-0.020
0.0,-0.020
0.0,-0.020
0.0,-0.020
0.0,-0.020
0.0,-0.020
0.0,-0.020
0.0,-0.020
0.0,-0.020
0.0,-0.020
0.0,-0.020
0.0,-0.020
0.0,-0.020
0.0,-0.020
0.0,-0.020
0.0,-0.020
0.0,-0.020
0.0,-0.020
0.0,-0.020
0.0,-0.020
0.0,-0.020
0.0,-0.020
0.0,-0.020
0.0,-0.020
0.0,-0.020
0.0,-0.020
0.0,-0.020
0.0,-0.020
0.0,-0.020
0.0,-0.020
0.0,-0.020
0.0,-0.020
0.0,-0.020
0.0,-0.020
0.0,-0.020
0.0,-0.020
0.0,-0.020
0.0,-0.020
0.0,-0.020
0.0,-0.020
0.0,-0.020
0.0,-0.020
0.0,-0.020
0.0,-0.020
0.0,-0.020
0.0,-0.020
0.0,-0.020
0.0,-0.020
0.0,-0.020
0.0,-0.020
0.0,-0.020
0.0,-0.020
0.0,-0.020
0.0,-0.020
0.0,-0.020
0.0,-0.020
0.0,-0.020
0.0,-0.020
0.0,-0.020
0.0,-0.020
0.0,-0.020
0.0,-0.020
0.0,-0.020
0.0,-0.020
0.0,-0.020
0.0,-0.020
0.0,-0.020
0.0,-0.020
0.0,-0.020
0.0,-0.020
0.0,-0.020
0.0,-0.020
0.0,-0.020
0.0,-0.020
0.0,-0.020
0.0,-0.020
0.0,-0.020
0.0,-0.020
0.0,-0.020
0.0,-0.020
0.0,-0.020
0.0,-0.020
0.0,-0.020
-0.1,-0.020
-0.1,-0.020
-0.1,-0.020
0.0,-0.020
0.0,-0.020
0.0,-0.020
0.0,-0.020
0.0,-0.020
0.0,-0.020
0.0,-0.020
0.0,-0.020
0.0,-0.020
0.0,-0.020
0.0,-0.020
0.0,-0.020
0.0,-0.020
0.0,-0.020
0.0,-0.020
0.0,-0.020
0.0,-0.020
0.0,-0.020
0.0,-0.020
0.0,-0.020
0.0,-0.020
0.0,-0.020
0.0,-0.020
0.0,-0.020
0.0,-0.020
0.0,-0.020
0.0,-0.020
0.0,-0.020
0.0,-0.020
0.0,-0.020
0.0,-0.020
0.0,-0.020
0.0,-0.020
0.0,-0.020
0.0,-0.020
0.0,-0.020
0.0,-0.020
0.0,-0.020
0.0,-0.020
0.0,-0.020
0.0,-0.020
0.0,-0.020
0.0,-0.020
0.0,-0.020
0.0,-0.020
0.0,-0.020
0.0,-0.020
0.0,-0.020
0.0,-0.020
0.0,-0.020
0.0,-0.020
0.0,-0.020
0.0,-0.020
0.0,-0.020
0.0,-0.020
0.0,-0.020
0.0,-0.020
0.0,-0.020
0.0,-0.020
0.0,-0.020
0.0,-0.020
0.0,-0.020
0.1,-0.020
0.0,-0.020
0.0,-0.020
0.0,-0.020
0.0,-0.020
0.0,-0.020
0.0,-0.020
0.0,-0.020
0.0,-0.020
0.0,-0.020
0.0,-0.020
0.0,-0.020
0.0,-0.020
0.0,-0.020
0.0,-0.020
0.0,-0.020
0.0,-0.020
0.0,-0.020
0.0,-0.020
0.0,-0.020
0.0,-0.020
0.0,-0.020
0.0,-0.020
0.1,-0.020
0.1,-0.020
0.1,-0.020
0.1,-0.020
0.1,-0.020
0.1,-0.020
0.0,-0.020
-0.1,-0.020
-0.1,-0.020
-0.1,-0.020
-0.1,-0.020
-0.1,-0.020
-0.1,-0.020
-0.1,-0.020
-0.1,-0.020
-0.1,-0.020
0.0,-0.020
0.0,-0.020
0.0,-0.020
0.0,-0.020
0.0,-0.020
0.0,-0.020
0.0,-0.020
0.0,-0.020
0.0,-0.020
0.0,-0.020
0.0,-0.020
0.0,-0.020
0.0,-0.020
0.0,-0.020
0.0,-0.020
0.0,-0.020
0.0,-0.020
0.0,-0.020
0.0,-0.020
0.0,-0.020
0.0,-0.020
0.0,-0.020
0.0,-0.020
0.0,-0.020
0.0,-0.020
0.0,-0.020
0.0,-0.020
0.0,-0.020
0.0,-0.020
0.0,-0.020
0.0,-0.020
0.0,-0.020
0.0,-0.020
0.0,-0.020
0.0,-0.020
0.0,-0.020
0.0,-0.020
0.0,-0.020
0.0,-0.020
0.0,-0.020
0.0,-0.020
0.0,-0.020
0.0,-0.020
0.0,-0.020
0.0,-0.020
0.0,-0.020
0.0,-0.020
0.0,-0.020
0.0,-0.020
0.0,-0.020
0.0,-0.020
0.0,-0.020
0.0,-0.020
0.0,-0.020
0.0,-0.020
0.0,-0.020
0.0,-0.020
0.0,-0.020
0.0,-0.020
0.0,-0.020
0.0,-0.020
0.0,-0.020
0.0,-0.020
0.0,-0.020
0.0,-0.020
0.0,-0.020
0.0,-0.020
0.0,-0.020
0.0,-0.020
0.0,-0.020
0.0,-0.020
0.0,-0.020
0.0,-0.020
0.0,-0.020
0.0,-0.020
0.0,-0.020
0.0,-0.020
0.0,-0.020
0.0,-0.020
0.0,-0.020
0.0,-0.020
0.0,-0.020
0.0,-0.020
0.0,-0.020
0.0,-0.020
0.0,-0.020
0.0,-0.020
0.0,-0.015
0.0,-0.015
0.0,-0.015
0.0,-0.015
0.0,-0.015
0.0,-0.015
0.0,-0.015
0.0,-0.015
0.0,-0.015
0.0,-0.015
0.0,-0.015
0.0,-0.015
0.0,-0.015
0.0,-0.015
0.0,-0.015
0.0,-0.015
0.1,-0.015
0.1,-0.015
0.1,-0.015
0.1,-0.015
0.1,-0.015
0.1,-0.015
0.1,-0.015
0.1,-0.015
0.0,-0.015
0.0,-0.015
0.0,-0.015
0.0,-0.015
0.0,-0.015
0.0,-0.015
0.0,-0.015
0.0,-0.015
0.0,-0.015
0.0,-0.015
0.0,-0.015
0.0,-0.015
0.0,-0.015
0.0,-0.015
0.0,-0.015
0.0,-0.015
0.0,-0.015
0.0,-0.015
0.0,-0.015
0.0,-0.015
0.0,-0.015
0.0,-0.015
0.0,-0.015
0.0,-0.015
0.0,-0.015
0.0,-0.015
0.0,-0.015
0.0,-0.015
0.0,-0.015
0.0,-0.015
0.0,-0.015
0.0,-0.015
0.0,-0.015
0.0,-0.015
0.0,-0.015
0.0,-0.015
0.0,-0.015
0.0,-0.015
0.0,-0.015
0.0,-0.015
0.0,-0.015
0.0,-0.015
0.0,-0.015
0.0,-0.015
0.0,-0.015
0.0,-0.015
0.0,-0.015
0.0,-0.015
0.0,-0.015
0.0,-0.015
0.0,-0.015
0.0,-0.015
0.0,-0.015
0.0,-0.015
0.0,-0.015
0.0,-0.015
0.0,-0.015
0.0,-0.015
0.0,-0.015
0.0,-0.015
0.0,-0.015
0.0,-0.015
0.0,-0.015
0.0,-0.015
0.0,-0.015
0.0,-0.015
0.0,-0.015
0.0,-0.015
0.0,-0.015
0.0,-0.015
0.0,-0.015
0.0,-0.015
0.0,-0.015
0.0,-0.015
0.0,-0.015
0.0,-0.015
0.0,-0.015
0.0,-0.015
0.0,-0.015
0.0,-0.015
0.0,-0.015
0.0,-0.015
0.0,-0.015
0.0,-0.015
0.0,-0.015
0.0,-0.015
0.0,-0.015
0.0,-0.015
0.0,-0.015
0.0,-0.015
0.0,-0.015
0.0,-0.015
0.0,-0.015
0.0,-0.015
0.0,-0.015
0.0,-0.015
0.0,-0.015
0.0,-0.015
0.0,-0.015
0.0,-0.015
0.0,-0.015
0.0,-0.015
0.0,-0.015
0.0,-0.015
0.0,-0.015
0.0,-0.015
0.0,-0.015
0.0,-0.015
0.0,-0.015
0.0,-0.015
0.0,-0.015
0.0,-0.015
0.0,-0.015
0.0,-0.015
0.0,-0.015
0.0,-0.015
0.0,-0.015
0.0,-0.015
0.0,-0.015
0.0,-0.015
0.0,-0.015
0.0,-0.015
0.0,-0.015
0.0,-0.015
0.0,-0.015
0.0,-0.015
0.0,-0.015
0.0,-0.015
0.0,-0.015
0.0,-0.015
0.0,-0.015
0.0,-0.015
0.0,-0.015
0.0,-0.015
0.0,-0.015
0.0,-0.015
0.0,-0.015
0.0,-0.015
0.0,-0.015
0.0,-0.015
0.0,-0.015
0.0,-0.015
0.0,-0.015
0.0,-0.015
0.0,-0.015
0.0,-0.015
0.0,-0.015
0.0,-0.015
0.0,-0.015
0.0,-0.015
0.0,-0.015
0.0,-0.015
0.0,-0.015
0.0,-0.015
0.0,-0.015
0.0,-0.015
0.0,-0.015
0.0,-0.015
0.0,-0.015
0.0,-0.015
0.0,-0.015
0.0,-0.015
0.1,-0.015
0.0,-0.015
0.0,-0.015
0.0,-0.015
0.0,-0.015
0.0,-0.015
0.0,-0.015
0.0,-0.015
0.0,-0.015
0.0,-0.015
0.0,-0.015
0.0,-0.015
0.0,-0.015
0.0,-0.015
0.0,-0.015
0.0,-0.015
0.0,-0.015
0.0,-0.015
0.0,-0.015
0.0,-0.015
0.0,-0.015
0.0,-0.015
0.0,-0.015
0.0,-0.015
0.0,-0.015
0.0,-0.015
0.0,-0.015
0.0,-0.015
0.0,-0.015
0.0,-0.015
0.0,-0.015
0.0,-0.015
0.0,-0.015
0.0,-0.015
0.0,-0.015
0.0,-0.015
0.0,-0.015
0.0,-0.015
0.0,-0.015
0.0,-0.015
0.0,-0.015
0.0,-0.015
0.0,-0.015
0.0,-0.015
0.0,-0.015
0.0,-0.015
0.1,-0.015
0.0,-0.015
0.0,-0.015
0.0,-0.015
0.0,-0.015
0.0,-0.015
0.0,-0.015
0.0,-0.015
0.0,-0.015
0.0,-0.015
0.0,-0.015
0.0,-0.015
0.0,-0.015
0.0,-0.015
0.0,-0.015
0.0,-0.015
0.0,-0.015
0.0,-0.015
0.0,-0.015
0.0,-0.015
0.0,-0.015
0.0,-0.015
0.0,-0.015
0.0,-0.015
0.0,-0.015
0.0,-0.015
0.0,-0.015
0.0,-0.015
0.0,-0.015
0.0,-0.015
0.0,-0.015
0.0,-0.015
0.0,-0.015
0.0,-0.015
0.0,-0.015
0.0,-0.015
0.0,-0.015
0.0,-0.015
0.0,-0.015
0.0,-0.015
0.0,-0.015
-0.1,-0.015
0.0,-0.015
0.0,-0.015
0.0,-0.015
0.0,-0.015
-0.1,-0.015
-0.1,-0.015
-0.1,-0.015
-0.1,-0.015
-0.1,-0.015
-0.1,-0.015
0.0,-0.015
0.0,-0.015
0.0,-0.015
0.0,-0.015
0.0,-0.015
0.0,-0.015
0.0,-0.015
0.0,-0.015
0.0,-0.015
0.0,-0.015
0.0,-0.015
0.0,-0.015
0.0,-0.015
0.0,-0.015
0.0,-0.015
0.0,-0.015
0.0,-0.015
0.0,-0.015
0.0,-0.015
0.0,-0.015
0.0,-0.015
0.1,-0.015
0.0,-0.015
0.0,-0.015
0.0,-0.015
0.0,-0.015
0.1,-0.015
0.1,-0.015
0.1,-0.015
0.0,-0.015
0.0,-0.015
0.0,-0.015
0.0,-0.015
0.0,-0.015
0.0,-0.015
0.0,-0.015
0.0,-0.015
0.0,-0.015
0.0,-0.015
0.0,-0.015
0.0,-0.015
0.0,-0.015
0.0,-0.015
0.0,-0.015
0.1,-0.015
0.1,-0.015
0.1,-0.015
0.1,-0.015
0.1,-0.015
0.0,-0.015
0.0,-0.015
0.0,-0.015
0.0,-0.015
0.0,-0.015
0.0,-0.015
-0.1,-0.015
-0.1,-0.015
-0.1,-0.015
-0.1,-0.015
0.0,-0.015
0.0,-0.015
0.0,-0.015
0.0,-0.015
0.0,-0.015
0.0,-0.015
0.0,-0.015
0.0,-0.015
0.0,-0.015
0.0,-0.015
0.0,-0.015
-0.1,-0.015
-0.1,-0.015
-0.1,-0.015
-0.1,-0.015
-0.1,-0.015
-0.1,-0.015
-0.1,-0.015
-0.1,-0.015
-0.1,-0.015
0.1,-0.015
0.1,-0.015
0.1,-0.010
0.1,-0.010
0.1,-0.010
0.1,-0.010
0.1,-0.010
0.1,-0.010
0.1,-0.010
0.1,-0.010
0.0,-0.010
0.0,-0.010
0.0,-0.010
0.0,-0.010
0.0,-0.010
0.0,-0.010
0.0,-0.010
0.0,-0.010
0.0,-0.010
0.0,-0.010
0.0,-0.010
0.0,-0.010
0.1,-0.010
0.1,-0.010
0.1,-0.010
0.1,-0.010
0.1,-0.010
0.1,-0.010
0.0,-0.010
0.1,-0.010
0.0,-0.010
0.0,-0.010
0.0,-0.010
0.0,-0.010
0.0,-0.010
0.0,-0.010
0.0,-0.010
0.0,-0.010
0.0,-0.010
0.0,-0.010
0.1,-0.010
0.1,-0.010
0.1,-0.010
0.1,-0.010
0.1,-0.010
0.1,-0.010
0.1,-0.010
0.1,-0.010
0.1,-0.010
0.0,-0.010
0.0,-0.010
0.0,-0.010
0.0,-0.010
0.0,-0.010
0.0,-0.010
0.0,-0.010
0.0,-0.010
0.0,-0.010
0.0,-0.010
0.0,-0.010
0.0,-0.010
0.0,-0.010
0.0,-0.010
0.0,-0.010
0.0,-0.010
0.0,-0.010
0.0,-0.010
0.0,-0.010
0.0,-0.010
-0.1,-0.010
-0.1,-0.010
-0.1,-0.010
-0.1,-0.010
-0.1,-0.010
-0.1,-0.010
-0.1,-0.010
-0.1,-0.010
-0.1,-0.010
-0.1,-0.010
-0.1,-0.010
-0.1,-0.010
0.0,-0.010
0.0,-0.010
0.0,-0.010
0.0,-0.010
0.0,-0.010
0.0,-0.010
0.0,-0.010
0.0,-0.010
0.0,-0.010
0.0,-0.010
0.0,-0.010
0.0,-0.010
0.0,-0.010
0.0,-0.010
0.0,-0.010
0.0,-0.010
0.0,-0.010
0.0,-0.010
0.0,-0.010
0.0,-0.010
0.0,-0.010
0.0,-0.010
0.0,-0.010
0.0,-0.010
0.0,-0.010
0.0,-0.010
0.0,-0.010
0.0,-0.010
0.0,-0.010
0.0,-0.010
0.0,-0.010
0.0,-0.010
0.0,-0.010
0.0,-0.010
0.0,-0.010
0.0,-0.010
0.0,-0.010
0.0,-0.010
0.0,-0.010
0.0,-0.010
0.0,-0.010
0.0,-0.010
0.0,-0.010
0.0,-0.010
0.0,-0.010
0.0,-0.010
0.0,-0.010
0.0,-0.010
0.0,-0.010
0.0,-0.010
0.0,-0.010
0.0,-0.010
0.0,-0.010
-0.1,-0.010
-0.1,-0.010
-0.1,-0.010
-0.1,-0.010
-0.1,-0.010
-0.1,-0.010
0.0,-0.010
0.0,-0.010
0.0,-0.010
0.0,-0.010
0.0,-0.010
0.0,-0.010
0.0,-0.010
0.0,-0.010
0.0,-0.010
0.0,-0.010
0.0,-0.010
0.0,-0.010
0.0,-0.010
0.0,-0.010
0.0,-0.010
0.0,-0.010
0.0,-0.010
0.0,-0.010
0.0,-0.010
0.0,-0.010
0.0,-0.010
0.0,-0.010
0.0,-0.010
0.0,-0.010
0.0,-0.010
0.0,-0.010
0.0,-0.010
0.0,-0.010
0.0,-0.010
0.0,-0.010
0.0,-0.010
0.0,-0.010
0.0,-0.010
0.0,-0.010
0.0,-0.010
0.0,-0.010
0.0,-0.010
0.0,-0.010
0.0,-0.010
0.0,-0.010
0.0,-0.010
0.0,-0.010
0.0,-0.010
0.0,-0.010
0.0,-0.010
0.0,-0.010
0.0,-0.010
0.0,-0.010
0.0,-0.010
0.0,-0.010
0.0,-0.010
0.0,-0.010
0.0,-0.010
0.0,-0.010
0.0,-0.010
0.0,-0.010
0.0,-0.010
0.0,-0.010
0.0,-0.010
0.0,-0.010
0.0,-0.010
0.0,-0.010
0.0,-0.010
0.0,-0.010
0.0,-0.010
0.0,-0.010
0.0,-0.010
0.0,-0.010
0.0,-0.010
0.0,-0.010
0.0,-0.010
0.0,-0.010
0.0,-0.010
0.0,-0.010
0.0,-0.010
0.0,-0.010
0.0,-0.010
0.0,-0.010
0.0,-0.010
0.0,-0.010
0.0,-0.010
0.0,-0.010
0.0,-0.010
0.0,-0.010
0.0,-0.010
0.0,-0.010
0.0,-0.010
0.0,-0.010
0.0,-0.010
0.0,-0.010
0.0,-0.010
0.0,-0.010
0.0,-0.010
0.0,-0.010
-0.1,-0.010
-0.1,-0.010
-0.1,-0.010
-0.1,-0.010
-0.1,-0.010
0.0,-0.010
0.0,-0.010
0.0,-0.010
0.0,-0.010
0.0,-0.010
0.0,-0.010
0.0,-0.010
0.0,-0.010
0.0,-0.010
0.0,-0.010
0.0,-0.010
0.0,-0.010
0.0,-0.010
0.0,-0.010
0.0,-0.010
0.0,-0.010
0.0,-0.010
0.0,-0.010
0.0,-0.010
0.0,-0.010
0.0,-0.010
0.0,-0.010
0.0,-0.010
0.0,-0.010
0.0,-0.010
0.0,-0.010
0.0,-0.010
0.0,-0.010
0.0,-0.010
0.0,-0.010
0.0,-0.010
0.0,-0.010
0.0,-0.010
0.0,-0.010
0.0,-0.010
0.0,-0.010
0.0,-0.010
0.0,-0.010
0.0,-0.010
0.0,-0.010
0.0,-0.010
0.0,-0.010
0.0,-0.010
0.0,-0.010
0.0,-0.010
0.0,-0.010
0.0,-0.010
0.0,-0.010
0.0,-0.010
0.0,-0.010
0.0,-0.010
0.0,-0.010
0.0,-0.010
0.0,-0.010
0.0,-0.010
0.0,-0.010
0.0,-0.010
0.0,-0.010
0.0,-0.010
0.0,-0.010
0.0,-0.010
0.0,-0.010
0.0,-0.010
0.0,-0.010
0.0,-0.010
0.0,-0.010
0.0,-0.010
0.0,-0.010
0.0,-0.010
0.0,-0.010
0.0,-0.010
0.0,-0.010
0.0,-0.010
0.0,-0.010
0.0,-0.010
0.0,-0.010
0.0,-0.010
0.0,-0.010
0.0,-0.010
0.0,-0.010
0.0,-0.010
0.0,-0.010
0.0,-0.010
0.0,-0.010
0.0,-0.010
0.0,-0.010
0.0,-0.010
0.0,-0.010
0.0,-0.010
0.0,-0.010
0.0,-0.010
0.0,-0.010
0.0,-0.010
0.0,-0.010
0.0,-0.010
0.0,-0.010
0.0,-0.010
0.0,-0.010
0.0,-0.010
0.0,-0.010
0.0,-0.010
0.0,-0.010
0.0,-0.010
0.0,-0.010
0.0,-0.010
0.0,-0.010
0.0,-0.010
0.0,-0.010
0.0,-0.010
0.0,-0.010
0.0,-0.010
0.0,-0.010
0.0,-0.010
0.0,-0.010
0.0,-0.010
0.0,-0.010
0.0,-0.010
0.0,-0.010
0.0,-0.010
0.0,-0.010
0.0,-0.010
0.0,-0.010
0.0,-0.010
0.0,-0.010
0.0,-0.010
0.0,-0.010
0.0,-0.010
0.0,-0.010
0.0,-0.010
0.0,-0.010
0.0,-0.010
0.0,-0.010
0.0,-0.010
0.0,-0.010
0.0,-0.010
0.0,-0.010
0.0,-0.010
0.0,-0.010
0.0,-0.010
0.0,-0.010
0.0,-0.010
0.0,-0.010
0.0,-0.010
0.0,-0.010
0.0,-0.010
0.0,-0.010
0.0,-0.010
0.0,-0.010
0.0,-0.010
0.0,-0.010
0.0,-0.010
0.0,-0.010
0.0,-0.010
0.0,-0.010
0.0,-0.010
0.0,-0.010
0.0,-0.010
0.0,-0.010
0.0,-0.010
0.0,-0.010
0.0,-0.010
0.0,-0.010
0.0,-0.010
0.0,-0.010
0.0,-0.010
0.0,-0.010
0.0,-0.010
0.0,-0.010
0.0,-0.010
0.0,-0.010
0.0,-0.010
0.0,-0.010
0.0,-0.010
0.0,-0.010
0.0,-0.010
0.0,-0.010
0.0,-0.010
0.0,-0.010
0.0,-0.010
0.0,-0.010
0.0,-0.010
0.0,-0.010
0.0,-0.005
0.0,-0.005
0.0,-0.005
0.0,-0.005
0.0,-0.005
0.0,-0.005
0.0,-0.005
0.0,-0.005
0.0,-0.005
0.0,-0.005
0.0,-0.005
0.0,-0.005
0.0,-0.005
0.0,-0.005
0.0,-0.005
0.0,-0.005
0.0,-0.005
0.0,-0.005
0.0,-0.005
0.0,-0.005
0.0,-0.005
0.0,-0.005
0.0,-0.005
0.0,-0.005
0.0,-0.005
0.0,-0.005
0.0,-0.005
0.0,-0.005
0.0,-0.005
0.0,-0.005
0.0,-0.005
0.0,-0.005
0.0,-0.005
0.0,-0.005
0.0,-0.005
0.0,-0.005
0.0,-0.005
0.0,-0.005
0.0,-0.005
0.0,-0.005
0.0,-0.005
0.0,-0.005
0.0,-0.005
0.0,-0.005
0.0,-0.005
0.0,-0.005
0.0,-0.005
0.0,-0.005
0.0,-0.005
0.0,-0.005
0.0,-0.005
0.0,-0.005
0.0,-0.005
0.0,-0.005
0.0,-0.005
0.0,-0.005
0.0,-0.005
0.0,-0.005
0.0,-0.005
0.0,-0.005
0.0,-0.005
0.0,-0.005
0.0,-0.005
0.0,-0.005
0.0,-0.005
0.0,-0.005
0.0,-0.005
0.0,-0.005
0.0,-0.005
0.0,-0.005
0.0,-0.005
0.0,-0.005
0.0,-0.005
0.0,-0.005
0.0,-0.005
0.0,-0.005
0.0,-0.005
0.0,-0.005
0.0,-0.005
0.0,-0.005
0.0,-0.005
0.0,-0.005
0.0,-0.005
0.0,-0.005
0.0,-0.005
0.0,-0.005
0.0,-0.005
0.0,-0.005
0.0,-0.005
0.0,-0.005
0.0,-0.005
0.0,-0.005
0.0,-0.005
-0.1,-0.005
0.0,-0.005
0.0,-0.005
0.0,-0.005
0.0,-0.005
0.0,-0.005
0.0,-0.005
0.0,-0.005
0.0,-0.005
0.0,-0.005
0.0,-0.005
0.0,-0.005
0.0,-0.005
0.0,-0.005
0.0,-0.005
0.0,-0.005
0.0,-0.005
0.0,-0.005
0.0,-0.005
0.0,-0.005
0.0,-0.005
0.0,-0.005
0.0,-0.005
0.0,-0.005
0.0,-0.005
0.0,-0.005
0.0,-0.005
0.0,-0.005
0.0,-0.005
0.0,-0.005
0.0,-0.005
0.0,-0.005
0.0,-0.005
0.0,-0.005
0.0,-0.005
0.0,-0.005
0.0,-0.005
0.0,-0.005
0.0,-0.005
-0.1,-0.005
-0.1,-0.005
-0.1,-0.005
-0.1,-0.005
-0.1,-0.005
-0.1,-0.005
0.0,-0.005
0.0,-0.005
0.0,-0.005
0.0,-0.005
0.0,-0.005
0.0,-0.005
0.0,-0.005
0.0,-0.005
0.0,-0.005
0.0,-0.005
0.0,-0.005
0.0,-0.005
0.0,-0.005
0.0,-0.005
0.0,-0.005
0.0,-0.005
0.0,-0.005
0.0,-0.005
0.0,-0.005
0.0,-0.005
0.0,-0.005
0.0,-0.005
0.0,-0.005
0.0,-0.005
0.0,-0.005
0.0,-0.005
0.0,-0.005
0.0,-0.005
0.0,-0.005
0.0,-0.005
0.0,-0.005
0.0,-0.005
0.0,-0.005
0.0,-0.005
0.0,-0.005
0.0,-0.005
0.0,-0.005
0.0,-0.005
0.0,-0.005
0.0,-0.005
0.0,-0.005
0.0,-0.005
0.0,-0.005
0.0,-0.005
0.0,-0.005
0.0,-0.005
0.0,-0.005
0.0,-0.005
0.0,-0.005
0.0,-0.005
0.0,-0.005
0.0,-0.005
0.0,-0.005
0.0,-0.005
0.0,-0.005
0.0,-0.005
0.0,-0.005
0.0,-0.005
0.0,-0.005
0.0,-0.005
0.0,-0.005
0.0,-0.005
0.0,-0.005
0.0,-0.005
0.0,-0.005
0.0,-0.005
0.0,-0.005
0.0,-0.005
0.0,-0.005
0.0,-0.005
0.0,-0.005
0.0,-0.005
0.0,-0.005
-0.1,-0.005
-0.1,-0.005
-0.1,-0.005
-0.1,-0.005
-0.1,-0.005
-0.1,-0.005
-0.1,-0.005
-0.1,-0.005
0.0,-0.005
0.0,-0.005
0.0,-0.005
0.0,-0.005
0.0,-0.005
0.0,-0.005
0.0,-0.005
0.0,-0.005
0.0,-0.005
0.0,-0.005
0.0,-0.005
0.0,-0.005
0.0,-0.005
0.0,-0.005
0.0,-0.005
0.0,-0.005
-0.1,-0.005
-0.1,-0.005
-0.1,-0.005
-0.1,-0.005
-0.1,-0.005
-0.1,-0.005
0.0,-0.005
0.0,-0.005
0.0,-0.005
0.0,-0.005
0.0,-0.005
0.0,-0.005
0.0,-0.005
0.0,-0.005
0.0,-0.005
0.0,-0.005
0.0,-0.005
0.0,-0.005
0.0,-0.005
0.0,-0.005
0.0,-0.005
0.0,-0.005
0.0,-0.005
0.0,-0.005
0.0,-0.005
0.0,-0.005
0.0,-0.005
0.0,-0.005
0.0,-0.005
0.0,-0.005
0.0,-0.005
0.0,-0.005
0.0,-0.005
0.0,-0.005
0.0,-0.005
0.0,-0.005
0.0,-0.005
0.0,-0.005
0.0,-0.005
0.0,-0.005
0.0,-0.005
0.0,-0.005
0.0,-0.005
0.0,-0.005
0.0,-0.005
0.0,-0.005
0.0,-0.005
0.0,-0.005
0.0,-0.005
0.0,-0.005
0.0,-0.005
0.0,-0.005
0.0,-0.005
0.0,-0.005
0.0,-0.005
0.0,-0.005
0.0,-0.005
0.0,-0.005
0.0,-0.005
0.0,-0.005
0.0,-0.005
0.0,-0.005
0.0,-0.005
0.0,-0.005
0.0,-0.005
0.0,-0.005
0.0,-0.005
0.0,-0.005
0.0,-0.005
0.0,-0.005
0.0,-0.005
0.0,-0.005
0.0,-0.005
0.0,-0.005
0.0,-0.005
0.0,-0.005
0.0,-0.005
0.0,-0.005
0.0,-0.005
0.0,-0.005
0.0,-0.005
0.0,-0.005
0.0,-0.005
0.0,-0.005
0.0,-0.005
0.0,-0.005
0.0,-0.005
0.0,-0.005
0.0,-0.005
0.0,-0.005
0.0,-0.005
0.0,-0.005
0.0,-0.005
0.0,-0.005
0.0,-0.005
0.0,-0.005
0.0,-0.005
0.0,-0.005
0.0,-0.005
0.0,-0.005
0.0,-0.005
0.0,-0.005
0.0,-0.005
0.0,-0.005
0.0,-0.005
0.0,-0.005
0.0,-0.005
0.0,-0.005
0.0,-0.005
0.0,-0.005
0.0,-0.005
0.0,-0.005
0.0,-0.005
0.0,-0.005
0.0,-0.005
0.0,-0.005
0.0,-0.005
0.0,-0.005
0.0,-0.005
0.0,-0.005
0.0,-0.005
0.0,-0.005
0.0,-0.005
0.0,-0.005
0.0,-0.005
0.0,-0.005
0.0,-0.005
0.0,-0.005
0.0,-0.005
0.0,-0.005
0.0,-0.005
0.0,-0.005
0.0,-0.005
0.0,-0.005
0.0,-0.005
0.0,-0.005
0.0,-0.005
0.0,-0.005
-0.1,-0.005
-0.1,-0.005
-0.1,-0.005
-0.1,-0.005
-0.1,-0.005
-0.1,-0.005
-0.1,-0.005
-0.1,-0.005
-0.1,-0.005
-0.1,-0.005
-0.1,-0.005
-0.1,-0.005
0.0,-0.005
0.0,-0.005
0.0,-0.005
0.0,-0.005
0.0,-0.005
0.0,-0.005
0.0,-0.005
0.0,-0.005
0.0,-0.005
0.0,-0.005
0.0,-0.005
0.0,-0.005
0.0,-0.005
0.0,-0.005
0.0,-0.005
0.0,-0.005
0.0,-0.005
0.0,-0.005
0.0,-0.005
0.0,-0.005
0.0,-0.005
0.0,-0.005
0.0,-0.005
0.0,-0.005
0.0,-0.005
0.0,-0.005
0.0,-0.005
0.0,-0.005
0.0,-0.005
0.0,-0.005
0.0,-0.005
0.0,-0.005
0.0,-0.005
0.0,-0.005
0.0,-0.005
0.0,-0.005
0.0,-0.005
0.1,-0.005
0.1,-0.005
0.1,-0.005
0.1,-0.005
0.1,-0.005
0.1,-0.005
0.1,-0.005
0.1,-0.005
0.1,-0.005
0.0,-0.005
0.0,-0.005
0.0,-0.005
0.0,-0.005
0.0,-0.005
0.0,-0.005
0.0,0.000
0.0,0.000
0.0,0.000
0.0,0.000
0.0,0.000
0.0,0.000
0.0,0.000
0.0,0.000
0.0,0.000
0.0,0.000
0.0,0.000
0.0,0.000
0.0,0.000
0.0,0.000
0.0,0.000
0.0,0.000
0.0,0.000
0.0,0.000
0.0,0.000
0.0,0.000
0.0,0.000
0.0,0.000
0.0,0.000
0.0,0.000
0.0,0.000
0.0,0.000
0.0,0.000
0.0,0.000
0.0,0.000
0.0,0.000
0.0,0.000
0.0,0.000
0.0,0.000
0.0,0.000
0.0,0.000
0.0,0.000
0.0,0.000
0.0,0.000
0.0,0.000
0.0,0.000
0.0,0.000
0.0,0.000
0.0,0.000
0.0,0.000
0.0,0.000
0.0,0.000
0.0,0.000
0.0,0.000
0.0,0.000
0.0,0.000
0.0,0.000
0.0,0.000
0.0,0.000
0.0,0.000
0.0,0.000
0.1,0.000
0.0,0.000
0.0,0.000
0.0,0.000
0.0,0.000
0.0,0.000
0.0,0.000
0.0,0.000
0.0,0.000
0.0,0.000
0.0,0.000
0.0,0.000
0.0,0.000
0.0,0.000
0.0,0.000
0.0,0.000
0.0,0.000
0.0,0.000
0.0,0.000
0.0,0.000
0.1,0.000
0.1,0.000
0.1,0.000
0.0,0.000
0.0,0.000
0.0,0.000
0.0,0.000
-0.1,0.000
-0.1,0.000
-0.1,0.000
-0.1,0.000
-0.1,0.000
-0.1,0.000
-0.1,0.000
-0.1,0.000
-0.1,0.000
-0.1,0.000
-0.1,0.000
-0.1,0.000
-0.1,0.000
-0.1,0.000
0.0,0.000
0.0,0.000
0.0,0.000
0.1,0.000
0.0,0.000
0.0,0.000
0.0,0.000
0.0,0.000
0.0,0.000
0.0,0.000
0.0,0.000
0.0,0.000
0.0,0.000
0.0,0.000
0.0,0.000
0.0,0.000
0.0,0.000
0.0,0.000
0.0,0.000
0.0,0.000
0.0,0.000
0.0,0.000
0.0,0.000
0.0,0.000
0.0,0.000
0.0,0.000
0.0,0.000
0.0,0.000
0.0,0.000
-0.1,0.000
0.0,0.000
0.0,0.000
0.0,0.000
0.0,0.000
0.0,0.000
0.0,0.000
0.0,0.000
0.0,0.000
0.0,0.000
0.0,0.000
0.0,0.000
0.0,0.000
0.0,0.000
0.0,0.000
0.0,0.000
0.0,0.000
0.0,0.000
0.0,0.000
0.0,0.000
0.0,0.000
0.0,0.000
0.0,0.000
0.0,0.000
0.0,0.000
0.0,0.000
0.0,0.000
0.0,0.000
0.0,0.000
0.0,0.000
0.0,0.000
0.0,0.000
0.0,0.000
0.0,0.000
0.0,0.000
0.0,0.000
0.0,0.000
0.0,0.000
0.0,0.000
0.0,0.000
0.0,0.000
0.0,0.000
0.0,0.000
0.0,0.000
0.0,0.000
0.0,0.000
0.0,0.000
0.0,0.000
0.0,0.000
0.0,0.000
0.0,0.000
0.0,0.000
0.0,0.000
0.0,0.000
0.0,0.000
0.0,0.000
0.0,0.000
0.0,0.000
0.0,0.000
0.0,0.000
0.0,0.000
0.0,0.000
0.0,0.000
0.0,0.000
0.0,0.000
0.0,0.000
0.0,0.000
0.0,0.000
0.0,0.000
0.0,0.000
0.0,0.000
0.0,0.000
0.0,0.000
0.0,0.000
0.0,0.000
0.0,0.000
0.0,0.000
0.0,0.000
0.0,0.000
0.0,0.000
0.0,0.000
0.0,0.000
0.0,0.000
0.0,0.000
0.0,0.000
0.0,0.000
0.0,0.000
0.0,0.000
0.0,0.000
0.0,0.000
0.0,0.000
0.0,0.000
0.0,0.000
0.0,0.000
0.0,0.000
0.0,0.000
0.0,0.000
0.0,0.000
0.0,0.000
0.0,0.000
0.0,0.000
0.0,0.000
0.0,0.000
0.0,0.000
0.0,0.000
0.0,0.000
0.0,0.000
0.0,0.000
0.0,0.000
0.0,0.000
0.0,0.000
0.0,0.000
0.0,0.000
0.0,0.000
0.0,0.000
0.0,0.000
0.0,0.000
0.0,0.000
0.0,0.000
0.0,0.000
0.0,0.000
0.0,0.000
0.0,0.000
0.0,0.000
0.0,0.000
0.0,0.000
0.0,0.000
0.0,0.000
0.0,0.000
0.0,0.000
0.0,0.000
0.0,0.000
0.0,0.000
0.0,0.000
0.0,0.000
0.0,0.000
0.0,0.000
0.0,0.000
0.0,0.000
0.0,0.000
0.0,0.000
0.0,0.000
0.0,0.000
0.0,0.000
0.0,0.000
0.0,0.000
0.0,0.000
0.0,0.000
0.0,0.000
0.0,0.000
0.0,0.000
0.0,0.000
0.0,0.000
0.0,0.000
0.0,0.000
0.0,0.000
0.0,0.000
0.0,0.000
0.0,0.000
0.0,0.000
0.0,0.000
0.0,0.000
0.0,0.000
0.0,0.000
0.0,0.000
0.0,0.000
0.0,0.000
0.0,0.000
0.0,0.000
0.0,0.000
0.0,0.000
0.0,0.000
0.0,0.000
0.0,0.000
0.0,0.000
0.0,0.000
0.0,0.000
0.0,0.000
0.0,0.000
0.0,0.000
0.0,0.000
0.0,0.000
0.0,0.000
0.0,0.000
0.0,0.000
0.0,0.000
0.0,0.000
0.0,0.000
0.0,0.000
0.0,0.000
0.0,0.000
0.0,0.000
0.0,0.000
0.0,0.000
0.0,0.000
0.0,0.000
0.0,0.000
0.0,0.000
0.0,0.000
0.0,0.000
0.0,0.000
0.0,0.000
0.0,0.000
0.0,0.000
0.0,0.000
0.0,0.000
0.0,0.000
0.0,0.000
0.0,0.000
0.0,0.000
-0.1,0.000
-0.1,0.000
-0.1,0.000
-0.1,0.000
-0.1,0.000
-0.1,0.000
0.0,0.000
0.0,0.000
0.0,0.000
0.0,0.000
0.0,0.000
0.0,0.000
0.1,0.000
0.1,0.000
0.1,0.000
0.1,0.000
0.1,0.000
0.0,0.000
0.0,0.000
0.0,0.000
0.0,0.000
0.0,0.000
-0.1,0.000
-0.1,0.000
-0.1,0.000
-0.1,0.000
-0.1,0.000
-0.1,0.000
-0.1,0.000
-0.1,0.000
-0.1,0.000
0.0,0.000
0.0,0.000
0.0,0.000
0.0,0.000
0.0,0.000
0.0,0.000
0.0,0.000
0.0,0.000
0.0,0.000
0.0,0.000
0.0,0.000
0.0,0.000
0.0,0.000
0.0,0.000
0.0,0.000
0.0,0.000
0.0,0.000
0.0,0.000
0.0,0.000
0.0,0.000
0.0,0.000
0.0,0.000
0.0,0.000
0.0,0.000
0.0,0.000
0.0,0.000
0.0,0.000
0.0,0.000
0.0,0.000
0.0,0.000
0.0,0.000
0.0,0.000
0.0,0.000
0.0,0.000
0.0,0.000
0.0,0.000
0.0,0.000
0.0,0.000
0.0,0.000
0.0,0.000
0.0,0.000
0.0,0.000
0.0,0.000
0.0,0.000
0.0,0.000
0.0,0.000
0.0,0.000
0.0,0.000
0.0,0.000
0.0,0.000
0.0,0.000
0.0,0.000
0.0,0.000
0.0,0.000
0.0,0.000
0.0,0.000
0.0,0.000
0.0,0.000
0.0,0.000
0.0,0.000
0.0,0.000
0.0,0.000
0.0,0.000
0.0,0.000
0.0,0.000
0.0,0.000
0.0,0.000
0.0,0.000
0.0,0.000
0.0,0.000
0.0,0.000
0.0,0.000
0.0,0.000
0.0,0.000
0.0,0.000
0.0,0.000
0.0,0.000
0.0,0.000
0.0,0.000
0.1,0.000
0.1,0.000
0.1,0.000
0.1,0.000
0.1,0.000
0.1,0.000
0.1,0.000
0.1,0.000
0.0,0.000
0.0,0.000
0.0,0.000
0.0,0.000
0.0,0.000
0.0,0.000
0.0,0.000
0.0,0.000
0.1,0.000
0.1,0.000
0.1,0.000
0.1,0.000
0.1,0.000
0.1,0.000
0.1,0.000
0.1,0.000
0.1,0.000
0.0,0.000
0.0,0.000
0.0,0.000
0.0,0.000
0.0,0.005
0.0,0.005
-0.1,0.005
-0.1,0.005
-0.1,0.005
-0.1,0.005
-0.1,0.005
0.0,0.005
0.0,0.005
0.0,0.005
0.0,0.005
0.0,0.005
0.1,0.005
0.1,0.005
0.1,0.005
0.1,0.005
0.1,0.005
0.1,0.005
0.1,0.005
0.1,0.005
0.0,0.005
0.0,0.005
0.0,0.005
0.0,0.005
0.0,0.005
0.0,0.005
0.0,0.005
0.0,0.005
0.0,0.005
0.0,0.005
0.0,0.005
0.0,0.005
0.0,0.005
0.0,0.005
0.0,0.005
0.0,0.005
0.0,0.005
0.0,0.005
0.0,0.005
0.0,0.005
0.0,0.005
0.0,0.005
0.0,0.005
0.0,0.005
0.0,0.005
0.0,0.005
0.0,0.005
0.0,0.005
0.0,0.005
0.0,0.005
0.0,0.005
0.0,0.005
0.0,0.005
0.0,0.005
0.0,0.005
0.0,0.005
0.0,0.005
0.0,0.005
0.0,0.005
0.0,0.005
0.0,0.005
0.0,0.005
0.0,0.005
0.0,0.005
0.0,0.005
0.0,0.005
0.0,0.005
0.0,0.005
0.0,0.005
0.0,0.005
0.0,0.005
0.0,0.005
0.0,0.005
0.0,0.005
0.0,0.005
0.0,0.005
0.0,0.005
0.0,0.005
0.0,0.005
0.0,0.005
0.0,0.005
0.0,0.005
0.0,0.005
0.0,0.005
0.0,0.005
0.0,0.005
0.0,0.005
0.0,0.005
0.0,0.005
0.0,0.005
0.0,0.005
0.0,0.005
0.0,0.005
0.0,0.005
0.0,0.005
0.0,0.005
0.0,0.005
0.0,0.005
0.0,0.005
0.0,0.005
0.0,0.005
0.0,0.005
0.0,0.005
0.0,0.005
0.0,0.005
0.0,0.005
0.0,0.005
0.0,0.005
0.0,0.005
0.0,0.005
0.0,0.005
0.0,0.005
0.0,0.005
0.0,0.005
0.0,0.005
0.0,0.005
0.0,0.005
0.0,0.005
0.0,0.005
0.0,0.005
0.0,0.005
0.0,0.005
0.0,0.005
0.0,0.005
0.0,0.005
0.0,0.005
0.0,0.005
0.0,0.005
0.0,0.005
0.0,0.005
0.0,0.005
0.0,0.005
0.0,0.005
0.0,0.005
0.0,0.005
0.0,0.005
0.0,0.005
0.0,0.005
0.0,0.005
0.0,0.005
0.0,0.005
0.0,0.005
0.0,0.005
0.0,0.005
0.0,0.005
0.0,0.005
0.0,0.005
0.0,0.005
0.0,0.005
0.0,0.005
0.0,0.005
0.0,0.005
0.0,0.005
0.0,0.005
0.0,0.005
0.0,0.005
0.0,0.005
0.0,0.005
0.0,0.005
0.0,0.005
0.0,0.005
0.0,0.005
0.0,0.005
0.0,0.005
0.0,0.005
0.0,0.005
0.0,0.005
0.0,0.005
0.0,0.005
0.0,0.005
0.0,0.005
0.0,0.005
0.0,0.005
0.0,0.005
0.0,0.005
0.0,0.005
0.0,0.005
0.0,0.005
0.0,0.005
0.0,0.005
0.0,0.005
0.0,0.005
0.0,0.005
0.0,0.005
0.0,0.005
0.0,0.005
0.0,0.005
0.0,0.005
0.0,0.005
0.0,0.005
0.0,0.005
0.0,0.005
0.0,0.005
0.0,0.005
0.0,0.005
0.0,0.005
0.0,0.005
0.0,0.005
0.0,0.005
0.0,0.005
0.0,0.005
0.0,0.005
0.0,0.005
0.0,0.005
0.0,0.005
0.0,0.005
0.0,0.005
0.0,0.005
0.0,0.005
0.0,0.005
0.0,0.005
0.0,0.005
0.0,0.005
0.0,0.005
0.0,0.005
0.0,0.005
0.0,0.005
0.0,0.005
0.0,0.005
0.0,0.005
0.0,0.005
0.0,0.005
0.0,0.005
0.0,0.005
0.0,0.005
0.0,0.005
0.0,0.005
0.0,0.005
0.0,0.005
0.0,0.005
0.0,0.005
0.0,0.005
0.0,0.005
0.0,0.005
0.0,0.005
0.0,0.005
0.0,0.005
0.0,0.005
0.0,0.005
0.0,0.005
0.0,0.005
0.0,0.005
0.0,0.005
0.0,0.005
0.0,0.005
0.0,0.005
0.0,0.005
0.0,0.005
0.0,0.005
0.0,0.005
0.0,0.005
0.0,0.005
0.0,0.005
0.0,0.005
0.0,0.005
0.0,0.005
0.0,0.005
0.0,0.005
0.0,0.005
0.0,0.005
0.0,0.005
0.0,0.005
0.0,0.005
0.0,0.005
0.0,0.005
0.0,0.005
0.0,0.005
0.0,0.005
0.0,0.005
0.0,0.005
0.0,0.005
0.1,0.005
0.1,0.005
0.1,0.005
0.1,0.005
0.1,0.005
0.0,0.005
0.0,0.005
0.0,0.005
0.0,0.005
0.0,0.005
0.0,0.005
0.0,0.005
0.0,0.005
0.0,0.005
0.0,0.005
0.0,0.005
0.0,0.005
0.0,0.005
0.0,0.005
0.0,0.005
0.0,0.005
0.0,0.005
0.0,0.005
0.0,0.005
0.0,0.005
0.0,0.005
0.0,0.005
0.0,0.005
0.0,0.005
0.0,0.005
0.0,0.005
0.1,0.005
0.1,0.005
0.1,0.005
0.1,0.005
0.1,0.005
0.1,0.005
0.1,0.005
0.1,0.005
0.1,0.005
0.0,0.005
0.0,0.005
0.0,0.005
0.0,0.005
0.0,0.005
0.0,0.005
0.0,0.005
0.0,0.005
0.0,0.005
0.0,0.005
0.0,0.005
0.0,0.005
0.0,0.005
0.0,0.005
0.0,0.005
0.0,0.005
0.0,0.005
0.0,0.005
0.0,0.005
0.0,0.005
0.0,0.005
0.0,0.005
0.0,0.005
0.0,0.005
0.0,0.005
0.0,0.005
0.0,0.005
0.0,0.005
0.0,0.005
0.0,0.005
0.0,0.005
0.0,0.005
0.0,0.005
0.0,0.005
0.0,0.005
0.0,0.005
0.0,0.005
0.0,0.005
0.0,0.005
0.0,0.005
0.0,0.005
0.0,0.005
0.0,0.005
0.0,0.005
0.0,0.005
-0.1,0.005
-0.1,0.005
0.0,0.005
0.0,0.005
0.0,0.005
0.0,0.005
0.0,0.005
0.0,0.005
0.0,0.005
0.0,0.005
0.0,0.005
0.0,0.005
0.0,0.005
0.0,0.005
0.0,0.005
0.0,0.005
0.0,0.005
0.0,0.005
0.0,0.005
0.0,0.005
0.0,0.005
0.0,0.005
0.0,0.005
0.0,0.005
0.0,0.005
0.0,0.005
0.1,0.005
0.1,0.005
0.1,0.005
0.1,0.005
0.1,0.005
0.1,0.005
0.1,0.005
0.0,0.005
0.0,0.005
0.0,0.005
0.0,0.005
0.0,0.005
0.0,0.005
0.0,0.005
0.0,0.005
0.0,0.005
0.0,0.005
0.0,0.005
0.0,0.005
0.0,0.005
0.0,0.005
0.0,0.005
0.0,0.005
0.0,0.005
0.0,0.005
0.0,0.005
0.0,0.005
0.0,0.005
0.0,0.005
0.0,0.005
0.0,0.005
0.0,0.005
0.0,0.005
0.0,0.005
0.0,0.005
0.0,0.005
0.0,0.005
0.0,0.005
-0.1,0.005
-0.1,0.005
-0.1,0.005
-0.1,0.005
0.0,0.005
0.0,0.005
0.0,0.005
0.0,0.005
0.0,0.005
0.0,0.005
0.0,0.005
0.0,0.005
0.0,0.005
0.0,0.005
0.0,0.005
0.0,0.005
0.0,0.005
0.0,0.005
0.0,0.005
0.0,0.005
0.0,0.005
0.0,0.005
0.0,0.005
0.0,0.005
0.0,0.005
0.0,0.005
0.0,0.005
0.0,0.005
0.0,0.005
0.0,0.010
0.0,0.010
0.0,0.010
0.0,0.010
0.0,0.010
0.0,0.010
0.0,0.010
0.0,0.010
0.0,0.010
0.0,0.010
0.0,0.010
0.0,0.010
0.0,0.010
0.0,0.010
0.0,0.010
0.0,0.010
0.0,0.010
0.0,0.010
0.0,0.010
0.0,0.010
0.0,0.010
0.0,0.010
0.0,0.010
0.0,0.010
0.0,0.010
0.0,0.010
0.0,0.010
0.0,0.010
0.0,0.010
0.0,0.010
0.0,0.010
0.0,0.010
0.0,0.010
0.0,0.010
0.0,0.010
0.0,0.010
0.0,0.010
0.0,0.010
0.0,0.010
0.0,0.010
0.0,0.010
0.0,0.010
