MAX FORCE = 190.6,3.660
MIN FORCE = -1.1,-0.035
AVERAGE FORCE = 50.72,
UNIT = gf,mm
DATA COUNT = 49377,
RECORDING RATE = 0.0005,
FILE DATE = 8/10/2026 8:47:17 PM,
COMMENT = ,
MARK POINT ON = ---,---
MARK POINT OFF = ---,---
THRESHOLD = ---,
1ST PEAK FORCE = ---,---
2ND PEAK FORCE = ---,---
0.0,0.000
0.0,0.000
0.0,0.000
0.0,0.000
0.0,0.000
0.0,0.000
0.1,0.000
0.0,0.000
0.0,0.000
0.0,0.000
0.0,0.000
0.0,0.000
0.0,0.000
0.0,0.000
0.0,0.000
0.0,0.000
0.0,0.000
0.0,0.000
0.0,0.000
0.0,0.000
0.0,0.000
0.0,0.000
0.0,0.000
0.0,0.000
0.0,0.000
0.0,0.000
0.0,0.000
0.0,0.000
0.0,0.000
0.0,0.000
0.0,0.000
0.0,0.000
0.0,0.000
0.0,0.000
0.0,0.000
0.0,0.000
0.0,0.000
0.0,0.000
0.0,0.000
0.0,0.000
0.0,0.000
-0.1,0.000
-0.1,0.000
-0.1,0.000
0.0,0.000
0.1,0.000
0.1,0.000
0.1,0.000
0.1,0.000
0.1,0.000
0.1,0.000
0.1,0.000
0.0,0.000
0.0,0.000
-0.1,0.000
-0.1,0.000
-0.1,0.000
-0.1,0.000
-0.1,0.000
-0.1,0.000
-0.1,0.000
-0.1,0.000
0.0,0.000
0.0,0.000
0.1,0.000
0.1,0.000
0.1,0.000
0.1,0.000
0.1,0.000
0.1,0.000
0.0,0.000
0.1,0.000
0.0,0.000
0.0,0.000
-0.1,0.000
-0.1,0.000
-0.1,0.000
-0.1,0.000
-0.1,0.000
-0.1,0.000
-0.1,0.000
0.0,0.000
0.0,0.000
0.1,0.000
0.1,0.000
0.1,0.000
0.1,0.000
0.1,0.000
0.1,0.000
0.1,0.000
0.1,0.000
0.1,0.000
0.0,0.000
0.0,0.000
-0.1,0.000
-0.1,0.000
-0.1,0.000
0.0,0.000
0.0,0.000
0.0,0.000
0.0,0.000
0.0,0.000
0.1,0.000
0.1,0.000
0.1,0.000
0.1,0.000
0.1,0.000
0.1,0.000
0.1,0.000
0.1,0.000
0.1,0.000
0.1,0.000
0.0,0.000
0.0,0.000
0.0,0.000
0.0,0.000
0.0,0.000
0.0,0.000
0.0,0.000
0.0,0.000
0.0,0.000
0.0,0.000
0.0,0.000
0.1,0.000
0.1,0.000
0.1,0.000
0.1,0.000
0.1,0.000
0.1,0.000
0.1,0.000
0.0,0.000
0.0,0.000
0.0,0.000
0.0,0.000
-0.1,0.000
-0.1,0.000
-0.1,0.000
-0.1,0.000
-0.1,0.000
-0.1,0.000
-0.1,0.000
-0.1,0.000
-0.1,0.000
0.0,0.000
0.0,0.000
0.0,0.000
0.0,0.000
0.0,0.000
0.0,0.000
0.0,0.000
0.0,0.000
-0.1,0.000
0.0,0.000
-0.1,0.000
-0.1,0.000
-0.1,0.000
-0.1,0.000
-0.1,0.000
-0.1,0.000
-0.1,0.000
-0.1,0.000
-0.1,0.000
0.1,0.000
0.0,0.000
0.0,0.000
0.0,0.000
0.0,0.000
0.1,0.000
0.1,0.000
0.1,0.000
0.1,0.000
0.1,0.000
0.1,0.000
0.0,0.000
0.0,0.000
0.0,0.000
0.0,0.000
0.0,0.000
0.0,0.000
0.0,0.000
0.0,0.000
0.0,0.000
0.0,0.000
0.0,0.000
0.0,0.000
0.0,0.000
0.0,0.000
0.0,0.000
0.0,0.000
0.0,0.000
0.0,0.000
0.0,0.000
0.0,0.000
0.0,0.000
0.0,0.000
0.0,0.000
0.0,0.000
-0.1,0.000
-0.1,0.000
-0.1,0.000
-0.1,0.000
-0.1,0.000
-0.1,0.000
0.0,0.000
0.0,0.000
0.0,0.000
0.0,0.000
0.0,0.000
0.0,0.000
0.0,0.000
0.0,0.000
0.0,0.000
0.0,0.000
0.0,0.000
0.0,0.000
0.0,0.000
0.0,0.000
0.0,0.000
0.0,0.000
0.0,0.000
0.0,0.000
0.0,0.000
0.0,0.000
0.0,0.000
0.0,0.000
0.0,0.000
0.0,0.000
0.0,0.000
0.0,0.000
0.0,0.000
0.0,0.000
0.0,0.000
0.0,0.000
0.0,0.000
0.0,0.000
0.0,0.000
0.0,0.000
0.0,0.000
0.0,0.000
0.0,0.000
0.0,0.000
0.0,0.000
0.0,0.000
0.0,0.000
0.0,0.000
0.0,0.000
0.0,0.000
0.0,0.000
0.0,0.000
0.0,0.000
0.0,0.000
0.0,0.000
0.0,0.000
0.0,0.000
0.0,0.000
0.0,0.000
0.0,0.000
0.0,0.000
0.0,0.000
0.0,0.000
0.0,0.000
0.0,0.000
0.0,0.000
0.0,0.000
0.0,0.000
0.0,0.000
0.0,0.000
0.0,0.000
0.0,0.000
0.0,0.000
0.0,0.000
0.0,0.000
0.0,0.000
0.0,0.000
0.0,0.000
0.0,0.000
0.0,0.000
0.0,0.000
0.0,0.000
0.0,0.000
-0.1,0.000
0.0,0.000
0.0,0.000
0.0,0.000
0.0,0.000
0.0,0.000
0.0,0.000
0.0,0.000
0.0,0.000
0.0,0.000
0.0,0.000
0.0,0.000
0.0,0.000
0.0,0.000
0.0,0.000
0.0,0.000
0.0,0.000
0.0,0.000
0.0,0.000
0.0,0.000
0.0,0.000
0.0,0.000
0.0,0.000
0.0,0.000
0.0,0.000
0.0,0.000
0.1,0.000
0.1,0.000
0.1,0.000
0.1,0.000
0.1,0.000
0.1,0.000
0.1,0.000
0.1,0.000
0.0,0.000
-0.1,0.000
-0.1,0.000
-0.1,0.000
-0.1,0.000
-0.1,0.000
-0.1,0.000
-0.1,0.000
-0.1,0.000
-0.1,0.000
-0.1,0.000
-0.1,0.000
-0.1,0.000
0.0,0.000
0.0,0.000
0.0,0.000
0.0,0.000
0.0,0.000
0.0,0.000
0.0,0.000
0.0,0.000
0.0,0.000
0.0,0.000
0.0,0.000
0.0,0.000
0.0,0.000
0.0,0.000
0.0,0.000
0.0,0.000
0.0,0.000
0.0,0.000
0.1,0.000
0.0,0.000
0.1,0.000
0.1,0.000
0.1,0.000
0.1,0.000
0.1,0.000
0.0,0.000
0.0,0.000
0.0,0.000
0.0,0.000
0.0,0.000
0.0,0.000
0.0,0.000
0.0,0.000
0.0,0.000
0.0,0.000
0.0,0.000
0.0,0.000
0.0,0.000
0.0,0.000
0.0,0.000
0.0,0.000
0.0,0.000
0.0,0.000
0.0,0.000
0.0,0.000
0.0,0.000
0.0,0.000
0.0,0.000
0.0,0.000
0.0,0.000
0.0,0.000
0.0,0.000
0.0,0.000
0.0,0.000
0.0,0.000
0.0,0.000
0.0,0.000
0.0,0.000
0.0,0.000
0.0,0.000
0.0,0.000
0.0,0.000
0.0,0.000
0.0,0.000
0.0,0.000
0.0,0.000
0.0,0.000
0.0,0.000
0.0,0.000
0.0,0.000
0.0,0.000
0.0,0.000
0.0,0.000
0.0,0.000
0.0,0.000
0.0,0.000
0.0,0.000
0.0,0.000
0.0,0.000
0.1,0.000
0.1,0.000
0.1,0.000
0.1,0.000
0.1,0.000
0.1,0.000
0.1,0.000
0.1,0.000
0.1,0.000
0.1,0.000
0.1,0.000
0.0,0.000
0.0,0.000
0.0,0.000
0.0,0.000
0.0,0.000
0.0,0.000
0.0,0.000
0.0,0.000
0.0,0.000
0.0,0.000
0.0,0.000
0.0,0.000
0.0,0.000
0.0,0.000
0.0,0.000
0.0,0.000
0.0,0.000
0.0,0.000
0.0,0.000
0.0,0.000
0.0,0.000
0.0,0.000
0.0,0.000
0.0,0.000
0.0,0.000
0.0,0.000
0.0,0.000
0.0,0.000
0.0,0.000
0.0,0.000
0.0,0.000
0.0,0.000
0.0,0.000
0.0,0.000
0.0,0.000
0.0,0.000
0.0,0.000
0.0,0.000
0.0,0.000
0.0,0.000
0.0,0.000
0.0,0.000
0.0,0.000
0.0,0.000
0.0,0.000
0.0,0.000
0.0,0.000
0.0,0.000
0.0,0.000
0.0,0.000
0.0,0.000
0.0,0.000
0.0,0.000
0.0,0.000
0.0,0.000
0.0,0.000
0.0,0.000
0.0,0.000
0.0,0.000
0.0,0.000
0.0,0.000
0.0,0.000
0.0,0.000
0.0,0.000
0.0,0.000
0.0,0.000
0.0,0.000
0.0,0.000
0.0,0.000
0.0,0.000
0.0,0.000
0.0,0.000
0.0,0.000
0.0,0.000
0.0,0.000
0.0,0.000
0.0,0.000
0.0,0.000
0.0,0.000
0.0,0.000
0.0,0.000
0.0,0.000
0.0,0.000
0.0,0.000
0.0,0.000
0.0,0.000
0.0,0.000
0.0,0.000
0.0,0.000
0.0,0.000
0.0,0.000
0.0,0.000
0.0,0.000
0.0,0.000
0.0,0.000
0.0,0.000
0.0,0.000
0.0,0.000
0.0,0.000
0.0,0.000
0.0,0.000
0.0,0.000
0.0,0.000
0.0,0.000
0.0,0.000
0.0,0.000
0.0,0.000
0.0,0.000
0.0,0.000
0.0,0.000
0.0,0.000
0.0,0.000
0.0,0.000
0.0,0.000
0.0,0.000
0.0,0.000
0.0,0.000
0.0,0.000
0.0,0.000
0.0,0.000
0.0,0.000
0.0,0.000
0.0,0.000
0.0,0.000
0.0,0.000
0.0,0.000
0.0,0.000
0.0,0.000
0.0,0.000
0.0,0.000
0.0,0.000
0.0,0.000
0.0,0.000
0.0,0.000
0.0,0.000
0.0,0.000
0.0,0.000
0.0,0.000
0.0,0.000
0.0,0.000
0.0,0.000
0.0,0.000
0.0,0.000
0.0,0.000
0.0,0.000
0.0,0.000
0.0,0.000
0.0,0.000
0.0,0.000
0.0,0.000
0.0,0.000
0.0,0.000
0.0,0.000
0.0,0.000
0.0,0.000
0.0,0.000
0.0,0.000
0.0,0.000
0.0,0.000
0.0,0.000
0.0,0.000
0.0,0.000
0.0,0.000
0.0,0.000
0.0,0.000
0.0,0.000
0.0,0.000
0.0,0.000
0.0,0.000
0.0,0.000
0.0,0.000
0.0,0.000
0.0,0.000
0.0,0.000
0.0,0.000
0.0,0.000
0.0,0.000
0.0,0.000
0.0,0.000
0.0,0.000
0.0,0.000
0.0,0.000
0.0,0.000
0.0,0.000
0.0,0.000
0.0,0.000
0.0,0.000
0.0,0.000
0.0,0.000
0.0,0.000
0.0,0.000
0.0,0.000
0.0,0.000
0.0,0.000
0.0,0.000
0.0,0.000
0.0,0.000
0.0,0.000
0.0,0.000
0.0,0.000
0.0,0.000
0.0,0.000
0.0,0.000
0.0,0.000
0.0,0.000
0.0,0.000
0.0,0.000
0.0,0.000
0.0,0.000
0.0,0.000
0.0,0.000
0.0,0.000
0.0,0.000
0.0,0.000
0.0,0.000
0.0,0.000
0.0,0.000
0.0,0.000
0.0,0.000
0.0,0.000
0.0,0.000
0.0,0.000
0.0,0.000
0.0,0.000
0.0,0.000
0.0,0.000
0.0,0.000
0.0,0.000
0.0,0.000
0.0,0.000
0.0,0.000
0.0,0.000
0.0,0.000
0.0,0.000
0.0,0.000
0.0,0.000
0.0,0.000
0.0,0.000
0.0,0.000
0.0,0.000
0.0,0.000
0.0,0.000
0.0,0.000
0.0,0.000
0.0,0.000
0.0,0.000
0.0,0.000
0.0,0.000
0.0,0.000
0.0,0.000
0.0,0.000
0.0,0.000
0.0,0.000
0.0,0.000
0.0,0.000
0.0,0.000
0.0,0.000
0.0,0.000
0.0,0.000
0.0,0.000
0.0,0.000
0.0,0.000
0.0,0.000
0.0,0.000
0.0,0.000
0.0,0.000
0.0,0.000
0.0,0.000
0.0,0.000
0.0,0.000
0.0,0.000
0.0,0.000
0.0,0.000
0.0,0.000
0.0,0.000
0.0,0.000
0.0,0.000
-0.1,0.000
-0.1,0.000
-0.1,0.000
-0.1,0.000
-0.1,0.000
-0.1,0.000
-0.1,0.000
-0.1,0.000
-0.1,0.000
0.0,0.000
0.0,0.000
0.0,0.000
0.0,0.000
0.0,0.000
0.0,0.000
0.0,0.000
0.0,0.000
0.0,0.000
0.0,0.000
0.0,0.000
0.0,0.000
0.0,0.000
0.0,0.000
0.0,0.000
0.0,0.000
0.0,0.000
0.0,0.000
0.0,0.000
0.0,0.000
0.0,0.000
0.0,0.000
0.0,0.000
0.0,0.000
0.0,0.000
0.0,0.000
0.0,0.000
0.0,0.000
0.0,0.000
0.0,0.000
0.0,0.000
0.0,0.000
0.0,0.000
0.0,0.000
0.0,0.000
0.0,0.000
0.0,0.000
0.0,0.000
0.0,0.000
0.0,0.000
0.0,0.000
0.0,0.000
0.0,0.000
0.0,0.000
0.0,0.000
0.0,0.000
0.0,0.000
0.0,0.000
0.0,0.000
0.0,0.000
0.0,0.000
-0.1,0.000
-0.1,0.000
-0.1,0.000
0.0,0.000
0.0,0.000
0.0,0.000
0.0,0.000
0.0,0.000
0.0,0.000
0.0,0.000
0.0,0.000
0.0,0.000
0.0,0.000
0.0,0.000
0.0,0.000
0.0,0.000
0.0,0.000
0.0,0.000
0.0,0.000
-0.1,0.000
-0.1,0.000
-0.1,0.000
-0.1,0.000
-0.1,0.000
-0.1,0.000
0.0,0.000
0.0,0.000
0.0,0.000
0.0,0.000
0.0,0.000
0.0,0.000
0.0,0.000
0.0,0.000
0.0,0.000
0.0,0.000
0.0,0.000
0.0,0.000
0.0,0.000
0.0,0.000
0.0,0.000
0.0,0.000
0.0,0.000
0.0,0.000
0.0,0.000
0.0,0.000
0.0,0.000
0.0,0.000
0.0,0.000
0.0,0.000
0.1,0.000
0.1,0.000
0.1,0.000
0.1,0.000
0.1,0.000
0.1,0.000
0.1,0.000
0.1,0.000
0.0,0.000
0.0,0.000
0.0,0.000
0.0,0.000
0.0,0.000
0.0,0.000
0.0,0.000
0.0,0.000
0.0,0.000
0.0,0.000
0.0,0.000
0.0,0.000
0.0,0.000
0.0,0.000
0.0,0.000
0.0,0.000
0.0,0.000
0.0,0.000
0.0,0.000
0.0,0.000
0.0,0.000
0.0,0.000
0.0,0.000
0.0,0.000
0.0,0.000
0.0,0.000
0.0,0.000
0.0,0.000
0.0,0.000
0.0,0.000
0.0,0.000
0.0,0.000
0.0,0.000
0.0,0.000
0.0,0.000
0.0,0.000
0.0,0.000
0.0,0.000
0.0,0.000
0.0,0.000
0.0,0.000
0.0,0.000
0.0,0.000
0.0,0.000
0.0,0.000
0.0,0.000
0.0,0.000
0.0,0.000
0.0,0.000
0.0,0.000
0.0,0.000
0.0,0.000
0.0,0.000
0.0,0.000
0.0,0.000
0.0,0.000
0.0,0.000
0.0,0.000
0.0,0.000
0.0,0.000
0.0,0.000
0.0,0.000
0.0,0.000
0.0,0.000
0.0,0.000
0.0,0.000
-0.1,0.000
-0.1,0.000
-0.1,0.000
-0.1,0.000
0.0,0.000
0.0,0.000
0.0,0.000
0.0,0.000
0.0,0.000
0.0,0.000
0.0,0.000
0.0,0.000
0.0,0.000
0.0,0.000
0.0,0.000
0.0,0.000
0.0,0.000
0.0,0.000
0.0,0.000
0.0,0.000
0.0,0.000
0.0,0.000
0.0,0.000
0.0,0.000
0.0,0.000
0.0,0.000
0.0,0.000
0.0,0.000
0.0,0.000
0.0,0.000
0.0,0.000
0.0,0.000
0.0,0.000
0.0,0.000
0.0,0.000
0.0,0.000
0.0,0.000
0.0,0.000
0.0,0.000
0.0,0.000
0.0,0.000
0.0,0.000
0.0,0.000
0.0,0.000
0.0,0.000
0.0,0.000
0.0,0.000
0.0,0.000
0.0,0.000
0.0,0.000
0.0,0.000
0.0,0.000
0.0,0.000
0.0,0.000
0.0,0.000
0.0,0.000
0.0,0.000
0.0,0.000
0.0,0.000
0.0,0.000
0.0,0.000
0.0,0.000
0.0,0.000
0.0,0.000
0.0,0.000
0.0,0.000
0.0,0.000
0.0,0.000
0.0,0.000
0.0,0.000
0.0,0.000
0.0,0.000
0.0,0.000
0.0,0.000
0.0,0.000
0.0,0.000
0.0,0.000
0.0,0.000
0.0,0.000
0.0,0.000
0.0,0.000
0.0,0.000
0.0,0.000
0.0,0.000
0.0,0.000
0.0,0.000
0.0,0.000
0.0,0.000
0.0,0.000
0.0,0.000
0.0,0.000
0.0,0.000
0.0,0.000
0.0,0.000
0.0,0.000
0.0,0.000
0.0,0.000
0.0,0.000
0.0,0.000
0.0,0.000
0.0,0.000
0.0,0.000
0.0,0.000
0.0,0.000
0.0,0.000
0.0,0.000
0.0,0.000
0.0,0.000
0.0,0.000
0.0,0.000
0.0,0.000
0.0,0.000
0.0,0.000
0.0,0.000
0.0,0.000
0.0,0.000
0.0,0.000
0.0,0.000
0.0,0.000
0.0,0.000
0.0,0.000
0.0,0.000
0.0,0.000
0.0,0.000
0.0,0.000
0.0,0.000
0.0,0.000
0.0,0.000
0.0,0.000
0.0,0.000
0.0,0.000
0.0,0.000
0.0,0.000
0.0,0.000
0.0,0.000
0.0,0.000
0.0,0.000
0.0,0.000
0.0,0.000
0.0,0.000
0.0,0.000
0.0,0.000
0.0,0.000
0.0,0.000
0.0,0.000
0.0,0.000
0.0,0.000
0.0,0.000
0.0,0.000
0.0,0.000
0.0,0.000
0.0,0.000
0.0,0.000
0.0,0.000
0.0,0.000
0.0,0.000
0.0,0.000
0.0,0.000
0.0,0.000
0.0,0.000
0.0,0.000
0.0,0.000
0.0,0.000
0.0,0.000
0.0,0.000
0.0,0.000
0.0,0.000
0.0,0.000
0.0,0.000
0.0,0.000
0.0,0.000
0.0,0.000
0.0,0.000
0.0,0.000
0.0,0.000
0.0,0.000
0.0,0.000
0.0,0.000
0.0,0.000
0.0,0.000
0.0,0.000
0.0,0.000
0.0,0.000
0.0,0.000
0.0,0.000
0.0,0.000
0.0,0.000
0.0,0.005
0.0,0.005
0.0,0.005
0.0,0.005
0.0,0.005
0.0,0.005
0.0,0.005
0.0,0.005
0.0,0.005
0.0,0.005
0.0,0.005
0.0,0.005
0.0,0.005
0.0,0.005
0.0,0.005
0.0,0.005
0.0,0.005
0.0,0.005
0.0,0.005
0.0,0.005
0.0,0.005
0.0,0.005
0.0,0.005
0.0,0.005
0.0,0.005
0.0,0.005
0.0,0.005
0.0,0.005
0.0,0.005
0.0,0.005
0.0,0.005
0.0,0.005
0.0,0.005
0.0,0.005
0.0,0.005
-0.1,0.005
-0.1,0.005
-0.1,0.005
-0.1,0.005
-0.1,0.005
-0.1,0.005
0.0,0.005
0.0,0.005
0.0,0.005
0.0,0.005
0.0,0.005
0.0,0.005
0.0,0.005
0.0,0.005
0.0,0.005
0.0,0.005
0.0,0.005
0.0,0.005
0.0,0.005
0.0,0.005
0.0,0.005
0.0,0.005
0.0,0.005
0.0,0.005
0.0,0.005
0.0,0.005
0.0,0.005
0.0,0.005
0.0,0.005
0.0,0.005
0.0,0.005
0.0,0.005
0.0,0.005
0.0,0.005
0.0,0.005
0.0,0.005
0.0,0.005
0.0,0.005
0.0,0.005
0.0,0.005
0.0,0.005
0.0,0.005
0.0,0.005
0.0,0.005
0.0,0.005
0.0,0.005
0.0,0.005
0.0,0.005
0.0,0.005
0.0,0.005
0.0,0.005
0.0,0.005
0.0,0.005
0.0,0.005
0.0,0.005
0.0,0.005
0.0,0.005
0.0,0.005
0.0,0.005
0.0,0.005
0.0,0.005
0.0,0.005
0.0,0.005
0.0,0.005
0.0,0.005
0.0,0.005
0.0,0.005
0.0,0.005
0.0,0.005
0.0,0.005
0.0,0.005
0.0,0.005
0.0,0.005
0.0,0.005
0.0,0.005
0.0,0.005
0.0,0.005
0.0,0.005
0.0,0.005
0.0,0.005
0.0,0.005
0.0,0.005
0.0,0.005
0.0,0.005
0.0,0.005
0.0,0.005
0.0,0.005
0.0,0.005
0.0,0.005
0.0,0.005
0.0,0.005
0.0,0.005
0.0,0.005
0.0,0.005
0.0,0.005
0.0,0.005
0.0,0.005
0.0,0.005
0.0,0.005
0.0,0.005
0.0,0.005
0.0,0.005
0.0,0.005
0.0,0.005
0.0,0.005
0.0,0.005
0.0,0.005
0.0,0.005
0.0,0.005
0.0,0.005
0.0,0.005
0.0,0.005
0.0,0.005
0.0,0.005
0.0,0.005
0.0,0.005
0.0,0.005
0.0,0.005
0.0,0.005
0.0,0.005
0.0,0.005
0.0,0.005
0.0,0.005
0.0,0.005
0.0,0.005
0.0,0.005
0.0,0.005
0.0,0.005
0.0,0.005
0.0,0.005
0.0,0.005
0.0,0.005
0.0,0.005
0.0,0.005
0.0,0.005
0.0,0.005
0.0,0.005
0.0,0.005
0.0,0.005
0.0,0.005
0.0,0.005
0.0,0.005
0.0,0.005
0.0,0.005
0.0,0.005
0.0,0.005
0.0,0.005
0.0,0.005
0.0,0.005
0.0,0.005
0.0,0.005
0.0,0.005
0.0,0.005
0.0,0.005
0.0,0.005
0.0,0.005
0.0,0.005
0.0,0.005
0.0,0.005
0.0,0.005
0.0,0.005
0.0,0.005
0.0,0.005
0.0,0.005
0.0,0.005
0.0,0.005
0.0,0.005
0.0,0.005
0.0,0.005
0.0,0.005
0.0,0.005
0.0,0.005
0.0,0.005
0.0,0.005
0.0,0.005
0.0,0.005
0.0,0.005
0.0,0.005
0.0,0.005
0.0,0.005
0.0,0.005
0.0,0.005
0.0,0.005
0.0,0.005
0.0,0.005
0.0,0.005
0.0,0.005
0.0,0.005
0.0,0.005
0.0,0.005
0.0,0.005
0.0,0.005
0.0,0.005
0.0,0.005
0.0,0.005
0.0,0.005
0.0,0.005
0.0,0.005
0.0,0.005
0.0,0.005
0.0,0.005
0.0,0.005
0.0,0.005
0.0,0.005
0.0,0.005
0.0,0.005
0.0,0.005
0.0,0.005
0.0,0.005
0.0,0.005
0.0,0.005
0.0,0.005
0.0,0.005
0.0,0.005
0.0,0.005
0.0,0.005
0.0,0.005
0.0,0.005
0.0,0.005
0.0,0.005
0.0,0.005
0.0,0.005
0.0,0.005
0.0,0.005
0.0,0.005
0.0,0.005
0.0,0.005
0.0,0.005
0.0,0.005
0.0,0.005
0.0,0.005
0.0,0.005
0.0,0.005
0.0,0.005
0.0,0.005
0.0,0.005
0.0,0.005
0.0,0.005
0.0,0.005
0.0,0.005
0.0,0.005
0.0,0.005
0.0,0.005
0.0,0.005
0.0,0.005
0.0,0.005
0.0,0.005
0.0,0.005
0.0,0.005
0.0,0.005
0.0,0.005
0.0,0.005
0.0,0.005
0.0,0.005
0.0,0.005
0.0,0.005
0.0,0.005
0.0,0.005
0.0,0.005
0.0,0.005
0.0,0.005
0.0,0.005
0.0,0.005
0.0,0.005
0.0,0.005
0.0,0.005
0.0,0.005
0.0,0.005
0.0,0.005
0.0,0.005
0.0,0.005
0.0,0.005
0.0,0.005
0.0,0.005
0.0,0.005
0.0,0.005
0.0,0.005
0.0,0.005
0.0,0.005
0.0,0.005
0.0,0.005
0.0,0.005
0.0,0.005
0.0,0.005
0.0,0.005
0.0,0.005
0.0,0.005
0.0,0.005
0.0,0.005
0.0,0.005
0.0,0.005
0.0,0.005
0.0,0.005
0.0,0.005
0.0,0.005
0.0,0.005
0.0,0.005
0.0,0.005
0.0,0.005
0.0,0.005
0.0,0.005
0.0,0.005
0.0,0.005
0.0,0.005
0.0,0.005
0.0,0.005
0.1,0.005
0.1,0.005
0.1,0.005
0.1,0.005
0.0,0.005
0.0,0.005
0.0,0.005
0.0,0.005
0.0,0.005
0.0,0.005
0.0,0.005
0.0,0.005
0.0,0.005
0.0,0.005
0.0,0.005
0.0,0.005
0.0,0.005
0.0,0.005
0.0,0.005
0.1,0.005
0.0,0.005
0.0,0.005
0.0,0.005
0.0,0.005
0.0,0.005
0.0,0.005
0.0,0.005
0.0,0.005
0.0,0.005
0.0,0.005
0.0,0.005
0.0,0.005
0.0,0.005
0.0,0.005
0.0,0.005
0.0,0.005
0.0,0.005
0.0,0.005
0.0,0.005
0.0,0.005
0.0,0.005
0.0,0.005
0.0,0.005
0.0,0.005
0.0,0.005
0.0,0.005
0.0,0.005
0.0,0.005
0.0,0.005
0.0,0.005
0.0,0.005
0.0,0.005
0.0,0.005
0.0,0.005
0.0,0.005
0.0,0.005
0.0,0.005
0.0,0.005
0.0,0.005
0.0,0.005
0.0,0.005
0.0,0.005
0.0,0.005
0.0,0.005
0.0,0.005
0.0,0.005
0.0,0.005
0.0,0.005
0.0,0.005
0.0,0.005
0.0,0.005
0.0,0.005
0.0,0.005
0.0,0.005
0.0,0.005
0.0,0.005
0.0,0.005
0.0,0.005
0.0,0.005
0.0,0.005
0.0,0.005
0.0,0.005
0.0,0.005
0.0,0.005
0.0,0.005
0.0,0.005
0.0,0.005
0.0,0.005
0.0,0.005
0.0,0.005
0.0,0.005
0.0,0.005
0.0,0.005
0.0,0.005
0.0,0.005
0.0,0.005
0.0,0.005
0.0,0.005
0.0,0.005
0.0,0.005
0.0,0.005
0.0,0.005
0.0,0.005
0.0,0.005
0.0,0.005
0.0,0.005
0.0,0.005
0.0,0.005
0.0,0.005
0.0,0.005
0.0,0.005
0.0,0.005
0.0,0.005
0.0,0.005
0.0,0.005
0.0,0.005
0.0,0.005
0.0,0.005
0.0,0.005
0.0,0.005
0.0,0.005
0.0,0.005
0.0,0.005
0.0,0.005
0.0,0.005
0.0,0.005
0.0,0.005
0.0,0.005
0.0,0.005
0.0,0.005
0.0,0.005
0.0,0.005
0.0,0.005
0.0,0.005
0.0,0.005
0.0,0.005
0.0,0.005
0.0,0.005
0.0,0.005
0.0,0.005
0.0,0.005
0.0,0.005
0.0,0.005
0.0,0.005
0.0,0.005
0.0,0.005
0.0,0.005
0.0,0.005
0.0,0.005
0.0,0.005
0.0,0.005
0.0,0.005
0.0,0.005
0.0,0.005
0.0,0.005
0.0,0.005
0.0,0.005
0.0,0.005
0.0,0.005
0.0,0.005
0.0,0.005
0.0,0.005
0.0,0.005
0.0,0.005
0.0,0.005
0.0,0.005
0.0,0.005
0.0,0.005
0.0,0.005
0.0,0.005
0.0,0.005
0.0,0.005
0.0,0.005
0.0,0.005
0.0,0.005
0.0,0.005
0.0,0.005
0.0,0.005
0.0,0.005
0.0,0.005
0.0,0.005
0.0,0.005
0.0,0.005
0.0,0.005
0.0,0.005
0.0,0.005
0.0,0.005
0.0,0.005
0.0,0.005
0.0,0.005
0.0,0.005
0.0,0.005
0.0,0.005
0.0,0.005
0.0,0.005
0.0,0.005
0.0,0.005
0.0,0.005
0.0,0.005
0.0,0.005
0.0,0.005
0.0,0.005
0.0,0.005
0.0,0.005
0.0,0.005
0.0,0.005
0.0,0.005
0.0,0.005
0.0,0.005
0.0,0.005
0.0,0.005
0.0,0.005
0.0,0.005
-0.1,0.005
-0.1,0.005
-0.1,0.005
-0.1,0.005
0.0,0.005
0.0,0.005
0.0,0.005
0.0,0.005
0.0,0.005
0.0,0.005
0.0,0.005
0.0,0.005
0.0,0.005
0.0,0.005
0.0,0.005
0.0,0.005
0.0,0.005
0.0,0.005
0.0,0.005
0.0,0.005
0.0,0.005
0.0,0.005
0.0,0.005
0.0,0.005
0.1,0.005
0.0,0.005
0.0,0.005
0.0,0.005
0.0,0.005
0.1,0.005
0.1,0.005
0.1,0.005
0.0,0.005
0.0,0.005
0.0,0.005
0.0,0.005
0.0,0.005
0.0,0.005
0.0,0.005
0.0,0.005
0.0,0.005
0.0,0.005
0.0,0.005
0.0,0.005
0.0,0.005
0.0,0.005
0.0,0.005
0.0,0.005
0.0,0.005
0.0,0.005
0.0,0.005
0.0,0.005
0.0,0.005
0.0,0.005
0.0,0.005
0.0,0.005
0.0,0.005
0.0,0.005
0.0,0.005
0.0,0.005
0.0,0.005
0.0,0.005
0.0,0.005
0.0,0.005
0.0,0.005
0.0,0.005
0.0,0.005
0.0,0.005
0.0,0.005
0.0,0.005
0.0,0.005
0.0,0.005
0.0,0.005
0.0,0.005
0.0,0.005
0.0,0.005
0.0,0.005
0.0,0.005
0.0,0.005
0.0,0.005
0.0,0.005
0.0,0.005
0.0,0.005
0.0,0.010
0.0,0.010
0.0,0.010
0.0,0.010
0.0,0.010
0.0,0.010
0.0,0.010
0.0,0.010
0.0,0.010
0.0,0.010
0.0,0.010
0.0,0.010
0.0,0.010
0.0,0.010
0.0,0.010
0.0,0.010
0.0,0.010
0.0,0.010
0.0,0.010
0.0,0.010
0.0,0.010
0.0,0.010
0.0,0.010
0.0,0.010
0.0,0.010
0.0,0.010
0.0,0.010
0.0,0.010
0.0,0.010
0.0,0.010
0.0,0.010
0.0,0.010
0.0,0.010
0.0,0.010
0.0,0.010
0.0,0.010
0.0,0.010
0.0,0.010
0.0,0.010
0.0,0.010
0.0,0.010
0.0,0.010
0.0,0.010
0.0,0.010
0.0,0.010
0.0,0.010
0.0,0.010
0.0,0.010
0.0,0.010
0.0,0.010
0.0,0.010
0.0,0.010
0.0,0.010
0.0,0.010
0.0,0.010
0.0,0.010
0.0,0.010
0.0,0.010
0.0,0.010
0.0,0.010
0.0,0.010
0.0,0.010
0.0,0.010
0.0,0.010
0.0,0.010
0.0,0.010
0.0,0.010
0.0,0.010
0.0,0.010
0.0,0.010
0.0,0.010
0.0,0.010
0.0,0.010
0.0,0.010
0.0,0.010
0.0,0.010
0.0,0.010
0.0,0.010
0.0,0.010
0.0,0.010
0.0,0.010
0.0,0.010
0.0,0.010
0.0,0.010
0.0,0.010
0.0,0.010
0.0,0.010
0.0,0.010
0.0,0.010
0.0,0.010
0.0,0.010
0.0,0.010
0.0,0.010
0.0,0.010
0.0,0.010
0.0,0.010
0.0,0.010
0.0,0.010
0.0,0.010
0.0,0.010
0.0,0.010
0.0,0.010
0.0,0.010
0.0,0.010
0.0,0.010
0.0,0.010
0.0,0.010
0.0,0.010
0.0,0.010
0.0,0.010
0.0,0.010
0.0,0.010
0.0,0.010
0.0,0.010
0.0,0.010
0.0,0.010
0.0,0.010
0.0,0.010
0.0,0.010
0.0,0.010
0.0,0.010
0.0,0.010
0.0,0.010
0.0,0.010
0.0,0.010
0.0,0.010
0.0,0.010
0.0,0.010
0.0,0.010
0.0,0.010
0.0,0.010
0.0,0.010
0.0,0.010
0.0,0.010
0.0,0.010
0.0,0.010
0.0,0.010
0.0,0.010
0.0,0.010
0.0,0.010
0.0,0.010
0.0,0.010
0.0,0.010
0.0,0.010
0.0,0.010
0.0,0.010
0.0,0.010
0.0,0.010
0.0,0.010
0.0,0.010
0.0,0.010
0.0,0.010
0.0,0.010
0.0,0.010
0.0,0.010
0.0,0.010
0.0,0.010
0.0,0.010
0.0,0.010
0.0,0.010
0.0,0.010
0.0,0.010
0.0,0.010
0.0,0.010
0.0,0.010
0.0,0.010
0.0,0.010
0.0,0.010
0.0,0.010
0.0,0.010
0.0,0.010
0.0,0.010
0.0,0.010
0.0,0.010
0.0,0.010
0.0,0.010
0.0,0.010
0.0,0.010
0.0,0.010
0.0,0.010
0.0,0.010
0.0,0.010
0.0,0.010
0.0,0.010
0.0,0.010
0.0,0.010
0.0,0.010
0.0,0.010
0.0,0.010
0.0,0.010
0.0,0.010
0.0,0.010
0.0,0.010
0.1,0.010
0.0,0.010
0.0,0.010
0.0,0.010
0.0,0.010
0.0,0.010
0.0,0.010
0.0,0.010
0.0,0.010
0.0,0.010
0.0,0.010
0.0,0.010
0.0,0.010
0.0,0.010
0.0,0.010
0.0,0.010
0.0,0.010
0.0,0.010
0.0,0.010
0.0,0.010
0.0,0.010
0.0,0.010
0.0,0.010
0.0,0.010
0.0,0.010
0.0,0.010
0.0,0.010
0.0,0.010
0.0,0.010
0.0,0.010
0.0,0.010
0.0,0.010
0.0,0.010
0.0,0.010
0.0,0.010
0.0,0.010
0.0,0.010
0.0,0.010
0.0,0.010
0.0,0.010
0.0,0.010
0.0,0.010
0.0,0.010
0.0,0.010
0.0,0.010
0.0,0.010
0.0,0.010
0.0,0.010
0.0,0.010
0.0,0.010
0.0,0.010
0.0,0.010
0.0,0.010
0.0,0.010
0.0,0.010
0.0,0.010
0.0,0.010
0.0,0.010
0.0,0.010
0.0,0.010
0.0,0.010
0.0,0.010
0.0,0.010
0.0,0.010
0.0,0.010
0.0,0.010
0.0,0.010
0.0,0.010
0.0,0.010
0.0,0.010
0.0,0.010
0.0,0.010
0.0,0.010
0.0,0.010
0.0,0.010
0.0,0.010
0.0,0.010
0.0,0.010
0.0,0.010
0.0,0.015
0.0,0.015
0.0,0.015
0.0,0.015
0.0,0.015
0.0,0.015
0.0,0.015
0.0,0.015
0.0,0.015
0.0,0.015
0.0,0.015
0.0,0.015
0.0,0.015
0.0,0.015
0.0,0.015
0.0,0.015
0.0,0.015
0.0,0.015
0.0,0.015
0.0,0.015
0.0,0.015
0.0,0.015
0.0,0.015
0.0,0.015
0.0,0.015
0.0,0.015
0.0,0.015
0.0,0.015
0.0,0.015
0.0,0.015
0.0,0.015
0.0,0.015
0.0,0.015
0.0,0.015
0.0,0.015
0.0,0.015
0.0,0.015
0.0,0.015
0.0,0.015
0.0,0.015
0.0,0.015
0.0,0.015
0.0,0.015
0.0,0.015
0.0,0.015
0.0,0.015
0.0,0.015
0.0,0.015
0.0,0.015
0.0,0.015
0.0,0.015
0.0,0.015
0.0,0.015
0.0,0.015
0.0,0.015
0.0,0.015
0.0,0.015
0.0,0.015
0.0,0.015
0.0,0.015
0.0,0.015
0.0,0.015
0.0,0.015
0.0,0.015
0.0,0.015
0.0,0.015
0.0,0.015
0.0,0.015
0.0,0.015
0.0,0.015
0.0,0.015
0.0,0.015
0.0,0.015
0.0,0.015
0.0,0.015
0.0,0.015
0.0,0.015
0.0,0.015
0.0,0.015
0.0,0.015
0.0,0.015
0.0,0.015
0.0,0.015
0.0,0.015
0.0,0.015
0.0,0.015
0.0,0.015
0.0,0.015
0.0,0.015
0.0,0.015
0.0,0.015
0.0,0.015
0.0,0.015
0.0,0.015
0.0,0.015
0.0,0.015
0.0,0.015
0.0,0.015
0.0,0.015
0.0,0.015
0.0,0.015
0.0,0.015
0.0,0.015
0.0,0.015
0.0,0.015
0.0,0.015
0.0,0.015
0.0,0.020
0.0,0.020
0.0,0.020
0.0,0.020
0.0,0.020
0.0,0.020
0.0,0.020
0.0,0.020
0.0,0.020
0.0,0.020
0.0,0.020
0.0,0.020
0.0,0.020
0.0,0.020
0.0,0.020
0.0,0.020
0.0,0.020
0.0,0.020
0.0,0.020
0.0,0.020
0.0,0.020
0.0,0.020
0.0,0.020
0.0,0.020
0.0,0.020
0.0,0.020
0.0,0.020
0.0,0.020
0.0,0.020
0.0,0.020
0.0,0.020
0.0,0.020
0.0,0.020
0.0,0.020
0.0,0.020
0.0,0.020
0.0,0.020
0.0,0.020
0.0,0.020
0.0,0.020
0.0,0.020
0.0,0.020
0.0,0.020
0.0,0.020
0.0,0.020
0.0,0.020
0.0,0.020
0.0,0.020
0.0,0.020
0.0,0.020
0.0,0.020
0.0,0.020
0.0,0.020
0.0,0.020
0.0,0.020
0.0,0.020
0.0,0.020
0.0,0.020
0.0,0.020
0.0,0.020
0.0,0.020
0.0,0.020
0.0,0.020
0.0,0.020
0.0,0.020
0.0,0.020
0.0,0.020
0.0,0.020
0.0,0.020
0.0,0.020
0.0,0.020
0.0,0.020
0.0,0.020
0.0,0.020
0.0,0.020
0.0,0.020
0.0,0.020
0.0,0.020
0.0,0.020
0.0,0.020
0.0,0.020
0.0,0.020
0.0,0.020
0.0,0.020
0.0,0.020
0.0,0.020
0.0,0.020
0.0,0.020
0.0,0.020
0.0,0.020
0.0,0.020
0.0,0.020
0.0,0.020
0.0,0.020
0.0,0.020
0.0,0.020
0.0,0.020
0.0,0.020
0.0,0.020
0.0,0.020
0.0,0.020
0.0,0.020
0.0,0.020
0.1,0.020
0.0,0.025
0.0,0.025
0.0,0.025
0.0,0.025
0.0,0.025
0.0,0.025
0.0,0.025
0.0,0.025
0.0,0.025
0.0,0.025
0.0,0.025
0.0,0.025
0.0,0.025
0.0,0.025
0.0,0.025
0.0,0.025
0.0,0.025
0.0,0.025
0.0,0.025
0.0,0.025
0.0,0.025
0.0,0.025
0.0,0.025
0.0,0.025
0.0,0.025
0.0,0.025
0.0,0.025
0.0,0.025
0.0,0.025
0.0,0.025
0.0,0.025
0.0,0.025
0.0,0.025
0.0,0.025
0.0,0.025
0.0,0.025
0.0,0.025
0.0,0.025
0.0,0.025
0.0,0.025
0.0,0.025
0.0,0.025
0.0,0.025
0.0,0.025
0.0,0.025
0.0,0.025
0.0,0.025
0.0,0.025
0.0,0.025
0.0,0.025
0.0,0.025
0.0,0.025
0.0,0.025
0.0,0.025
0.0,0.025
0.0,0.025
0.0,0.025
0.0,0.025
0.0,0.025
0.0,0.025
0.0,0.025
0.0,0.025
0.0,0.025
0.0,0.025
0.0,0.025
0.0,0.025
0.0,0.025
0.0,0.025
0.0,0.025
0.0,0.025
0.0,0.025
0.0,0.025
0.0,0.025
0.0,0.025
0.0,0.025
0.0,0.025
0.0,0.025
0.0,0.025
0.0,0.025
0.0,0.025
0.0,0.025
0.0,0.025
0.0,0.025
0.0,0.025
0.0,0.025
0.0,0.025
0.0,0.025
0.0,0.025
0.0,0.025
0.0,0.025
0.0,0.025
0.0,0.025
0.0,0.025
0.0,0.025
0.0,0.025
0.0,0.025
0.0,0.025
0.0,0.025
0.0,0.025
0.0,0.025
0.0,0.025
0.0,0.025
0.0,0.025
0.0,0.025
0.0,0.025
0.0,0.025
0.0,0.025
0.0,0.025
0.0,0.025
0.0,0.025
0.0,0.025
0.0,0.025
0.0,0.025
0.0,0.030
0.0,0.030
0.0,0.030
0.0,0.030
0.0,0.030
0.0,0.030
0.0,0.030
0.0,0.030
0.0,0.030
0.0,0.030
0.0,0.030
0.0,0.030
0.0,0.030
0.0,0.030
0.0,0.030
0.0,0.030
0.0,0.030
0.0,0.030
0.0,0.030
0.0,0.030
0.0,0.030
0.0,0.030
0.0,0.030
0.0,0.030
0.0,0.030
0.0,0.030
0.0,0.030
0.0,0.030
0.0,0.030
0.0,0.030
0.0,0.030
0.0,0.030
0.0,0.030
0.0,0.030
0.0,0.030
0.0,0.030
0.0,0.030
0.0,0.030
0.0,0.030
0.0,0.030
0.0,0.030
0.0,0.030
0.0,0.030
0.0,0.030
0.0,0.030
0.0,0.030
0.0,0.030
0.0,0.030
0.0,0.030
0.0,0.030
0.0,0.030
0.0,0.030
0.0,0.030
0.0,0.030
0.0,0.030
0.0,0.030
0.0,0.030
0.0,0.030
0.0,0.030
0.0,0.030
0.0,0.030
0.0,0.030
0.0,0.030
0.0,0.030
0.0,0.030
0.0,0.030
0.0,0.030
0.0,0.030
0.0,0.030
0.0,0.030
0.0,0.030
0.0,0.030
0.0,0.030
0.0,0.030
0.0,0.030
0.0,0.030
0.0,0.030
0.0,0.030
0.0,0.030
0.0,0.030
0.0,0.030
0.0,0.030
0.0,0.030
0.0,0.030
0.0,0.030
0.0,0.030
0.0,0.030
0.0,0.030
0.0,0.030
0.0,0.030
0.0,0.030
0.0,0.030
0.0,0.030
0.0,0.030
0.0,0.030
0.0,0.030
0.0,0.030
0.0,0.030
0.0,0.030
0.0,0.030
0.0,0.030
0.0,0.030
0.0,0.030
0.0,0.030
0.0,0.030
0.0,0.030
0.0,0.030
0.0,0.030
0.0,0.030
0.0,0.030
0.0,0.030
0.0,0.035
0.0,0.035
0.0,0.035
0.0,0.035
0.0,0.035
0.0,0.035
0.0,0.035
0.0,0.035
0.0,0.035
0.0,0.035
0.0,0.035
0.0,0.035
0.0,0.035
0.0,0.035
0.0,0.035
0.0,0.035
0.0,0.035
0.0,0.035
0.0,0.035
0.0,0.035
0.0,0.035
0.0,0.035
0.0,0.035
0.0,0.035
0.0,0.035
0.0,0.035
0.0,0.035
0.0,0.035
0.0,0.035
0.0,0.035
0.0,0.035
0.0,0.035
0.0,0.035
0.0,0.035
0.0,0.035
0.0,0.035
0.0,0.035
0.0,0.035
0.0,0.035
0.0,0.035
0.0,0.035
0.0,0.035
0.0,0.035
0.0,0.035
0.0,0.035
0.0,0.035
0.0,0.035
0.0,0.035
0.0,0.035
0.0,0.035
0.0,0.035
0.0,0.035
0.0,0.035
0.0,0.035
0.0,0.035
0.0,0.035
0.0,0.035
0.0,0.035
0.0,0.035
0.0,0.035
0.0,0.035
0.0,0.035
0.0,0.035
0.0,0.035
0.0,0.035
0.0,0.035
0.0,0.035
0.0,0.035
0.0,0.035
0.0,0.035
0.0,0.035
0.0,0.035
0.0,0.035
0.0,0.035
0.0,0.035
0.0,0.035
0.0,0.035
0.0,0.035
0.0,0.035
0.0,0.035
0.0,0.035
0.0,0.035
0.0,0.035
0.0,0.035
0.0,0.035
0.0,0.035
0.0,0.035
0.0,0.035
0.0,0.035
0.0,0.035
0.0,0.035
0.0,0.035
0.0,0.035
0.0,0.035
0.0,0.035
0.0,0.035
0.0,0.035
0.0,0.035
0.0,0.035
0.0,0.035
0.0,0.035
0.0,0.035
0.0,0.035
0.0,0.035
0.0,0.035
0.0,0.035
0.0,0.035
0.0,0.035
0.0,0.035
0.0,0.035
0.0,0.035
0.0,0.035
0.0,0.035
0.0,0.035
0.0,0.040
0.0,0.040
0.0,0.040
0.0,0.040
0.0,0.040
0.0,0.040
0.0,0.040
0.0,0.040
0.0,0.040
0.0,0.040
0.0,0.040
0.0,0.040
0.0,0.040
0.0,0.040
0.0,0.040
0.0,0.040
0.0,0.040
-0.1,0.040
-0.1,0.040
-0.1,0.040
-0.1,0.040
-0.1,0.040
0.0,0.040
0.0,0.040
0.0,0.040
0.0,0.040
0.0,0.040
0.0,0.040
0.0,0.040
0.0,0.040
0.0,0.040
0.0,0.040
0.0,0.040
0.0,0.040
0.0,0.040
0.0,0.040
0.0,0.040
0.0,0.040
0.0,0.040
0.0,0.040
0.0,0.040
0.0,0.040
0.0,0.040
0.0,0.040
0.0,0.040
0.0,0.040
0.0,0.040
0.0,0.040
0.0,0.040
0.0,0.040
0.0,0.040
0.0,0.040
0.0,0.040
0.0,0.040
0.0,0.040
0.0,0.040
0.0,0.040
0.0,0.040
0.0,0.040
0.0,0.040
0.0,0.040
0.0,0.040
0.0,0.040
0.0,0.040
0.0,0.040
0.0,0.040
0.0,0.040
0.0,0.040
0.0,0.040
0.0,0.040
0.0,0.040
0.0,0.040
0.0,0.040
0.0,0.040
0.0,0.040
0.0,0.040
0.0,0.040
0.0,0.040
0.0,0.040
0.0,0.040
0.0,0.040
0.0,0.040
0.0,0.040
0.0,0.040
0.0,0.040
0.0,0.040
0.0,0.040
0.0,0.040
-0.1,0.040
0.0,0.040
0.0,0.040
0.0,0.040
0.0,0.040
0.0,0.040
0.0,0.040
0.0,0.040
0.0,0.040
0.0,0.040
0.0,0.040
0.0,0.040
0.0,0.040
0.0,0.040
0.0,0.040
0.0,0.040
0.0,0.045
0.0,0.045
0.0,0.045
0.0,0.045
0.0,0.045
0.0,0.045
0.0,0.045
0.0,0.045
0.0,0.045
0.0,0.045
0.0,0.045
0.0,0.045
0.0,0.045
0.0,0.045
0.0,0.045
0.0,0.045
0.0,0.045
0.0,0.045
0.0,0.045
0.0,0.045
0.0,0.045
0.0,0.045
0.0,0.045
0.0,0.045
0.0,0.045
0.0,0.045
0.0,0.045
0.0,0.045
0.0,0.045
0.1,0.045
0.1,0.045
0.1,0.045
0.0,0.045
0.0,0.045
0.0,0.045
0.0,0.045
0.0,0.045
0.0,0.045
0.0,0.045
0.0,0.045
0.0,0.045
0.0,0.045
0.0,0.045
0.0,0.045
0.0,0.045
0.0,0.045
0.0,0.045
0.0,0.045
0.0,0.045
0.0,0.045
0.0,0.045
0.0,0.045
0.0,0.045
0.0,0.045
0.0,0.045
0.0,0.045
0.0,0.045
0.0,0.045
0.0,0.045
0.0,0.045
0.0,0.045
0.0,0.045
0.0,0.045
0.0,0.045
0.0,0.045
0.0,0.045
0.0,0.045
0.0,0.045
0.0,0.045
0.0,0.045
0.0,0.045
0.0,0.045
0.0,0.045
0.0,0.045
0.0,0.045
0.0,0.045
0.0,0.045
0.0,0.045
0.0,0.045
0.0,0.045
0.0,0.045
0.0,0.045
0.0,0.045
0.0,0.045
0.0,0.045
0.0,0.045
0.0,0.045
0.0,0.045
0.0,0.045
0.0,0.045
0.0,0.045
0.0,0.045
0.0,0.045
0.0,0.045
0.0,0.050
0.0,0.050
0.0,0.050
0.0,0.050
0.0,0.050
0.0,0.050
0.0,0.050
0.0,0.050
0.0,0.050
0.0,0.050
0.0,0.050
0.0,0.050
0.0,0.050
0.0,0.050
0.0,0.050
0.0,0.050
0.0,0.050
0.0,0.050
0.0,0.050
0.0,0.050
0.0,0.050
0.0,0.050
0.0,0.050
0.0,0.050
0.0,0.050
0.0,0.050
0.0,0.050
0.0,0.050
0.0,0.050
0.0,0.050
0.0,0.050
0.0,0.050
0.0,0.050
0.0,0.050
0.0,0.050
0.0,0.050
0.0,0.050
0.0,0.050
0.0,0.050
0.0,0.050
0.0,0.050
0.0,0.050
0.0,0.050
0.0,0.050
0.0,0.050
0.0,0.050
0.0,0.050
0.0,0.050
0.0,0.050
0.0,0.050
0.0,0.050
0.0,0.050
0.0,0.050
0.0,0.050
0.0,0.050
0.0,0.050
0.0,0.050
0.0,0.050
0.0,0.050
0.0,0.050
0.0,0.050
0.0,0.050
0.0,0.050
0.0,0.050
0.0,0.050
0.0,0.050
0.0,0.050
0.0,0.050
0.0,0.050
0.0,0.050
0.0,0.050
0.0,0.050
0.0,0.050
0.0,0.050
0.0,0.050
0.0,0.050
0.0,0.050
0.0,0.050
0.0,0.050
0.0,0.050
0.0,0.050
0.0,0.050
0.0,0.050
0.0,0.050
0.0,0.050
0.0,0.050
0.0,0.050
0.0,0.050
0.0,0.050
0.0,0.055
0.0,0.055
0.0,0.055
0.0,0.055
0.0,0.055
0.0,0.055
0.0,0.055
0.0,0.055
0.0,0.055
0.0,0.055
0.0,0.055
0.0,0.055
0.0,0.055
0.0,0.055
0.0,0.055
0.0,0.055
0.0,0.055
0.0,0.055
0.0,0.055
0.0,0.055
0.0,0.055
0.0,0.055
0.0,0.055
-0.1,0.055
-0.1,0.055
-0.1,0.055
-0.1,0.055
0.0,0.055
0.0,0.055
0.0,0.055
0.0,0.055
0.0,0.055
0.0,0.055
0.0,0.055
0.0,0.055
0.0,0.055
0.0,0.055
0.0,0.055
0.0,0.055
0.0,0.055
0.0,0.055
0.0,0.055
0.0,0.055
0.0,0.055
0.0,0.055
0.0,0.055
0.0,0.055
0.0,0.055
0.0,0.055
0.0,0.055
0.0,0.055
0.0,0.055
0.0,0.055
0.0,0.055
0.0,0.055
0.0,0.055
0.0,0.055
0.0,0.055
0.0,0.055
0.0,0.055
0.0,0.055
0.0,0.055
0.0,0.055
0.0,0.055
0.0,0.055
0.0,0.055
0.0,0.055
0.0,0.055
0.0,0.055
0.0,0.055
0.0,0.055
0.0,0.055
0.0,0.055
0.0,0.055
0.0,0.055
0.0,0.055
0.0,0.055
0.0,0.055
0.0,0.055
0.0,0.055
0.0,0.055
0.0,0.055
0.0,0.055
0.0,0.055
0.0,0.055
0.0,0.055
0.0,0.055
0.0,0.055
0.0,0.055
0.0,0.055
0.0,0.055
0.0,0.055
0.0,0.055
0.0,0.055
0.0,0.055
0.0,0.055
0.0,0.055
0.0,0.055
0.0,0.055
0.0,0.055
0.0,0.055
0.0,0.055
0.0,0.055
0.0,0.055
0.0,0.055
0.0,0.055
0.0,0.055
0.0,0.055
0.0,0.055
0.0,0.055
0.0,0.055
0.0,0.055
0.0,0.055
0.0,0.055
0.0,0.055
0.0,0.055
0.0,0.055
0.0,0.060
0.0,0.060
0.0,0.060
0.0,0.060
0.0,0.060
0.0,0.060
0.0,0.060
0.0,0.060
0.0,0.060
0.0,0.060
0.0,0.060
0.0,0.060
0.0,0.060
0.0,0.060
0.0,0.060
0.0,0.060
0.0,0.060
0.0,0.060
0.0,0.060
0.0,0.060
0.0,0.060
0.0,0.060
0.0,0.060
0.0,0.060
0.0,0.060
0.0,0.060
0.0,0.060
0.0,0.060
0.0,0.060
0.0,0.060
0.0,0.060
0.0,0.060
0.0,0.060
0.0,0.060
0.0,0.060
0.0,0.060
0.0,0.060
0.0,0.060
0.0,0.060
0.0,0.060
0.0,0.060
0.0,0.060
0.0,0.060
0.0,0.060
0.0,0.060
0.0,0.060
0.0,0.060
0.0,0.060
0.0,0.060
0.0,0.060
0.0,0.060
0.0,0.060
0.0,0.060
0.0,0.060
0.0,0.060
0.1,0.060
0.0,0.060
0.0,0.060
0.0,0.060
0.0,0.060
0.0,0.060
0.0,0.060
0.0,0.060
0.0,0.060
0.0,0.060
0.0,0.060
0.0,0.060
0.0,0.060
0.0,0.060
0.0,0.060
0.0,0.060
0.0,0.060
0.0,0.060
0.0,0.060
0.0,0.060
0.0,0.060
0.0,0.060
0.0,0.060
0.0,0.060
0.0,0.060
0.0,0.060
0.0,0.060
0.0,0.060
0.0,0.060
0.0,0.060
0.0,0.060
0.0,0.060
0.0,0.060
0.0,0.060
0.0,0.060
0.0,0.060
0.0,0.060
0.0,0.060
0.0,0.060
0.0,0.060
0.0,0.060
0.0,0.060
0.0,0.060
0.0,0.060
0.0,0.060
0.0,0.060
0.0,0.060
0.0,0.060
0.0,0.060
0.0,0.060
0.0,0.060
0.0,0.060
0.0,0.060
0.0,0.060
0.0,0.060
0.0,0.060
0.0,0.060
0.0,0.060
0.0,0.060
0.0,0.060
0.0,0.060
0.0,0.060
0.0,0.060
0.0,0.060
0.0,0.060
0.0,0.060
0.0,0.060
0.0,0.060
0.0,0.060
0.0,0.060
0.0,0.060
0.0,0.060
0.0,0.060
0.0,0.060
0.0,0.060
0.0,0.065
0.0,0.065
0.0,0.065
0.0,0.065
0.0,0.065
0.0,0.065
0.0,0.065
0.0,0.065
0.0,0.065
0.0,0.065
0.0,0.065
0.0,0.065
0.0,0.065
0.0,0.065
0.0,0.065
0.0,0.065
0.0,0.065
0.0,0.065
0.0,0.065
0.0,0.065
0.0,0.065
0.0,0.065
0.0,0.065
0.0,0.065
0.0,0.065
0.0,0.065
0.0,0.065
0.0,0.065
0.0,0.065
0.0,0.065
0.0,0.065
0.0,0.065
0.0,0.065
0.0,0.065
0.0,0.065
0.0,0.065
0.0,0.065
0.0,0.065
0.0,0.065
0.0,0.065
0.0,0.065
0.0,0.065
0.0,0.065
0.0,0.065
0.0,0.065
0.0,0.065
0.0,0.065
0.0,0.065
0.0,0.065
0.0,0.065
0.0,0.065
0.0,0.065
0.0,0.065
0.0,0.065
0.0,0.065
0.0,0.065
0.0,0.065
0.0,0.065
0.0,0.065
0.0,0.065
0.0,0.065
0.0,0.065
0.0,0.065
0.0,0.065
0.0,0.065
0.0,0.065
0.0,0.065
0.0,0.065
0.0,0.065
0.0,0.065
0.0,0.065
0.0,0.065
0.0,0.065
0.0,0.065
0.0,0.065
0.0,0.065
0.0,0.065
0.0,0.065
0.0,0.065
0.0,0.065
0.0,0.065
0.0,0.065
0.0,0.065
0.0,0.065
0.0,0.065
0.0,0.065
0.0,0.065
0.0,0.065
0.0,0.065
0.0,0.065
0.0,0.065
0.0,0.065
0.0,0.065
0.0,0.065
0.0,0.065
0.0,0.065
0.0,0.065
0.0,0.065
0.0,0.065
0.0,0.065
0.0,0.065
0.0,0.065
0.0,0.065
0.0,0.065
0.0,0.065
0.0,0.065
0.0,0.065
0.0,0.065
0.0,0.065
0.0,0.065
0.0,0.065
0.0,0.065
0.0,0.065
0.0,0.065
0.0,0.065
0.0,0.065
0.0,0.065
0.0,0.065
0.0,0.065
0.0,0.065
0.0,0.065
0.0,0.065
0.0,0.065
0.0,0.065
0.0,0.065
0.0,0.065
0.0,0.070
0.0,0.070
0.0,0.070
0.0,0.070
0.0,0.070
0.0,0.070
0.0,0.070
0.0,0.070
0.0,0.070
0.0,0.070
0.0,0.070
0.0,0.070
0.0,0.070
0.0,0.070
0.0,0.070
0.0,0.070
0.1,0.070
0.1,0.070
0.1,0.070
0.1,0.070
0.1,0.070
0.1,0.070
0.1,0.070
0.1,0.070
0.1,0.070
0.1,0.070
0.1,0.070
0.3,0.070
0.3,0.070
0.4,0.070
0.4,0.070
0.4,0.070
0.5,0.070
0.5,0.070
0.6,0.070
0.6,0.070
0.6,0.070
0.6,0.070
0.7,0.070
0.7,0.070
0.7,0.070
0.8,0.070
0.8,0.070
0.9,0.070
0.9,0.070
1.0,0.070
1.0,0.070
1.0,0.070
1.1,0.070
1.1,0.070
1.2,0.070
1.2,0.070
1.3,0.070
1.3,0.070
1.4,0.070
1.4,0.070
1.4,0.070
1.5,0.070
1.5,0.070
1.5,0.070
1.6,0.070
1.6,0.070
1.7,0.070
1.8,0.070
1.8,0.070
1.8,0.070
1.9,0.070
2.0,0.070
2.0,0.070
2.0,0.070
2.1,0.070
2.1,0.070
2.2,0.070
2.2,0.070
2.3,0.070
2.3,0.070
2.4,0.070
2.4,0.070
2.5,0.070
2.5,0.070
2.6,0.070
2.7,0.070
2.7,0.070
2.7,0.070
2.8,0.070
2.8,0.070
2.8,0.070
2.9,0.070
2.9,0.070
3.0,0.070
3.1,0.070
3.1,0.070
3.1,0.075
3.2,0.075
3.3,0.075
3.3,0.075
3.4,0.075
3.4,0.075
3.5,0.075
3.5,0.075
3.6,0.075
3.6,0.075
3.6,0.075
3.7,0.075
3.7,0.075
3.8,0.075
3.8,0.075
3.9,0.075
3.9,0.075
4.0,0.075
4.0,0.075
4.1,0.075
4.1,0.075
4.2,0.075
4.2,0.075
4.3,0.075
4.3,0.075
4.4,0.075
4.4,0.075
4.5,0.075
4.5,0.075
4.6,0.075
4.6,0.075
4.7,0.075
4.8,0.075
4.8,0.075
4.9,0.075
5.0,0.075
5.0,0.075
5.1,0.075
5.1,0.075
5.1,0.075
5.2,0.075
5.2,0.075
5.3,0.075
5.4,0.075
5.4,0.075
5.4,0.075
5.5,0.075
5.6,0.075
5.6,0.075
5.6,0.075
5.7,0.075
5.8,0.075
5.8,0.075
5.9,0.075
5.9,0.075
5.9,0.075
6.0,0.075
6.0,0.075
6.0,0.075
6.1,0.075
6.2,0.075
6.2,0.075
6.3,0.075
6.4,0.075
6.4,0.075
6.5,0.075
6.6,0.075
6.6,0.075
6.7,0.075
6.7,0.075
6.8,0.075
6.8,0.075
6.9,0.075
6.9,0.075
7.0,0.075
7.1,0.075
7.1,0.075
7.2,0.075
7.2,0.075
7.3,0.075
7.3,0.075
7.4,0.080
7.4,0.080
7.5,0.080
7.6,0.080
7.6,0.080
7.7,0.080
7.7,0.080
7.8,0.080
7.8,0.080
7.9,0.080
7.9,0.080
8.0,0.080
8.1,0.080
8.1,0.080
8.2,0.080
8.2,0.080
8.2,0.080
8.3,0.080
8.4,0.080
8.4,0.080
8.5,0.080
8.6,0.080
8.6,0.080
8.7,0.080
8.8,0.080
8.8,0.080
8.9,0.080
8.9,0.080
8.9,0.080
9.0,0.080
9.1,0.080
9.1,0.080
9.2,0.080
9.2,0.080
9.3,0.080
9.3,0.080
9.4,0.080
9.5,0.080
9.5,0.080
9.5,0.080
9.6,0.080
9.7,0.080
9.7,0.080
9.8,0.080
9.8,0.080
9.9,0.080
10.0,0.080
10.0,0.080
10.0,0.080
10.1,0.080
10.2,0.080
10.2,0.080
10.3,0.080
10.4,0.080
10.4,0.080
10.5,0.080
10.5,0.080
10.5,0.080
10.6,0.080
10.7,0.080
10.7,0.080
10.8,0.080
10.9,0.080
11.0,0.080
11.0,0.080
11.0,0.080
11.1,0.080
11.2,0.080
11.2,0.080
11.2,0.080
11.3,0.080
11.3,0.080
11.4,0.080
11.5,0.080
11.5,0.080
11.6,0.080
11.7,0.080
11.7,0.080
11.8,0.080
11.9,0.080
11.9,0.080
12.0,0.080
12.0,0.080
12.1,0.080
12.1,0.080
12.2,0.085
12.2,0.085
12.3,0.085
12.4,0.085
12.4,0.085
12.5,0.085
12.6,0.085
12.6,0.085
12.6,0.085
12.7,0.085
12.8,0.085
12.8,0.085
12.9,0.085
12.9,0.085
13.0,0.085
13.1,0.085
13.1,0.085
13.2,0.085
13.3,0.085
13.3,0.085
13.4,0.085
13.4,0.085
13.5,0.085
13.5,0.085
13.6,0.085
13.6,0.085
13.7,0.085
13.8,0.085
13.8,0.085
13.9,0.085
13.9,0.085
14.0,0.085
14.1,0.085
14.1,0.085
14.1,0.085
14.2,0.085
14.3,0.085
14.4,0.085
14.4,0.085
14.4,0.085
14.5,0.085
14.6,0.085
14.6,0.085
14.7,0.085
14.8,0.085
14.8,0.085
14.9,0.085
15.0,0.085
15.0,0.085
15.0,0.085
15.1,0.085
15.2,0.085
15.2,0.085
15.3,0.085
15.4,0.085
15.4,0.085
15.5,0.085
15.5,0.085
15.6,0.085
15.7,0.085
15.7,0.085
15.7,0.085
15.8,0.085
15.9,0.085
15.9,0.085
16.0,0.085
16.0,0.085
16.0,0.085
16.1,0.085
16.2,0.085
16.3,0.085
16.3,0.085
16.4,0.085
16.5,0.085
16.5,0.085
16.6,0.085
16.7,0.085
16.7,0.085
16.7,0.085
16.8,0.085
16.8,0.085
16.9,0.085
17.0,0.085
17.0,0.090
17.1,0.090
17.2,0.090
17.2,0.090
17.3,0.090
17.3,0.090
17.3,0.090
17.4,0.090
17.5,0.090
17.5,0.090
17.6,0.090
17.6,0.090
17.7,0.090
17.8,0.090
17.8,0.090
17.9,0.090
17.9,0.090
18.0,0.090
18.0,0.090
18.1,0.090
18.1,0.090
18.2,0.090
18.3,0.090
18.3,0.090
18.3,0.090
18.4,0.090
18.5,0.090
18.5,0.090
18.6,0.090
18.6,0.090
18.7,0.090
18.8,0.090
18.8,0.090
18.9,0.090
18.9,0.090
19.0,0.090
19.0,0.090
19.1,0.090
19.1,0.090
19.1,0.090
19.2,0.090
19.3,0.090
19.3,0.090
19.4,0.090
19.4,0.090
19.5,0.090
19.5,0.090
19.6,0.090
19.6,0.090
19.7,0.090
19.7,0.090
19.8,0.090
19.8,0.090
19.8,0.090
19.9,0.090
20.0,0.090
20.0,0.090
20.1,0.090
20.1,0.090
20.2,0.090
20.2,0.090
20.3,0.090
20.3,0.090
20.4,0.090
20.4,0.090
20.4,0.090
20.5,0.090
20.6,0.090
20.6,0.090
20.7,0.090
20.7,0.090
20.8,0.090
20.8,0.090
20.9,0.090
20.9,0.090
20.9,0.090
21.0,0.090
21.0,0.090
21.1,0.090
21.1,0.090
21.2,0.090
21.2,0.090
21.3,0.090
21.3,0.090
21.4,0.090
21.4,0.090
21.5,0.090
21.5,0.090
21.6,0.090
21.6,0.090
21.6,0.090
21.7,0.090
21.8,0.095
21.8,0.095
21.9,0.095
21.9,0.095
22.0,0.095
22.0,0.095
22.0,0.095
22.1,0.095
22.1,0.095
22.2,0.095
22.2,0.095
22.3,0.095
22.3,0.095
22.3,0.095
22.4,0.095
22.4,0.095
22.5,0.095
22.5,0.095
22.6,0.095
22.6,0.095
22.7,0.095
22.7,0.095
22.7,0.095
22.8,0.095
22.8,0.095
22.8,0.095
22.9,0.095
22.9,0.095
23.0,0.095
23.0,0.095
23.1,0.095
23.1,0.095
23.2,0.095
23.2,0.095
23.3,0.095
23.3,0.095
23.3,0.095
23.4,0.095
23.4,0.095
23.5,0.095
23.5,0.095
23.6,0.095
23.6,0.095
23.6,0.095
23.6,0.095
23.7,0.095
23.8,0.095
23.8,0.095
23.8,0.095
23.9,0.095
23.9,0.095
24.0,0.095
24.1,0.095
24.1,0.095
24.1,0.095
24.2,0.095
24.3,0.095
24.3,0.095
24.3,0.095
24.4,0.095
24.4,0.095
24.5,0.095
24.5,0.095
24.6,0.095
24.6,0.095
24.6,0.095
24.7,0.095
24.7,0.095
24.8,0.095
24.8,0.095
24.8,0.095
24.9,0.095
25.0,0.095
25.0,0.095
25.1,0.095
25.1,0.095
25.2,0.095
25.2,0.095
25.3,0.095
25.3,0.095
25.4,0.095
25.4,0.095
25.5,0.095
25.5,0.095
25.6,0.095
25.6,0.095
25.6,0.095
25.7,0.095
25.7,0.095
25.7,0.095
25.8,0.095
25.8,0.095
25.9,0.095
25.9,0.095
26.0,0.095
26.0,0.095
26.1,0.100
26.2,0.100
26.3,0.100
26.3,0.100
26.3,0.100
26.4,0.100
26.4,0.100
26.4,0.100
26.5,0.100
26.5,0.100
26.6,0.100
26.6,0.100
26.7,0.100
26.7,0.100
26.8,0.100
26.8,0.100
26.9,0.100
26.9,0.100
27.0,0.100
27.1,0.100
27.1,0.100
27.1,0.100
27.1,0.100
27.2,0.100
27.3,0.100
27.3,0.100
27.4,0.100
27.4,0.100
27.5,0.100
27.6,0.100
27.6,0.100
27.6,0.100
27.7,0.100
27.7,0.100
27.8,0.100
27.8,0.100
27.8,0.100
27.9,0.100
28.0,0.100
28.0,0.100
28.1,0.100
28.1,0.100
28.1,0.100
28.2,0.100
28.2,0.100
28.3,0.100
28.3,0.100
28.4,0.100
28.4,0.100
28.5,0.100
28.6,0.100
28.6,0.100
28.7,0.100
28.7,0.100
28.8,0.100
28.8,0.100
28.9,0.100
28.9,0.100
29.0,0.100
29.0,0.100
29.1,0.100
29.1,0.100
29.2,0.100
29.3,0.100
29.3,0.100
29.3,0.100
29.4,0.100
29.4,0.100
29.5,0.100
29.5,0.100
29.6,0.100
29.6,0.100
29.7,0.100
29.8,0.100
29.8,0.100
29.9,0.100
29.9,0.100
29.9,0.100
30.0,0.100
30.0,0.100
30.1,0.100
30.1,0.100
30.2,0.100
30.2,0.100
30.3,0.100
30.4,0.100
30.4,0.100
30.5,0.100
30.5,0.100
30.6,0.100
30.6,0.100
30.7,0.100
30.8,0.100
30.8,0.100
30.9,0.100
30.9,0.100
31.0,0.100
31.0,0.105
31.0,0.105
31.1,0.105
31.1,0.105
31.2,0.105
31.2,0.105
31.3,0.105
31.3,0.105
31.4,0.105
31.4,0.105
31.5,0.105
31.6,0.105
31.6,0.105
31.7,0.105
31.7,0.105
31.8,0.105
31.8,0.105
31.9,0.105
31.9,0.105
32.0,0.105
32.0,0.105
32.1,0.105
32.2,0.105
32.2,0.105
32.3,0.105
32.3,0.105
32.4,0.105
32.5,0.105
32.5,0.105
32.6,0.105
32.6,0.105
32.7,0.105
32.7,0.105
32.8,0.105
32.8,0.105
32.9,0.105
32.9,0.105
33.0,0.105
33.0,0.105
33.1,0.105
33.1,0.105
33.2,0.105
33.2,0.105
33.3,0.105
33.4,0.105
33.4,0.105
33.5,0.105
33.5,0.105
33.6,0.105
33.6,0.105
33.7,0.105
33.8,0.105
33.8,0.105
33.9,0.105
33.9,0.105
34.0,0.105
34.1,0.105
34.1,0.105
34.2,0.105
34.2,0.105
34.3,0.105
34.4,0.105
34.4,0.105
34.5,0.105
34.5,0.105
34.6,0.105
34.6,0.105
34.7,0.105
34.7,0.105
34.8,0.105
34.8,0.105
34.9,0.105
34.9,0.105
35.0,0.105
35.0,0.105
35.1,0.105
35.2,0.105
35.2,0.105
35.3,0.105
35.3,0.105
35.4,0.105
35.4,0.105
35.5,0.105
35.5,0.105
35.6,0.105
35.6,0.110
35.7,0.110
35.7,0.110
35.8,0.110
35.8,0.110
35.9,0.110
36.0,0.110
36.0,0.110
36.1,0.110
36.2,0.110
36.2,0.110
36.3,0.110
36.4,0.110
36.4,0.110
36.5,0.110
36.5,0.110
36.6,0.110
36.6,0.110
36.6,0.110
36.6,0.110
36.7,0.110
36.8,0.110
36.8,0.110
36.9,0.110
36.9,0.110
37.0,0.110
37.0,0.110
37.0,0.110
37.1,0.110
37.1,0.110
37.2,0.110
37.2,0.110
37.2,0.110
37.3,0.110
37.3,0.110
37.4,0.110
37.4,0.110
37.4,0.110
37.5,0.110
37.5,0.110
37.6,0.110
37.6,0.110
37.6,0.110
37.7,0.110
37.8,0.110
37.8,0.110
37.9,0.110
37.9,0.110
37.9,0.110
38.0,0.110
38.0,0.110
38.1,0.110
38.1,0.110
38.1,0.110
38.2,0.110
38.2,0.110
38.3,0.110
38.3,0.110
38.3,0.110
38.4,0.110
38.4,0.110
38.4,0.110
38.5,0.110
38.5,0.110
38.6,0.110
38.6,0.110
38.6,0.110
38.7,0.110
38.7,0.110
38.8,0.110
38.8,0.110
38.9,0.110
38.9,0.110
39.0,0.110
39.0,0.110
39.1,0.110
39.1,0.110
39.1,0.110
39.2,0.110
39.2,0.110
39.2,0.115
39.2,0.115
39.3,0.115
39.3,0.115
39.4,0.115
39.4,0.115
39.4,0.115
39.5,0.115
39.5,0.115
39.6,0.115
39.6,0.115
39.7,0.115
39.7,0.115
39.7,0.115
39.8,0.115
39.8,0.115
39.8,0.115
39.8,0.115
39.9,0.115
39.9,0.115
39.9,0.115
39.9,0.115
39.9,0.115
40.0,0.115
40.0,0.115
40.0,0.115
40.1,0.115
40.1,0.115
40.2,0.115
40.2,0.115
40.2,0.115
40.2,0.115
40.2,0.115
40.2,0.115
40.2,0.115
40.2,0.115
40.2,0.115
40.2,0.115
40.2,0.115
40.2,0.115
40.2,0.115
40.2,0.115
40.2,0.115
40.2,0.115
40.1,0.115
40.2,0.115
40.1,0.115
40.1,0.115
40.1,0.115
40.1,0.115
40.1,0.115
40.1,0.115
40.1,0.115
40.1,0.115
40.1,0.115
40.1,0.115
40.0,0.115
40.0,0.115
40.0,0.115
39.9,0.115
39.9,0.115
39.9,0.115
39.9,0.115
39.9,0.115
39.9,0.115
39.9,0.115
39.9,0.115
39.9,0.115
39.9,0.115
39.9,0.115
39.9,0.115
39.9,0.115
40.0,0.115
40.0,0.115
40.0,0.115
40.0,0.115
40.0,0.115
40.0,0.115
40.0,0.115
40.0,0.115
40.0,0.115
40.0,0.115
40.0,0.115
40.0,0.115
40.0,0.115
40.0,0.115
40.0,0.115
40.1,0.120
40.1,0.120
40.1,0.120
40.1,0.120
40.1,0.120
40.1,0.120
40.1,0.120
40.1,0.120
40.1,0.120
40.1,0.120
40.1,0.120
40.1,0.120
40.1,0.120
40.1,0.120
40.1,0.120
40.1,0.120
40.1,0.120
40.1,0.120
40.1,0.120
40.1,0.120
40.2,0.120
40.2,0.120
40.2,0.120
40.2,0.120
40.2,0.120
40.2,0.120
40.2,0.120
40.2,0.120
40.2,0.120
40.2,0.120
40.2,0.120
40.2,0.120
40.2,0.120
40.2,0.120
40.2,0.120
40.2,0.120
40.2,0.120
40.2,0.120
40.2,0.120
40.2,0.120
40.2,0.120
40.2,0.120
40.2,0.120
40.2,0.120
40.2,0.120
40.2,0.120
40.2,0.120
40.2,0.120
40.2,0.120
40.2,0.120
40.2,0.120
40.2,0.120
40.2,0.120
40.2,0.120
40.2,0.120
40.2,0.120
40.2,0.120
40.2,0.120
40.2,0.120
40.2,0.120
40.2,0.120
40.2,0.120
40.3,0.120
40.3,0.120
40.3,0.120
40.3,0.120
40.3,0.120
40.3,0.120
40.3,0.120
40.3,0.120
40.3,0.120
40.3,0.120
40.3,0.120
40.3,0.120
40.3,0.120
40.3,0.120
40.3,0.120
40.3,0.120
40.3,0.120
40.3,0.120
40.3,0.120
40.3,0.120
40.3,0.120
40.3,0.120
40.3,0.120
40.3,0.120
40.3,0.120
40.3,0.120
40.3,0.120
40.3,0.120
40.3,0.120
40.3,0.120
40.3,0.120
40.3,0.120
40.3,0.125
40.4,0.125
40.4,0.125
40.4,0.125
40.4,0.125
40.4,0.125
40.4,0.125
40.4,0.125
40.4,0.125
40.4,0.125
40.4,0.125
40.4,0.125
40.4,0.125
40.4,0.125
40.4,0.125
40.4,0.125
40.4,0.125
40.4,0.125
40.4,0.125
40.4,0.125
40.4,0.125
40.4,0.125
40.5,0.125
40.5,0.125
40.5,0.125
40.5,0.125
40.5,0.125
40.5,0.125
40.5,0.125
40.5,0.125
40.5,0.125
40.5,0.125
40.5,0.125
40.5,0.125
40.5,0.125
40.5,0.125
40.5,0.125
40.5,0.125
40.6,0.125
40.6,0.125
40.6,0.125
40.6,0.125
40.6,0.125
40.6,0.125
40.6,0.125
40.6,0.125
40.6,0.125
40.6,0.125
40.6,0.125
40.6,0.125
40.6,0.125
40.6,0.125
40.6,0.125
40.7,0.125
40.7,0.125
40.6,0.125
40.7,0.125
40.7,0.125
40.7,0.125
40.7,0.125
40.7,0.125
40.7,0.125
40.7,0.125
40.7,0.125
40.7,0.125
40.7,0.125
40.7,0.125
40.7,0.125
40.7,0.125
40.7,0.125
40.7,0.125
40.7,0.125
40.7,0.125
40.7,0.125
40.7,0.125
40.7,0.125
40.7,0.125
40.7,0.125
40.7,0.125
40.7,0.125
40.7,0.125
40.7,0.125
40.7,0.125
40.7,0.125
40.7,0.125
40.7,0.125
40.7,0.125
40.7,0.125
40.7,0.125
40.7,0.125
40.8,0.125
40.8,0.125
40.8,0.125
40.8,0.125
40.8,0.125
40.8,0.130
40.8,0.130
40.8,0.130
40.8,0.130
40.8,0.130
40.8,0.130
40.8,0.130
40.8,0.130
40.8,0.130
40.8,0.130
40.7,0.130
40.7,0.130
40.7,0.130
40.7,0.130
40.7,0.130
40.7,0.130
40.7,0.130
40.7,0.130
40.7,0.130
40.6,0.130
40.6,0.130
40.6,0.130
40.6,0.130
40.6,0.130
40.6,0.130
40.6,0.130
40.5,0.130
40.5,0.130
40.4,0.130
40.4,0.130
40.4,0.130
40.4,0.130
40.4,0.130
40.4,0.130
40.4,0.130
40.4,0.130
40.4,0.130
40.4,0.130
40.3,0.130
40.3,0.130
40.3,0.130
40.3,0.130
40.3,0.130
40.3,0.130
40.3,0.130
40.3,0.130
40.3,0.130
40.3,0.130
40.2,0.130
40.2,0.130
40.2,0.130
40.2,0.130
40.2,0.130
40.2,0.130
40.2,0.130
40.1,0.130
40.1,0.130
40.1,0.130
40.1,0.130
40.1,0.130
40.1,0.130
40.1,0.130
40.1,0.130
40.1,0.130
40.1,0.130
40.1,0.130
40.1,0.130
40.1,0.130
40.1,0.130
40.1,0.130
40.1,0.130
40.1,0.130
40.1,0.130
40.0,0.130
40.0,0.130
40.0,0.130
40.0,0.130
40.0,0.130
40.0,0.130
40.0,0.130
40.0,0.130
40.0,0.130
40.0,0.130
40.0,0.130
40.0,0.130
40.0,0.130
40.0,0.130
40.0,0.130
40.0,0.130
40.0,0.130
40.0,0.130
40.0,0.130
40.0,0.135
40.0,0.135
40.0,0.135
40.0,0.135
40.0,0.135
40.0,0.135
40.0,0.135
40.0,0.135
39.9,0.135
39.9,0.135
39.9,0.135
39.9,0.135
39.9,0.135
39.9,0.135
39.9,0.135
39.9,0.135
39.9,0.135
39.9,0.135
39.9,0.135
39.9,0.135
39.9,0.135
39.8,0.135
39.8,0.135
39.8,0.135
39.8,0.135
39.8,0.135
39.8,0.135
39.7,0.135
39.7,0.135
39.7,0.135
39.7,0.135
39.7,0.135
39.7,0.135
39.7,0.135
39.7,0.135
39.7,0.135
39.7,0.135
39.7,0.135
39.7,0.135
39.7,0.135
39.7,0.135
39.7,0.135
39.7,0.135
39.7,0.135
39.7,0.135
39.7,0.135
39.7,0.135
39.7,0.135
39.7,0.135
39.7,0.135
39.7,0.135
39.7,0.135
39.7,0.135
39.7,0.135
39.7,0.135
39.7,0.135
39.7,0.135
39.7,0.135
39.7,0.135
39.7,0.135
39.7,0.135
39.7,0.135
39.7,0.135
39.7,0.135
39.7,0.135
39.7,0.135
39.7,0.135
39.6,0.135
39.6,0.135
39.6,0.135
39.6,0.135
39.6,0.135
39.6,0.135
39.6,0.135
39.6,0.135
39.6,0.135
39.6,0.135
39.6,0.135
39.6,0.135
39.6,0.135
39.6,0.140
39.6,0.140
39.6,0.140
39.6,0.140
39.6,0.140
39.6,0.140
39.6,0.140
39.6,0.140
39.6,0.140
39.6,0.140
39.6,0.140
39.6,0.140
39.6,0.140
39.6,0.140
39.6,0.140
39.6,0.140
39.6,0.140
39.6,0.140
39.6,0.140
39.6,0.140
39.6,0.140
39.6,0.140
39.6,0.140
39.6,0.140
39.6,0.140
39.6,0.140
39.6,0.140
39.6,0.140
39.6,0.140
39.6,0.140
39.6,0.140
39.6,0.140
39.6,0.140
39.6,0.140
39.6,0.140
39.6,0.140
39.6,0.140
39.5,0.140
39.5,0.140
39.5,0.140
39.5,0.140
39.5,0.140
39.5,0.140
39.5,0.140
39.5,0.140
39.5,0.140
39.5,0.140
39.5,0.140
39.5,0.140
39.5,0.140
39.5,0.140
39.4,0.140
39.4,0.140
39.4,0.140
39.4,0.140
39.4,0.140
39.4,0.140
39.4,0.140
39.4,0.140
39.4,0.140
39.4,0.140
39.4,0.140
39.4,0.140
39.4,0.140
39.4,0.140
39.4,0.140
39.4,0.140
39.4,0.140
39.4,0.140
39.4,0.140
39.4,0.140
39.5,0.140
39.5,0.145
39.5,0.145
39.5,0.145
39.5,0.145
39.5,0.145
39.5,0.145
39.5,0.145
39.5,0.145
39.5,0.145
39.5,0.145
39.5,0.145
39.5,0.145
39.5,0.145
39.5,0.145
39.5,0.145
39.5,0.145
39.5,0.145
39.5,0.145
39.5,0.145
39.5,0.145
39.5,0.145
39.5,0.145
39.5,0.145
39.5,0.145
39.5,0.145
39.5,0.145
39.5,0.145
39.5,0.145
39.5,0.145
39.5,0.145
39.5,0.145
39.5,0.145
39.5,0.145
39.5,0.145
39.5,0.145
39.5,0.145
39.5,0.145
39.5,0.145
39.5,0.145
39.5,0.145
39.5,0.145
39.5,0.145
39.5,0.145
39.5,0.145
39.5,0.145
39.5,0.145
39.5,0.145
39.5,0.145
39.5,0.145
39.5,0.145
39.5,0.145
39.5,0.145
39.5,0.145
39.5,0.145
39.5,0.145
39.5,0.145
39.5,0.145
39.5,0.145
39.5,0.145
39.5,0.145
39.5,0.145
39.5,0.145
39.5,0.145
39.5,0.145
39.5,0.145
39.5,0.145
39.5,0.145
39.5,0.145
39.5,0.145
39.5,0.145
39.5,0.145
39.5,0.150
39.5,0.150
39.5,0.150
39.5,0.150
39.5,0.150
39.5,0.150
39.4,0.150
39.4,0.150
39.4,0.150
39.4,0.150
39.4,0.150
39.4,0.150
39.4,0.150
39.4,0.150
39.4,0.150
39.4,0.150
39.4,0.150
39.4,0.150
39.4,0.150
39.4,0.150
39.4,0.150
39.4,0.150
39.4,0.150
39.4,0.150
39.4,0.150
39.4,0.150
39.4,0.150
39.4,0.150
39.4,0.150
39.4,0.150
39.4,0.150
39.4,0.150
39.4,0.150
39.4,0.150
39.4,0.150
39.4,0.150
39.4,0.150
39.4,0.150
39.4,0.150
39.4,0.150
39.4,0.150
39.4,0.150
39.4,0.150
39.4,0.150
39.4,0.150
39.4,0.150
39.4,0.150
39.4,0.150
39.4,0.150
39.4,0.150
39.4,0.150
39.4,0.150
39.4,0.150
39.4,0.150
39.4,0.150
39.4,0.150
39.4,0.150
39.4,0.150
39.4,0.150
39.4,0.150
39.4,0.150
39.4,0.150
39.4,0.155
39.4,0.155
39.4,0.155
39.4,0.155
39.4,0.155
39.4,0.155
39.4,0.155
39.4,0.155
39.4,0.155
39.4,0.155
39.4,0.155
39.4,0.155
39.4,0.155
39.4,0.155
39.4,0.155
39.4,0.155
39.4,0.155
39.4,0.155
39.4,0.155
39.4,0.155
39.4,0.155
39.4,0.155
39.4,0.155
39.4,0.155
39.4,0.155
39.3,0.155
39.3,0.155
39.3,0.155
39.3,0.155
39.3,0.155
39.3,0.155
39.3,0.155
39.3,0.155
39.3,0.155
39.3,0.155
39.3,0.155
39.3,0.155
39.3,0.155
39.3,0.155
39.3,0.155
39.3,0.155
39.3,0.155
39.3,0.155
39.3,0.155
39.3,0.155
39.3,0.155
39.3,0.155
39.3,0.155
39.3,0.155
39.3,0.155
39.3,0.155
39.3,0.155
39.3,0.155
39.3,0.155
39.3,0.155
39.3,0.155
39.3,0.155
39.3,0.155
39.3,0.155
39.3,0.155
39.3,0.160
39.3,0.160
39.3,0.160
39.3,0.160
39.3,0.160
39.3,0.160
39.3,0.160
39.3,0.160
39.3,0.160
39.3,0.160
39.3,0.160
39.3,0.160
39.3,0.160
39.3,0.160
39.3,0.160
39.3,0.160
39.3,0.160
39.3,0.160
39.3,0.160
39.3,0.160
39.3,0.160
39.3,0.160
39.3,0.160
39.3,0.160
39.3,0.160
39.3,0.160
39.3,0.160
39.3,0.160
39.3,0.160
39.3,0.160
39.3,0.160
39.3,0.160
39.3,0.160
39.3,0.160
39.3,0.160
39.3,0.160
39.2,0.160
39.2,0.160
39.2,0.160
39.2,0.160
39.2,0.160
39.2,0.160
39.2,0.160
39.2,0.160
39.2,0.160
39.2,0.160
39.2,0.160
39.2,0.160
39.2,0.160
39.2,0.160
39.2,0.160
39.2,0.160
39.2,0.160
39.2,0.160
39.2,0.160
39.2,0.160
39.2,0.160
39.2,0.160
39.2,0.160
39.2,0.160
39.2,0.160
39.2,0.160
39.2,0.165
39.2,0.165
39.2,0.165
39.2,0.165
39.2,0.165
39.2,0.165
39.2,0.165
39.2,0.165
39.2,0.165
39.2,0.165
39.2,0.165
39.2,0.165
39.2,0.165
39.2,0.165
39.1,0.165
39.1,0.165
39.1,0.165
39.1,0.165
39.1,0.165
39.1,0.165
39.1,0.165
39.1,0.165
39.1,0.165
39.1,0.165
39.1,0.165
39.1,0.165
39.1,0.165
39.1,0.165
39.1,0.165
39.1,0.165
39.1,0.165
39.1,0.165
39.1,0.165
39.1,0.165
39.1,0.165
39.1,0.165
39.1,0.165
39.1,0.165
39.1,0.165
39.1,0.165
39.1,0.165
39.1,0.165
39.1,0.165
39.1,0.165
39.1,0.165
39.1,0.165
39.1,0.165
39.1,0.165
39.1,0.165
39.1,0.165
39.1,0.165
39.1,0.165
39.1,0.165
39.1,0.165
39.1,0.165
39.1,0.165
39.1,0.165
39.1,0.165
39.1,0.165
39.1,0.165
39.1,0.170
39.1,0.170
39.1,0.170
39.1,0.170
39.1,0.170
39.1,0.170
39.1,0.170
39.1,0.170
39.1,0.170
39.1,0.170
39.1,0.170
39.1,0.170
39.1,0.170
39.1,0.170
39.1,0.170
39.1,0.170
39.1,0.170
39.1,0.170
39.1,0.170
39.1,0.170
39.1,0.170
39.1,0.170
39.1,0.170
39.1,0.170
39.1,0.170
39.1,0.170
39.1,0.170
39.1,0.170
39.0,0.170
39.0,0.170
39.0,0.170
39.0,0.170
39.0,0.170
39.0,0.170
39.0,0.170
39.0,0.170
39.0,0.170
39.0,0.170
39.0,0.170
39.0,0.170
39.0,0.170
39.0,0.170
39.0,0.170
39.0,0.170
39.0,0.170
39.0,0.170
39.0,0.170
39.0,0.170
39.0,0.170
39.0,0.170
39.0,0.170
39.0,0.170
39.0,0.170
39.0,0.170
39.0,0.170
39.0,0.170
39.0,0.175
39.0,0.175
39.0,0.175
39.0,0.175
39.0,0.175
39.0,0.175
39.0,0.175
39.0,0.175
39.0,0.175
39.0,0.175
39.0,0.175
39.0,0.175
39.0,0.175
39.0,0.175
39.0,0.175
39.0,0.175
39.0,0.175
39.0,0.175
39.0,0.175
39.0,0.175
39.0,0.175
39.0,0.175
39.0,0.175
39.0,0.175
39.0,0.175
39.0,0.175
39.0,0.175
39.0,0.175
39.0,0.175
39.0,0.175
39.0,0.175
39.0,0.175
39.0,0.175
39.0,0.175
39.0,0.175
39.0,0.175
39.0,0.175
39.0,0.175
39.0,0.175
39.0,0.175
39.0,0.175
39.0,0.175
39.0,0.175
39.0,0.175
39.0,0.175
39.0,0.175
39.0,0.175
39.0,0.175
39.0,0.175
39.0,0.175
39.0,0.175
38.9,0.180
38.9,0.180
38.9,0.180
38.9,0.180
38.9,0.180
38.9,0.180
38.9,0.180
38.9,0.180
38.9,0.180
38.9,0.180
38.9,0.180
38.9,0.180
38.9,0.180
38.9,0.180
38.9,0.180
38.9,0.180
38.9,0.180
38.9,0.180
38.9,0.180
38.9,0.180
38.9,0.180
38.9,0.180
38.9,0.180
38.9,0.180
38.9,0.180
38.9,0.180
38.9,0.180
38.9,0.180
38.9,0.180
38.9,0.180
38.9,0.180
38.9,0.180
38.9,0.180
38.9,0.180
38.9,0.180
38.9,0.180
38.9,0.180
38.9,0.180
38.9,0.180
38.9,0.180
38.9,0.180
38.9,0.180
38.9,0.180
38.9,0.180
38.9,0.180
38.9,0.180
38.9,0.180
38.9,0.180
38.9,0.180
38.9,0.180
38.9,0.180
38.9,0.180
38.9,0.180
38.8,0.180
38.8,0.180
38.8,0.185
38.8,0.185
38.8,0.185
38.8,0.185
38.8,0.185
38.8,0.185
38.8,0.185
38.8,0.185
38.8,0.185
38.8,0.185
38.8,0.185
38.8,0.185
38.8,0.185
38.8,0.185
38.8,0.185
38.8,0.185
38.8,0.185
38.8,0.185
38.8,0.185
38.8,0.185
38.8,0.185
38.8,0.185
38.8,0.185
38.8,0.185
38.8,0.185
38.8,0.185
38.8,0.185
38.8,0.185
38.8,0.185
38.8,0.185
38.8,0.185
38.8,0.185
38.8,0.185
38.8,0.185
38.8,0.185
38.8,0.185
38.8,0.185
38.8,0.185
38.8,0.185
38.8,0.185
38.8,0.185
38.8,0.185
38.8,0.185
38.8,0.185
38.8,0.185
38.8,0.185
38.8,0.185
38.8,0.185
38.8,0.185
38.8,0.185
38.8,0.185
38.8,0.185
38.8,0.185
38.8,0.185
38.9,0.190
38.8,0.190
38.8,0.190
38.8,0.190
38.8,0.190
38.8,0.190
38.8,0.190
38.8,0.190
38.8,0.190
38.8,0.190
38.8,0.190
38.8,0.190
38.8,0.190
38.8,0.190
38.8,0.190
38.8,0.190
38.8,0.190
38.8,0.190
38.8,0.190
38.8,0.190
38.8,0.190
38.8,0.190
38.8,0.190
38.8,0.190
38.8,0.190
38.8,0.190
38.8,0.190
38.8,0.190
38.8,0.190
38.8,0.190
38.8,0.190
38.8,0.190
38.8,0.190
38.8,0.190
38.8,0.190
38.8,0.190
38.8,0.190
38.8,0.190
38.8,0.190
38.8,0.190
38.8,0.190
38.8,0.190
38.8,0.190
38.8,0.190
38.8,0.190
38.8,0.190
38.8,0.190
38.8,0.190
38.8,0.190
38.8,0.195
38.8,0.195
38.8,0.195
38.8,0.195
38.8,0.195
38.8,0.195
38.8,0.195
38.8,0.195
38.8,0.195
38.8,0.195
38.8,0.195
38.8,0.195
38.9,0.195
38.9,0.195
38.9,0.195
38.9,0.195
38.9,0.195
38.9,0.195
38.9,0.195
38.9,0.195
38.9,0.195
38.9,0.195
38.9,0.195
38.9,0.195
38.9,0.195
38.9,0.195
38.9,0.195
38.9,0.195
38.9,0.195
38.9,0.195
38.9,0.195
38.9,0.195
38.9,0.195
38.9,0.195
38.8,0.195
38.8,0.195
38.8,0.195
38.8,0.195
38.8,0.195
38.8,0.195
38.8,0.195
38.8,0.195
38.8,0.195
38.8,0.195
38.8,0.195
38.8,0.195
38.8,0.195
38.8,0.195
38.8,0.195
38.8,0.200
38.8,0.200
38.8,0.200
38.9,0.200
38.9,0.200
38.9,0.200
38.9,0.200
38.9,0.200
38.9,0.200
38.9,0.200
38.9,0.200
38.9,0.200
38.9,0.200
38.9,0.200
38.9,0.200
38.9,0.200
38.9,0.200
38.9,0.200
38.9,0.200
38.9,0.200
38.9,0.200
38.9,0.200
38.9,0.200
38.9,0.200
38.9,0.200
38.9,0.200
38.9,0.200
38.9,0.200
38.9,0.200
38.9,0.200
38.9,0.200
38.9,0.200
38.9,0.200
38.9,0.200
38.9,0.200
38.9,0.200
38.9,0.200
38.9,0.200
38.9,0.200
38.9,0.200
38.9,0.200
38.9,0.200
38.9,0.200
38.9,0.200
38.9,0.200
38.9,0.200
38.9,0.200
38.9,0.200
38.9,0.200
38.9,0.200
38.9,0.200
38.9,0.200
38.9,0.205
38.9,0.205
38.9,0.205
38.9,0.205
38.9,0.205
38.9,0.205
38.9,0.205
38.9,0.205
38.9,0.205
38.9,0.205
38.9,0.205
38.9,0.205
38.9,0.205
38.9,0.205
39.0,0.205
39.0,0.205
39.0,0.205
39.0,0.205
39.0,0.205
39.0,0.205
39.0,0.205
39.0,0.205
39.0,0.205
39.0,0.205
39.0,0.205
39.0,0.205
39.0,0.205
39.0,0.205
39.0,0.205
39.0,0.205
39.0,0.205
39.0,0.205
39.0,0.205
39.0,0.205
39.0,0.205
39.0,0.205
39.0,0.205
39.0,0.205
39.0,0.205
39.0,0.205
39.0,0.205
39.0,0.205
39.0,0.205
39.0,0.205
39.0,0.205
39.0,0.205
39.0,0.205
39.0,0.205
39.0,0.205
39.0,0.205
39.0,0.210
39.0,0.210
39.0,0.210
39.0,0.210
39.0,0.210
39.0,0.210
39.0,0.210
39.0,0.210
39.0,0.210
39.0,0.210
39.0,0.210
39.0,0.210
39.0,0.210
39.0,0.210
39.0,0.210
39.0,0.210
39.0,0.210
39.0,0.210
39.0,0.210
39.0,0.210
39.0,0.210
39.0,0.210
39.0,0.210
39.0,0.210
39.0,0.210
39.0,0.210
39.0,0.210
39.0,0.210
39.0,0.210
39.0,0.210
39.0,0.210
39.0,0.210
39.0,0.210
39.0,0.210
39.0,0.210
39.0,0.210
39.0,0.210
39.0,0.210
39.0,0.210
39.0,0.210
39.0,0.210
39.0,0.210
39.0,0.215
39.0,0.215
39.0,0.215
39.0,0.215
39.0,0.215
39.0,0.215
39.0,0.215
39.0,0.215
39.0,0.215
39.0,0.215
39.0,0.215
39.0,0.215
39.0,0.215
39.0,0.215
39.0,0.215
39.0,0.215
39.0,0.215
39.0,0.215
39.0,0.215
39.0,0.215
39.0,0.215
39.0,0.215
39.0,0.215
39.0,0.215
39.0,0.215
39.0,0.215
39.0,0.215
39.0,0.215
39.0,0.215
39.0,0.215
39.0,0.215
39.0,0.215
39.0,0.215
38.9,0.215
38.9,0.215
38.9,0.215
38.9,0.215
38.9,0.215
38.9,0.215
38.9,0.215
38.9,0.215
38.9,0.215
38.9,0.220
38.9,0.220
38.9,0.220
38.9,0.220
38.9,0.220
38.9,0.220
38.9,0.220
38.9,0.220
38.9,0.220
38.9,0.220
38.9,0.220
38.9,0.220
38.9,0.220
38.9,0.220
38.9,0.220
38.9,0.220
38.9,0.220
38.9,0.220
38.9,0.220
38.9,0.220
38.9,0.220
38.9,0.220
38.9,0.220
38.9,0.220
38.9,0.220
38.9,0.220
38.9,0.220
38.9,0.220
38.9,0.220
38.9,0.220
38.9,0.220
38.9,0.220
38.9,0.220
38.9,0.220
38.9,0.220
38.9,0.220
38.9,0.220
38.9,0.220
38.9,0.220
38.9,0.220
38.9,0.220
38.9,0.220
38.9,0.220
38.9,0.225
38.9,0.225
38.9,0.225
38.9,0.225
38.9,0.225
38.9,0.225
38.9,0.225
38.9,0.225
38.9,0.225
38.9,0.225
38.9,0.225
38.9,0.225
38.9,0.225
38.9,0.225
38.9,0.225
38.9,0.225
38.9,0.225
38.9,0.225
38.9,0.225
38.9,0.225
38.9,0.225
38.9,0.225
38.9,0.225
38.9,0.225
38.9,0.225
38.9,0.225
38.9,0.225
38.9,0.225
38.9,0.225
38.9,0.225
38.9,0.225
38.9,0.225
38.9,0.225
38.9,0.225
38.9,0.225
38.9,0.225
38.9,0.225
38.9,0.225
38.9,0.225
38.9,0.225
38.9,0.225
38.9,0.225
38.9,0.225
38.9,0.225
38.9,0.230
38.9,0.230
38.9,0.230
38.9,0.230
38.9,0.230
38.9,0.230
38.9,0.230
38.9,0.230
38.9,0.230
38.9,0.230
38.9,0.230
38.9,0.230
38.9,0.230
38.9,0.230
38.9,0.230
38.9,0.230
38.9,0.230
38.9,0.230
38.9,0.230
38.9,0.230
38.9,0.230
38.9,0.230
38.9,0.230
38.9,0.230
38.9,0.230
38.9,0.230
38.9,0.230
38.9,0.230
38.9,0.230
38.9,0.230
38.9,0.230
38.9,0.230
38.9,0.230
38.9,0.230
38.8,0.230
38.8,0.230
38.8,0.230
38.8,0.230
38.8,0.230
38.8,0.230
38.8,0.230
38.8,0.230
38.8,0.230
38.8,0.235
38.8,0.235
38.8,0.235
38.8,0.235
38.8,0.235
38.8,0.235
38.8,0.235
38.8,0.235
38.8,0.235
38.8,0.235
38.8,0.235
38.8,0.235
38.8,0.235
38.8,0.235
38.8,0.235
38.8,0.235
38.8,0.235
38.8,0.235
38.8,0.235
38.8,0.235
38.8,0.235
38.8,0.235
38.8,0.235
38.8,0.235
38.8,0.235
38.8,0.235
38.8,0.235
38.8,0.235
38.8,0.235
38.8,0.235
38.8,0.235
38.8,0.235
38.8,0.235
38.8,0.235
38.8,0.235
38.8,0.235
38.8,0.235
38.8,0.235
38.8,0.235
38.8,0.235
38.8,0.235
38.8,0.235
38.8,0.240
38.8,0.240
38.8,0.240
38.8,0.240
38.8,0.240
38.8,0.240
38.8,0.240
38.8,0.240
38.8,0.240
38.8,0.240
38.8,0.240
38.8,0.240
38.8,0.240
38.8,0.240
38.8,0.240
38.8,0.240
38.8,0.240
38.8,0.240
38.8,0.240
38.9,0.240
38.9,0.240
38.9,0.240
38.9,0.240
38.9,0.240
38.9,0.240
38.9,0.240
38.9,0.240
38.9,0.240
38.9,0.240
38.9,0.240
38.9,0.240
38.9,0.240
38.9,0.240
38.9,0.240
38.9,0.240
38.9,0.240
38.9,0.240
38.9,0.240
39.0,0.240
39.0,0.240
39.0,0.240
39.0,0.240
39.0,0.240
39.0,0.240
39.0,0.240
39.0,0.240
39.0,0.245
39.0,0.245
39.0,0.245
39.0,0.245
39.0,0.245
39.0,0.245
39.0,0.245
39.0,0.245
39.0,0.245
39.0,0.245
39.0,0.245
39.0,0.245
39.0,0.245
39.0,0.245
39.0,0.245
39.0,0.245
39.0,0.245
39.0,0.245
39.0,0.245
39.0,0.245
39.0,0.245
39.0,0.245
39.0,0.245
39.0,0.245
39.0,0.245
39.0,0.245
39.0,0.245
39.0,0.245
39.0,0.245
39.0,0.245
39.0,0.245
39.0,0.245
39.0,0.245
39.0,0.245
39.0,0.245
39.0,0.245
39.0,0.245
39.0,0.245
39.0,0.245
39.1,0.245
39.1,0.245
39.1,0.245
39.1,0.245
39.1,0.245
39.1,0.245
39.1,0.245
39.1,0.245
39.1,0.245
39.1,0.250
39.1,0.250
39.1,0.250
39.1,0.250
39.1,0.250
39.1,0.250
39.1,0.250
39.1,0.250
39.1,0.250
39.1,0.250
39.1,0.250
39.1,0.250
39.1,0.250
39.1,0.250
39.1,0.250
39.1,0.250
39.1,0.250
39.1,0.250
39.1,0.250
39.1,0.250
39.1,0.250
39.1,0.250
39.1,0.250
39.2,0.250
39.2,0.250
39.2,0.250
39.2,0.250
39.2,0.250
39.2,0.250
39.2,0.250
39.2,0.250
39.2,0.250
39.2,0.250
39.2,0.250
39.2,0.250
39.2,0.250
39.2,0.250
39.2,0.250
39.2,0.250
39.2,0.250
39.2,0.250
39.2,0.250
39.2,0.250
39.2,0.250
39.1,0.250
39.1,0.250
39.1,0.250
39.1,0.250
39.1,0.250
39.1,0.250
39.1,0.250
39.1,0.255
39.1,0.255
39.1,0.255
39.1,0.255
39.1,0.255
39.1,0.255
39.1,0.255
39.1,0.255
39.1,0.255
39.1,0.255
39.1,0.255
39.1,0.255
39.1,0.255
39.2,0.255
39.2,0.255
39.2,0.255
39.2,0.255
39.2,0.255
39.2,0.255
39.2,0.255
39.2,0.255
39.2,0.255
39.2,0.255
39.2,0.255
39.2,0.255
39.2,0.255
39.2,0.255
39.2,0.255
39.2,0.255
39.2,0.255
39.2,0.255
39.2,0.255
39.2,0.255
39.2,0.255
39.2,0.255
39.2,0.255
39.2,0.255
39.2,0.255
39.2,0.255
39.1,0.255
39.1,0.255
39.1,0.255
39.0,0.255
39.0,0.255
39.0,0.255
38.9,0.255
38.9,0.255
38.9,0.255
38.9,0.255
38.9,0.255
38.9,0.255
38.9,0.255
38.9,0.260
38.9,0.260
39.0,0.260
39.0,0.260
39.0,0.260
39.0,0.260
39.0,0.260
39.0,0.260
39.0,0.260
39.1,0.260
39.1,0.260
39.1,0.260
39.1,0.260
39.1,0.260
39.1,0.260
39.1,0.260
39.1,0.260
39.1,0.260
39.1,0.260
39.1,0.260
39.1,0.260
39.1,0.260
39.1,0.260
39.1,0.260
39.1,0.260
39.1,0.260
39.1,0.260
39.1,0.260
39.1,0.260
39.1,0.260
39.1,0.260
39.1,0.260
39.1,0.260
39.1,0.260
39.1,0.260
39.1,0.260
39.0,0.260
39.0,0.260
39.0,0.260
39.0,0.260
39.0,0.260
39.0,0.260
39.0,0.260
39.0,0.260
39.0,0.260
39.0,0.260
39.0,0.260
38.9,0.260
38.9,0.260
38.9,0.260
38.9,0.260
38.9,0.260
38.9,0.260
38.9,0.260
38.9,0.260
38.9,0.260
38.9,0.260
38.9,0.260
38.9,0.260
38.9,0.260
38.9,0.260
38.9,0.265
38.9,0.265
38.9,0.265
38.9,0.265
38.9,0.265
38.9,0.265
38.9,0.265
38.9,0.265
38.9,0.265
38.9,0.265
38.9,0.265
38.9,0.265
38.9,0.265
38.9,0.265
38.9,0.265
38.9,0.265
38.9,0.265
38.9,0.265
38.9,0.265
38.9,0.265
38.9,0.265
38.9,0.265
38.9,0.265
38.9,0.265
38.9,0.265
38.9,0.265
39.0,0.265
39.0,0.265
39.0,0.265
39.0,0.265
39.0,0.265
39.0,0.265
39.0,0.265
39.0,0.265
39.0,0.265
39.0,0.265
39.0,0.265
39.0,0.265
39.0,0.265
39.0,0.265
39.0,0.265
39.0,0.265
39.0,0.265
39.0,0.265
39.0,0.265
39.0,0.265
39.0,0.265
39.0,0.265
39.0,0.265
39.0,0.265
39.0,0.265
39.0,0.265
39.0,0.265
39.0,0.265
39.1,0.265
39.1,0.265
39.1,0.265
39.1,0.265
39.1,0.265
39.1,0.265
39.1,0.265
39.1,0.265
39.1,0.270
39.1,0.270
39.1,0.270
39.1,0.270
39.1,0.270
39.1,0.270
39.1,0.270
39.1,0.270
39.1,0.270
39.1,0.270
39.1,0.270
39.1,0.270
39.1,0.270
39.1,0.270
39.1,0.270
39.1,0.270
39.1,0.270
39.1,0.270
39.2,0.270
39.2,0.270
39.2,0.270
39.2,0.270
39.2,0.270
39.2,0.270
39.2,0.270
39.2,0.270
39.2,0.270
39.2,0.270
39.2,0.270
39.2,0.270
39.2,0.270
39.2,0.270
39.2,0.270
39.2,0.270
39.2,0.270
39.2,0.270
39.2,0.270
39.2,0.270
39.2,0.270
39.2,0.270
39.2,0.270
39.2,0.270
39.2,0.270
39.2,0.270
39.2,0.270
39.2,0.270
39.2,0.270
39.2,0.270
39.2,0.270
39.2,0.270
39.2,0.270
39.1,0.270
39.1,0.270
39.1,0.270
39.1,0.270
39.1,0.270
39.1,0.270
39.1,0.270
39.1,0.270
39.1,0.270
39.2,0.270
39.2,0.270
39.2,0.270
39.2,0.270
39.2,0.270
39.2,0.270
39.2,0.270
39.2,0.270
39.2,0.275
39.2,0.275
39.2,0.275
39.2,0.275
39.2,0.275
39.2,0.275
39.2,0.275
39.2,0.275
39.2,0.275
39.2,0.275
39.2,0.275
39.2,0.275
39.2,0.275
39.2,0.275
39.2,0.275
39.2,0.275
39.2,0.275
39.2,0.275
39.2,0.275
39.2,0.275
39.2,0.275
39.3,0.275
39.3,0.275
39.3,0.275
39.3,0.275
39.3,0.275
39.3,0.275
39.3,0.275
39.3,0.275
39.3,0.275
39.3,0.275
39.3,0.275
39.3,0.275
39.3,0.275
39.3,0.275
39.3,0.275
39.3,0.275
39.3,0.275
39.3,0.275
39.3,0.275
39.3,0.275
39.3,0.275
39.3,0.275
39.3,0.275
39.3,0.275
39.3,0.275
39.3,0.275
39.2,0.275
39.2,0.275
39.2,0.275
39.2,0.275
39.2,0.275
39.2,0.275
39.2,0.275
39.2,0.275
39.2,0.275
39.2,0.275
39.2,0.275
39.2,0.275
39.2,0.275
39.2,0.275
39.2,0.275
39.2,0.275
39.2,0.275
39.2,0.275
39.2,0.275
39.2,0.275
39.2,0.275
39.2,0.275
39.2,0.275
39.2,0.275
39.2,0.280
39.2,0.280
39.2,0.280
39.2,0.280
39.2,0.280
39.2,0.280
39.2,0.280
39.2,0.280
39.2,0.280
39.2,0.280
39.2,0.280
39.2,0.280
39.2,0.280
39.2,0.280
39.2,0.280
39.2,0.280
39.2,0.280
39.2,0.280
39.2,0.280
39.2,0.280
39.2,0.280
39.2,0.280
39.2,0.280
39.2,0.280
39.2,0.280
39.2,0.280
39.2,0.280
39.2,0.280
39.2,0.280
39.2,0.280
39.2,0.280
39.2,0.280
39.2,0.280
39.2,0.280
39.1,0.280
39.1,0.280
39.1,0.280
39.1,0.280
39.1,0.280
39.1,0.280
39.1,0.280
39.1,0.280
39.1,0.280
39.1,0.280
39.1,0.280
39.1,0.280
39.1,0.280
39.1,0.280
39.1,0.280
39.1,0.280
39.1,0.280
39.1,0.280
39.1,0.280
39.1,0.280
39.1,0.280
39.1,0.280
39.1,0.280
39.1,0.280
39.1,0.280
39.1,0.280
39.1,0.280
39.1,0.280
39.1,0.280
39.1,0.280
39.1,0.280
39.1,0.280
39.1,0.280
39.1,0.280
39.1,0.285
39.1,0.285
39.1,0.285
39.1,0.285
39.1,0.285
39.1,0.285
39.1,0.285
39.1,0.285
39.1,0.285
39.1,0.285
39.1,0.285
39.1,0.285
39.1,0.285
39.1,0.285
39.1,0.285
39.1,0.285
39.1,0.285
39.1,0.285
39.1,0.285
39.1,0.285
39.1,0.285
39.1,0.285
39.1,0.285
39.1,0.285
39.1,0.285
39.1,0.285
39.1,0.285
39.1,0.285
39.1,0.285
39.1,0.285
39.1,0.285
39.1,0.285
39.1,0.285
39.1,0.285
39.1,0.285
39.1,0.285
39.1,0.285
39.1,0.285
39.1,0.285
39.1,0.285
39.1,0.285
39.1,0.285
39.1,0.285
39.1,0.285
39.1,0.285
39.1,0.285
39.1,0.285
39.1,0.285
39.1,0.285
39.1,0.285
39.1,0.285
39.1,0.285
39.1,0.285
39.1,0.285
39.1,0.285
39.1,0.285
39.1,0.285
39.1,0.285
39.1,0.285
39.1,0.285
39.1,0.285
39.1,0.285
39.1,0.285
39.1,0.285
39.1,0.290
39.1,0.290
39.1,0.290
39.1,0.290
39.1,0.290
39.1,0.290
39.1,0.290
39.1,0.290
39.1,0.290
39.1,0.290
39.1,0.290
39.1,0.290
39.1,0.290
39.1,0.290
39.1,0.290
39.1,0.290
39.1,0.290
39.1,0.290
39.1,0.290
39.1,0.290
39.1,0.290
39.1,0.290
39.1,0.290
39.1,0.290
39.1,0.290
39.1,0.290
39.1,0.290
39.1,0.290
39.1,0.290
39.1,0.290
39.1,0.290
39.1,0.290
39.1,0.290
39.1,0.290
39.1,0.290
39.1,0.290
39.1,0.290
39.1,0.290
39.2,0.290
39.2,0.290
39.2,0.290
39.2,0.290
39.2,0.290
39.2,0.290
39.2,0.290
39.2,0.290
39.2,0.290
39.2,0.290
39.2,0.290
39.2,0.290
39.2,0.290
39.2,0.295
39.2,0.295
39.2,0.295
39.2,0.295
39.2,0.295
39.2,0.295
39.2,0.295
39.2,0.295
39.2,0.295
39.2,0.295
39.2,0.295
39.2,0.295
39.2,0.295
39.2,0.295
39.2,0.295
39.2,0.295
39.2,0.295
39.2,0.295
39.2,0.295
39.2,0.295
39.2,0.295
39.2,0.295
39.2,0.295
39.2,0.295
39.2,0.295
39.2,0.295
39.2,0.295
39.2,0.295
39.2,0.295
39.2,0.295
39.2,0.295
39.2,0.295
39.2,0.295
39.2,0.295
39.2,0.295
39.2,0.295
39.2,0.295
39.2,0.295
39.2,0.295
39.2,0.295
39.2,0.295
39.2,0.295
39.3,0.295
39.3,0.295
39.3,0.295
39.3,0.295
39.3,0.295
39.3,0.295
39.3,0.295
39.3,0.295
39.3,0.295
39.3,0.295
39.3,0.295
39.3,0.300
39.3,0.300
39.3,0.300
39.3,0.300
39.3,0.300
39.3,0.300
39.3,0.300
39.3,0.300
39.3,0.300
39.3,0.300
39.3,0.300
39.3,0.300
39.3,0.300
39.3,0.300
39.3,0.300
39.3,0.300
39.3,0.300
39.3,0.300
39.3,0.300
39.3,0.300
39.3,0.300
39.3,0.300
39.3,0.300
39.3,0.300
39.3,0.300
39.3,0.300
39.2,0.300
39.2,0.300
39.2,0.300
39.2,0.300
39.2,0.300
39.2,0.300
39.2,0.300
39.2,0.300
39.2,0.300
39.2,0.300
39.2,0.300
39.2,0.300
39.2,0.300
39.2,0.300
39.2,0.300
39.2,0.300
39.2,0.300
39.2,0.300
39.2,0.300
39.2,0.300
39.2,0.300
39.2,0.300
39.2,0.300
39.2,0.300
39.2,0.300
39.2,0.300
39.2,0.300
39.2,0.300
39.2,0.305
39.2,0.305
39.2,0.305
39.1,0.305
39.1,0.305
39.1,0.305
39.1,0.305
39.1,0.305
39.1,0.305
39.1,0.305
39.1,0.305
39.1,0.305
39.1,0.305
39.1,0.305
39.2,0.305
39.2,0.305
39.2,0.305
39.2,0.305
39.2,0.305
39.2,0.305
39.2,0.305
39.2,0.305
39.2,0.305
39.2,0.305
39.2,0.305
39.2,0.305
39.2,0.305
39.2,0.305
39.2,0.305
39.2,0.305
39.2,0.305
39.2,0.305
39.2,0.305
39.2,0.305
39.2,0.305
39.2,0.305
39.2,0.305
39.2,0.305
39.2,0.305
39.2,0.305
39.2,0.305
39.2,0.305
39.2,0.305
39.2,0.305
39.2,0.305
39.2,0.305
39.2,0.305
39.2,0.305
39.2,0.305
39.2,0.305
39.2,0.305
39.2,0.305
39.2,0.305
39.2,0.305
39.2,0.310
39.2,0.310
39.2,0.310
39.2,0.310
39.2,0.310
39.2,0.310
39.2,0.310
39.2,0.310
39.2,0.310
39.2,0.310
39.2,0.310
39.2,0.310
39.2,0.310
39.2,0.310
39.2,0.310
39.2,0.310
39.2,0.310
39.2,0.310
39.2,0.310
39.2,0.310
39.2,0.310
39.2,0.310
39.2,0.310
39.2,0.310
39.2,0.310
39.2,0.310
39.2,0.310
39.2,0.310
39.2,0.310
39.2,0.310
39.2,0.310
39.2,0.310
39.2,0.310
39.2,0.310
39.2,0.310
39.2,0.310
39.2,0.310
39.2,0.310
39.2,0.310
39.2,0.310
39.2,0.310
39.2,0.310
39.2,0.310
39.2,0.310
39.2,0.310
39.2,0.310
39.2,0.310
39.2,0.310
39.2,0.310
39.2,0.310
39.2,0.315
39.2,0.315
39.2,0.315
39.2,0.315
39.2,0.315
39.2,0.315
39.2,0.315
39.2,0.315
39.2,0.315
39.2,0.315
39.2,0.315
39.2,0.315
39.2,0.315
39.2,0.315
39.2,0.315
39.2,0.315
39.2,0.315
39.2,0.315
39.2,0.315
39.2,0.315
39.2,0.315
39.2,0.315
39.2,0.315
39.1,0.315
39.1,0.315
39.1,0.315
39.1,0.315
39.1,0.315
39.1,0.315
39.1,0.315
39.1,0.315
39.1,0.315
39.1,0.315
39.1,0.315
39.1,0.315
39.1,0.315
39.1,0.315
39.1,0.315
39.1,0.315
39.1,0.315
39.1,0.315
39.1,0.315
39.1,0.315
39.1,0.315
39.1,0.315
39.1,0.315
39.1,0.315
39.1,0.315
39.1,0.315
39.1,0.320
39.1,0.320
39.1,0.320
39.1,0.320
39.1,0.320
39.1,0.320
39.1,0.320
39.1,0.320
39.1,0.320
39.1,0.320
39.2,0.320
39.2,0.320
39.2,0.320
39.2,0.320
39.2,0.320
39.2,0.320
39.2,0.320
39.2,0.320
39.2,0.320
39.2,0.320
39.2,0.320
39.2,0.320
39.2,0.320
39.2,0.320
39.2,0.320
39.2,0.320
39.2,0.320
39.2,0.320
39.2,0.320
39.2,0.320
39.2,0.320
39.2,0.320
39.2,0.320
39.2,0.320
39.2,0.320
39.2,0.320
39.2,0.320
39.2,0.320
39.2,0.320
39.2,0.320
39.1,0.320
39.1,0.320
39.1,0.320
39.1,0.320
39.1,0.320
39.1,0.320
39.1,0.320
39.1,0.320
39.1,0.320
39.1,0.320
39.1,0.320
39.1,0.320
39.1,0.320
39.1,0.320
39.1,0.320
39.1,0.325
39.1,0.325
39.1,0.325
39.1,0.325
39.1,0.325
39.1,0.325
39.1,0.325
39.1,0.325
39.1,0.325
39.1,0.325
39.1,0.325
39.1,0.325
39.1,0.325
39.1,0.325
39.1,0.325
39.1,0.325
39.1,0.325
39.1,0.325
39.1,0.325
39.1,0.325
39.1,0.325
39.1,0.325
39.1,0.325
39.1,0.325
39.1,0.325
39.1,0.325
39.1,0.325
39.1,0.325
39.1,0.325
39.1,0.325
39.1,0.325
39.1,0.325
39.1,0.325
39.1,0.325
39.1,0.325
39.1,0.325
39.1,0.325
39.1,0.325
39.1,0.325
39.1,0.325
39.1,0.325
39.1,0.325
39.1,0.325
39.1,0.325
39.1,0.325
39.1,0.325
39.1,0.325
39.1,0.325
39.1,0.325
39.1,0.325
39.1,0.325
39.1,0.325
39.1,0.325
39.1,0.325
39.1,0.330
39.0,0.330
39.0,0.330
39.0,0.330
39.0,0.330
39.0,0.330
39.0,0.330
39.0,0.330
39.0,0.330
39.0,0.330
39.0,0.330
39.0,0.330
39.0,0.330
39.0,0.330
39.0,0.330
39.0,0.330
39.0,0.330
39.0,0.330
39.0,0.330
39.0,0.330
39.0,0.330
39.0,0.330
39.0,0.330
39.0,0.330
39.0,0.330
39.0,0.330
39.0,0.330
39.0,0.330
39.0,0.330
39.0,0.330
39.0,0.330
39.0,0.330
39.0,0.330
39.0,0.330
39.0,0.330
39.0,0.330
39.0,0.330
39.0,0.330
39.0,0.330
39.0,0.330
39.0,0.330
39.0,0.330
39.0,0.330
39.0,0.330
39.0,0.330
39.0,0.330
39.0,0.330
39.0,0.330
39.0,0.330
39.0,0.335
39.0,0.335
39.0,0.335
39.0,0.335
39.0,0.335
39.0,0.335
39.0,0.335
39.0,0.335
39.0,0.335
39.0,0.335
39.0,0.335
39.0,0.335
39.0,0.335
39.0,0.335
39.0,0.335
39.0,0.335
39.0,0.335
39.0,0.335
39.0,0.335
39.0,0.335
39.0,0.335
39.0,0.335
39.0,0.335
39.0,0.335
39.0,0.335
39.0,0.335
39.0,0.335
39.0,0.335
39.0,0.335
39.0,0.335
39.0,0.335
39.0,0.335
39.0,0.335
39.0,0.335
39.0,0.335
39.0,0.335
39.0,0.335
39.0,0.335
39.0,0.335
39.0,0.335
39.0,0.335
39.0,0.335
39.0,0.335
39.0,0.335
39.0,0.335
39.0,0.340
39.1,0.340
39.1,0.340
39.1,0.340
39.1,0.340
39.0,0.340
39.0,0.340
39.0,0.340
39.0,0.340
39.0,0.340
39.0,0.340
39.0,0.340
39.0,0.340
39.0,0.340
39.0,0.340
39.0,0.340
39.0,0.340
39.0,0.340
39.0,0.340
39.0,0.340
39.0,0.340
39.0,0.340
39.0,0.340
39.0,0.340
39.0,0.340
39.1,0.340
39.1,0.340
39.1,0.340
39.1,0.340
39.1,0.340
39.1,0.340
39.1,0.340
39.1,0.340
39.1,0.340
39.1,0.340
39.1,0.340
39.1,0.340
39.1,0.340
39.1,0.340
39.1,0.340
39.1,0.340
39.1,0.340
39.1,0.340
39.1,0.340
39.1,0.340
39.1,0.340
39.1,0.340
39.1,0.340
39.1,0.340
39.1,0.340
39.2,0.345
39.2,0.345
39.2,0.345
39.2,0.345
39.2,0.345
39.2,0.345
39.2,0.345
39.2,0.345
39.2,0.345
39.2,0.345
39.2,0.345
39.2,0.345
39.2,0.345
39.2,0.345
39.2,0.345
39.2,0.345
39.2,0.345
39.2,0.345
39.2,0.345
39.2,0.345
39.2,0.345
39.2,0.345
39.2,0.345
39.2,0.345
39.2,0.345
39.2,0.345
39.2,0.345
39.2,0.345
39.2,0.345
39.2,0.345
39.2,0.345
39.2,0.345
39.2,0.345
39.2,0.345
39.2,0.345
39.2,0.345
39.2,0.345
39.2,0.345
39.2,0.345
39.2,0.345
39.2,0.345
39.2,0.345
39.2,0.345
39.2,0.345
39.2,0.345
39.2,0.345
39.2,0.345
39.2,0.345
39.2,0.345
39.2,0.345
39.2,0.350
39.2,0.350
39.2,0.350
39.2,0.350
39.2,0.350
39.2,0.350
39.2,0.350
39.2,0.350
39.2,0.350
39.2,0.350
39.2,0.350
39.2,0.350
39.2,0.350
39.2,0.350
39.2,0.350
39.2,0.350
39.2,0.350
39.2,0.350
39.2,0.350
39.2,0.350
39.2,0.350
39.1,0.350
39.1,0.350
39.1,0.350
39.1,0.350
39.1,0.350
39.1,0.350
39.1,0.350
39.1,0.350
39.1,0.350
39.1,0.350
39.1,0.350
39.1,0.350
39.1,0.350
39.1,0.350
39.1,0.350
39.2,0.350
39.2,0.350
39.2,0.350
39.2,0.350
39.2,0.350
39.2,0.350
39.2,0.350
39.2,0.350
39.2,0.350
39.2,0.350
39.2,0.350
39.1,0.355
39.1,0.355
39.1,0.355
39.1,0.355
39.1,0.355
39.1,0.355
39.1,0.355
39.1,0.355
39.1,0.355
39.1,0.355
39.1,0.355
39.1,0.355
39.1,0.355
39.1,0.355
39.2,0.355
39.2,0.355
39.2,0.355
39.2,0.355
39.2,0.355
39.2,0.355
39.2,0.355
39.2,0.355
39.2,0.355
39.2,0.355
39.2,0.355
39.2,0.355
39.2,0.355
39.2,0.355
39.2,0.355
39.2,0.355
39.2,0.355
39.2,0.355
39.2,0.355
39.2,0.355
39.2,0.355
39.2,0.355
39.2,0.355
39.2,0.355
39.2,0.355
39.2,0.355
39.2,0.355
39.2,0.355
39.2,0.355
39.2,0.355
39.2,0.355
39.2,0.355
39.2,0.360
39.2,0.360
39.2,0.360
39.2,0.360
39.2,0.360
39.2,0.360
39.2,0.360
39.2,0.360
39.2,0.360
39.2,0.360
39.2,0.360
39.2,0.360
39.1,0.360
39.2,0.360
39.2,0.360
39.2,0.360
39.2,0.360
39.2,0.360
39.2,0.360
39.2,0.360
39.2,0.360
39.2,0.360
39.2,0.360
39.2,0.360
39.2,0.360
39.2,0.360
39.2,0.360
39.2,0.360
39.2,0.360
39.2,0.360
39.2,0.360
39.2,0.360
39.2,0.360
39.2,0.360
39.2,0.360
39.2,0.360
39.2,0.360
39.2,0.360
39.2,0.360
39.2,0.360
39.2,0.360
39.2,0.360
39.2,0.360
39.2,0.360
39.2,0.360
39.2,0.360
39.2,0.360
39.2,0.360
39.2,0.360
39.2,0.360
39.2,0.360
39.2,0.360
39.2,0.360
39.2,0.360
39.2,0.360
39.2,0.360
39.2,0.365
39.2,0.365
39.2,0.365
39.2,0.365
39.2,0.365
39.2,0.365
39.2,0.365
39.2,0.365
39.2,0.365
39.2,0.365
39.2,0.365
39.2,0.365
39.2,0.365
39.2,0.365
39.2,0.365
39.2,0.365
39.2,0.365
39.2,0.365
39.2,0.365
39.2,0.365
39.2,0.365
39.2,0.365
39.2,0.365
39.2,0.365
39.2,0.365
39.2,0.365
39.2,0.365
39.2,0.365
39.2,0.365
39.2,0.365
39.2,0.365
39.2,0.365
39.2,0.365
39.2,0.365
39.2,0.365
39.2,0.365
39.3,0.365
39.3,0.365
39.3,0.365
39.3,0.365
39.3,0.365
39.3,0.365
39.3,0.365
39.3,0.365
39.3,0.365
39.3,0.365
39.3,0.365
39.3,0.365
39.3,0.365
39.3,0.365
39.3,0.365
39.3,0.365
39.3,0.365
39.3,0.365
39.3,0.365
39.3,0.365
39.3,0.365
39.3,0.365
39.3,0.370
39.3,0.370
39.3,0.370
39.2,0.370
39.3,0.370
39.3,0.370
39.3,0.370
39.3,0.370
39.2,0.370
39.2,0.370
39.2,0.370
39.2,0.370
39.2,0.370
39.2,0.370
39.2,0.370
39.2,0.370
39.2,0.370
39.2,0.370
39.2,0.370
39.2,0.370
39.2,0.370
39.2,0.370
39.2,0.370
39.2,0.370
39.2,0.370
39.2,0.370
39.2,0.370
39.2,0.370
39.2,0.370
39.2,0.370
39.2,0.370
39.2,0.370
39.2,0.370
39.2,0.370
39.2,0.370
39.2,0.370
39.2,0.370
39.2,0.370
39.2,0.370
39.2,0.370
39.2,0.370
39.2,0.370
39.2,0.370
39.2,0.370
39.2,0.370
39.2,0.370
39.2,0.370
39.2,0.370
39.3,0.370
39.3,0.370
39.2,0.375
39.2,0.375
39.2,0.375
39.2,0.375
39.2,0.375
39.2,0.375
39.2,0.375
39.2,0.375
39.2,0.375
39.2,0.375
39.2,0.375
39.2,0.375
39.2,0.375
39.2,0.375
39.2,0.375
39.2,0.375
39.2,0.375
39.2,0.375
39.3,0.375
39.3,0.375
39.3,0.375
39.3,0.375
39.3,0.375
39.3,0.375
39.3,0.375
39.3,0.375
39.3,0.375
39.3,0.375
39.3,0.375
39.3,0.375
39.3,0.375
39.3,0.375
39.3,0.375
39.3,0.375
39.3,0.375
39.3,0.375
39.3,0.375
39.3,0.375
39.3,0.375
39.3,0.375
39.3,0.375
39.3,0.375
39.3,0.375
39.3,0.375
39.3,0.375
39.3,0.375
39.3,0.375
39.3,0.375
39.3,0.375
39.3,0.375
39.3,0.375
39.2,0.375
39.2,0.375
39.2,0.375
39.2,0.375
39.2,0.380
39.2,0.380
39.2,0.380
39.2,0.380
39.2,0.380
39.2,0.380
39.2,0.380
39.2,0.380
39.2,0.380
39.2,0.380
39.2,0.380
39.2,0.380
39.2,0.380
39.2,0.380
39.2,0.380
39.2,0.380
39.2,0.380
39.2,0.380
39.3,0.380
39.3,0.380
39.3,0.380
39.3,0.380
39.3,0.380
39.3,0.380
39.3,0.380
39.3,0.380
39.3,0.380
39.3,0.380
39.3,0.380
39.3,0.380
39.3,0.380
39.3,0.380
39.3,0.380
39.3,0.380
39.2,0.380
39.2,0.380
39.2,0.380
39.3,0.380
39.3,0.380
39.3,0.380
39.3,0.380
39.3,0.380
39.3,0.380
39.3,0.380
39.3,0.380
39.3,0.380
39.3,0.380
39.3,0.380
39.3,0.380
39.3,0.380
39.3,0.380
39.3,0.380
39.3,0.380
39.3,0.380
39.3,0.385
39.3,0.385
39.3,0.385
39.3,0.385
39.3,0.385
39.3,0.385
39.3,0.385
39.3,0.385
39.3,0.385
39.3,0.385
39.3,0.385
39.3,0.385
39.3,0.385
39.3,0.385
39.3,0.385
39.3,0.385
39.3,0.385
39.3,0.385
39.3,0.385
39.3,0.385
39.3,0.385
39.3,0.385
39.3,0.385
39.3,0.385
39.3,0.385
39.3,0.385
39.3,0.385
39.3,0.385
39.3,0.385
39.3,0.385
39.3,0.385
39.3,0.385
39.3,0.385
39.3,0.385
39.3,0.385
39.3,0.385
39.3,0.385
39.3,0.385
39.3,0.385
39.3,0.385
39.3,0.385
39.4,0.385
39.4,0.385
39.4,0.385
39.4,0.385
39.4,0.385
39.4,0.385
39.4,0.385
39.4,0.385
39.4,0.385
39.4,0.390
39.4,0.390
39.4,0.390
39.4,0.390
39.4,0.390
39.4,0.390
39.4,0.390
39.4,0.390
39.4,0.390
39.4,0.390
39.4,0.390
39.4,0.390
39.4,0.390
39.4,0.390
39.5,0.390
39.4,0.390
39.4,0.390
39.4,0.390
39.4,0.390
39.4,0.390
39.4,0.390
39.4,0.390
39.4,0.390
39.4,0.390
39.4,0.390
39.4,0.390
39.4,0.390
39.4,0.390
39.4,0.390
39.4,0.390
39.4,0.390
39.4,0.390
39.4,0.390
39.4,0.390
39.4,0.390
39.4,0.390
39.4,0.390
39.4,0.390
39.4,0.390
39.4,0.390
39.4,0.390
39.4,0.390
39.4,0.390
39.4,0.390
39.4,0.390
39.4,0.390
39.4,0.395
39.4,0.395
39.4,0.395
39.4,0.395
39.4,0.395
39.4,0.395
39.4,0.395
39.4,0.395
39.4,0.395
39.4,0.395
39.4,0.395
39.4,0.395
39.4,0.395
39.4,0.395
39.4,0.395
39.4,0.395
39.4,0.395
39.4,0.395
39.4,0.395
39.4,0.395
39.4,0.395
39.4,0.395
39.4,0.395
39.4,0.395
39.4,0.395
39.4,0.395
39.4,0.395
39.4,0.395
39.4,0.395
39.4,0.395
39.4,0.395
39.4,0.395
39.4,0.395
39.4,0.395
39.4,0.395
39.4,0.395
39.4,0.395
39.4,0.395
39.4,0.395
39.4,0.395
39.4,0.395
39.4,0.395
39.4,0.395
39.4,0.400
39.4,0.400
39.4,0.400
39.4,0.400
39.4,0.400
39.5,0.400
39.5,0.400
39.5,0.400
39.5,0.400
39.5,0.400
39.5,0.400
39.5,0.400
39.5,0.400
39.5,0.400
39.5,0.400
39.5,0.400
39.6,0.400
39.6,0.400
39.6,0.400
39.6,0.400
39.6,0.400
39.6,0.400
39.6,0.400
39.6,0.400
39.6,0.400
39.6,0.400
39.6,0.400
39.6,0.400
39.6,0.400
39.6,0.400
39.6,0.400
39.6,0.400
39.6,0.400
39.6,0.400
39.6,0.400
39.6,0.400
39.6,0.400
39.6,0.400
39.6,0.400
39.6,0.400
39.6,0.400
39.6,0.400
39.6,0.400
39.6,0.400
39.7,0.405
39.7,0.405
39.7,0.405
39.7,0.405
39.7,0.405
39.7,0.405
39.7,0.405
39.7,0.405
39.7,0.405
39.7,0.405
39.7,0.405
39.7,0.405
39.7,0.405
39.7,0.405
39.7,0.405
39.7,0.405
39.7,0.405
39.7,0.405
39.7,0.405
39.7,0.405
39.7,0.405
39.7,0.405
39.7,0.405
39.7,0.405
39.7,0.405
39.7,0.405
39.7,0.405
39.7,0.405
39.7,0.405
39.7,0.405
39.7,0.405
39.7,0.405
39.7,0.405
39.7,0.405
39.7,0.405
39.7,0.405
39.7,0.405
39.7,0.405
39.7,0.405
39.7,0.405
39.7,0.405
39.7,0.405
39.7,0.410
39.7,0.410
39.7,0.410
39.7,0.410
39.7,0.410
39.7,0.410
39.7,0.410
39.7,0.410
39.7,0.410
39.7,0.410
39.7,0.410
39.7,0.410
39.6,0.410
39.6,0.410
39.6,0.410
39.6,0.410
39.6,0.410
39.6,0.410
39.5,0.410
39.5,0.410
39.5,0.410
39.5,0.410
39.5,0.410
39.5,0.410
39.5,0.410
39.5,0.410
39.5,0.410
39.5,0.410
39.5,0.410
39.5,0.410
39.5,0.410
39.5,0.410
39.5,0.410
39.5,0.410
39.5,0.410
39.5,0.410
39.5,0.410
39.5,0.410
39.5,0.410
39.5,0.410
39.5,0.415
39.5,0.415
39.5,0.415
39.5,0.415
39.5,0.415
39.5,0.415
39.5,0.415
39.5,0.415
39.5,0.415
39.5,0.415
39.5,0.415
39.5,0.415
39.5,0.415
39.5,0.415
39.5,0.415
39.5,0.415
39.5,0.415
39.5,0.415
39.5,0.415
39.5,0.415
39.5,0.415
39.5,0.415
39.5,0.415
39.5,0.415
39.5,0.415
39.5,0.415
39.5,0.415
39.5,0.415
39.5,0.415
39.5,0.415
39.5,0.415
39.5,0.415
39.5,0.415
39.5,0.415
39.5,0.415
39.5,0.415
39.6,0.415
39.6,0.415
39.6,0.420
39.6,0.420
39.6,0.420
39.6,0.420
39.6,0.420
39.6,0.420
39.6,0.420
39.6,0.420
39.6,0.420
39.6,0.420
39.6,0.420
39.6,0.420
39.6,0.420
39.6,0.420
39.7,0.420
39.7,0.420
39.7,0.420
39.7,0.420
39.7,0.420
39.7,0.420
39.7,0.420
39.7,0.420
39.7,0.420
39.7,0.420
39.7,0.420
39.7,0.420
39.7,0.420
39.7,0.420
39.7,0.420
39.7,0.420
39.7,0.420
39.7,0.420
39.7,0.420
39.7,0.420
39.7,0.420
39.6,0.420
39.6,0.420
39.6,0.420
39.6,0.420
39.6,0.425
39.6,0.425
39.6,0.425
39.5,0.425
39.5,0.425
39.5,0.425
39.5,0.425
39.5,0.425
39.5,0.425
39.5,0.425
39.5,0.425
39.5,0.425
39.5,0.425
39.5,0.425
39.5,0.425
39.5,0.425
39.5,0.425
39.5,0.425
39.5,0.425
39.5,0.425
39.5,0.425
39.5,0.425
39.5,0.425
39.5,0.425
39.5,0.425
39.5,0.425
39.5,0.425
39.5,0.425
39.5,0.425
39.5,0.425
39.5,0.425
39.5,0.425
39.5,0.425
39.5,0.425
39.5,0.425
39.5,0.425
39.5,0.425
39.5,0.425
39.5,0.430
39.5,0.430
39.5,0.430
39.5,0.430
39.5,0.430
39.5,0.430
39.5,0.430
39.5,0.430
39.5,0.430
39.5,0.430
39.5,0.430
39.5,0.430
39.5,0.430
39.5,0.430
39.5,0.430
39.5,0.430
39.5,0.430
39.5,0.430
39.5,0.430
39.5,0.430
39.6,0.430
39.6,0.430
39.6,0.430
39.6,0.430
39.6,0.430
39.6,0.430
39.6,0.430
39.6,0.430
39.6,0.430
39.6,0.430
39.6,0.430
39.6,0.430
39.6,0.430
39.6,0.430
39.6,0.435
39.6,0.435
39.6,0.435
39.6,0.435
39.6,0.435
39.6,0.435
39.6,0.435
39.6,0.435
39.6,0.435
39.6,0.435
39.6,0.435
39.6,0.435
39.7,0.435
39.7,0.435
39.7,0.435
39.7,0.435
39.7,0.435
39.7,0.435
39.7,0.435
39.7,0.435
39.7,0.435
39.7,0.435
39.7,0.435
39.7,0.435
39.7,0.435
39.7,0.435
39.7,0.435
39.7,0.435
39.7,0.435
39.7,0.435
39.7,0.435
39.7,0.435
39.7,0.435
39.7,0.435
39.7,0.435
39.7,0.440
39.7,0.440
39.7,0.440
39.7,0.440
39.7,0.440
39.7,0.440
39.7,0.440
39.7,0.440
39.7,0.440
39.7,0.440
39.7,0.440
39.7,0.440
39.7,0.440
39.7,0.440
39.7,0.440
39.7,0.440
39.7,0.440
39.7,0.440
39.7,0.440
39.7,0.440
39.7,0.440
39.7,0.440
39.7,0.440
39.7,0.440
39.7,0.440
39.7,0.440
39.7,0.440
39.7,0.440
39.7,0.440
39.7,0.440
39.6,0.440
39.6,0.440
39.6,0.440
39.6,0.440
39.6,0.440
39.6,0.440
39.6,0.445
39.6,0.445
39.6,0.445
39.7,0.445
39.7,0.445
39.7,0.445
39.7,0.445
39.7,0.445
39.7,0.445
39.7,0.445
39.7,0.445
39.7,0.445
39.7,0.445
39.6,0.445
39.6,0.445
39.6,0.445
39.6,0.445
39.6,0.445
39.6,0.445
39.6,0.445
39.6,0.445
39.6,0.445
39.6,0.445
39.6,0.445
39.6,0.445
39.6,0.445
39.6,0.445
39.6,0.445
39.6,0.445
39.6,0.445
39.6,0.445
39.6,0.445
39.6,0.445
39.6,0.445
39.6,0.445
39.6,0.445
39.6,0.450
39.6,0.450
39.6,0.450
39.7,0.450
39.7,0.450
39.7,0.450
39.7,0.450
39.7,0.450
39.7,0.450
39.7,0.450
39.7,0.450
39.7,0.450
39.7,0.450
39.7,0.450
39.7,0.450
39.7,0.450
39.8,0.450
39.8,0.450
39.8,0.450
39.8,0.450
39.8,0.450
39.8,0.450
39.8,0.450
39.8,0.450
39.8,0.450
39.8,0.450
39.9,0.450
39.9,0.450
39.9,0.450
39.9,0.450
39.9,0.450
39.9,0.450
39.9,0.450
39.9,0.450
39.9,0.450
39.9,0.450
39.9,0.455
39.9,0.455
39.9,0.455
39.9,0.455
39.9,0.455
39.9,0.455
39.9,0.455
39.9,0.455
39.9,0.455
39.9,0.455
39.9,0.455
39.9,0.455
39.9,0.455
39.9,0.455
39.9,0.455
39.9,0.455
39.9,0.455
39.9,0.455
39.9,0.455
39.9,0.455
39.9,0.455
39.9,0.455
39.9,0.455
39.9,0.455
39.9,0.455
39.9,0.455
39.9,0.455
39.9,0.455
40.0,0.455
40.0,0.455
40.0,0.455
40.0,0.455
40.0,0.455
40.0,0.455
40.0,0.455
40.0,0.455
40.0,0.455
40.0,0.455
40.0,0.460
40.0,0.460
40.0,0.460
40.0,0.460
40.0,0.460
40.0,0.460
40.0,0.460
40.0,0.460
40.0,0.460
40.0,0.460
40.0,0.460
40.0,0.460
40.0,0.460
40.0,0.460
40.1,0.460
40.1,0.460
40.1,0.460
40.1,0.460
40.1,0.460
40.1,0.460
40.1,0.460
40.1,0.460
40.1,0.460
40.1,0.460
40.1,0.460
40.1,0.460
40.1,0.460
40.1,0.460
40.1,0.460
40.1,0.460
40.1,0.460
40.1,0.460
40.1,0.460
40.1,0.460
40.1,0.460
40.1,0.460
40.1,0.465
40.1,0.465
40.1,0.465
40.1,0.465
40.1,0.465
40.1,0.465
40.1,0.465
40.1,0.465
40.1,0.465
40.1,0.465
40.1,0.465
40.1,0.465
40.1,0.465
40.1,0.465
40.1,0.465
40.1,0.465
40.1,0.465
40.1,0.465
40.1,0.465
40.1,0.465
40.1,0.465
40.1,0.465
40.1,0.465
40.1,0.465
40.1,0.465
40.1,0.465
40.1,0.465
40.1,0.465
40.1,0.465
40.1,0.465
40.1,0.465
40.1,0.465
40.1,0.465
40.1,0.465
40.1,0.465
40.1,0.470
40.1,0.470
40.1,0.470
40.1,0.470
40.1,0.470
40.1,0.470
40.1,0.470
40.1,0.470
40.1,0.470
40.1,0.470
40.1,0.470
40.1,0.470
40.1,0.470
40.1,0.470
40.1,0.470
40.1,0.470
40.1,0.470
40.1,0.470
40.1,0.470
40.1,0.470
40.1,0.470
40.1,0.470
40.1,0.470
40.1,0.470
40.1,0.470
40.1,0.470
40.1,0.470
40.1,0.470
40.1,0.470
40.1,0.470
40.1,0.470
40.1,0.470
40.1,0.475
40.1,0.475
40.1,0.475
40.1,0.475
40.1,0.475
40.1,0.475
40.1,0.475
40.1,0.475
40.1,0.475
40.1,0.475
40.1,0.475
40.1,0.475
40.1,0.475
40.1,0.475
40.1,0.475
40.1,0.475
40.1,0.475
40.1,0.475
40.1,0.475
40.1,0.475
40.1,0.475
40.1,0.475
40.1,0.475
40.1,0.475
40.1,0.475
40.1,0.475
40.1,0.475
40.1,0.475
40.1,0.475
40.1,0.475
40.1,0.475
40.1,0.475
40.1,0.475
40.1,0.480
40.1,0.480
40.1,0.480
40.1,0.480
40.1,0.480
40.1,0.480
40.1,0.480
40.2,0.480
40.2,0.480
40.2,0.480
40.2,0.480
40.2,0.480
40.2,0.480
40.2,0.480
40.2,0.480
40.2,0.480
40.2,0.480
40.2,0.480
40.2,0.480
40.2,0.480
40.2,0.480
40.2,0.480
40.2,0.480
40.2,0.480
40.2,0.480
40.2,0.480
40.2,0.480
40.2,0.480
40.2,0.480
40.2,0.480
40.2,0.480
40.2,0.480
40.2,0.480
40.2,0.480
40.2,0.480
40.2,0.480
40.2,0.485
40.2,0.485
40.2,0.485
40.2,0.485
40.2,0.485
40.2,0.485
40.2,0.485
40.2,0.485
40.2,0.485
40.2,0.485
40.2,0.485
40.2,0.485
40.2,0.485
40.2,0.485
40.2,0.485
40.2,0.485
40.2,0.485
40.2,0.485
40.2,0.485
40.2,0.485
40.2,0.485
40.1,0.485
40.1,0.485
40.1,0.485
40.1,0.485
40.1,0.485
40.1,0.485
40.1,0.485
40.1,0.485
40.1,0.485
40.1,0.485
40.1,0.485
40.1,0.485
40.1,0.485
40.1,0.485
40.1,0.485
40.1,0.485
40.1,0.485
40.1,0.490
40.1,0.490
40.1,0.490
40.1,0.490
40.1,0.490
40.1,0.490
40.1,0.490
40.1,0.490
40.1,0.490
40.1,0.490
40.1,0.490
40.1,0.490
40.1,0.490
40.1,0.490
40.1,0.490
40.1,0.490
40.1,0.490
40.1,0.490
40.1,0.490
40.1,0.490
40.1,0.490
40.0,0.490
40.0,0.490
40.0,0.490
40.0,0.490
40.0,0.490
40.0,0.490
40.0,0.490
40.0,0.490
40.0,0.490
40.0,0.490
40.0,0.490
40.0,0.490
40.0,0.490
40.0,0.490
40.0,0.490
40.0,0.490
40.0,0.495
40.0,0.495
40.0,0.495
40.0,0.495
40.0,0.495
40.0,0.495
40.0,0.495
40.0,0.495
40.0,0.495
40.1,0.495
40.1,0.495
40.1,0.495
40.1,0.495
40.1,0.495
40.1,0.495
40.1,0.495
40.1,0.495
40.1,0.495
40.1,0.495
40.1,0.495
40.1,0.495
40.1,0.495
40.1,0.495
40.1,0.495
40.1,0.495
40.1,0.495
40.1,0.495
40.1,0.495
40.1,0.495
40.1,0.495
40.1,0.495
40.1,0.495
40.2,0.500
40.2,0.500
40.2,0.500
40.2,0.500
40.2,0.500
40.2,0.500
40.2,0.500
40.2,0.500
40.2,0.500
40.2,0.500
40.2,0.500
40.2,0.500
40.2,0.500
40.2,0.500
40.2,0.500
40.2,0.500
40.2,0.500
40.3,0.500
40.3,0.500
40.3,0.500
40.3,0.500
40.3,0.500
40.3,0.500
40.3,0.500
40.3,0.500
40.3,0.500
40.3,0.500
40.3,0.500
40.3,0.500
40.3,0.500
40.3,0.500
40.3,0.500
40.3,0.500
40.3,0.505
40.3,0.505
40.3,0.505
40.3,0.505
40.3,0.505
40.3,0.505
40.3,0.505
40.3,0.505
40.3,0.505
40.3,0.505
40.3,0.505
40.3,0.505
40.3,0.505
40.3,0.505
40.3,0.505
40.3,0.505
40.3,0.505
40.3,0.505
40.3,0.505
40.3,0.505
40.3,0.505
40.3,0.505
40.3,0.505
40.3,0.505
40.3,0.505
40.3,0.505
40.3,0.505
40.3,0.505
40.3,0.505
40.3,0.510
40.2,0.510
40.2,0.510
40.2,0.510
40.2,0.510
40.2,0.510
40.2,0.510
40.2,0.510
40.2,0.510
40.2,0.510
40.2,0.510
40.2,0.510
40.1,0.510
40.1,0.510
40.1,0.510
40.1,0.510
40.1,0.510
40.1,0.510
40.1,0.510
40.1,0.510
40.1,0.510
40.1,0.510
40.1,0.510
40.1,0.510
40.1,0.510
40.1,0.510
40.1,0.510
40.1,0.510
40.1,0.515
40.1,0.515
40.1,0.515
40.1,0.515
40.1,0.515
40.1,0.515
40.1,0.515
40.1,0.515
40.1,0.515
40.1,0.515
40.1,0.515
40.1,0.515
40.1,0.515
40.1,0.515
40.1,0.515
40.1,0.515
40.1,0.515
40.1,0.515
40.1,0.515
40.1,0.515
40.1,0.515
40.1,0.515
40.1,0.515
40.2,0.515
40.2,0.515
40.2,0.515
40.2,0.515
40.2,0.515
40.2,0.515
40.2,0.520
40.2,0.520
40.2,0.520
40.2,0.520
40.2,0.520
40.2,0.520
40.2,0.520
40.2,0.520
40.2,0.520
40.2,0.520
40.2,0.520
40.2,0.520
40.2,0.520
40.2,0.520
40.2,0.520
40.2,0.520
40.2,0.520
40.2,0.520
40.2,0.520
40.2,0.520
40.2,0.520
40.3,0.520
40.3,0.520
40.3,0.520
40.3,0.520
40.3,0.520
40.3,0.520
40.3,0.520
40.4,0.520
40.4,0.520
40.4,0.525
40.4,0.525
40.4,0.525
40.4,0.525
40.4,0.525
40.4,0.525
40.4,0.525
40.4,0.525
40.4,0.525
40.4,0.525
40.4,0.525
40.4,0.525
40.4,0.525
40.4,0.525
40.4,0.525
40.4,0.525
40.4,0.525
40.4,0.525
40.4,0.525
40.4,0.525
40.4,0.525
40.4,0.525
40.4,0.525
40.4,0.525
40.4,0.525
40.4,0.525
40.4,0.525
40.4,0.525
40.4,0.525
40.4,0.525
40.4,0.530
40.3,0.530
40.3,0.530
40.3,0.530
40.3,0.530
40.3,0.530
40.3,0.530
40.3,0.530
40.3,0.530
40.3,0.530
40.3,0.530
40.3,0.530
40.3,0.530
40.3,0.530
40.3,0.530
40.3,0.530
40.3,0.530
40.3,0.530
40.3,0.530
40.3,0.530
40.3,0.530
40.3,0.530
40.3,0.530
40.3,0.530
40.3,0.530
40.3,0.530
40.3,0.530
40.3,0.530
40.3,0.530
40.3,0.530
40.3,0.535
40.3,0.535
40.3,0.535
40.3,0.535
40.3,0.535
40.3,0.535
40.3,0.535
40.3,0.535
40.3,0.535
40.3,0.535
40.3,0.535
40.3,0.535
40.3,0.535
40.4,0.535
40.4,0.535
40.4,0.535
40.4,0.535
40.3,0.535
40.3,0.535
40.3,0.535
40.3,0.535
40.3,0.535
40.3,0.535
40.3,0.535
40.3,0.535
40.3,0.535
40.3,0.535
40.3,0.535
40.3,0.535
40.3,0.535
40.3,0.535
40.3,0.535
40.3,0.540
40.3,0.540
40.3,0.540
40.3,0.540
40.3,0.540
40.3,0.540
40.3,0.540
40.3,0.540
40.3,0.540
40.3,0.540
40.3,0.540
40.3,0.540
40.3,0.540
40.3,0.540
40.3,0.540
40.3,0.540
40.3,0.540
40.3,0.540
40.3,0.540
40.3,0.540
40.3,0.540
40.3,0.540
40.2,0.540
40.2,0.540
40.2,0.540
40.2,0.540
40.2,0.540
40.2,0.540
40.2,0.540
40.2,0.540
40.2,0.540
40.2,0.540
40.2,0.540
40.2,0.540
40.2,0.545
40.2,0.545
40.2,0.545
40.2,0.545
40.2,0.545
40.1,0.545
40.1,0.545
40.1,0.545
40.1,0.545
40.1,0.545
40.1,0.545
40.1,0.545
40.1,0.545
40.1,0.545
40.2,0.545
40.2,0.545
40.2,0.545
40.2,0.545
40.2,0.545
40.2,0.545
40.2,0.545
40.2,0.545
40.2,0.545
40.2,0.545
40.2,0.545
40.2,0.545
40.2,0.545
40.2,0.545
40.2,0.545
40.2,0.545
40.2,0.545
40.2,0.545
40.2,0.545
40.2,0.545
40.2,0.545
40.2,0.545
40.2,0.545
40.2,0.550
40.2,0.550
40.2,0.550
40.2,0.550
40.2,0.550
40.2,0.550
40.2,0.550
40.2,0.550
40.2,0.550
40.2,0.550
40.2,0.550
40.2,0.550
40.2,0.550
40.2,0.550
40.2,0.550
40.2,0.550
40.2,0.550
40.2,0.550
40.2,0.550
40.2,0.550
40.2,0.550
40.2,0.550
40.2,0.550
40.2,0.550
40.2,0.550
40.2,0.550
40.2,0.550
40.2,0.550
40.2,0.550
40.2,0.550
40.2,0.550
40.2,0.550
40.2,0.550
40.2,0.550
40.2,0.550
40.2,0.550
40.2,0.550
40.2,0.555
40.3,0.555
40.3,0.555
40.3,0.555
40.3,0.555
40.3,0.555
40.3,0.555
40.3,0.555
40.3,0.555
40.3,0.555
40.3,0.555
40.3,0.555
40.3,0.555
40.3,0.555
40.3,0.555
40.2,0.555
40.2,0.555
40.2,0.555
40.2,0.555
40.2,0.555
40.2,0.555
40.2,0.555
40.2,0.555
40.3,0.555
40.3,0.555
40.3,0.555
40.3,0.555
40.3,0.555
40.3,0.555
40.3,0.555
40.3,0.555
40.3,0.555
40.3,0.555
40.3,0.555
40.3,0.555
40.3,0.560
40.3,0.560
40.3,0.560
40.3,0.560
40.3,0.560
40.3,0.560
40.3,0.560
40.3,0.560
40.3,0.560
40.3,0.560
40.3,0.560
40.3,0.560
40.3,0.560
40.2,0.560
40.2,0.560
40.2,0.560
40.2,0.560
40.2,0.560
40.2,0.560
40.2,0.560
40.2,0.560
40.2,0.560
40.2,0.560
40.2,0.560
40.2,0.560
40.2,0.560
40.2,0.560
40.2,0.560
40.1,0.560
40.1,0.560
40.1,0.560
40.1,0.560
40.1,0.560
40.1,0.560
40.1,0.560
40.1,0.560
40.1,0.565
40.1,0.565
40.1,0.565
40.1,0.565
40.1,0.565
40.1,0.565
40.1,0.565
40.1,0.565
40.1,0.565
40.1,0.565
40.1,0.565
40.1,0.565
40.1,0.565
40.1,0.565
40.1,0.565
40.1,0.565
40.1,0.565
40.1,0.565
40.2,0.565
40.2,0.565
40.2,0.565
40.2,0.565
40.2,0.565
40.2,0.565
40.2,0.565
40.2,0.565
40.2,0.565
40.2,0.565
40.2,0.565
40.2,0.565
40.2,0.565
40.2,0.565
40.2,0.565
40.2,0.565
40.2,0.565
40.2,0.570
40.2,0.570
40.2,0.570
40.2,0.570
40.2,0.570
40.2,0.570
40.2,0.570
40.2,0.570
40.2,0.570
40.2,0.570
40.2,0.570
40.2,0.570
40.2,0.570
40.2,0.570
40.2,0.570
40.2,0.570
40.3,0.570
40.3,0.570
40.3,0.570
40.3,0.570
40.3,0.570
40.3,0.570
40.2,0.570
40.2,0.570
40.2,0.570
40.3,0.570
40.3,0.570
40.3,0.570
40.3,0.570
40.3,0.570
40.4,0.570
40.4,0.575
40.4,0.575
40.4,0.575
40.4,0.575
40.4,0.575
40.4,0.575
40.4,0.575
40.4,0.575
40.4,0.575
40.4,0.575
40.4,0.575
40.4,0.575
40.4,0.575
40.4,0.575
40.4,0.575
40.4,0.575
40.4,0.575
40.4,0.575
40.4,0.575
40.4,0.575
40.4,0.575
40.4,0.575
40.4,0.575
40.4,0.575
40.4,0.575
40.4,0.575
40.4,0.575
40.4,0.575
40.4,0.580
40.4,0.580
40.4,0.580
40.4,0.580
40.4,0.580
40.3,0.580
40.3,0.580
40.3,0.580
40.3,0.580
40.3,0.580
40.3,0.580
40.4,0.580
40.4,0.580
40.4,0.580
40.4,0.580
40.4,0.580
40.4,0.580
40.4,0.580
40.4,0.580
40.4,0.580
40.4,0.580
40.4,0.580
40.4,0.580
40.4,0.580
40.3,0.580
40.3,0.580
40.3,0.580
40.3,0.580
40.3,0.585
40.3,0.585
40.3,0.585
40.3,0.585
40.3,0.585
40.3,0.585
40.3,0.585
40.3,0.585
40.3,0.585
40.3,0.585
40.3,0.585
40.3,0.585
40.3,0.585
40.3,0.585
40.3,0.585
40.3,0.585
40.3,0.585
40.3,0.585
40.3,0.585
40.3,0.585
40.3,0.585
40.3,0.585
40.3,0.585
40.4,0.585
40.4,0.585
40.4,0.585
40.4,0.585
40.4,0.585
40.4,0.590
40.4,0.590
40.4,0.590
40.4,0.590
40.4,0.590
40.4,0.590
40.4,0.590
40.4,0.590
40.4,0.590
40.4,0.590
40.4,0.590
40.4,0.590
40.4,0.590
40.4,0.590
40.4,0.590
40.4,0.590
40.4,0.590
40.4,0.590
40.4,0.590
40.4,0.590
40.4,0.590
40.4,0.590
40.4,0.590
40.4,0.590
40.4,0.590
40.4,0.590
40.4,0.590
40.4,0.595
40.4,0.595
40.4,0.595
40.4,0.595
40.4,0.595
40.4,0.595
40.4,0.595
40.4,0.595
40.4,0.595
40.4,0.595
40.4,0.595
40.4,0.595
40.4,0.595
40.4,0.595
40.4,0.595
40.4,0.595
40.4,0.595
40.4,0.595
40.4,0.595
40.4,0.595
40.4,0.595
40.4,0.595
40.4,0.595
40.4,0.595
40.3,0.595
40.3,0.595
40.3,0.595
40.3,0.600
40.3,0.600
40.3,0.600
40.3,0.600
40.3,0.600
40.3,0.600
40.3,0.600
40.3,0.600
40.3,0.600
40.3,0.600
40.3,0.600
40.3,0.600
40.3,0.600
40.3,0.600
40.3,0.600
40.3,0.600
40.3,0.600
40.3,0.600
40.3,0.600
40.3,0.600
40.3,0.600
40.3,0.600
40.3,0.600
40.3,0.600
40.3,0.600
40.3,0.600
40.3,0.600
40.3,0.600
40.3,0.600
40.3,0.600
40.3,0.605
40.3,0.605
40.3,0.605
40.3,0.605
40.3,0.605
40.3,0.605
40.3,0.605
40.3,0.605
40.3,0.605
40.3,0.605
40.3,0.605
40.3,0.605
40.3,0.605
40.3,0.605
40.3,0.605
40.3,0.605
40.3,0.605
40.3,0.605
40.3,0.605
40.3,0.605
40.3,0.605
40.3,0.605
40.3,0.605
40.3,0.605
40.3,0.605
40.3,0.605
40.2,0.605
40.2,0.605
40.2,0.605
40.2,0.605
40.2,0.610
40.2,0.610
40.2,0.610
40.2,0.610
40.2,0.610
40.2,0.610
40.2,0.610
40.3,0.610
40.3,0.610
40.3,0.610
40.3,0.610
40.3,0.610
40.3,0.610
40.3,0.610
40.3,0.610
40.3,0.610
40.3,0.610
40.3,0.610
40.3,0.610
40.3,0.610
40.3,0.610
40.3,0.610
40.3,0.610
40.3,0.610
40.3,0.610
40.3,0.610
40.3,0.610
40.3,0.610
40.3,0.610
40.3,0.610
40.3,0.615
40.3,0.615
40.3,0.615
40.3,0.615
40.3,0.615
40.3,0.615
40.3,0.615
40.3,0.615
40.3,0.615
40.3,0.615
40.3,0.615
40.3,0.615
40.3,0.615
40.3,0.615
40.3,0.615
40.3,0.615
40.3,0.615
40.3,0.615
40.3,0.615
40.3,0.615
40.3,0.615
40.3,0.615
40.3,0.615
40.3,0.615
40.3,0.615
40.3,0.615
40.3,0.615
40.3,0.615
40.3,0.615
40.3,0.615
40.3,0.615
40.3,0.615
40.3,0.620
40.3,0.620
40.3,0.620
40.3,0.620
40.3,0.620
40.3,0.620
40.3,0.620
40.3,0.620
40.3,0.620
40.3,0.620
40.3,0.620
40.3,0.620
40.3,0.620
40.3,0.620
40.3,0.620
40.2,0.620
40.2,0.620
40.2,0.620
40.2,0.620
40.2,0.620
40.2,0.620
40.2,0.620
40.2,0.620
40.2,0.620
40.2,0.620
40.2,0.620
40.2,0.620
40.2,0.620
40.2,0.620
40.2,0.620
40.2,0.625
40.2,0.625
40.2,0.625
40.2,0.625
40.2,0.625
40.2,0.625
40.2,0.625
40.2,0.625
40.2,0.625
40.2,0.625
40.3,0.625
40.3,0.625
40.3,0.625
40.3,0.625
40.3,0.625
40.3,0.625
40.3,0.625
40.3,0.625
40.3,0.625
40.3,0.625
40.3,0.625
40.3,0.625
40.3,0.625
40.3,0.625
40.3,0.625
40.2,0.625
40.2,0.625
40.2,0.625
40.2,0.625
40.2,0.625
40.2,0.625
40.2,0.630
40.2,0.630
40.2,0.630
40.2,0.630
40.2,0.630
40.2,0.630
40.2,0.630
40.2,0.630
40.2,0.630
40.2,0.630
40.2,0.630
40.2,0.630
40.2,0.630
40.2,0.630
40.3,0.630
40.3,0.630
40.3,0.630
40.3,0.630
40.3,0.630
40.3,0.630
40.3,0.630
40.3,0.630
40.3,0.630
40.3,0.630
40.3,0.630
40.3,0.630
40.3,0.630
40.3,0.630
40.3,0.630
40.3,0.630
40.3,0.635
40.3,0.635
40.3,0.635
40.3,0.635
40.3,0.635
40.3,0.635
40.3,0.635
40.3,0.635
40.3,0.635
40.3,0.635
40.4,0.635
40.4,0.635
40.4,0.635
40.4,0.635
40.4,0.635
40.4,0.635
40.4,0.635
40.4,0.635
40.4,0.635
40.4,0.635
40.4,0.635
40.4,0.635
40.4,0.635
40.4,0.635
40.4,0.635
40.4,0.635
40.4,0.635
40.4,0.635
40.4,0.635
40.4,0.635
40.4,0.640
40.4,0.640
40.4,0.640
40.4,0.640
40.4,0.640
40.4,0.640
40.4,0.640
40.4,0.640
40.4,0.640
40.4,0.640
40.4,0.640
40.4,0.640
40.4,0.640
40.4,0.640
40.4,0.640
40.4,0.640
40.4,0.640
40.4,0.640
40.4,0.640
40.4,0.640
40.4,0.640
40.5,0.640
40.5,0.640
40.5,0.640
40.5,0.640
40.5,0.640
40.5,0.640
40.5,0.640
40.5,0.640
40.5,0.640
40.5,0.640
40.5,0.640
40.4,0.640
40.4,0.645
40.4,0.645
40.4,0.645
40.4,0.645
40.4,0.645
40.4,0.645
40.4,0.645
40.4,0.645
40.4,0.645
40.4,0.645
40.4,0.645
40.4,0.645
40.4,0.645
40.4,0.645
40.4,0.645
40.4,0.645
40.4,0.645
40.4,0.645
40.4,0.645
40.4,0.645
40.4,0.645
40.5,0.645
40.5,0.645
40.5,0.645
40.5,0.645
40.5,0.645
40.5,0.645
40.5,0.645
40.5,0.645
40.5,0.645
40.5,0.645
40.5,0.645
40.4,0.645
40.4,0.645
40.4,0.650
40.4,0.650
40.4,0.650
40.4,0.650
40.4,0.650
40.4,0.650
40.4,0.650
40.4,0.650
40.4,0.650
40.4,0.650
40.5,0.650
40.5,0.650
40.5,0.650
40.5,0.650
40.5,0.650
40.5,0.650
40.5,0.650
40.5,0.650
40.5,0.650
40.5,0.650
40.5,0.650
40.5,0.650
40.5,0.650
40.4,0.650
40.4,0.650
40.4,0.650
40.4,0.650
40.4,0.650
40.4,0.650
40.4,0.650
40.4,0.650
40.4,0.650
40.4,0.655
40.4,0.655
40.5,0.655
40.5,0.655
40.5,0.655
40.5,0.655
40.5,0.655
40.5,0.655
40.5,0.655
40.5,0.655
40.4,0.655
40.5,0.655
40.5,0.655
40.5,0.655
40.5,0.655
40.4,0.655
40.4,0.655
40.4,0.655
40.4,0.655
40.5,0.655
40.5,0.655
40.5,0.655
40.5,0.655
40.5,0.655
40.5,0.655
40.5,0.655
40.5,0.655
40.5,0.655
40.6,0.655
40.6,0.660
40.6,0.660
40.6,0.660
40.6,0.660
40.6,0.660
40.6,0.660
40.6,0.660
40.6,0.660
40.6,0.660
40.6,0.660
40.6,0.660
40.6,0.660
40.6,0.660
40.6,0.660
40.6,0.660
40.6,0.660
40.6,0.660
40.6,0.660
40.6,0.660
40.6,0.660
40.6,0.660
40.6,0.660
40.6,0.660
40.5,0.660
40.5,0.660
40.5,0.660
40.5,0.660
40.5,0.660
40.5,0.660
40.5,0.660
40.5,0.660
40.5,0.660
40.5,0.665
40.5,0.665
40.5,0.665
40.5,0.665
40.5,0.665
40.5,0.665
40.5,0.665
40.5,0.665
40.5,0.665
40.5,0.665
40.5,0.665
40.5,0.665
40.5,0.665
40.5,0.665
40.5,0.665
40.5,0.665
40.5,0.665
40.5,0.665
40.5,0.665
40.5,0.665
40.5,0.665
40.5,0.665
40.5,0.665
40.5,0.665
40.5,0.665
40.5,0.665
40.5,0.665
40.5,0.665
40.5,0.665
40.5,0.665
40.5,0.665
40.5,0.670
40.5,0.670
40.5,0.670
40.5,0.670
40.5,0.670
40.5,0.670
40.5,0.670
40.5,0.670
40.5,0.670
40.5,0.670
40.5,0.670
40.6,0.670
40.6,0.670
40.6,0.670
40.6,0.670
40.6,0.670
40.6,0.670
40.6,0.670
40.6,0.670
40.6,0.670
40.6,0.670
40.6,0.670
40.6,0.670
40.6,0.670
40.6,0.670
40.6,0.670
40.6,0.670
40.6,0.670
40.6,0.670
40.6,0.670
40.7,0.670
40.7,0.675
40.7,0.675
40.7,0.675
40.7,0.675
40.7,0.675
40.7,0.675
40.7,0.675
40.7,0.675
40.7,0.675
40.7,0.675
40.7,0.675
40.7,0.675
40.7,0.675
40.7,0.675
40.7,0.675
40.7,0.675
40.7,0.675
40.7,0.675
40.7,0.675
40.7,0.675
40.7,0.675
40.7,0.675
40.7,0.675
40.8,0.675
40.9,0.675
40.9,0.675
40.9,0.675
40.9,0.675
40.9,0.675
40.9,0.675
40.9,0.675
40.9,0.680
40.9,0.680
40.9,0.680
40.9,0.680
40.8,0.680
40.8,0.680
40.8,0.680
40.7,0.680
40.7,0.680
40.7,0.680
40.7,0.680
40.7,0.680
40.7,0.680
40.7,0.680
40.7,0.680
40.7,0.680
40.8,0.680
40.8,0.680
40.8,0.680
40.8,0.680
40.8,0.680
40.8,0.680
40.8,0.680
40.8,0.680
40.8,0.680
40.8,0.680
40.8,0.680
40.8,0.680
40.8,0.680
40.8,0.680
40.8,0.680
40.8,0.680
40.8,0.685
40.8,0.685
40.8,0.685
40.8,0.685
40.8,0.685
40.8,0.685
40.8,0.685
40.8,0.685
40.8,0.685
40.8,0.685
40.8,0.685
40.8,0.685
40.8,0.685
40.8,0.685
40.8,0.685
40.8,0.685
40.8,0.685
40.8,0.685
40.8,0.685
40.8,0.685
40.8,0.685
40.8,0.685
40.8,0.685
40.8,0.685
40.8,0.685
40.8,0.685
40.8,0.685
40.8,0.685
40.8,0.685
40.8,0.685
40.8,0.685
40.8,0.685
40.8,0.690
40.8,0.690
40.6,0.690
40.6,0.690
40.6,0.690
40.6,0.690
40.6,0.690
40.6,0.690
40.6,0.690
40.6,0.690
40.6,0.690
40.6,0.690
40.6,0.690
40.6,0.690
40.6,0.690
40.7,0.690
40.7,0.690
40.7,0.690
40.7,0.690
40.7,0.690
40.7,0.690
40.8,0.690
40.8,0.690
40.8,0.690
40.8,0.690
40.8,0.690
40.8,0.690
40.8,0.690
40.8,0.690
40.8,0.690
40.8,0.695
40.8,0.695
40.8,0.695
40.8,0.695
40.8,0.695
40.8,0.695
40.8,0.695
40.8,0.695
40.8,0.695
40.8,0.695
40.8,0.695
40.8,0.695
40.8,0.695
40.8,0.695
40.8,0.695
40.8,0.695
40.8,0.695
40.8,0.695
40.9,0.695
40.9,0.695
40.9,0.695
40.9,0.695
40.9,0.695
40.9,0.695
40.9,0.695
41.0,0.695
41.0,0.695
41.0,0.695
41.0,0.695
41.0,0.695
41.0,0.695
41.0,0.700
41.0,0.700
41.0,0.700
41.0,0.700
41.0,0.700
41.0,0.700
41.0,0.700
41.0,0.700
41.0,0.700
41.0,0.700
41.0,0.700
41.0,0.700
41.0,0.700
41.0,0.700
41.0,0.700
41.0,0.700
41.0,0.700
41.0,0.700
41.0,0.700
41.0,0.700
41.0,0.700
41.0,0.700
41.0,0.700
41.0,0.700
41.0,0.700
41.0,0.700
41.0,0.700
40.9,0.700
40.9,0.700
40.9,0.700
40.9,0.700
40.9,0.700
40.9,0.705
40.9,0.705
40.9,0.705
40.9,0.705
40.9,0.705
40.9,0.705
40.9,0.705
40.9,0.705
40.9,0.705
40.8,0.705
40.8,0.705
40.8,0.705
40.8,0.705
40.8,0.705
40.8,0.705
40.8,0.705
40.8,0.705
40.8,0.705
40.8,0.705
40.8,0.705
40.8,0.705
40.8,0.705
40.8,0.705
40.8,0.705
40.8,0.705
40.8,0.705
40.8,0.705
40.8,0.705
40.8,0.705
40.8,0.705
40.8,0.705
40.8,0.705
40.8,0.705
40.8,0.710
40.8,0.710
40.8,0.710
40.8,0.710
40.8,0.710
40.8,0.710
40.8,0.710
40.8,0.710
40.8,0.710
40.8,0.710
40.8,0.710
40.8,0.710
40.8,0.710
40.8,0.710
40.8,0.710
40.8,0.710
40.8,0.710
40.8,0.710
40.8,0.710
40.8,0.710
40.8,0.710
40.8,0.710
40.8,0.710
40.8,0.710
40.8,0.710
40.8,0.710
40.8,0.710
40.8,0.710
40.9,0.710
40.9,0.710
40.9,0.710
40.9,0.710
40.9,0.715
40.9,0.715
40.9,0.715
40.9,0.715
40.9,0.715
40.9,0.715
40.9,0.715
40.9,0.715
40.9,0.715
41.0,0.715
41.0,0.715
41.0,0.715
41.0,0.715
41.0,0.715
41.0,0.715
41.0,0.715
41.0,0.715
41.0,0.715
41.0,0.715
41.0,0.715
41.0,0.715
40.9,0.715
40.9,0.715
40.9,0.715
40.9,0.715
40.9,0.715
40.9,0.715
40.9,0.715
40.9,0.715
40.9,0.720
40.9,0.720
40.9,0.720
40.9,0.720
40.9,0.720
40.9,0.720
40.9,0.720
40.9,0.720
40.9,0.720
40.9,0.720
40.9,0.720
40.9,0.720
40.9,0.720
40.9,0.720
40.9,0.720
40.9,0.720
40.9,0.720
40.9,0.720
40.9,0.720
40.9,0.720
40.9,0.720
41.0,0.720
40.9,0.720
40.9,0.720
40.9,0.720
40.9,0.720
41.0,0.720
41.0,0.720
41.0,0.720
41.0,0.720
41.0,0.720
41.0,0.725
41.0,0.725
41.0,0.725
41.0,0.725
41.0,0.725
41.0,0.725
41.0,0.725
41.0,0.725
41.0,0.725
41.0,0.725
41.0,0.725
41.0,0.725
41.0,0.725
41.0,0.725
41.0,0.725
41.0,0.725
41.0,0.725
41.0,0.725
41.0,0.725
41.0,0.725
41.0,0.725
41.0,0.725
41.0,0.725
41.0,0.725
41.0,0.725
41.0,0.725
41.0,0.725
40.9,0.725
40.9,0.725
40.9,0.725
40.9,0.725
40.9,0.725
40.9,0.730
40.9,0.730
40.9,0.730
40.9,0.730
40.9,0.730
40.8,0.730
40.8,0.730
40.8,0.730
40.8,0.730
40.8,0.730
41.0,0.730
41.0,0.730
40.9,0.730
40.9,0.730
40.9,0.730
40.9,0.730
40.9,0.730
40.9,0.730
40.9,0.730
41.0,0.730
41.0,0.730
41.0,0.730
41.0,0.730
41.0,0.730
41.0,0.730
41.0,0.730
41.0,0.730
41.0,0.730
41.0,0.730
41.0,0.730
41.0,0.730
41.0,0.730
41.0,0.735
41.0,0.735
41.0,0.735
41.0,0.735
41.0,0.735
41.1,0.735
41.1,0.735
41.1,0.735
41.1,0.735
41.1,0.735
41.1,0.735
41.1,0.735
41.1,0.735
41.1,0.735
41.1,0.735
41.1,0.735
41.1,0.735
41.1,0.735
41.1,0.735
41.1,0.735
41.1,0.735
41.1,0.735
41.1,0.735
41.1,0.735
41.1,0.735
41.1,0.735
41.1,0.735
41.1,0.735
41.1,0.735
41.1,0.735
41.1,0.740
41.1,0.740
41.1,0.740
41.1,0.740
41.1,0.740
41.1,0.740
41.0,0.740
41.0,0.740
41.0,0.740
41.0,0.740
41.0,0.740
41.0,0.740
41.0,0.740
41.0,0.740
41.0,0.740
41.1,0.740
41.1,0.740
41.1,0.740
41.1,0.740
41.1,0.740
41.1,0.740
41.1,0.740
41.1,0.740
41.1,0.740
41.1,0.740
41.1,0.740
41.1,0.740
41.1,0.740
41.0,0.740
41.0,0.740
41.0,0.740
41.0,0.740
41.0,0.745
41.0,0.745
41.0,0.745
41.0,0.745
41.0,0.745
41.0,0.745
41.0,0.745
41.0,0.745
41.0,0.745
41.1,0.745
41.1,0.745
41.1,0.745
41.1,0.745
41.1,0.745
41.1,0.745
41.1,0.745
41.1,0.745
41.1,0.745
41.1,0.745
41.1,0.745
41.1,0.745
41.1,0.745
41.1,0.745
41.1,0.745
41.1,0.745
41.1,0.745
41.1,0.745
41.0,0.745
41.0,0.745
41.0,0.750
41.0,0.750
41.0,0.750
41.0,0.750
41.0,0.750
40.9,0.750
40.9,0.750
40.9,0.750
40.9,0.750
40.9,0.750
40.9,0.750
40.9,0.750
40.9,0.750
40.9,0.750
40.9,0.750
40.9,0.750
40.9,0.750
40.9,0.750
40.9,0.750
40.9,0.750
41.0,0.750
41.0,0.750
41.0,0.750
41.0,0.750
41.0,0.750
41.0,0.750
41.0,0.750
41.0,0.750
41.0,0.755
41.0,0.755
41.0,0.755
41.0,0.755
41.0,0.755
41.0,0.755
41.0,0.755
41.0,0.755
41.0,0.755
41.0,0.755
41.0,0.755
41.0,0.755
41.0,0.755
41.0,0.755
41.0,0.755
41.0,0.755
41.0,0.755
41.0,0.755
41.0,0.755
41.0,0.755
41.0,0.755
40.9,0.755
40.9,0.755
41.0,0.755
41.0,0.755
41.0,0.755
41.0,0.755
41.0,0.755
41.0,0.755
41.0,0.760
41.0,0.760
41.0,0.760
41.0,0.760
41.0,0.760
41.0,0.760
41.0,0.760
41.0,0.760
41.0,0.760
41.0,0.760
41.0,0.760
41.0,0.760
41.1,0.760
41.1,0.760
41.1,0.760
41.1,0.760
41.1,0.760
41.1,0.760
41.1,0.760
41.1,0.760
41.1,0.760
41.1,0.760
41.1,0.760
41.1,0.760
41.1,0.760
41.1,0.760
41.1,0.760
41.1,0.760
41.1,0.760
41.1,0.760
41.1,0.765
41.1,0.765
41.1,0.765
41.1,0.765
41.1,0.765
41.1,0.765
41.1,0.765
41.2,0.765
41.2,0.765
41.2,0.765
41.2,0.765
41.2,0.765
41.2,0.765
41.2,0.765
41.2,0.765
41.2,0.765
41.2,0.765
41.2,0.765
41.2,0.765
41.2,0.765
41.2,0.765
41.2,0.765
41.1,0.765
41.1,0.765
41.1,0.765
41.1,0.765
41.1,0.765
41.1,0.765
41.1,0.765
41.1,0.765
41.1,0.765
41.1,0.770
41.1,0.770
41.1,0.770
41.1,0.770
41.1,0.770
41.1,0.770
41.1,0.770
41.0,0.770
41.0,0.770
41.0,0.770
41.0,0.770
41.0,0.770
41.0,0.770
41.0,0.770
41.0,0.770
41.0,0.770
40.9,0.770
40.9,0.770
40.9,0.770
40.9,0.770
40.9,0.770
40.9,0.770
40.9,0.770
40.9,0.770
40.9,0.770
41.0,0.770
41.0,0.770
41.0,0.770
41.0,0.775
41.0,0.775
41.0,0.775
41.0,0.775
41.0,0.775
41.0,0.775
41.0,0.775
41.0,0.775
41.0,0.775
41.0,0.775
41.0,0.775
41.0,0.775
41.0,0.775
41.0,0.775
41.0,0.775
41.0,0.775
41.0,0.775
41.1,0.775
41.2,0.775
41.2,0.775
41.2,0.775
41.2,0.775
41.2,0.775
41.2,0.775
41.2,0.775
41.2,0.775
41.2,0.775
41.2,0.775
41.2,0.775
41.2,0.780
41.2,0.780
41.2,0.780
41.2,0.780
41.2,0.780
41.2,0.780
41.2,0.780
41.2,0.780
41.1,0.780
41.1,0.780
41.1,0.780
41.1,0.780
41.1,0.780
41.1,0.780
41.1,0.780
41.2,0.780
41.2,0.780
41.2,0.780
41.3,0.780
41.3,0.780
41.3,0.780
41.3,0.780
41.3,0.780
41.3,0.780
41.3,0.780
41.3,0.780
41.3,0.780
41.3,0.785
41.3,0.785
41.3,0.785
41.2,0.785
41.2,0.785
41.2,0.785
41.2,0.785
41.2,0.785
41.2,0.785
41.2,0.785
41.3,0.785
41.3,0.785
41.4,0.785
41.4,0.785
41.4,0.785
41.4,0.785
41.4,0.785
41.4,0.785
41.4,0.785
41.4,0.785
41.4,0.785
41.4,0.785
41.4,0.785
41.4,0.785
41.4,0.785
41.4,0.785
41.4,0.785
41.4,0.790
41.3,0.790
41.3,0.790
41.3,0.790
41.3,0.790
41.3,0.790
41.3,0.790
41.3,0.790
41.3,0.790
41.3,0.790
41.4,0.790
41.4,0.790
41.4,0.790
41.4,0.790
41.4,0.790
41.4,0.790
41.4,0.790
41.4,0.790
41.4,0.790
41.4,0.790
41.4,0.790
41.4,0.790
41.3,0.790
41.3,0.790
41.3,0.790
41.3,0.795
41.3,0.795
41.3,0.795
41.3,0.795
41.3,0.795
41.4,0.795
41.4,0.795
41.4,0.795
41.4,0.795
41.4,0.795
41.4,0.795
41.4,0.795
41.4,0.795
41.4,0.795
41.4,0.795
41.4,0.795
41.4,0.795
41.4,0.795
41.4,0.795
41.4,0.795
41.4,0.795
41.4,0.795
41.4,0.795
41.4,0.795
41.4,0.800
41.4,0.800
41.4,0.800
41.4,0.800
41.4,0.800
41.4,0.800
41.4,0.800
41.4,0.800
41.4,0.800
41.4,0.800
41.4,0.800
41.4,0.800
41.4,0.800
41.4,0.800
41.4,0.800
41.4,0.800
41.4,0.800
41.4,0.800
41.4,0.800
41.4,0.800
41.4,0.800
41.4,0.800
41.4,0.800
41.4,0.800
41.4,0.805
41.4,0.805
41.4,0.805
41.4,0.805
41.4,0.805
41.4,0.805
41.4,0.805
41.4,0.805
41.4,0.805
41.4,0.805
41.4,0.805
41.4,0.805
41.4,0.805
41.4,0.805
41.5,0.805
41.5,0.805
41.5,0.805
41.5,0.805
41.5,0.805
41.5,0.805
41.5,0.805
41.5,0.805
41.5,0.805
41.5,0.805
41.4,0.805
41.4,0.810
41.4,0.810
41.4,0.810
41.4,0.810
41.3,0.810
41.3,0.810
41.3,0.810
41.3,0.810
41.3,0.810
41.3,0.810
41.3,0.810
41.3,0.810
41.3,0.810
41.3,0.810
41.3,0.810
41.3,0.810
41.3,0.810
41.3,0.810
41.3,0.810
41.3,0.810
41.3,0.810
41.3,0.810
41.3,0.810
41.3,0.815
41.3,0.815
41.3,0.815
41.3,0.815
41.3,0.815
41.3,0.815
41.3,0.815
41.3,0.815
41.4,0.815
41.4,0.815
41.4,0.815
41.4,0.815
41.4,0.815
41.4,0.815
41.5,0.815
41.5,0.815
41.4,0.815
41.5,0.815
41.3,0.815
41.3,0.815
41.3,0.815
41.3,0.820
41.3,0.820
41.3,0.820
41.3,0.820
41.3,0.820
41.3,0.820
41.3,0.820
41.3,0.820
41.3,0.820
41.3,0.820
41.4,0.820
41.4,0.820
41.4,0.820
41.4,0.820
41.4,0.820
41.4,0.820
41.4,0.820
41.4,0.820
41.4,0.820
41.5,0.820
41.4,0.820
41.4,0.820
41.3,0.820
41.3,0.825
41.3,0.825
41.3,0.825
41.3,0.825
41.3,0.825
41.3,0.825
41.3,0.825
41.3,0.825
41.3,0.825
41.3,0.825
41.3,0.825
41.3,0.825
41.4,0.825
41.4,0.825
41.4,0.825
41.4,0.825
41.4,0.825
41.4,0.825
41.4,0.825
41.3,0.825
41.3,0.825
41.3,0.825
41.3,0.825
41.2,0.830
41.2,0.830
41.2,0.830
41.2,0.830
41.2,0.830
41.2,0.830
41.2,0.830
41.3,0.830
41.3,0.830
41.3,0.830
41.4,0.830
41.4,0.830
41.4,0.830
41.4,0.830
41.4,0.830
41.4,0.830
41.4,0.830
41.4,0.830
41.4,0.830
41.4,0.830
41.4,0.830
41.4,0.830
41.3,0.835
41.3,0.835
41.3,0.835
41.3,0.835
41.3,0.835
41.3,0.835
41.3,0.835
41.4,0.835
41.4,0.835
41.4,0.835
41.5,0.835
41.5,0.835
41.5,0.835
41.5,0.835
41.6,0.835
41.6,0.835
41.6,0.835
41.6,0.835
41.6,0.835
41.6,0.835
41.6,0.835
41.6,0.835
41.5,0.840
41.4,0.840
41.4,0.840
41.4,0.840
41.3,0.840
41.3,0.840
41.3,0.840
41.3,0.840
41.3,0.840
41.3,0.840
41.3,0.840
41.3,0.840
41.3,0.840
41.4,0.840
41.4,0.840
41.5,0.840
41.4,0.840
41.4,0.840
41.4,0.840
41.4,0.840
41.5,0.840
41.5,0.840
41.5,0.840
41.5,0.840
41.5,0.845
41.5,0.845
41.5,0.845
41.5,0.845
41.4,0.845
41.4,0.845
41.4,0.845
41.4,0.845
41.4,0.845
41.4,0.845
41.4,0.845
41.4,0.845
41.5,0.845
41.5,0.845
41.5,0.845
41.5,0.845
41.5,0.845
41.5,0.845
41.5,0.845
41.5,0.845
41.5,0.845
41.5,0.845
41.5,0.845
41.5,0.845
41.4,0.845
41.4,0.850
41.4,0.850
41.4,0.850
41.4,0.850
41.4,0.850
41.4,0.850
41.4,0.850
41.4,0.850
41.4,0.850
41.4,0.850
41.5,0.850
41.5,0.850
41.5,0.850
41.5,0.850
41.5,0.850
41.5,0.850
41.5,0.850
41.5,0.850
41.5,0.850
41.5,0.850
41.5,0.850
41.5,0.850
41.5,0.850
41.5,0.850
41.5,0.850
41.5,0.855
41.5,0.855
41.5,0.855
41.5,0.855
41.5,0.855
41.5,0.855
41.6,0.855
41.6,0.855
41.6,0.855
41.6,0.855
41.6,0.855
41.6,0.855
41.6,0.855
41.6,0.855
41.7,0.855
41.7,0.855
41.7,0.855
41.7,0.855
41.7,0.855
41.7,0.855
41.7,0.855
41.6,0.855
41.6,0.855
41.6,0.855
41.6,0.855
41.6,0.855
41.6,0.855
41.6,0.855
41.6,0.855
41.6,0.860
41.6,0.860
41.6,0.860
41.7,0.860
41.7,0.860
41.7,0.860
41.7,0.860
41.7,0.860
41.7,0.860
41.7,0.860
41.7,0.860
41.7,0.860
41.7,0.860
41.7,0.860
41.7,0.860
41.7,0.860
41.6,0.860
41.6,0.860
41.6,0.860
41.6,0.860
41.6,0.860
41.6,0.860
41.6,0.860
41.6,0.860
41.6,0.860
41.6,0.860
41.7,0.860
41.7,0.860
41.7,0.860
41.7,0.865
41.7,0.865
41.7,0.865
41.7,0.865
41.7,0.865
41.7,0.865
41.7,0.865
41.7,0.865
41.7,0.865
41.7,0.865
41.6,0.865
41.6,0.865
41.6,0.865
41.6,0.865
41.6,0.865
41.6,0.865
41.6,0.865
41.6,0.865
41.6,0.865
41.6,0.865
41.6,0.865
41.6,0.865
41.6,0.865
41.6,0.865
41.6,0.865
41.7,0.865
41.7,0.865
41.7,0.865
41.7,0.865
41.7,0.865
41.7,0.870
41.7,0.870
41.7,0.870
41.7,0.870
41.6,0.870
41.6,0.870
41.6,0.870
41.6,0.870
41.5,0.870
41.5,0.870
41.5,0.870
41.5,0.870
41.5,0.870
41.5,0.870
41.5,0.870
41.5,0.870
41.5,0.870
41.5,0.870
41.5,0.870
41.5,0.870
41.5,0.870
41.5,0.870
41.5,0.870
41.5,0.870
41.6,0.870
41.6,0.870
41.6,0.870
41.6,0.875
41.6,0.875
41.6,0.875
41.6,0.875
41.6,0.875
41.6,0.875
41.6,0.875
41.6,0.875
41.5,0.875
41.5,0.875
41.5,0.875
41.5,0.875
41.5,0.875
41.5,0.875
41.5,0.875
41.5,0.875
41.5,0.875
41.5,0.875
41.5,0.875
41.5,0.875
41.5,0.875
41.5,0.875
41.5,0.875
41.5,0.875
41.5,0.875
41.5,0.875
41.5,0.880
41.5,0.880
41.5,0.880
41.5,0.880
41.5,0.880
41.5,0.880
41.5,0.880
41.5,0.880
41.4,0.880
41.4,0.880
41.4,0.880
41.4,0.880
41.4,0.880
41.4,0.880
41.4,0.880
41.4,0.880
41.4,0.880
41.4,0.880
41.4,0.880
41.4,0.880
41.4,0.880
41.4,0.880
41.4,0.880
41.4,0.880
41.4,0.880
41.3,0.880
41.3,0.885
41.3,0.885
41.3,0.885
41.3,0.885
41.3,0.885
41.3,0.885
41.3,0.885
41.3,0.885
41.3,0.885
41.3,0.885
41.3,0.885
41.3,0.885
41.4,0.885
41.4,0.885
41.4,0.885
41.4,0.885
41.4,0.885
41.4,0.885
41.4,0.885
41.4,0.885
41.4,0.885
41.3,0.885
41.3,0.885
41.3,0.885
41.3,0.890
41.3,0.890
41.3,0.890
41.4,0.890
41.4,0.890
41.5,0.890
41.5,0.890
41.5,0.890
41.5,0.890
41.5,0.890
41.5,0.890
41.5,0.890
41.5,0.890
41.5,0.890
41.5,0.890
41.6,0.890
41.6,0.890
41.6,0.890
41.6,0.890
41.6,0.890
41.6,0.890
41.6,0.890
41.6,0.890
41.6,0.895
41.6,0.895
41.6,0.895
41.6,0.895
41.6,0.895
41.6,0.895
41.6,0.895
41.6,0.895
41.6,0.895
41.6,0.895
41.6,0.895
41.6,0.895
41.6,0.895
41.6,0.895
41.6,0.895
41.6,0.895
41.6,0.895
41.6,0.895
41.6,0.895
41.6,0.895
41.6,0.900
41.6,0.900
41.6,0.900
41.6,0.900
41.6,0.900
41.5,0.900
41.5,0.900
41.5,0.900
41.5,0.900
41.5,0.900
41.5,0.900
41.5,0.900
41.5,0.900
41.5,0.900
41.5,0.900
41.5,0.900
41.5,0.900
41.5,0.900
41.5,0.900
41.5,0.900
41.5,0.900
41.5,0.900
41.5,0.900
41.5,0.905
41.5,0.905
41.5,0.905
41.5,0.905
41.5,0.905
41.5,0.905
41.5,0.905
41.5,0.905
41.5,0.905
41.5,0.905
41.5,0.905
41.5,0.905
41.5,0.905
41.5,0.905
41.4,0.905
41.4,0.905
41.4,0.905
41.4,0.905
41.4,0.905
41.4,0.905
41.4,0.905
41.4,0.905
41.4,0.905
41.5,0.910
41.5,0.910
41.5,0.910
41.5,0.910
41.5,0.910
41.5,0.910
41.5,0.910
41.5,0.910
41.5,0.910
41.6,0.910
41.6,0.910
41.6,0.910
41.6,0.910
41.6,0.910
41.6,0.910
41.6,0.910
41.6,0.910
41.6,0.910
41.6,0.910
41.6,0.910
41.6,0.910
41.6,0.910
41.5,0.915
41.5,0.915
41.5,0.915
41.5,0.915
41.5,0.915
41.5,0.915
41.5,0.915
41.5,0.915
41.6,0.915
41.6,0.915
41.7,0.915
41.7,0.915
41.7,0.915
41.8,0.915
41.8,0.915
41.8,0.915
41.8,0.915
41.8,0.915
41.8,0.915
41.8,0.915
41.8,0.915
41.8,0.915
41.8,0.915
41.8,0.920
41.8,0.920
41.8,0.920
41.8,0.920
41.8,0.920
41.8,0.920
41.8,0.920
41.8,0.920
41.8,0.920
41.8,0.920
41.8,0.920
41.8,0.920
41.8,0.920
41.8,0.920
41.8,0.920
41.8,0.920
41.8,0.920
41.8,0.920
41.8,0.920
41.8,0.920
41.8,0.920
41.8,0.920
41.8,0.920
41.8,0.920
41.8,0.920
41.8,0.925
41.8,0.925
41.8,0.925
41.8,0.925
41.8,0.925
41.8,0.925
41.8,0.925
41.8,0.925
41.8,0.925
41.8,0.925
41.8,0.925
41.8,0.925
41.8,0.925
41.8,0.925
41.8,0.925
41.8,0.925
41.8,0.925
41.8,0.925
41.8,0.925
41.8,0.925
41.8,0.925
41.6,0.925
41.6,0.925
41.6,0.925
41.6,0.925
41.6,0.930
41.6,0.930
41.6,0.930
41.6,0.930
41.6,0.930
41.6,0.930
41.6,0.930
41.6,0.930
41.6,0.930
41.6,0.930
41.6,0.930
41.6,0.930
41.7,0.930
41.7,0.930
41.7,0.930
41.7,0.930
41.7,0.930
41.7,0.930
41.6,0.930
41.7,0.930
41.6,0.930
41.6,0.930
41.5,0.930
41.5,0.930
41.5,0.935
41.5,0.935
41.5,0.935
41.5,0.935
41.5,0.935
41.5,0.935
41.5,0.935
41.6,0.935
41.7,0.935
41.7,0.935
41.7,0.935
41.8,0.935
41.8,0.935
41.8,0.935
41.8,0.935
41.8,0.935
41.8,0.935
41.8,0.935
41.8,0.935
41.6,0.935
41.6,0.935
41.6,0.935
41.6,0.935
41.6,0.935
41.6,0.935
41.6,0.935
41.6,0.940
41.6,0.940
41.6,0.940
41.6,0.940
41.6,0.940
41.6,0.940
41.7,0.940
41.8,0.940
41.8,0.940
41.8,0.940
41.8,0.940
41.8,0.940
41.9,0.940
41.9,0.940
41.9,0.940
41.9,0.940
41.9,0.940
41.9,0.940
41.9,0.940
41.9,0.940
41.8,0.940
41.8,0.940
41.7,0.940
41.8,0.940
41.8,0.940
41.8,0.945
41.8,0.945
41.8,0.945
41.8,0.945
41.8,0.945
41.8,0.945
41.8,0.945
41.8,0.945
41.8,0.945
41.8,0.945
41.8,0.945
41.8,0.945
41.8,0.945
41.8,0.945
41.8,0.945
41.9,0.945
41.9,0.945
41.9,0.945
41.9,0.945
41.9,0.945
41.9,0.945
41.7,0.945
41.7,0.945
41.7,0.945
41.7,0.945
41.7,0.945
41.6,0.950
41.6,0.950
41.6,0.950
41.6,0.950
41.6,0.950
41.8,0.950
41.8,0.950
41.8,0.950
41.8,0.950
41.8,0.950
41.8,0.950
41.8,0.950
41.8,0.950
41.8,0.950
41.8,0.950
41.8,0.950
41.8,0.950
41.8,0.950
41.7,0.950
41.7,0.950
41.7,0.950
41.7,0.950
41.7,0.950
41.7,0.950
41.7,0.950
41.7,0.955
41.8,0.955
41.8,0.955
41.9,0.955
41.9,0.955
42.0,0.955
42.0,0.955
42.0,0.955
42.0,0.955
42.0,0.955
42.0,0.955
42.0,0.955
42.0,0.955
42.0,0.955
41.9,0.955
41.9,0.955
41.9,0.955
41.8,0.955
41.8,0.955
41.9,0.955
41.9,0.955
41.9,0.955
41.9,0.955
42.0,0.955
42.0,0.955
42.0,0.960
42.1,0.960
42.1,0.960
42.1,0.960
42.2,0.960
42.2,0.960
42.2,0.960
42.2,0.960
42.2,0.960
42.2,0.960
42.2,0.960
42.1,0.960
42.0,0.960
42.0,0.960
41.9,0.960
41.9,0.960
41.9,0.960
41.9,0.960
41.9,0.960
41.9,0.960
41.9,0.960
42.0,0.960
42.1,0.960
42.1,0.960
42.1,0.960
42.1,0.960
42.2,0.960
42.2,0.965
42.2,0.965
42.2,0.965
42.2,0.965
42.2,0.965
42.2,0.965
42.2,0.965
42.2,0.965
42.1,0.965
42.1,0.965
42.0,0.965
42.0,0.965
42.0,0.965
42.0,0.965
42.0,0.965
42.0,0.965
42.0,0.965
42.0,0.965
42.0,0.965
42.0,0.965
42.0,0.965
42.0,0.965
42.1,0.965
42.1,0.965
42.1,0.965
42.1,0.965
42.1,0.965
42.1,0.965
42.1,0.970
42.1,0.970
42.1,0.970
42.1,0.970
42.1,0.970
42.1,0.970
42.0,0.970
42.0,0.970
42.0,0.970
42.0,0.970
42.0,0.970
42.0,0.970
42.0,0.970
42.0,0.970
42.0,0.970
42.0,0.970
42.0,0.970
42.0,0.970
42.0,0.970
42.0,0.970
42.0,0.970
42.0,0.970
42.1,0.970
42.1,0.970
42.1,0.970
42.1,0.970
42.1,0.970
42.1,0.970
42.1,0.970
42.1,0.975
42.1,0.975
42.1,0.975
42.1,0.975
42.0,0.975
42.0,0.975
42.0,0.975
42.0,0.975
42.0,0.975
42.0,0.975
42.0,0.975
42.0,0.975
42.0,0.975
42.0,0.975
42.0,0.975
42.0,0.975
42.0,0.975
42.0,0.975
42.0,0.975
42.0,0.975
42.0,0.975
42.0,0.975
42.0,0.975
42.0,0.975
42.0,0.975
42.0,0.975
42.0,0.980
42.0,0.980
42.0,0.980
42.0,0.980
42.0,0.980
42.0,0.980
42.0,0.980
42.0,0.980
42.0,0.980
41.9,0.980
41.9,0.980
41.9,0.980
41.9,0.980
41.9,0.980
41.9,0.980
42.0,0.980
42.0,0.980
42.0,0.980
42.0,0.980
42.0,0.980
42.0,0.980
42.1,0.980
42.1,0.980
42.1,0.980
42.1,0.980
42.0,0.980
42.0,0.980
42.0,0.980
42.0,0.980
42.0,0.980
42.0,0.980
42.0,0.985
42.0,0.985
42.0,0.985
42.0,0.985
42.0,0.985
42.0,0.985
42.0,0.985
42.0,0.985
42.0,0.985
42.0,0.985
42.0,0.985
42.0,0.985
42.1,0.985
42.1,0.985
42.1,0.985
42.1,0.985
42.1,0.985
42.1,0.985
42.1,0.985
42.1,0.985
42.1,0.985
42.1,0.985
42.1,0.985
42.1,0.985
42.1,0.985
42.1,0.985
42.1,0.985
42.1,0.985
42.1,0.985
42.1,0.990
42.1,0.990
42.1,0.990
42.1,0.990
42.1,0.990
42.1,0.990
42.1,0.990
42.1,0.990
42.1,0.990
42.1,0.990
42.1,0.990
42.1,0.990
42.1,0.990
42.1,0.990
42.1,0.990
42.1,0.990
42.1,0.990
42.1,0.990
42.1,0.990
42.1,0.990
42.1,0.990
42.1,0.990
42.0,0.990
42.0,0.990
42.0,0.990
42.0,0.990
42.0,0.990
42.0,0.990
42.0,0.995
42.0,0.995
42.0,0.995
42.0,0.995
42.0,0.995
42.0,0.995
42.0,0.995
42.0,0.995
42.0,0.995
42.0,0.995
42.0,0.995
42.0,0.995
42.0,0.995
42.0,0.995
42.0,0.995
42.0,0.995
42.0,0.995
42.0,0.995
42.0,0.995
42.0,0.995
42.0,0.995
42.0,0.995
42.0,0.995
42.0,0.995
42.0,0.995
42.0,0.995
42.0,0.995
42.0,1.000
42.0,1.000
42.0,1.000
42.0,1.000
42.0,1.000
42.0,1.000
42.0,1.000
42.0,1.000
42.0,1.000
42.0,1.000
42.0,1.000
42.0,1.000
42.0,1.000
42.0,1.000
42.0,1.000
42.0,1.000
42.0,1.000
42.0,1.000
42.0,1.000
42.0,1.000
42.0,1.000
42.0,1.000
42.0,1.000
42.0,1.000
42.0,1.000
42.0,1.000
42.0,1.000
42.0,1.000
42.0,1.005
42.0,1.005
42.0,1.005
42.0,1.005
42.0,1.005
42.0,1.005
42.0,1.005
42.0,1.005
42.0,1.005
42.0,1.005
42.0,1.005
42.0,1.005
42.0,1.005
42.0,1.005
42.0,1.005
42.0,1.005
42.0,1.005
42.1,1.005
42.1,1.005
42.1,1.005
42.2,1.005
42.2,1.005
42.2,1.005
42.2,1.005
42.2,1.005
42.2,1.005
42.2,1.005
42.1,1.005
42.1,1.005
42.0,1.010
42.0,1.010
42.0,1.010
42.0,1.010
42.0,1.010
42.0,1.010
42.0,1.010
42.0,1.010
42.0,1.010
42.0,1.010
42.1,1.010
42.1,1.010
42.2,1.010
42.1,1.010
42.1,1.010
42.1,1.010
42.2,1.010
42.2,1.010
42.2,1.010
42.2,1.010
42.2,1.010
42.2,1.010
42.2,1.010
42.2,1.010
42.2,1.010
42.1,1.010
42.1,1.010
42.1,1.010
42.1,1.015
42.1,1.015
42.1,1.015
42.1,1.015
42.1,1.015
42.1,1.015
42.1,1.015
42.1,1.015
42.1,1.015
42.2,1.015
42.2,1.015
42.2,1.015
42.2,1.015
42.2,1.015
42.3,1.015
42.3,1.015
42.3,1.015
42.3,1.015
42.3,1.015
42.3,1.015
42.3,1.015
42.3,1.015
42.3,1.015
42.3,1.015
42.3,1.015
42.3,1.015
42.3,1.015
42.3,1.015
42.3,1.015
42.3,1.015
42.3,1.015
42.3,1.015
42.3,1.020
42.3,1.020
42.3,1.020
42.3,1.020
42.3,1.020
42.3,1.020
42.3,1.020
42.3,1.020
42.3,1.020
42.3,1.020
42.3,1.020
42.3,1.020
42.3,1.020
42.3,1.020
42.3,1.020
42.3,1.020
42.3,1.020
42.4,1.020
42.4,1.020
42.4,1.020
42.4,1.020
42.4,1.020
42.4,1.020
42.4,1.020
42.4,1.020
42.4,1.020
42.4,1.020
42.4,1.020
42.4,1.020
42.3,1.020
42.3,1.025
42.3,1.025
42.3,1.025
42.3,1.025
42.3,1.025
42.3,1.025
42.3,1.025
42.3,1.025
42.3,1.025
42.3,1.025
42.3,1.025
42.3,1.025
42.3,1.025
42.3,1.025
42.3,1.025
42.3,1.025
42.3,1.025
42.3,1.025
42.3,1.025
42.3,1.025
42.3,1.025
42.3,1.025
42.3,1.025
42.3,1.025
42.3,1.025
42.3,1.025
42.3,1.025
42.3,1.025
42.3,1.025
42.3,1.025
42.3,1.030
42.3,1.030
42.3,1.030
42.3,1.030
42.2,1.030
42.1,1.030
42.1,1.030
42.1,1.030
42.0,1.030
42.0,1.030
42.0,1.030
42.0,1.030
42.0,1.030
42.0,1.030
42.0,1.030
42.0,1.030
42.0,1.030
42.0,1.030
42.0,1.030
42.0,1.030
42.0,1.030
42.0,1.030
42.0,1.030
42.0,1.030
42.0,1.030
42.0,1.030
42.0,1.030
42.0,1.030
42.0,1.035
42.0,1.035
42.0,1.035
42.0,1.035
42.0,1.035
42.0,1.035
42.0,1.035
42.0,1.035
42.1,1.035
42.1,1.035
42.1,1.035
42.1,1.035
42.1,1.035
42.1,1.035
42.1,1.035
42.1,1.035
42.1,1.035
42.1,1.035
42.1,1.035
42.2,1.035
42.2,1.035
42.2,1.035
42.2,1.035
42.2,1.035
42.2,1.035
42.2,1.035
42.2,1.035
42.2,1.035
42.2,1.040
42.2,1.040
42.2,1.040
42.2,1.040
42.2,1.040
42.2,1.040
42.2,1.040
42.2,1.040
42.2,1.040
42.2,1.040
42.2,1.040
42.2,1.040
42.2,1.040
42.3,1.040
42.3,1.040
42.3,1.040
42.3,1.040
42.3,1.040
42.3,1.040
42.3,1.040
42.3,1.040
42.4,1.040
42.4,1.040
42.4,1.040
42.4,1.040
42.4,1.040
42.4,1.040
42.4,1.040
42.4,1.040
42.4,1.045
42.4,1.045
42.4,1.045
42.4,1.045
42.4,1.045
42.4,1.045
42.4,1.045
42.4,1.045
42.4,1.045
42.4,1.045
42.4,1.045
42.5,1.045
42.5,1.045
42.5,1.045
42.5,1.045
42.5,1.045
42.5,1.045
42.3,1.045
42.3,1.045
42.3,1.045
42.3,1.045
42.3,1.045
42.3,1.045
42.3,1.045
42.3,1.045
42.3,1.045
42.3,1.045
42.3,1.045
42.3,1.045
42.3,1.045
42.3,1.050
42.3,1.050
42.3,1.050
42.3,1.050
42.3,1.050
42.3,1.050
42.3,1.050
42.3,1.050
42.3,1.050
42.2,1.050
42.2,1.050
42.2,1.050
42.2,1.050
42.2,1.050
42.2,1.050
42.2,1.050
42.2,1.050
42.2,1.050
42.2,1.050
42.2,1.050
42.2,1.050
42.2,1.050
42.2,1.050
42.2,1.050
42.2,1.050
42.2,1.050
42.2,1.050
42.1,1.055
42.1,1.055
42.1,1.055
42.1,1.055
42.1,1.055
42.1,1.055
42.1,1.055
42.1,1.055
42.1,1.055
42.1,1.055
42.1,1.055
42.2,1.055
42.2,1.055
42.2,1.055
42.2,1.055
42.2,1.055
42.2,1.055
42.2,1.055
42.2,1.055
42.2,1.055
42.2,1.055
42.2,1.055
42.2,1.055
42.2,1.055
42.2,1.060
42.2,1.060
42.2,1.060
42.3,1.060
42.3,1.060
42.3,1.060
42.3,1.060
42.3,1.060
42.3,1.060
42.3,1.060
42.3,1.060
42.3,1.060
42.3,1.060
42.3,1.060
42.3,1.060
42.4,1.060
42.4,1.060
42.4,1.060
42.4,1.060
42.4,1.060
42.4,1.060
42.4,1.060
42.4,1.060
42.4,1.060
42.4,1.060
42.4,1.060
42.4,1.060
42.4,1.065
42.4,1.065
42.4,1.065
42.4,1.065
42.4,1.065
42.4,1.065
42.4,1.065
42.4,1.065
42.4,1.065
42.4,1.065
42.4,1.065
42.4,1.065
42.4,1.065
42.4,1.065
42.4,1.065
42.4,1.065
42.4,1.065
42.4,1.065
42.4,1.065
42.4,1.065
42.4,1.065
42.4,1.065
42.4,1.065
42.4,1.065
42.4,1.065
42.4,1.065
42.4,1.065
42.4,1.070
42.4,1.070
42.4,1.070
42.4,1.070
42.4,1.070
42.4,1.070
42.4,1.070
42.4,1.070
42.2,1.070
42.2,1.070
42.2,1.070
42.2,1.070
42.2,1.070
42.2,1.070
42.3,1.070
42.4,1.070
42.4,1.070
42.4,1.070
42.4,1.070
42.5,1.070
42.5,1.070
42.5,1.070
42.5,1.070
42.5,1.070
42.5,1.075
42.5,1.075
42.5,1.075
42.3,1.075
42.3,1.075
42.3,1.075
42.3,1.075
42.2,1.075
42.2,1.075
42.2,1.075
42.2,1.075
42.2,1.075
42.2,1.075
42.2,1.075
42.2,1.075
42.2,1.075
42.2,1.075
42.2,1.075
42.3,1.075
42.3,1.075
42.4,1.075
42.4,1.075
42.4,1.075
42.4,1.075
42.4,1.075
42.3,1.080
42.3,1.080
42.2,1.080
42.2,1.080
42.2,1.080
42.2,1.080
42.1,1.080
42.1,1.080
42.1,1.080
42.1,1.080
42.1,1.080
42.1,1.080
42.1,1.080
42.1,1.080
42.2,1.080
42.2,1.080
42.2,1.080
42.2,1.080
42.3,1.080
42.3,1.080
42.3,1.080
42.3,1.080
42.3,1.080
42.3,1.080
42.3,1.080
42.3,1.080
42.3,1.085
42.3,1.085
42.3,1.085
42.2,1.085
42.2,1.085
42.1,1.085
42.1,1.085
42.1,1.085
42.1,1.085
42.1,1.085
42.1,1.085
42.1,1.085
42.1,1.085
42.1,1.085
42.1,1.085
42.2,1.085
42.2,1.085
42.3,1.085
42.3,1.085
42.3,1.085
42.3,1.085
42.3,1.085
42.3,1.085
42.3,1.085
42.3,1.085
42.3,1.085
42.3,1.090
42.3,1.090
42.3,1.090
42.3,1.090
42.2,1.090
42.2,1.090
42.2,1.090
42.2,1.090
42.2,1.090
42.2,1.090
42.2,1.090
42.2,1.090
42.2,1.090
42.2,1.090
42.2,1.090
42.2,1.090
42.2,1.090
42.2,1.090
42.2,1.090
42.2,1.090
42.2,1.090
42.2,1.090
42.2,1.090
42.2,1.090
42.2,1.095
42.2,1.095
42.2,1.095
42.2,1.095
42.2,1.095
42.2,1.095
42.2,1.095
42.2,1.095
42.2,1.095
42.2,1.095
42.2,1.095
42.2,1.095
42.2,1.095
42.2,1.095
42.2,1.095
42.2,1.095
42.2,1.095
42.2,1.095
42.2,1.095
42.2,1.095
42.2,1.095
42.2,1.095
42.2,1.095
42.1,1.095
42.1,1.095
42.1,1.100
42.1,1.100
42.1,1.100
42.0,1.100
42.0,1.100
42.0,1.100
42.0,1.100
42.0,1.100
42.0,1.100
42.0,1.100
42.0,1.100
42.0,1.100
42.0,1.100
42.0,1.100
42.1,1.100
42.1,1.100
42.1,1.100
42.1,1.100
42.1,1.100
41.9,1.100
41.9,1.100
41.9,1.100
41.9,1.100
41.8,1.100
41.8,1.105
41.8,1.105
41.8,1.105
41.8,1.105
41.8,1.105
42.0,1.105
42.0,1.105
42.0,1.105
42.0,1.105
42.0,1.105
42.0,1.105
42.0,1.105
42.0,1.105
42.0,1.105
42.0,1.105
42.0,1.105
42.0,1.105
41.9,1.105
41.9,1.105
41.9,1.105
41.9,1.105
41.8,1.105
41.8,1.105
41.8,1.105
41.8,1.110
41.8,1.110
41.8,1.110
41.9,1.110
41.9,1.110
42.0,1.110
42.0,1.110
42.0,1.110
42.0,1.110
42.0,1.110
42.0,1.110
42.0,1.110
42.0,1.110
42.0,1.110
41.9,1.110
42.0,1.110
42.0,1.110
42.0,1.110
42.0,1.110
41.9,1.110
41.9,1.110
41.9,1.110
41.9,1.110
41.9,1.110
41.9,1.110
41.9,1.115
41.9,1.115
41.9,1.115
42.0,1.115
42.0,1.115
42.0,1.115
42.0,1.115
42.0,1.115
42.0,1.115
42.0,1.115
42.0,1.115
42.0,1.115
42.0,1.115
42.0,1.115
42.0,1.115
42.0,1.115
42.0,1.115
42.0,1.115
42.0,1.115
42.0,1.115
42.0,1.115
42.0,1.115
42.0,1.115
42.0,1.115
42.0,1.120
42.1,1.120
42.2,1.120
42.2,1.120
42.1,1.120
42.1,1.120
42.1,1.120
42.1,1.120
42.1,1.120
42.1,1.120
42.1,1.120
42.1,1.120
42.1,1.120
42.1,1.120
42.1,1.120
42.1,1.120
42.1,1.120
42.1,1.120
42.1,1.120
42.1,1.120
42.1,1.120
42.1,1.120
42.1,1.120
42.1,1.120
42.1,1.120
42.1,1.120
42.1,1.120
42.1,1.125
42.1,1.125
42.1,1.125
42.1,1.125
42.0,1.125
41.9,1.125
41.9,1.125
41.9,1.125
41.9,1.125
41.9,1.125
41.9,1.125
41.9,1.125
41.9,1.125
41.9,1.125
41.9,1.125
41.9,1.125
41.9,1.125
41.9,1.125
41.9,1.125
41.9,1.125
41.9,1.125
41.9,1.125
42.0,1.125
42.0,1.125
42.0,1.125
42.0,1.125
42.0,1.130
42.0,1.130
42.0,1.130
42.0,1.130
42.0,1.130
42.0,1.130
42.0,1.130
42.0,1.130
42.0,1.130
42.0,1.130
42.0,1.130
42.0,1.130
42.0,1.130
42.0,1.130
42.0,1.130
42.0,1.130
42.1,1.130
42.1,1.130
42.1,1.130
42.2,1.130
42.1,1.130
42.1,1.130
42.1,1.130
42.1,1.130
42.1,1.130
42.1,1.130
42.1,1.135
42.1,1.135
42.1,1.135
42.1,1.135
42.1,1.135
42.1,1.135
42.1,1.135
42.1,1.135
42.1,1.135
42.1,1.135
42.1,1.135
42.2,1.135
42.1,1.135
42.1,1.135
42.2,1.135
42.2,1.135
42.3,1.135
42.3,1.135
42.3,1.135
42.3,1.135
42.3,1.135
42.3,1.135
42.3,1.135
42.3,1.135
42.3,1.140
42.2,1.140
42.1,1.140
42.1,1.140
42.1,1.140
42.1,1.140
42.1,1.140
42.1,1.140
42.1,1.140
42.1,1.140
42.1,1.140
42.1,1.140
42.2,1.140
42.2,1.140
42.2,1.140
42.2,1.140
42.2,1.140
42.2,1.140
42.2,1.140
42.2,1.140
42.2,1.140
42.2,1.140
42.2,1.140
42.2,1.140
42.2,1.140
42.2,1.140
42.2,1.140
42.2,1.145
42.2,1.145
42.2,1.145
42.2,1.145
42.2,1.145
42.1,1.145
42.1,1.145
42.1,1.145
42.1,1.145
42.1,1.145
42.1,1.145
42.1,1.145
42.2,1.145
42.2,1.145
42.2,1.145
42.1,1.145
42.2,1.145
42.1,1.145
42.1,1.145
42.1,1.145
42.1,1.145
42.1,1.145
42.1,1.145
42.1,1.145
42.1,1.145
42.1,1.145
42.1,1.150
42.1,1.150
42.1,1.150
42.1,1.150
42.2,1.150
42.2,1.150
42.2,1.150
42.2,1.150
42.2,1.150
42.2,1.150
42.2,1.150
42.3,1.150
42.3,1.150
42.3,1.150
42.3,1.150
42.2,1.150
42.2,1.150
42.2,1.150
42.2,1.150
42.2,1.150
42.2,1.150
42.2,1.150
42.2,1.150
42.2,1.150
42.2,1.150
42.2,1.150
42.2,1.155
42.2,1.155
42.2,1.155
42.3,1.155
42.3,1.155
42.3,1.155
42.3,1.155
42.3,1.155
42.3,1.155
42.3,1.155
42.3,1.155
42.3,1.155
42.3,1.155
42.3,1.155
42.3,1.155
42.3,1.155
42.3,1.155
42.2,1.155
42.2,1.155
42.2,1.155
42.2,1.155
42.2,1.155
42.2,1.155
42.2,1.155
42.2,1.155
42.2,1.155
42.2,1.160
42.2,1.160
42.2,1.160
42.2,1.160
42.2,1.160
42.2,1.160
42.2,1.160
42.1,1.160
42.1,1.160
42.1,1.160
42.0,1.160
42.0,1.160
42.0,1.160
42.0,1.160
42.0,1.160
42.0,1.160
42.0,1.160
42.0,1.160
42.1,1.160
42.1,1.160
42.2,1.160
42.2,1.160
42.2,1.160
42.2,1.160
42.3,1.160
42.3,1.160
42.2,1.160
42.2,1.160
42.3,1.165
42.3,1.165
42.3,1.165
42.3,1.165
42.3,1.165
42.3,1.165
42.3,1.165
42.2,1.165
42.2,1.165
42.2,1.165
42.2,1.165
42.2,1.165
42.2,1.165
42.2,1.165
42.2,1.165
42.2,1.165
42.2,1.165
42.2,1.165
42.2,1.165
42.2,1.165
42.2,1.165
42.2,1.165
42.2,1.165
42.2,1.165
42.2,1.165
42.2,1.165
42.2,1.165
42.2,1.165
42.2,1.170
42.2,1.170
42.2,1.170
42.2,1.170
42.2,1.170
42.2,1.170
42.2,1.170
42.2,1.170
42.2,1.170
42.2,1.170
42.2,1.170
42.2,1.170
42.2,1.170
42.2,1.170
42.2,1.170
42.1,1.170
42.1,1.170
42.2,1.170
42.2,1.170
42.2,1.170
42.2,1.170
42.2,1.170
42.2,1.170
42.2,1.170
42.2,1.170
42.2,1.175
42.2,1.175
42.2,1.175
42.2,1.175
42.2,1.175
42.2,1.175
42.2,1.175
42.2,1.175
42.2,1.175
42.2,1.175
42.2,1.175
42.2,1.175
42.2,1.175
42.2,1.175
42.2,1.175
42.2,1.175
42.2,1.175
42.2,1.175
42.2,1.175
42.2,1.175
42.2,1.175
42.2,1.175
42.2,1.175
42.2,1.175
42.2,1.175
42.2,1.175
42.2,1.175
42.2,1.175
42.2,1.180
42.2,1.180
42.2,1.180
42.2,1.180
42.2,1.180
42.2,1.180
42.2,1.180
42.2,1.180
42.2,1.180
42.2,1.180
42.3,1.180
42.3,1.180
42.3,1.180
42.4,1.180
42.4,1.180
42.4,1.180
42.4,1.180
42.4,1.180
42.4,1.180
42.4,1.180
42.4,1.180
42.3,1.180
42.3,1.180
42.3,1.180
42.3,1.180
42.3,1.180
42.3,1.180
42.3,1.180
42.3,1.185
42.3,1.185
42.3,1.185
42.3,1.185
42.3,1.185
42.3,1.185
42.3,1.185
42.3,1.185
42.3,1.185
42.3,1.185
42.3,1.185
42.3,1.185
42.4,1.185
42.4,1.185
42.4,1.185
42.4,1.185
42.4,1.185
42.4,1.185
42.4,1.185
42.4,1.185
42.4,1.185
42.4,1.185
42.4,1.185
42.4,1.185
42.4,1.185
42.4,1.185
42.4,1.185
42.4,1.190
42.4,1.190
42.4,1.190
42.4,1.190
42.4,1.190
42.4,1.190
42.4,1.190
42.4,1.190
42.4,1.190
42.4,1.190
42.4,1.190
42.4,1.190
42.5,1.190
42.5,1.190
42.5,1.190
42.5,1.190
42.5,1.190
42.5,1.190
42.4,1.190
42.4,1.190
42.3,1.190
42.3,1.190
42.3,1.190
42.3,1.190
42.3,1.190
42.2,1.190
42.2,1.190
42.2,1.195
42.2,1.195
42.2,1.195
42.2,1.195
42.2,1.195
42.2,1.195
42.2,1.195
42.2,1.195
42.2,1.195
42.3,1.195
42.3,1.195
42.4,1.195
42.4,1.195
42.4,1.195
42.4,1.195
42.4,1.195
42.4,1.195
42.4,1.195
42.4,1.195
42.4,1.195
42.4,1.195
42.4,1.195
42.4,1.195
42.3,1.195
42.3,1.195
42.3,1.195
42.3,1.195
42.3,1.200
42.3,1.200
42.3,1.200
42.3,1.200
42.3,1.200
42.3,1.200
42.3,1.200
42.3,1.200
42.3,1.200
42.3,1.200
42.3,1.200
42.3,1.200
42.3,1.200
42.3,1.200
42.3,1.200
42.3,1.200
42.3,1.200
42.3,1.200
42.3,1.200
42.3,1.200
42.3,1.200
42.3,1.200
42.3,1.200
42.3,1.200
42.3,1.200
42.3,1.200
42.3,1.200
42.3,1.200
42.3,1.200
42.3,1.205
42.3,1.205
42.3,1.205
42.3,1.205
42.3,1.205
42.3,1.205
42.3,1.205
42.3,1.205
42.3,1.205
42.4,1.205
42.4,1.205
42.4,1.205
42.4,1.205
42.4,1.205
42.4,1.205
42.4,1.205
42.4,1.205
42.4,1.205
42.4,1.205
42.4,1.205
42.4,1.205
42.4,1.205
42.4,1.205
42.4,1.205
42.4,1.205
42.4,1.205
42.4,1.205
42.4,1.205
42.5,1.205
42.4,1.210
42.4,1.210
42.5,1.210
42.5,1.210
42.5,1.210
42.5,1.210
42.5,1.210
42.5,1.210
42.5,1.210
42.5,1.210
42.5,1.210
42.5,1.210
42.5,1.210
42.4,1.210
42.4,1.210
42.4,1.210
42.4,1.210
42.4,1.210
42.4,1.210
42.4,1.210
42.4,1.210
42.4,1.210
42.4,1.210
42.4,1.210
42.5,1.210
42.5,1.210
42.5,1.210
42.5,1.210
42.5,1.210
42.5,1.215
42.5,1.215
42.6,1.215
42.6,1.215
42.6,1.215
42.6,1.215
42.6,1.215
42.6,1.215
42.6,1.215
42.6,1.215
42.6,1.215
42.6,1.215
42.6,1.215
42.6,1.215
42.6,1.215
42.6,1.215
42.6,1.215
42.6,1.215
42.6,1.215
42.6,1.215
42.6,1.215
42.6,1.215
42.6,1.215
42.6,1.215
42.6,1.215
42.6,1.215
42.6,1.220
42.6,1.220
42.6,1.220
42.6,1.220
42.6,1.220
42.5,1.220
42.5,1.220
42.5,1.220
42.5,1.220
42.5,1.220
42.5,1.220
42.5,1.220
42.6,1.220
42.6,1.220
42.6,1.220
42.6,1.220
42.6,1.220
42.6,1.220
42.6,1.220
42.6,1.220
42.6,1.220
42.6,1.220
42.6,1.220
42.6,1.220
42.6,1.220
42.6,1.220
42.6,1.220
42.6,1.220
42.6,1.220
42.6,1.220
42.6,1.225
42.7,1.225
42.7,1.225
42.7,1.225
42.7,1.225
42.7,1.225
42.7,1.225
42.7,1.225
42.7,1.225
42.7,1.225
42.6,1.225
42.6,1.225
42.6,1.225
42.6,1.225
42.5,1.225
42.5,1.225
42.5,1.225
42.5,1.225
42.5,1.225
42.5,1.225
42.5,1.225
42.5,1.225
42.5,1.225
42.5,1.225
42.5,1.225
42.5,1.225
42.5,1.225
42.5,1.225
42.6,1.225
42.6,1.225
42.6,1.225
42.6,1.225
42.6,1.230
42.6,1.230
42.6,1.230
42.6,1.230
42.6,1.230
42.6,1.230
42.6,1.230
42.6,1.230
42.6,1.230
42.6,1.230
42.6,1.230
42.5,1.230
42.5,1.230
42.5,1.230
42.5,1.230
42.5,1.230
42.4,1.230
42.4,1.230
42.4,1.230
42.4,1.230
42.4,1.230
42.4,1.230
42.4,1.230
42.4,1.230
42.4,1.230
42.4,1.230
42.4,1.230
42.4,1.230
42.4,1.230
42.4,1.230
42.5,1.230
42.5,1.235
42.5,1.235
42.5,1.235
42.5,1.235
42.5,1.235
42.5,1.235
42.5,1.235
42.4,1.235
42.4,1.235
42.4,1.235
42.4,1.235
42.4,1.235
42.4,1.235
42.4,1.235
42.4,1.235
42.4,1.235
42.3,1.235
42.3,1.235
42.3,1.235
42.4,1.235
42.4,1.235
42.4,1.235
42.4,1.235
42.4,1.235
42.5,1.235
42.5,1.235
42.5,1.235
42.5,1.235
42.5,1.235
42.5,1.235
42.5,1.235
42.5,1.240
42.5,1.240
42.5,1.240
42.5,1.240
42.5,1.240
42.4,1.240
42.4,1.240
42.4,1.240
42.3,1.240
42.3,1.240
42.3,1.240
42.3,1.240
42.3,1.240
42.3,1.240
42.3,1.240
42.3,1.240
42.3,1.240
42.3,1.240
42.5,1.240
42.5,1.240
42.5,1.240
42.6,1.240
42.6,1.240
42.6,1.240
42.6,1.240
42.6,1.240
42.6,1.240
42.6,1.240
42.6,1.240
42.6,1.240
42.6,1.240
42.6,1.240
42.5,1.240
42.5,1.245
42.5,1.245
42.5,1.245
42.5,1.245
42.5,1.245
42.5,1.245
42.6,1.245
42.6,1.245
42.6,1.245
42.6,1.245
42.6,1.245
42.6,1.245
42.6,1.245
42.6,1.245
42.6,1.245
42.6,1.245
42.6,1.245
42.6,1.245
42.6,1.245
42.6,1.245
42.6,1.245
42.6,1.245
42.6,1.245
42.7,1.245
42.7,1.245
42.7,1.245
42.7,1.245
42.7,1.245
42.7,1.245
42.7,1.245
42.7,1.245
42.7,1.245
42.7,1.245
42.7,1.245
42.7,1.245
42.7,1.250
42.7,1.250
42.7,1.250
42.7,1.250
42.7,1.250
42.7,1.250
42.7,1.250
42.7,1.250
42.7,1.250
42.7,1.250
42.7,1.250
42.7,1.250
42.7,1.250
42.7,1.250
42.7,1.250
42.7,1.250
42.7,1.250
42.7,1.250
42.7,1.250
42.7,1.250
42.7,1.250
42.6,1.250
42.6,1.250
42.6,1.250
42.6,1.250
42.6,1.250
42.7,1.250
42.7,1.250
42.7,1.250
42.7,1.250
42.7,1.250
42.7,1.250
42.7,1.250
42.7,1.255
42.7,1.255
42.7,1.255
42.7,1.255
42.7,1.255
42.7,1.255
42.7,1.255
42.7,1.255
42.7,1.255
42.7,1.255
42.7,1.255
42.7,1.255
42.7,1.255
42.7,1.255
42.7,1.255
42.7,1.255
42.7,1.255
42.7,1.255
42.7,1.255
42.7,1.255
42.7,1.255
42.7,1.255
42.7,1.255
42.7,1.255
42.7,1.255
42.7,1.255
42.7,1.255
42.7,1.255
42.7,1.255
42.7,1.255
42.7,1.255
42.7,1.255
42.7,1.255
42.7,1.255
42.7,1.255
42.7,1.260
42.7,1.260
42.8,1.260
42.8,1.260
42.8,1.260
42.8,1.260
42.8,1.260
42.8,1.260
42.8,1.260
42.8,1.260
42.8,1.260
42.8,1.260
42.8,1.260
42.8,1.260
42.8,1.260
42.8,1.260
42.8,1.260
42.8,1.260
42.7,1.260
42.7,1.260
42.7,1.260
42.7,1.260
42.7,1.260
42.7,1.260
42.7,1.260
42.7,1.260
42.7,1.260
42.8,1.260
42.8,1.260
42.8,1.260
42.8,1.260
42.8,1.260
42.8,1.260
42.8,1.260
42.8,1.265
42.8,1.265
42.8,1.265
42.8,1.265
42.8,1.265
42.8,1.265
42.8,1.265
42.8,1.265
42.8,1.265
42.8,1.265
42.8,1.265
42.8,1.265
42.8,1.265
42.8,1.265
42.7,1.265
42.7,1.265
42.7,1.265
42.7,1.265
42.7,1.265
42.7,1.265
42.7,1.265
42.7,1.265
42.7,1.265
42.7,1.265
42.7,1.265
42.7,1.265
42.7,1.265
42.7,1.265
42.7,1.265
42.7,1.265
42.7,1.265
42.7,1.265
42.7,1.265
42.8,1.265
42.8,1.270
42.8,1.270
42.9,1.270
42.8,1.270
42.8,1.270
42.8,1.270
42.8,1.270
42.9,1.270
42.9,1.270
42.9,1.270
42.9,1.270
42.9,1.270
42.9,1.270
42.9,1.270
42.9,1.270
42.9,1.270
42.9,1.270
42.9,1.270
42.9,1.270
42.9,1.270
42.9,1.270
42.9,1.270
42.9,1.270
42.9,1.270
42.9,1.270
42.9,1.270
42.9,1.270
42.9,1.270
42.9,1.270
42.9,1.270
42.9,1.270
42.9,1.270
42.9,1.270
42.8,1.275
42.8,1.275
42.8,1.275
42.8,1.275
42.8,1.275
42.8,1.275
42.8,1.275
42.8,1.275
42.8,1.275
42.8,1.275
42.8,1.275
42.8,1.275
42.8,1.275
42.8,1.275
42.8,1.275
42.8,1.275
42.8,1.275
42.8,1.275
42.8,1.275
42.8,1.275
42.8,1.275
42.8,1.275
42.8,1.275
42.8,1.275
42.8,1.275
42.8,1.275
42.8,1.275
42.8,1.275
42.8,1.275
42.7,1.275
42.7,1.275
42.7,1.275
42.7,1.280
42.7,1.280
42.7,1.280
42.7,1.280
42.7,1.280
42.7,1.280
42.7,1.280
42.7,1.280
42.7,1.280
42.7,1.280
42.7,1.280
42.7,1.280
42.6,1.280
42.6,1.280
42.6,1.280
42.6,1.280
42.6,1.280
42.6,1.280
42.6,1.280
42.6,1.280
42.6,1.280
42.6,1.280
42.6,1.280
42.6,1.280
42.6,1.280
42.6,1.280
42.6,1.280
42.6,1.280
42.6,1.280
42.7,1.280
42.7,1.280
42.7,1.280
42.7,1.285
42.7,1.285
42.7,1.285
42.7,1.285
42.7,1.285
42.7,1.285
42.6,1.285
42.6,1.285
42.6,1.285
42.6,1.285
42.6,1.285
42.6,1.285
42.6,1.285
42.6,1.285
42.5,1.285
42.5,1.285
42.5,1.285
42.5,1.285
42.5,1.285
42.5,1.285
42.5,1.285
42.6,1.285
42.6,1.285
42.6,1.285
42.6,1.285
42.6,1.285
42.6,1.285
42.6,1.285
42.6,1.285
42.6,1.285
42.7,1.285
42.7,1.285
42.7,1.290
42.7,1.290
42.7,1.290
42.7,1.290
42.7,1.290
42.7,1.290
42.7,1.290
42.7,1.290
42.7,1.290
42.7,1.290
42.7,1.290
42.7,1.290
42.7,1.290
42.7,1.290
42.7,1.290
42.7,1.290
42.7,1.290
42.7,1.290
42.7,1.290
42.7,1.290
42.7,1.290
42.7,1.290
42.7,1.290
42.7,1.290
42.7,1.290
42.7,1.290
42.7,1.290
42.6,1.290
42.6,1.290
42.6,1.290
42.6,1.290
42.6,1.290
42.6,1.295
42.6,1.295
42.7,1.295
42.7,1.295
42.7,1.295
42.7,1.295
42.7,1.295
42.7,1.295
42.7,1.295
42.7,1.295
42.7,1.295
42.7,1.295
42.7,1.295
42.7,1.295
42.7,1.295
42.7,1.295
42.7,1.295
42.7,1.295
42.7,1.295
42.7,1.295
42.7,1.295
42.7,1.295
42.7,1.295
42.7,1.295
42.7,1.295
42.7,1.295
42.7,1.295
42.7,1.295
42.7,1.295
42.7,1.300
42.7,1.300
42.7,1.300
42.7,1.300
42.7,1.300
42.7,1.300
42.7,1.300
42.7,1.300
42.7,1.300
42.7,1.300
42.7,1.300
42.7,1.300
42.7,1.300
42.7,1.300
42.7,1.300
42.7,1.300
42.7,1.300
42.6,1.300
42.6,1.300
42.6,1.300
42.6,1.300
42.6,1.300
42.6,1.300
42.6,1.300
42.6,1.300
42.6,1.300
42.6,1.300
42.6,1.300
42.6,1.300
42.6,1.300
42.6,1.300
42.5,1.305
42.5,1.305
42.5,1.305
42.5,1.305
42.5,1.305
42.5,1.305
42.5,1.305
42.5,1.305
42.5,1.305
42.5,1.305
42.6,1.305
42.6,1.305
42.6,1.305
42.6,1.305
42.6,1.305
42.6,1.305
42.6,1.305
42.6,1.305
42.6,1.305
42.6,1.305
42.6,1.305
42.6,1.305
42.6,1.305
42.6,1.305
42.6,1.305
42.6,1.305
42.6,1.305
42.6,1.305
42.6,1.305
42.6,1.305
42.6,1.305
42.6,1.310
42.6,1.310
42.6,1.310
42.6,1.310
42.6,1.310
42.6,1.310
42.6,1.310
42.6,1.310
42.6,1.310
42.6,1.310
42.6,1.310
42.6,1.310
42.6,1.310
42.6,1.310
42.6,1.310
42.6,1.310
42.6,1.310
42.6,1.310
42.6,1.310
42.6,1.310
42.6,1.310
42.6,1.310
42.6,1.310
42.6,1.310
42.6,1.310
42.6,1.310
42.6,1.310
42.6,1.310
42.6,1.310
42.6,1.310
42.6,1.315
42.6,1.315
42.6,1.315
42.6,1.315
42.6,1.315
42.6,1.315
42.6,1.315
42.6,1.315
42.6,1.315
42.6,1.315
42.6,1.315
42.6,1.315
42.6,1.315
42.6,1.315
42.6,1.315
42.6,1.315
42.6,1.315
42.6,1.315
42.6,1.315
42.6,1.315
42.6,1.315
42.6,1.315
42.6,1.315
42.6,1.315
42.7,1.315
42.7,1.315
42.7,1.315
42.7,1.315
42.7,1.315
42.7,1.315
42.7,1.320
42.7,1.320
42.7,1.320
42.7,1.320
42.7,1.320
42.7,1.320
42.7,1.320
42.7,1.320
42.7,1.320
42.8,1.320
42.8,1.320
42.8,1.320
42.8,1.320
42.7,1.320
42.7,1.320
42.7,1.320
42.7,1.320
42.7,1.320
42.7,1.320
42.7,1.320
42.7,1.320
42.7,1.320
42.7,1.320
42.7,1.320
42.7,1.320
42.7,1.320
42.7,1.320
42.7,1.320
42.7,1.320
42.7,1.320
42.7,1.320
42.7,1.325
42.7,1.325
42.7,1.325
42.7,1.325
42.7,1.325
42.7,1.325
42.7,1.325
42.7,1.325
42.7,1.325
42.7,1.325
42.7,1.325
42.7,1.325
42.7,1.325
42.7,1.325
42.7,1.325
42.7,1.325
42.7,1.325
42.7,1.325
42.7,1.325
42.7,1.325
42.7,1.325
42.7,1.325
42.7,1.325
42.7,1.325
42.7,1.325
42.7,1.325
42.7,1.325
42.7,1.325
42.7,1.330
42.7,1.330
42.7,1.330
42.7,1.330
42.7,1.330
42.7,1.330
42.7,1.330
42.7,1.330
42.7,1.330
42.7,1.330
42.7,1.330
42.8,1.330
42.8,1.330
42.8,1.330
42.8,1.330
42.8,1.330
42.8,1.330
42.8,1.330
42.8,1.330
42.8,1.330
42.8,1.330
42.8,1.330
42.8,1.330
42.8,1.330
42.8,1.330
42.9,1.330
42.9,1.330
42.9,1.335
42.9,1.335
42.9,1.335
42.9,1.335
42.9,1.335
42.9,1.335
42.9,1.335
42.9,1.335
42.9,1.335
42.8,1.335
42.8,1.335
42.8,1.335
42.8,1.335
42.8,1.335
42.8,1.335
42.8,1.335
42.8,1.335
42.8,1.335
42.8,1.335
42.8,1.335
42.8,1.335
42.7,1.335
42.7,1.335
42.7,1.335
42.7,1.335
42.7,1.335
42.7,1.335
42.7,1.335
42.7,1.340
42.7,1.340
42.7,1.340
42.7,1.340
42.7,1.340
42.7,1.340
42.7,1.340
42.7,1.340
42.7,1.340
42.7,1.340
42.7,1.340
42.7,1.340
42.7,1.340
42.8,1.340
42.8,1.340
42.8,1.340
42.8,1.340
42.8,1.340
42.8,1.340
42.8,1.340
42.8,1.340
42.8,1.340
42.8,1.340
42.8,1.340
42.8,1.340
42.8,1.340
42.8,1.340
42.8,1.340
42.8,1.340
42.8,1.345
42.8,1.345
42.7,1.345
42.7,1.345
42.7,1.345
42.7,1.345
42.7,1.345
42.7,1.345
42.7,1.345
42.7,1.345
42.8,1.345
42.8,1.345
42.8,1.345
42.8,1.345
42.8,1.345
42.9,1.345
42.9,1.345
42.9,1.345
42.9,1.345
42.9,1.345
42.9,1.345
42.9,1.345
42.9,1.345
42.9,1.345
42.9,1.345
42.9,1.345
42.9,1.345
42.8,1.345
42.8,1.345
42.8,1.345
42.8,1.345
42.8,1.350
42.8,1.350
42.8,1.350
42.8,1.350
42.8,1.350
42.8,1.350
42.8,1.350
42.8,1.350
42.8,1.350
42.8,1.350
42.8,1.350
42.8,1.350
42.8,1.350
42.8,1.350
42.8,1.350
42.8,1.350
42.8,1.350
42.8,1.350
42.8,1.350
42.8,1.350
42.8,1.350
42.8,1.350
42.8,1.350
42.8,1.350
42.8,1.350
42.7,1.350
42.7,1.350
42.7,1.350
42.7,1.350
42.7,1.350
42.7,1.355
42.7,1.355
42.8,1.355
42.8,1.355
42.8,1.355
42.8,1.355
42.8,1.355
42.8,1.355
42.8,1.355
42.8,1.355
42.8,1.355
42.8,1.355
42.8,1.355
42.8,1.355
42.8,1.355
42.8,1.355
42.7,1.355
42.7,1.355
42.7,1.355
42.7,1.355
42.7,1.355
42.7,1.355
42.7,1.355
42.7,1.355
42.7,1.355
42.7,1.355
42.7,1.355
42.7,1.355
42.8,1.355
42.8,1.360
42.8,1.360
42.8,1.360
42.8,1.360
42.8,1.360
42.8,1.360
42.8,1.360
42.8,1.360
42.8,1.360
42.8,1.360
42.7,1.360
42.7,1.360
42.7,1.360
42.7,1.360
42.7,1.360
42.7,1.360
42.7,1.360
42.7,1.360
42.7,1.360
42.7,1.360
42.7,1.360
42.7,1.360
42.7,1.360
42.7,1.360
42.8,1.360
42.8,1.360
42.8,1.360
42.8,1.360
42.8,1.360
42.8,1.360
42.8,1.360
42.8,1.360
42.8,1.365
42.8,1.365
42.8,1.365
42.8,1.365
42.8,1.365
42.8,1.365
42.8,1.365
42.8,1.365
42.8,1.365
42.8,1.365
42.8,1.365
42.8,1.365
42.8,1.365
42.8,1.365
42.9,1.365
42.9,1.365
42.9,1.365
42.9,1.365
42.9,1.365
42.9,1.365
42.9,1.365
42.9,1.365
42.9,1.365
42.9,1.365
42.8,1.365
42.8,1.365
42.8,1.365
42.8,1.365
42.8,1.365
42.8,1.365
42.8,1.365
42.8,1.365
42.8,1.370
42.8,1.370
42.8,1.370
42.8,1.370
42.8,1.370
42.9,1.370
42.9,1.370
42.9,1.370
42.9,1.370
42.9,1.370
42.9,1.370
42.9,1.370
42.9,1.370
42.9,1.370
42.9,1.370
42.8,1.370
42.8,1.370
42.8,1.370
42.8,1.370
42.8,1.370
42.8,1.370
42.8,1.370
42.8,1.370
42.8,1.370
42.8,1.370
42.8,1.370
42.8,1.370
42.8,1.370
42.8,1.370
42.8,1.370
42.8,1.370
42.8,1.370
42.8,1.375
42.8,1.375
42.8,1.375
42.8,1.375
42.8,1.375
42.8,1.375
42.8,1.375
42.8,1.375
42.8,1.375
42.8,1.375
42.8,1.375
42.8,1.375
42.8,1.375
42.8,1.375
42.8,1.375
42.8,1.375
42.8,1.375
42.8,1.375
42.8,1.375
42.8,1.375
42.8,1.375
42.8,1.375
42.8,1.375
42.8,1.375
42.8,1.375
42.8,1.375
42.8,1.375
42.8,1.375
42.8,1.375
42.8,1.375
42.8,1.375
42.8,1.380
42.8,1.380
42.8,1.380
42.8,1.380
42.8,1.380
42.8,1.380
42.8,1.380
42.8,1.380
42.8,1.380
42.8,1.380
42.8,1.380
42.8,1.380
42.7,1.380
42.7,1.380
42.7,1.380
42.7,1.380
42.7,1.380
42.7,1.380
42.7,1.380
42.7,1.380
42.7,1.380
42.7,1.380
42.7,1.380
42.7,1.380
42.7,1.380
42.7,1.380
42.7,1.380
42.8,1.380
42.8,1.380
42.8,1.380
42.8,1.380
42.8,1.380
42.8,1.380
42.8,1.380
42.8,1.380
42.8,1.385
42.8,1.385
42.8,1.385
42.8,1.385
42.8,1.385
42.8,1.385
42.8,1.385
42.8,1.385
42.8,1.385
42.8,1.385
42.8,1.385
42.8,1.385
42.7,1.385
42.7,1.385
42.7,1.385
42.7,1.385
42.7,1.385
42.7,1.385
42.7,1.385
42.7,1.385
42.7,1.385
42.7,1.385
42.7,1.385
42.7,1.385
42.7,1.385
42.7,1.385
42.7,1.385
42.7,1.385
42.7,1.385
42.7,1.385
42.7,1.385
42.7,1.385
42.7,1.385
42.7,1.385
42.7,1.390
42.7,1.390
42.7,1.390
42.7,1.390
42.7,1.390
42.7,1.390
42.7,1.390
42.7,1.390
42.7,1.390
42.7,1.390
42.7,1.390
42.7,1.390
42.7,1.390
42.7,1.390
42.7,1.390
42.7,1.390
42.7,1.390
42.7,1.390
42.7,1.390
42.7,1.390
42.7,1.390
42.7,1.390
42.7,1.390
42.7,1.390
42.7,1.390
42.7,1.390
42.7,1.390
42.7,1.390
42.7,1.390
42.7,1.390
42.7,1.390
42.7,1.390
42.7,1.395
42.7,1.395
42.7,1.395
42.7,1.395
42.7,1.395
42.7,1.395
42.7,1.395
42.7,1.395
42.7,1.395
42.7,1.395
42.7,1.395
42.7,1.395
42.8,1.395
42.8,1.395
42.8,1.395
42.8,1.395
42.8,1.395
42.8,1.395
42.8,1.395
42.8,1.395
42.8,1.395
42.8,1.395
42.9,1.395
42.9,1.395
42.9,1.395
42.9,1.395
42.9,1.395
42.9,1.395
42.9,1.395
42.9,1.395
42.9,1.395
42.9,1.395
42.9,1.395
42.9,1.395
42.9,1.400
42.9,1.400
42.9,1.400
42.9,1.400
42.9,1.400
42.9,1.400
42.9,1.400
42.9,1.400
42.9,1.400
42.9,1.400
42.9,1.400
42.9,1.400
42.9,1.400
42.9,1.400
42.9,1.400
42.9,1.400
42.9,1.400
42.9,1.400
42.9,1.400
42.9,1.400
42.9,1.400
42.9,1.400
42.9,1.400
42.9,1.400
42.9,1.400
42.9,1.400
43.0,1.400
43.0,1.400
43.0,1.400
43.0,1.400
43.0,1.400
43.0,1.400
43.0,1.400
43.0,1.400
43.0,1.400
43.0,1.400
43.0,1.400
43.0,1.400
43.0,1.405
43.0,1.405
43.0,1.405
43.0,1.405
43.0,1.405
42.9,1.405
42.9,1.405
42.9,1.405
42.9,1.405
42.9,1.405
42.9,1.405
42.9,1.405
42.9,1.405
42.9,1.405
42.9,1.405
42.9,1.405
42.9,1.405
42.9,1.405
42.9,1.405
42.9,1.405
42.9,1.405
42.9,1.405
43.0,1.405
43.0,1.405
43.0,1.405
43.0,1.405
43.0,1.405
43.0,1.405
43.0,1.405
43.0,1.405
43.0,1.405
43.0,1.405
43.0,1.405
43.0,1.405
43.0,1.405
43.0,1.405
43.0,1.405
43.0,1.405
43.0,1.405
43.1,1.410
43.1,1.410
43.1,1.410
43.1,1.410
43.1,1.410
43.1,1.410
43.1,1.410
43.1,1.410
43.1,1.410
43.2,1.410
43.2,1.410
43.2,1.410
43.2,1.410
43.2,1.410
43.0,1.410
43.0,1.410
43.0,1.410
43.0,1.410
43.0,1.410
43.0,1.410
43.0,1.410
43.0,1.410
43.0,1.410
43.0,1.410
43.0,1.410
43.0,1.410
43.0,1.410
43.0,1.410
43.0,1.410
43.0,1.410
43.0,1.410
43.1,1.410
43.1,1.410
43.1,1.410
43.1,1.410
43.1,1.410
43.0,1.415
43.0,1.415
43.0,1.415
42.9,1.415
42.9,1.415
43.0,1.415
43.0,1.415
43.0,1.415
42.9,1.415
42.9,1.415
42.9,1.415
42.9,1.415
42.9,1.415
42.9,1.415
42.9,1.415
42.9,1.415
42.9,1.415
42.9,1.415
42.9,1.415
42.9,1.415
42.9,1.415
42.9,1.415
42.9,1.415
42.9,1.415
42.9,1.415
42.9,1.415
42.9,1.415
42.9,1.415
42.9,1.415
42.9,1.415
42.9,1.415
42.9,1.415
42.9,1.415
42.9,1.415
42.9,1.415
42.9,1.415
42.9,1.415
42.9,1.415
42.9,1.415
43.0,1.420
43.0,1.420
43.0,1.420
43.0,1.420
43.0,1.420
43.0,1.420
43.0,1.420
43.0,1.420
43.0,1.420
43.0,1.420
43.0,1.420
42.9,1.420
43.0,1.420
43.0,1.420
42.9,1.420
42.9,1.420
42.9,1.420
42.9,1.420
42.9,1.420
42.9,1.420
42.9,1.420
42.9,1.420
42.9,1.420
42.9,1.420
42.9,1.420
42.9,1.420
42.9,1.420
42.9,1.420
42.9,1.420
42.9,1.420
42.9,1.420
42.9,1.420
42.9,1.420
42.9,1.420
42.9,1.420
42.9,1.420
42.9,1.420
42.9,1.420
42.9,1.425
42.9,1.425
42.9,1.425
43.0,1.425
43.0,1.425
43.0,1.425
43.0,1.425
43.0,1.425
43.0,1.425
43.0,1.425
43.0,1.425
43.0,1.425
43.0,1.425
43.0,1.425
43.0,1.425
43.0,1.425
43.0,1.425
43.0,1.425
43.0,1.425
43.0,1.425
43.0,1.425
43.0,1.425
43.0,1.425
43.1,1.425
43.1,1.425
43.1,1.425
43.1,1.425
43.1,1.425
43.1,1.425
43.1,1.425
43.1,1.425
43.1,1.425
43.1,1.425
43.1,1.425
43.1,1.425
43.1,1.425
43.1,1.425
43.1,1.425
43.1,1.425
43.1,1.430
43.1,1.430
43.1,1.430
43.1,1.430
43.1,1.430
43.1,1.430
43.1,1.430
43.1,1.430
43.1,1.430
43.1,1.430
43.1,1.430
43.1,1.430
43.1,1.430
43.1,1.430
43.1,1.430
43.1,1.430
43.1,1.430
43.1,1.430
43.1,1.430
43.1,1.430
43.1,1.430
43.0,1.430
43.0,1.430
43.0,1.430
43.0,1.430
43.0,1.430
43.0,1.430
43.0,1.430
42.9,1.430
42.9,1.430
42.9,1.430
42.9,1.430
42.9,1.430
42.9,1.430
42.9,1.430
42.9,1.435
42.9,1.435
42.9,1.435
42.9,1.435
43.0,1.435
43.0,1.435
43.0,1.435
43.0,1.435
43.0,1.435
43.0,1.435
43.0,1.435
42.9,1.435
42.8,1.435
42.8,1.435
42.8,1.435
42.8,1.435
42.8,1.435
42.8,1.435
42.8,1.435
42.8,1.435
42.8,1.435
42.8,1.435
42.8,1.435
42.8,1.435
43.0,1.435
43.0,1.435
43.0,1.435
43.0,1.435
43.0,1.435
43.0,1.435
43.0,1.435
43.0,1.435
43.0,1.435
42.9,1.440
43.0,1.440
43.0,1.440
42.9,1.440
42.8,1.440
42.8,1.440
42.8,1.440
42.8,1.440
42.8,1.440
42.8,1.440
42.8,1.440
42.8,1.440
42.8,1.440
42.8,1.440
42.8,1.440
42.8,1.440
42.8,1.440
42.8,1.440
42.8,1.440
42.8,1.440
42.8,1.440
42.8,1.440
42.8,1.440
42.8,1.440
42.8,1.440
42.8,1.440
42.8,1.440
42.8,1.440
42.8,1.440
42.8,1.440
42.8,1.440
42.8,1.440
42.8,1.440
42.8,1.440
42.8,1.440
42.8,1.445
42.8,1.445
42.8,1.445
42.8,1.445
42.8,1.445
42.8,1.445
42.8,1.445
42.8,1.445
42.8,1.445
42.8,1.445
42.8,1.445
42.8,1.445
42.8,1.445
42.8,1.445
42.8,1.445
42.8,1.445
42.8,1.445
42.8,1.445
42.7,1.445
42.7,1.445
42.7,1.445
42.7,1.445
42.7,1.445
42.7,1.445
42.7,1.445
42.7,1.445
42.7,1.445
42.7,1.445
42.7,1.445
42.7,1.445
42.8,1.445
42.8,1.445
42.8,1.445
42.8,1.445
42.8,1.450
42.8,1.450
42.8,1.450
42.8,1.450
42.8,1.450
42.8,1.450
42.9,1.450
42.9,1.450
42.9,1.450
42.9,1.450
42.9,1.450
42.9,1.450
42.9,1.450
42.9,1.450
42.9,1.450
42.9,1.450
43.0,1.450
43.0,1.450
43.0,1.450
43.0,1.450
43.0,1.450
43.0,1.450
43.0,1.450
43.0,1.450
43.0,1.450
43.0,1.450
43.0,1.450
43.0,1.450
43.0,1.450
42.9,1.450
42.9,1.450
42.9,1.455
42.9,1.455
42.9,1.455
42.9,1.455
42.9,1.455
42.9,1.455
42.9,1.455
42.9,1.455
42.9,1.455
42.9,1.455
42.9,1.455
42.9,1.455
42.9,1.455
42.9,1.455
42.9,1.455
42.9,1.455
42.8,1.455
42.8,1.455
42.8,1.455
42.8,1.455
42.8,1.455
42.8,1.455
42.8,1.455
42.8,1.455
42.8,1.455
42.8,1.455
42.8,1.460
42.8,1.460
42.8,1.460
42.8,1.460
42.8,1.460
42.8,1.460
42.8,1.460
42.8,1.460
42.8,1.460
42.8,1.460
42.8,1.460
42.8,1.460
42.8,1.460
42.8,1.460
42.8,1.460
42.8,1.460
42.8,1.460
42.8,1.460
42.8,1.460
42.8,1.460
42.8,1.460
42.8,1.460
42.8,1.460
42.8,1.460
42.8,1.460
42.8,1.460
42.8,1.460
42.8,1.465
42.8,1.465
42.8,1.465
42.8,1.465
42.8,1.465
42.8,1.465
42.8,1.465
42.8,1.465
42.9,1.465
42.9,1.465
42.9,1.465
42.9,1.465
42.9,1.465
42.9,1.465
42.9,1.465
42.9,1.465
42.9,1.465
42.9,1.465
42.9,1.465
42.9,1.465
42.9,1.465
42.9,1.465
42.9,1.465
42.9,1.465
42.9,1.465
42.9,1.465
42.9,1.470
43.0,1.470
43.0,1.470
43.0,1.470
43.0,1.470
43.0,1.470
43.0,1.470
43.0,1.470
43.0,1.470
43.0,1.470
43.0,1.470
43.0,1.470
43.0,1.470
43.0,1.470
43.0,1.470
43.0,1.470
43.0,1.470
43.0,1.470
43.0,1.470
43.0,1.470
43.0,1.470
43.0,1.470
43.0,1.470
43.0,1.470
43.0,1.475
43.0,1.475
43.0,1.475
43.0,1.475
43.0,1.475
43.0,1.475
43.0,1.475
43.0,1.475
42.9,1.475
42.9,1.475
42.9,1.475
42.9,1.475
42.9,1.475
42.9,1.475
42.9,1.475
42.9,1.475
42.9,1.475
42.9,1.475
42.9,1.475
42.9,1.475
42.9,1.475
42.9,1.475
42.9,1.475
42.9,1.480
42.9,1.480
42.9,1.480
42.9,1.480
42.9,1.480
42.9,1.480
42.9,1.480
42.8,1.480
42.8,1.480
42.8,1.480
42.8,1.480
42.8,1.480
42.8,1.480
43.0,1.480
43.0,1.480
43.0,1.480
42.9,1.480
42.9,1.480
42.9,1.480
42.9,1.480
42.9,1.480
42.9,1.480
42.9,1.480
42.9,1.480
42.9,1.480
42.9,1.485
42.9,1.485
42.9,1.485
42.9,1.485
42.9,1.485
42.9,1.485
42.9,1.485
42.9,1.485
42.9,1.485
42.9,1.485
42.9,1.485
42.9,1.485
42.9,1.485
43.0,1.485
43.0,1.485
43.0,1.485
43.0,1.485
43.0,1.485
43.0,1.485
43.0,1.485
43.0,1.485
43.0,1.485
43.0,1.485
43.0,1.485
43.0,1.490
43.0,1.490
43.0,1.490
43.0,1.490
43.0,1.490
43.0,1.490
43.0,1.490
43.0,1.490
43.0,1.490
43.0,1.490
43.0,1.490
43.0,1.490
43.0,1.490
43.0,1.490
43.0,1.490
43.0,1.490
43.0,1.490
43.0,1.490
43.0,1.490
42.9,1.490
43.0,1.490
43.0,1.490
43.0,1.490
43.0,1.495
43.0,1.495
43.0,1.495
43.0,1.495
43.0,1.495
43.0,1.495
43.0,1.495
43.0,1.495
43.0,1.495
43.0,1.495
43.1,1.495
43.1,1.495
43.1,1.495
43.1,1.495
43.1,1.495
43.1,1.495
43.1,1.495
43.1,1.495
43.1,1.495
43.1,1.495
43.1,1.495
43.0,1.495
43.0,1.495
43.0,1.495
43.0,1.495
43.0,1.500
43.0,1.500
43.0,1.500
43.0,1.500
43.0,1.500
43.0,1.500
43.0,1.500
43.0,1.500
43.0,1.500
43.0,1.500
43.0,1.500
43.0,1.500
43.0,1.500
43.0,1.500
43.0,1.500
43.0,1.500
43.0,1.500
43.0,1.500
43.0,1.500
42.9,1.500
42.9,1.500
42.9,1.500
42.9,1.500
42.9,1.500
42.9,1.505
43.0,1.505
43.0,1.505
43.0,1.505
43.0,1.505
43.0,1.505
43.0,1.505
43.0,1.505
43.0,1.505
43.0,1.505
43.0,1.505
43.0,1.505
43.0,1.505
43.0,1.505
43.0,1.505
43.0,1.505
43.0,1.505
43.0,1.505
43.0,1.505
43.0,1.505
43.0,1.505
43.0,1.505
43.0,1.505
43.0,1.505
43.0,1.510
43.0,1.510
43.0,1.510
43.0,1.510
43.0,1.510
43.1,1.510
43.1,1.510
43.1,1.510
43.1,1.510
43.1,1.510
43.1,1.510
43.1,1.510
43.1,1.510
43.1,1.510
43.1,1.510
43.1,1.510
43.1,1.510
43.1,1.510
43.1,1.510
43.1,1.510
43.1,1.510
43.1,1.510
43.1,1.510
43.1,1.515
43.1,1.515
43.1,1.515
43.1,1.515
43.1,1.515
43.0,1.515
43.0,1.515
43.0,1.515
43.0,1.515
43.0,1.515
42.9,1.515
42.9,1.515
42.9,1.515
42.9,1.515
42.9,1.515
42.9,1.515
42.9,1.515
42.9,1.515
42.9,1.515
42.9,1.515
42.9,1.515
42.9,1.520
43.0,1.520
43.0,1.520
43.0,1.520
43.0,1.520
43.0,1.520
43.0,1.520
43.0,1.520
43.0,1.520
43.0,1.520
43.0,1.520
43.0,1.520
43.0,1.520
43.0,1.520
43.0,1.520
43.0,1.520
42.9,1.520
42.9,1.520
42.9,1.520
42.9,1.520
42.9,1.520
42.9,1.520
42.9,1.525
42.9,1.525
42.9,1.525
42.9,1.525
43.0,1.525
43.0,1.525
43.0,1.525
43.0,1.525
43.0,1.525
43.0,1.525
43.0,1.525
43.0,1.525
42.9,1.525
42.9,1.525
42.8,1.525
42.8,1.525
42.8,1.525
42.8,1.525
42.8,1.525
42.8,1.525
42.9,1.525
42.9,1.525
42.9,1.525
42.9,1.530
43.0,1.530
43.0,1.530
43.0,1.530
43.0,1.530
43.1,1.530
43.1,1.530
43.1,1.530
43.1,1.530
43.1,1.530
43.1,1.530
43.1,1.530
43.1,1.530
43.1,1.530
43.1,1.530
43.1,1.530
43.0,1.530
43.0,1.530
43.0,1.530
43.0,1.530
43.0,1.530
43.0,1.530
43.0,1.530
43.0,1.535
43.0,1.535
43.0,1.535
43.0,1.535
43.0,1.535
43.0,1.535
43.0,1.535
43.0,1.535
43.0,1.535
43.0,1.535
43.0,1.535
42.9,1.535
42.9,1.535
42.9,1.535
42.9,1.535
42.8,1.535
42.8,1.535
42.8,1.535
42.8,1.535
42.8,1.535
42.8,1.535
42.8,1.540
42.8,1.540
42.8,1.540
42.8,1.540
42.9,1.540
42.9,1.540
42.9,1.540
42.9,1.540
42.9,1.540
42.9,1.540
42.9,1.540
42.9,1.540
42.9,1.540
42.9,1.540
42.9,1.540
42.9,1.540
42.9,1.540
42.9,1.540
42.9,1.540
42.9,1.540
42.9,1.540
42.9,1.540
42.9,1.540
42.9,1.545
42.9,1.545
42.9,1.545
42.9,1.545
42.9,1.545
42.9,1.545
42.9,1.545
42.9,1.545
42.9,1.545
42.9,1.545
42.9,1.545
42.9,1.545
43.0,1.545
43.0,1.545
43.0,1.545
43.0,1.545
43.0,1.545
43.0,1.545
43.0,1.545
43.0,1.545
43.1,1.545
43.1,1.545
43.2,1.545
43.2,1.545
43.2,1.545
43.2,1.550
43.2,1.550
43.2,1.550
43.2,1.550
43.2,1.550
43.2,1.550
43.2,1.550
43.2,1.550
43.2,1.550
43.2,1.550
43.2,1.550
43.2,1.550
43.2,1.550
43.2,1.550
43.2,1.550
43.2,1.550
43.2,1.550
43.2,1.550
43.2,1.550
43.2,1.550
43.2,1.550
43.2,1.550
43.2,1.550
43.2,1.555
43.1,1.555
43.1,1.555
43.1,1.555
43.1,1.555
43.1,1.555
43.1,1.555
43.1,1.555
43.1,1.555
43.1,1.555
43.1,1.555
43.1,1.555
43.1,1.555
43.1,1.555
43.1,1.555
43.1,1.555
43.1,1.555
43.1,1.555
43.1,1.555
43.1,1.555
43.1,1.555
43.1,1.555
43.1,1.555
43.1,1.555
43.1,1.560
43.1,1.560
43.1,1.560
43.1,1.560
43.1,1.560
43.2,1.560
43.2,1.560
43.2,1.560
43.2,1.560
43.2,1.560
43.2,1.560
43.2,1.560
43.2,1.560
43.2,1.560
43.2,1.560
43.2,1.560
43.2,1.560
43.2,1.560
43.2,1.560
43.1,1.560
43.1,1.560
43.1,1.560
43.1,1.560
43.1,1.560
43.1,1.560
43.1,1.565
43.1,1.565
43.1,1.565
43.1,1.565
43.1,1.565
43.2,1.565
43.2,1.565
43.2,1.565
43.2,1.565
43.2,1.565
43.2,1.565
43.2,1.565
43.2,1.565
43.2,1.565
43.2,1.565
43.2,1.565
43.2,1.565
43.2,1.565
43.2,1.565
43.2,1.565
43.2,1.565
43.2,1.565
43.2,1.565
43.2,1.565
43.2,1.570
43.2,1.570
43.2,1.570
43.3,1.570
43.3,1.570
43.4,1.570
43.3,1.570
43.3,1.570
43.3,1.570
43.4,1.570
43.4,1.570
43.4,1.570
43.4,1.570
43.4,1.570
43.4,1.570
43.3,1.570
43.3,1.570
43.2,1.575
43.2,1.575
43.1,1.575
43.0,1.575
43.0,1.575
43.0,1.575
42.9,1.575
42.9,1.575
42.9,1.575
42.9,1.575
42.9,1.575
43.0,1.575
43.1,1.575
43.2,1.575
43.2,1.575
43.3,1.575
43.3,1.575
43.4,1.580
43.4,1.580
43.4,1.580
43.4,1.580
43.4,1.580
43.4,1.580
43.3,1.580
43.3,1.580
43.3,1.580
43.2,1.580
43.1,1.580
43.1,1.580
43.1,1.580
43.1,1.580
43.1,1.580
43.1,1.585
43.1,1.585
43.1,1.585
43.2,1.585
43.2,1.585
43.2,1.585
43.3,1.585
43.3,1.585
43.3,1.585
43.3,1.585
43.2,1.585
43.2,1.585
43.1,1.585
43.1,1.585
43.0,1.585
43.0,1.590
42.9,1.590
42.9,1.590
42.9,1.590
42.9,1.590
42.9,1.590
42.9,1.590
43.0,1.590
43.1,1.590
43.1,1.590
43.2,1.590
43.3,1.590
43.3,1.590
43.4,1.590
43.4,1.595
43.4,1.595
43.4,1.595
43.4,1.595
43.3,1.595
43.2,1.595
43.1,1.595
43.0,1.595
43.0,1.595
43.0,1.595
42.9,1.595
42.9,1.595
42.9,1.595
42.9,1.595
42.9,1.600
42.9,1.600
42.9,1.600
43.0,1.600
43.0,1.600
43.1,1.600
43.1,1.600
43.1,1.600
43.1,1.600
43.1,1.600
43.1,1.600
43.1,1.600
43.1,1.600
43.0,1.600
43.0,1.605
43.0,1.605
43.0,1.605
43.0,1.605
43.0,1.605
43.0,1.605
43.0,1.605
43.0,1.605
43.0,1.605
43.0,1.605
43.1,1.605
43.2,1.605
43.2,1.605
43.2,1.605
43.3,1.610
43.3,1.610
43.3,1.610
43.3,1.610
43.3,1.610
43.3,1.610
43.2,1.610
43.1,1.610
43.1,1.610
43.1,1.610
43.0,1.610
43.0,1.610
43.0,1.610
43.0,1.610
43.0,1.610
43.0,1.615
43.0,1.615
43.1,1.615
43.2,1.615
43.2,1.615
43.2,1.615
43.2,1.615
43.2,1.615
43.2,1.615
43.2,1.615
43.2,1.615
43.1,1.615
43.1,1.615
43.0,1.620
43.0,1.620
42.9,1.620
42.9,1.620
42.9,1.620
42.9,1.620
42.9,1.620
42.9,1.620
43.0,1.620
43.0,1.620
43.0,1.620
43.1,1.620
43.1,1.620
43.1,1.620
43.1,1.620
43.1,1.620
43.1,1.625
43.1,1.625
43.1,1.625
43.1,1.625
43.1,1.625
43.0,1.625
42.9,1.625
42.9,1.625
42.9,1.625
42.9,1.625
42.9,1.625
42.9,1.625
42.9,1.625
42.9,1.625
42.9,1.625
43.0,1.625
43.0,1.630
43.0,1.630
43.0,1.630
43.0,1.630
43.0,1.630
43.0,1.630
43.0,1.630
43.0,1.630
42.9,1.630
42.9,1.630
42.9,1.630
42.9,1.630
42.9,1.630
42.9,1.630
42.9,1.630
42.9,1.635
42.9,1.635
42.9,1.635
42.9,1.635
43.0,1.635
43.0,1.635
43.0,1.635
43.1,1.635
43.0,1.635
43.0,1.635
43.0,1.635
43.0,1.635
43.0,1.635
43.0,1.635
43.0,1.635
43.0,1.635
42.9,1.640
42.9,1.640
42.9,1.640
42.9,1.640
42.9,1.640
42.9,1.640
42.9,1.640
43.0,1.640
43.0,1.640
43.1,1.640
43.1,1.640
43.1,1.640
43.1,1.640
43.2,1.640
43.2,1.640
43.2,1.640
43.2,1.640
43.2,1.645
43.2,1.645
43.1,1.645
43.0,1.645
43.0,1.645
43.0,1.645
42.9,1.645
42.9,1.645
42.9,1.645
42.9,1.645
42.9,1.645
42.9,1.645
43.0,1.645
43.1,1.645
43.2,1.645
43.2,1.645
43.3,1.645
43.3,1.650
43.3,1.650
43.3,1.650
43.3,1.650
43.3,1.650
43.3,1.650
43.2,1.650
43.2,1.650
43.1,1.650
43.1,1.650
43.0,1.650
43.0,1.650
43.0,1.650
43.0,1.650
43.0,1.650
43.0,1.650
43.0,1.650
43.0,1.655
43.1,1.655
43.1,1.655
43.1,1.655
43.2,1.655
43.2,1.655
43.2,1.655
43.2,1.655
43.2,1.655
43.2,1.655
43.2,1.655
43.2,1.655
43.1,1.655
43.1,1.655
43.0,1.655
43.0,1.655
43.0,1.655
43.0,1.655
43.0,1.660
43.0,1.660
43.0,1.660
43.1,1.660
43.1,1.660
43.2,1.660
43.2,1.660
43.2,1.660
43.2,1.660
43.2,1.660
43.2,1.660
43.2,1.660
43.2,1.660
43.1,1.660
43.1,1.660
43.1,1.660
43.0,1.660
43.0,1.660
43.0,1.660
43.0,1.665
43.0,1.665
43.0,1.665
43.0,1.665
43.1,1.665
43.1,1.665
43.2,1.665
43.2,1.665
43.2,1.665
43.2,1.665
43.3,1.665
43.3,1.665
43.2,1.665
43.2,1.665
43.2,1.665
43.2,1.665
43.2,1.665
43.2,1.665
43.1,1.665
43.1,1.665
43.1,1.670
43.1,1.670
43.1,1.670
43.1,1.670
43.1,1.670
43.1,1.670
43.2,1.670
43.3,1.670
43.3,1.670
43.3,1.670
43.3,1.670
43.3,1.670
43.3,1.670
43.3,1.670
43.3,1.670
43.3,1.670
43.3,1.670
43.2,1.670
43.2,1.670
43.2,1.670
43.1,1.675
43.1,1.675
43.1,1.675
43.1,1.675
43.1,1.675
43.1,1.675
43.1,1.675
43.1,1.675
43.1,1.675
43.1,1.675
43.1,1.675
43.1,1.675
43.1,1.675
43.1,1.675
43.1,1.675
43.1,1.675
43.1,1.675
43.1,1.675
43.1,1.675
43.1,1.680
43.1,1.680
43.1,1.680
43.0,1.680
43.0,1.680
43.0,1.680
43.0,1.680
43.0,1.680
43.0,1.680
43.0,1.680
43.0,1.680
43.0,1.680
43.0,1.680
43.1,1.680
43.1,1.680
43.1,1.680
43.1,1.680
43.1,1.680
43.2,1.680
43.1,1.680
43.1,1.680
43.1,1.680
43.1,1.685
43.1,1.685
43.1,1.685
43.1,1.685
43.1,1.685
43.1,1.685
43.1,1.685
43.1,1.685
43.1,1.685
43.1,1.685
43.1,1.685
43.1,1.685
43.1,1.685
43.1,1.685
43.1,1.685
43.1,1.685
43.1,1.685
43.1,1.685
43.1,1.685
43.1,1.685
43.1,1.685
43.1,1.690
43.0,1.690
43.0,1.690
43.0,1.690
43.0,1.690
43.0,1.690
43.0,1.690
43.0,1.690
43.0,1.690
43.0,1.690
43.0,1.690
43.0,1.690
43.0,1.690
43.1,1.690
43.1,1.690
43.1,1.690
43.1,1.690
43.1,1.690
43.1,1.690
43.1,1.690
43.1,1.690
43.1,1.690
43.0,1.695
43.0,1.695
43.0,1.695
43.0,1.695
43.0,1.695
43.0,1.695
43.0,1.695
43.0,1.695
43.0,1.695
43.0,1.695
43.0,1.695
43.0,1.695
43.0,1.695
43.0,1.695
43.0,1.695
43.0,1.695
43.0,1.695
43.1,1.695
43.1,1.695
43.1,1.695
43.1,1.700
43.1,1.700
43.1,1.700
43.1,1.700
43.1,1.700
43.1,1.700
43.1,1.700
43.1,1.700
43.1,1.700
43.1,1.700
43.1,1.700
43.1,1.700
43.2,1.700
43.2,1.700
43.2,1.700
43.2,1.700
43.1,1.700
43.1,1.700
43.1,1.700
43.1,1.700
43.1,1.700
43.1,1.700
43.1,1.705
43.1,1.705
43.1,1.705
43.1,1.705
43.1,1.705
43.1,1.705
43.1,1.705
43.1,1.705
43.1,1.705
43.1,1.705
43.2,1.705
43.2,1.705
43.2,1.705
43.2,1.705
43.2,1.705
43.2,1.705
43.2,1.705
43.2,1.705
43.2,1.705
43.2,1.705
43.2,1.705
43.2,1.705
43.2,1.705
43.2,1.705
43.2,1.710
43.2,1.710
43.2,1.710
43.2,1.710
43.2,1.710
43.2,1.710
43.3,1.710
43.3,1.710
43.3,1.710
43.3,1.710
43.3,1.710
43.3,1.710
43.3,1.710
43.3,1.710
43.3,1.710
43.2,1.710
43.2,1.710
43.2,1.710
43.2,1.710
43.2,1.710
43.2,1.710
43.2,1.710
43.2,1.715
43.2,1.715
43.2,1.715
43.2,1.715
43.2,1.715
43.2,1.715
43.2,1.715
43.2,1.715
43.2,1.715
43.2,1.715
43.2,1.715
43.2,1.715
43.2,1.715
43.2,1.715
43.2,1.715
43.2,1.715
43.1,1.715
43.1,1.715
43.1,1.715
43.1,1.715
43.1,1.715
43.1,1.715
43.1,1.715
43.1,1.715
43.1,1.720
43.1,1.720
43.2,1.720
43.2,1.720
43.2,1.720
43.2,1.720
43.2,1.720
43.2,1.720
43.2,1.720
43.2,1.720
43.2,1.720
43.2,1.720
43.2,1.720
43.2,1.720
43.2,1.720
43.2,1.720
43.2,1.720
43.2,1.720
43.2,1.720
43.2,1.720
43.2,1.720
43.3,1.720
43.3,1.720
43.3,1.720
43.3,1.720
43.3,1.725
43.3,1.725
43.3,1.725
43.3,1.725
43.3,1.725
43.3,1.725
43.2,1.725
43.1,1.725
43.1,1.725
43.1,1.725
43.1,1.725
43.1,1.725
43.1,1.725
43.1,1.725
43.1,1.725
43.1,1.725
43.1,1.725
43.1,1.725
43.1,1.725
43.1,1.725
43.1,1.725
43.2,1.725
43.2,1.725
43.2,1.725
43.2,1.725
43.2,1.730
43.2,1.730
43.2,1.730
43.2,1.730
43.2,1.730
43.2,1.730
43.2,1.730
43.2,1.730
43.2,1.730
43.2,1.730
43.2,1.730
43.2,1.730
43.2,1.730
43.2,1.730
43.2,1.730
43.3,1.730
43.3,1.730
43.3,1.730
43.3,1.730
43.3,1.730
43.3,1.730
43.3,1.735
43.4,1.735
43.4,1.735
43.4,1.735
43.4,1.735
43.4,1.735
43.4,1.735
43.3,1.735
43.3,1.735
43.3,1.735
43.3,1.735
43.3,1.735
43.3,1.735
43.3,1.735
43.3,1.735
43.3,1.735
43.3,1.735
43.3,1.735
43.3,1.735
43.3,1.735
43.3,1.735
43.3,1.735
43.3,1.735
43.3,1.740
43.3,1.740
43.3,1.740
43.3,1.740
43.3,1.740
43.3,1.740
43.3,1.740
43.3,1.740
43.3,1.740
43.3,1.740
43.3,1.740
43.3,1.740
43.3,1.740
43.3,1.740
43.3,1.740
43.3,1.740
43.3,1.740
43.3,1.740
43.3,1.740
43.3,1.740
43.3,1.740
43.3,1.745
43.3,1.745
43.3,1.745
43.3,1.745
43.3,1.745
43.3,1.745
43.3,1.745
43.3,1.745
43.3,1.745
43.3,1.745
43.3,1.745
43.3,1.745
43.3,1.745
43.3,1.745
43.3,1.745
43.3,1.745
43.4,1.745
43.4,1.745
43.4,1.745
43.4,1.745
43.4,1.750
43.4,1.750
43.4,1.750
43.4,1.750
43.4,1.750
43.4,1.750
43.4,1.750
43.4,1.750
43.4,1.750
43.4,1.750
43.4,1.750
43.4,1.750
43.4,1.750
43.4,1.750
43.4,1.750
43.4,1.750
43.4,1.750
43.4,1.750
43.5,1.750
43.5,1.755
43.5,1.755
43.4,1.755
43.3,1.755
43.3,1.755
43.3,1.755
43.3,1.755
43.3,1.755
43.3,1.755
43.4,1.755
43.4,1.755
43.5,1.755
43.5,1.755
43.6,1.755
43.6,1.755
43.6,1.755
43.6,1.755
43.6,1.755
43.6,1.760
43.6,1.760
43.6,1.760
43.6,1.760
43.6,1.760
43.5,1.760
43.5,1.760
43.4,1.760
43.4,1.760
43.4,1.760
43.4,1.760
43.4,1.760
43.4,1.760
43.4,1.760
43.4,1.760
43.4,1.760
43.4,1.760
43.5,1.760
43.5,1.760
43.5,1.765
43.5,1.765
43.5,1.765
43.5,1.765
43.5,1.765
43.5,1.765
43.5,1.765
43.5,1.765
43.4,1.765
43.4,1.765
43.4,1.765
43.4,1.765
43.4,1.765
43.4,1.765
43.4,1.765
43.4,1.765
43.4,1.765
43.4,1.765
43.4,1.770
43.4,1.770
43.5,1.770
43.5,1.770
43.5,1.770
43.5,1.770
43.5,1.770
43.5,1.770
43.5,1.770
43.5,1.770
43.5,1.770
43.5,1.770
43.5,1.770
43.5,1.770
43.5,1.770
43.5,1.770
43.5,1.770
43.5,1.775
43.5,1.775
43.5,1.775
43.5,1.775
43.5,1.775
43.5,1.775
43.5,1.775
43.5,1.775
43.6,1.775
43.6,1.775
43.6,1.775
43.6,1.775
43.6,1.775
43.6,1.775
43.6,1.775
43.6,1.775
43.5,1.780
43.5,1.780
43.5,1.780
43.5,1.780
43.5,1.780
43.5,1.780
43.5,1.780
43.5,1.780
43.5,1.780
43.5,1.780
43.5,1.780
43.5,1.780
43.5,1.780
43.5,1.780
43.5,1.780
43.5,1.780
43.5,1.780
43.5,1.785
43.5,1.785
43.5,1.785
43.5,1.785
43.5,1.785
43.5,1.785
43.5,1.785
43.5,1.785
43.5,1.785
43.5,1.785
43.6,1.785
43.6,1.785
43.6,1.785
43.6,1.785
43.6,1.785
43.6,1.785
43.6,1.785
43.6,1.790
43.6,1.790
43.6,1.790
43.6,1.790
43.6,1.790
43.6,1.790
43.6,1.790
43.6,1.790
43.6,1.790
43.6,1.790
43.6,1.790
43.6,1.790
43.6,1.790
43.6,1.790
43.6,1.790
43.6,1.790
43.6,1.790
43.6,1.795
43.6,1.795
43.6,1.795
43.6,1.795
43.5,1.795
43.5,1.795
43.4,1.795
43.4,1.795
43.4,1.795
43.4,1.795
43.3,1.795
43.4,1.795
43.4,1.795
43.4,1.795
43.4,1.795
43.4,1.795
43.5,1.800
43.5,1.800
43.6,1.800
43.6,1.800
43.6,1.800
43.6,1.800
43.6,1.800
43.6,1.800
43.5,1.800
43.4,1.800
43.4,1.800
43.3,1.800
43.3,1.800
43.3,1.800
43.2,1.800
43.2,1.800
43.2,1.800
43.2,1.800
43.3,1.805
43.3,1.805
43.4,1.805
43.4,1.805
43.4,1.805
43.5,1.805
43.5,1.805
43.5,1.805
43.5,1.805
43.5,1.805
43.5,1.805
43.5,1.805
43.4,1.805
43.3,1.805
43.3,1.805
43.3,1.805
43.3,1.805
43.3,1.805
43.3,1.810
43.3,1.810
43.4,1.810
43.5,1.810
43.5,1.810
43.5,1.810
43.6,1.810
43.6,1.810
43.7,1.810
43.7,1.810
43.7,1.810
43.7,1.810
43.7,1.810
43.6,1.810
43.5,1.810
43.5,1.810
43.5,1.810
43.5,1.815
43.4,1.815
43.4,1.815
43.4,1.815
43.4,1.815
43.4,1.815
43.4,1.815
43.4,1.815
43.5,1.815
43.5,1.815
43.5,1.815
43.6,1.815
43.6,1.815
43.6,1.815
43.6,1.815
43.6,1.815
43.6,1.815
43.6,1.815
43.6,1.815
43.6,1.820
43.5,1.820
43.5,1.820
43.5,1.820
43.4,1.820
43.4,1.820
43.4,1.820
43.4,1.820
43.4,1.820
43.4,1.820
43.4,1.820
43.4,1.820
43.4,1.820
43.5,1.820
43.5,1.820
43.5,1.820
43.5,1.820
43.5,1.820
43.5,1.820
43.5,1.825
43.5,1.825
43.5,1.825
43.5,1.825
43.4,1.825
43.4,1.825
43.4,1.825
43.4,1.825
43.4,1.825
43.4,1.825
43.4,1.825
43.5,1.825
43.6,1.825
43.6,1.825
43.6,1.825
43.6,1.825
43.6,1.825
43.6,1.825
43.6,1.825
43.6,1.825
43.5,1.825
43.5,1.830
43.5,1.830
43.5,1.830
43.4,1.830
43.4,1.830
43.4,1.830
43.4,1.830
43.4,1.830
43.4,1.830
43.4,1.830
43.4,1.830
43.4,1.830
43.4,1.830
43.6,1.830
43.6,1.830
43.6,1.830
43.6,1.830
43.6,1.830
43.6,1.830
43.6,1.835
43.6,1.835
43.6,1.835
43.6,1.835
43.6,1.835
43.6,1.835
43.6,1.835
43.6,1.835
43.5,1.835
43.5,1.835
43.5,1.835
43.5,1.835
43.5,1.835
43.5,1.835
43.5,1.835
43.5,1.835
43.5,1.835
43.5,1.835
43.5,1.835
43.5,1.840
43.5,1.840
43.5,1.840
43.5,1.840
43.5,1.840
43.5,1.840
43.5,1.840
43.5,1.840
43.5,1.840
43.5,1.840
43.5,1.840
43.5,1.840
43.5,1.840
43.5,1.840
43.5,1.840
43.5,1.840
43.6,1.840
43.6,1.840
43.7,1.840
43.7,1.840
43.7,1.845
43.7,1.845
43.7,1.845
43.7,1.845
43.7,1.845
43.7,1.845
43.7,1.845
43.7,1.845
43.7,1.845
43.7,1.845
43.7,1.845
43.7,1.845
43.7,1.845
43.7,1.845
43.7,1.845
43.7,1.845
43.7,1.845
43.7,1.845
43.7,1.845
43.7,1.850
43.7,1.850
43.7,1.850
43.7,1.850
43.7,1.850
43.7,1.850
43.7,1.850
43.7,1.850
43.7,1.850
43.7,1.850
43.7,1.850
43.7,1.850
43.7,1.850
43.7,1.850
43.7,1.850
43.7,1.850
43.7,1.850
43.7,1.850
43.7,1.850
43.7,1.855
43.7,1.855
43.7,1.855
43.7,1.855
43.7,1.855
43.7,1.855
43.7,1.855
43.7,1.855
43.7,1.855
43.7,1.855
43.7,1.855
43.7,1.855
43.7,1.855
43.7,1.855
43.7,1.855
43.7,1.855
43.7,1.855
43.7,1.855
43.7,1.860
43.7,1.860
43.7,1.860
43.7,1.860
43.7,1.860
43.7,1.860
43.7,1.860
43.7,1.860
43.7,1.860
43.7,1.860
43.7,1.860
43.7,1.860
43.7,1.860
43.7,1.860
43.7,1.860
43.7,1.860
43.7,1.860
43.7,1.860
43.7,1.860
43.7,1.860
43.7,1.865
43.7,1.865
43.7,1.865
43.8,1.865
43.8,1.865
43.8,1.865
43.8,1.865
43.8,1.865
43.8,1.865
43.8,1.865
43.8,1.865
43.8,1.865
43.8,1.865
43.8,1.865
43.8,1.865
43.8,1.865
43.8,1.865
43.8,1.865
43.8,1.865
43.8,1.870
43.8,1.870
43.8,1.870
43.8,1.870
43.8,1.870
43.8,1.870
43.8,1.870
43.8,1.870
43.8,1.870
43.8,1.870
43.8,1.870
43.8,1.870
43.8,1.870
43.8,1.870
43.8,1.870
43.8,1.870
43.8,1.870
43.9,1.870
43.9,1.870
43.9,1.875
43.9,1.875
43.9,1.875
43.9,1.875
43.9,1.875
43.9,1.875
43.9,1.875
43.9,1.875
43.9,1.875
43.9,1.875
43.9,1.875
43.9,1.875
43.9,1.875
43.9,1.875
43.9,1.875
43.8,1.875
43.8,1.875
43.8,1.875
43.8,1.875
43.8,1.875
43.8,1.880
43.9,1.880
43.9,1.880
43.9,1.880
43.9,1.880
43.9,1.880
43.9,1.880
43.9,1.880
43.9,1.880
43.8,1.880
43.8,1.880
43.8,1.880
43.8,1.880
43.8,1.880
43.8,1.880
43.8,1.880
43.8,1.880
43.8,1.880
43.8,1.880
43.8,1.880
43.8,1.885
43.8,1.885
43.9,1.885
43.9,1.885
43.9,1.885
43.9,1.885
43.9,1.885
43.9,1.885
43.9,1.885
43.9,1.885
43.9,1.885
43.9,1.885
43.9,1.885
43.9,1.885
43.9,1.885
43.9,1.885
43.9,1.885
43.9,1.885
43.8,1.885
43.8,1.885
43.8,1.885
43.8,1.890
43.9,1.890
43.9,1.890
43.9,1.890
43.9,1.890
44.0,1.890
44.0,1.890
44.0,1.890
44.0,1.890
44.0,1.890
43.9,1.890
43.9,1.890
43.9,1.890
43.8,1.890
43.8,1.890
43.8,1.890
43.8,1.890
43.8,1.890
43.8,1.890
43.8,1.895
43.8,1.895
43.8,1.895
43.9,1.895
43.9,1.895
43.9,1.895
43.9,1.895
43.9,1.895
43.9,1.895
43.9,1.895
43.9,1.895
43.9,1.895
43.9,1.895
43.9,1.895
43.9,1.895
43.9,1.895
43.9,1.895
43.8,1.895
43.8,1.895
43.8,1.895
43.8,1.895
43.8,1.900
43.8,1.900
43.8,1.900
43.8,1.900
43.8,1.900
43.8,1.900
43.8,1.900
43.8,1.900
43.8,1.900
43.8,1.900
43.8,1.900
43.8,1.900
43.8,1.900
43.8,1.900
43.8,1.900
43.8,1.900
43.9,1.900
43.9,1.900
43.9,1.900
43.9,1.900
43.9,1.905
43.9,1.905
43.9,1.905
43.9,1.905
43.9,1.905
43.9,1.905
43.9,1.905
43.9,1.905
43.9,1.905
43.8,1.905
43.8,1.905
43.8,1.905
43.8,1.905
43.8,1.905
43.8,1.905
43.8,1.905
43.8,1.905
43.8,1.905
43.8,1.905
43.8,1.905
43.8,1.905
43.8,1.910
43.8,1.910
43.8,1.910
43.8,1.910
43.8,1.910
43.8,1.910
43.8,1.910
43.8,1.910
43.8,1.910
43.8,1.910
43.8,1.910
43.8,1.910
43.8,1.910
43.8,1.910
43.8,1.910
43.8,1.910
43.8,1.910
43.8,1.910
43.8,1.910
43.8,1.910
43.8,1.915
43.8,1.915
43.8,1.915
43.8,1.915
43.9,1.915
43.9,1.915
43.9,1.915
43.9,1.915
43.9,1.915
43.9,1.915
43.9,1.915
43.9,1.915
43.9,1.915
43.9,1.915
43.9,1.915
43.9,1.915
43.9,1.915
43.9,1.915
43.9,1.920
43.9,1.920
43.9,1.920
43.9,1.920
43.9,1.920
43.9,1.920
43.9,1.920
43.9,1.920
43.9,1.920
43.9,1.920
43.9,1.920
43.9,1.920
43.9,1.920
43.8,1.920
43.8,1.920
43.8,1.920
43.8,1.920
43.8,1.920
43.9,1.920
43.9,1.920
44.0,1.925
43.9,1.925
43.9,1.925
43.9,1.925
43.9,1.925
44.0,1.925
44.0,1.925
44.0,1.925
44.0,1.925
44.0,1.925
43.9,1.925
43.9,1.925
43.8,1.925
43.8,1.925
43.8,1.925
43.8,1.925
43.8,1.925
43.8,1.925
43.8,1.925
43.8,1.930
43.8,1.930
43.8,1.930
43.8,1.930
43.8,1.930
43.9,1.930
43.9,1.930
43.9,1.930
43.9,1.930
43.9,1.930
43.9,1.930
43.8,1.930
43.8,1.930
43.7,1.930
43.7,1.930
43.8,1.930
43.8,1.930
43.8,1.930
43.8,1.930
43.8,1.935
43.7,1.935
43.8,1.935
43.8,1.935
43.8,1.935
43.8,1.935
43.8,1.935
43.8,1.935
43.8,1.935
43.8,1.935
43.8,1.935
43.8,1.935
43.8,1.935
43.8,1.935
43.8,1.935
43.8,1.935
43.8,1.935
43.8,1.940
43.8,1.940
43.8,1.940
43.8,1.940
43.8,1.940
43.9,1.940
43.9,1.940
44.0,1.940
44.0,1.940
44.0,1.940
44.0,1.940
44.0,1.940
44.0,1.940
44.0,1.940
44.0,1.940
44.0,1.940
44.0,1.940
43.9,1.940
43.9,1.940
43.8,1.940
43.8,1.945
43.8,1.945
43.8,1.945
43.8,1.945
43.8,1.945
43.8,1.945
43.8,1.945
43.8,1.945
43.8,1.945
43.8,1.945
43.8,1.945
43.8,1.945
43.8,1.945
43.8,1.945
43.8,1.945
43.8,1.945
43.8,1.945
43.8,1.945
43.7,1.945
43.7,1.945
43.7,1.950
43.7,1.950
43.7,1.950
43.7,1.950
43.7,1.950
43.7,1.950
43.7,1.950
43.8,1.950
43.9,1.950
43.9,1.950
43.9,1.950
43.9,1.950
44.0,1.950
44.0,1.950
44.0,1.950
44.0,1.950
44.0,1.950
44.0,1.950
44.0,1.950
44.0,1.955
44.0,1.955
44.0,1.955
44.0,1.955
44.0,1.955
44.0,1.955
44.0,1.955
44.0,1.955
44.0,1.955
44.0,1.955
44.0,1.955
44.0,1.955
44.0,1.955
44.0,1.955
44.0,1.955
44.1,1.955
44.1,1.955
44.1,1.955
44.1,1.955
44.1,1.960
44.1,1.960
44.1,1.960
44.1,1.960
44.1,1.960
44.1,1.960
44.1,1.960
44.1,1.960
44.0,1.960
44.0,1.960
44.0,1.960
44.0,1.960
44.0,1.960
44.0,1.960
44.0,1.960
44.0,1.960
44.0,1.960
44.0,1.960
44.0,1.960
44.0,1.965
44.0,1.965
44.0,1.965
44.0,1.965
44.0,1.965
44.0,1.965
44.0,1.965
44.0,1.965
44.0,1.965
44.0,1.965
44.0,1.965
44.0,1.965
44.0,1.965
44.0,1.965
44.0,1.965
44.0,1.965
44.0,1.965
44.0,1.965
44.0,1.965
44.1,1.965
44.1,1.970
44.1,1.970
44.1,1.970
44.1,1.970
44.1,1.970
44.1,1.970
44.1,1.970
44.1,1.970
44.1,1.970
44.0,1.970
44.0,1.970
44.0,1.970
44.0,1.970
44.0,1.970
44.0,1.970
44.0,1.970
44.0,1.970
44.0,1.975
44.0,1.975
44.0,1.975
44.0,1.975
44.0,1.975
44.0,1.975
44.0,1.975
44.0,1.975
44.0,1.975
44.0,1.975
44.0,1.975
44.0,1.975
44.0,1.975
44.0,1.975
44.0,1.975
44.0,1.975
44.0,1.975
44.0,1.975
44.0,1.975
44.0,1.980
44.0,1.980
44.0,1.980
44.0,1.980
44.0,1.980
44.1,1.980
44.1,1.980
44.1,1.980
44.1,1.980
44.1,1.980
44.1,1.980
44.1,1.980
44.1,1.980
44.1,1.980
44.1,1.980
44.1,1.980
44.0,1.980
44.0,1.980
44.0,1.985
44.0,1.985
44.0,1.985
44.0,1.985
44.0,1.985
44.0,1.985
44.0,1.985
44.0,1.985
44.0,1.985
44.1,1.985
44.1,1.985
44.1,1.985
44.1,1.985
44.1,1.985
44.1,1.985
44.1,1.985
44.0,1.985
44.0,1.985
44.0,1.990
44.0,1.990
44.0,1.990
44.0,1.990
43.9,1.990
43.9,1.990
43.9,1.990
43.9,1.990
44.0,1.990
44.0,1.990
44.1,1.990
44.1,1.990
44.1,1.990
44.1,1.990
44.1,1.990
44.1,1.990
44.1,1.995
44.1,1.995
44.1,1.995
44.0,1.995
44.0,1.995
44.0,1.995
43.9,1.995
43.9,1.995
43.9,1.995
43.9,1.995
43.9,1.995
43.9,1.995
43.9,1.995
43.9,1.995
44.0,1.995
44.0,1.995
44.1,2.000
44.1,2.000
44.1,2.000
44.2,2.000
44.2,2.000
44.2,2.000
44.2,2.000
44.2,2.000
44.0,2.000
44.0,2.000
43.9,2.000
43.9,2.000
43.9,2.000
43.9,2.000
43.9,2.000
43.9,2.000
43.9,2.005
44.0,2.005
44.1,2.005
44.1,2.005
44.2,2.005
44.2,2.005
44.2,2.005
44.2,2.005
44.2,2.005
44.1,2.005
44.1,2.005
44.1,2.005
44.0,2.005
43.9,2.005
43.9,2.005
43.9,2.005
43.9,2.005
43.8,2.010
43.8,2.010
43.8,2.010
43.8,2.010
43.8,2.010
44.0,2.010
44.0,2.010
44.1,2.010
44.1,2.010
44.2,2.010
44.2,2.010
44.2,2.010
44.2,2.010
44.1,2.010
44.1,2.010
44.1,2.010
44.0,2.015
44.0,2.015
44.0,2.015
43.9,2.015
43.9,2.015
43.9,2.015
43.9,2.015
43.9,2.015
43.9,2.015
43.9,2.015
43.9,2.015
44.0,2.015
44.1,2.015
44.1,2.015
44.1,2.015
44.1,2.020
44.1,2.020
44.1,2.020
44.1,2.020
44.1,2.020
44.1,2.020
44.1,2.020
44.0,2.020
44.1,2.020
44.0,2.020
44.0,2.020
44.0,2.020
44.0,2.020
44.0,2.020
44.0,2.020
44.1,2.020
44.1,2.020
44.2,2.025
44.2,2.025
44.2,2.025
44.2,2.025
44.2,2.025
44.2,2.025
44.2,2.025
44.0,2.025
44.0,2.025
44.0,2.025
44.0,2.025
44.0,2.025
43.9,2.025
43.9,2.025
43.9,2.025
43.9,2.025
43.9,2.025
43.9,2.030
44.1,2.030
44.1,2.030
44.1,2.030
44.1,2.030
44.1,2.030
44.2,2.030
44.1,2.030
44.1,2.030
44.1,2.030
44.1,2.030
44.1,2.030
44.0,2.030
44.0,2.030
44.0,2.030
44.0,2.030
44.0,2.035
44.0,2.035
44.0,2.035
44.0,2.035
44.0,2.035
44.0,2.035
44.1,2.035
44.1,2.035
44.1,2.035
44.1,2.035
44.1,2.035
44.2,2.035
44.2,2.035
44.2,2.035
44.2,2.035
44.2,2.035
44.2,2.035
44.2,2.035
44.2,2.040
44.2,2.040
44.2,2.040
44.2,2.040
44.2,2.040
44.2,2.040
44.1,2.040
44.1,2.040
44.1,2.040
44.1,2.040
44.1,2.040
44.1,2.040
44.1,2.040
44.1,2.040
44.1,2.040
44.1,2.040
44.1,2.040
44.1,2.040
44.1,2.040
44.1,2.045
44.1,2.045
44.1,2.045
44.1,2.045
44.1,2.045
44.1,2.045
44.1,2.045
44.1,2.045
44.1,2.045
44.1,2.045
44.1,2.045
44.1,2.045
44.1,2.045
44.0,2.045
44.0,2.045
44.0,2.045
44.0,2.045
44.1,2.045
44.1,2.045
44.1,2.045
44.1,2.050
44.1,2.050
44.1,2.050
44.1,2.050
44.1,2.050
44.0,2.050
44.0,2.050
44.0,2.050
44.0,2.050
44.0,2.050
44.0,2.050
44.0,2.050
44.0,2.050
44.0,2.050
44.0,2.050
44.0,2.050
44.0,2.050
44.0,2.050
44.0,2.050
44.0,2.055
44.0,2.055
44.0,2.055
44.0,2.055
44.0,2.055
44.0,2.055
44.0,2.055
44.0,2.055
44.0,2.055
43.9,2.055
43.9,2.055
43.9,2.055
43.9,2.055
43.9,2.055
44.0,2.055
44.0,2.055
44.0,2.055
44.1,2.055
44.1,2.055
44.1,2.055
44.1,2.055
44.1,2.060
44.1,2.060
44.1,2.060
44.1,2.060
44.1,2.060
44.1,2.060
44.1,2.060
44.1,2.060
44.1,2.060
44.1,2.060
44.1,2.060
44.1,2.060
44.1,2.060
44.1,2.060
44.1,2.060
44.2,2.060
44.2,2.060
44.2,2.060
44.2,2.060
44.2,2.060
44.2,2.060
44.2,2.060
44.2,2.065
44.2,2.065
44.2,2.065
44.2,2.065
44.1,2.065
44.1,2.065
44.1,2.065
44.1,2.065
44.1,2.065
44.1,2.065
44.1,2.065
44.1,2.065
44.1,2.065
44.2,2.065
44.1,2.065
44.1,2.065
44.1,2.065
44.2,2.065
44.2,2.065
44.2,2.065
44.2,2.065
44.2,2.065
44.2,2.065
44.2,2.070
44.2,2.070
44.2,2.070
44.2,2.070
44.1,2.070
44.1,2.070
44.1,2.070
44.1,2.070
44.1,2.070
44.1,2.070
44.1,2.070
44.1,2.070
44.1,2.070
44.1,2.070
44.1,2.070
44.1,2.070
44.2,2.070
44.2,2.070
44.2,2.070
44.2,2.070
44.2,2.070
44.2,2.070
44.2,2.070
44.2,2.075
44.1,2.075
44.1,2.075
44.1,2.075
44.1,2.075
44.1,2.075
44.1,2.075
44.1,2.075
44.1,2.075
44.1,2.075
44.2,2.075
44.2,2.075
44.2,2.075
44.2,2.075
44.2,2.075
44.2,2.075
44.2,2.075
44.2,2.075
44.2,2.075
44.2,2.075
44.2,2.075
44.2,2.075
44.2,2.075
44.2,2.080
44.2,2.080
44.2,2.080
44.2,2.080
44.2,2.080
44.2,2.080
44.2,2.080
44.2,2.080
44.2,2.080
44.2,2.080
44.2,2.080
44.2,2.080
44.2,2.080
44.2,2.080
44.2,2.080
44.2,2.080
44.2,2.080
44.2,2.080
44.2,2.080
44.1,2.080
44.1,2.080
44.1,2.080
44.1,2.080
44.1,2.080
44.1,2.080
44.1,2.085
44.1,2.085
44.2,2.085
44.2,2.085
44.2,2.085
44.2,2.085
44.2,2.085
44.2,2.085
44.2,2.085
44.2,2.085
44.2,2.085
44.2,2.085
44.2,2.085
44.2,2.085
44.2,2.085
44.2,2.085
44.2,2.085
44.2,2.085
44.2,2.085
44.2,2.085
44.2,2.085
44.2,2.085
44.2,2.085
44.2,2.085
44.2,2.085
44.2,2.090
44.2,2.090
44.2,2.090
44.2,2.090
44.2,2.090
44.2,2.090
44.2,2.090
44.2,2.090
44.2,2.090
44.2,2.090
44.2,2.090
44.2,2.090
44.2,2.090
44.2,2.090
44.2,2.090
44.2,2.090
44.2,2.090
44.2,2.090
44.2,2.090
44.2,2.090
44.2,2.090
44.2,2.090
44.2,2.090
44.2,2.090
44.2,2.090
44.2,2.090
44.2,2.095
44.2,2.095
44.2,2.095
44.2,2.095
44.2,2.095
44.2,2.095
44.2,2.095
44.2,2.095
44.2,2.095
44.2,2.095
44.2,2.095
44.2,2.095
44.2,2.095
44.2,2.095
44.2,2.095
44.2,2.095
44.2,2.095
44.2,2.095
44.2,2.095
44.2,2.095
44.2,2.095
44.2,2.095
44.2,2.095
44.2,2.095
44.2,2.100
44.2,2.100
44.2,2.100
44.2,2.100
44.2,2.100
44.2,2.100
44.2,2.100
44.2,2.100
44.2,2.100
44.2,2.100
44.2,2.100
44.2,2.100
44.2,2.100
44.2,2.100
44.2,2.100
44.2,2.100
44.2,2.100
44.2,2.100
44.2,2.100
44.2,2.100
44.2,2.100
44.2,2.100
44.2,2.100
44.2,2.100
44.2,2.100
44.2,2.100
44.2,2.100
44.2,2.105
44.2,2.105
44.2,2.105
44.2,2.105
44.2,2.105
44.2,2.105
44.1,2.105
44.1,2.105
44.1,2.105
44.2,2.105
44.2,2.105
44.2,2.105
44.2,2.105
44.2,2.105
44.2,2.105
44.2,2.105
44.2,2.105
44.2,2.105
44.2,2.105
44.2,2.105
44.1,2.105
44.1,2.105
44.1,2.105
44.1,2.105
44.1,2.105
44.1,2.105
44.1,2.105
44.1,2.110
44.1,2.110
44.1,2.110
44.1,2.110
44.1,2.110
44.1,2.110
44.1,2.110
44.1,2.110
44.1,2.110
44.1,2.110
44.1,2.110
44.1,2.110
44.1,2.110
44.1,2.110
44.1,2.110
44.1,2.110
44.1,2.110
44.1,2.110
44.1,2.110
44.1,2.110
44.1,2.110
44.1,2.110
44.1,2.110
44.1,2.110
44.1,2.110
44.1,2.115
44.1,2.115
44.1,2.115
44.1,2.115
44.1,2.115
44.1,2.115
44.1,2.115
44.1,2.115
44.1,2.115
44.1,2.115
44.1,2.115
44.1,2.115
44.1,2.115
44.1,2.115
44.0,2.115
44.0,2.115
44.0,2.115
44.0,2.115
44.0,2.115
44.0,2.115
44.0,2.115
44.0,2.115
44.0,2.115
44.0,2.115
44.0,2.115
44.0,2.120
44.0,2.120
44.0,2.120
44.0,2.120
44.0,2.120
44.0,2.120
44.0,2.120
44.0,2.120
44.0,2.120
44.0,2.120
44.0,2.120
44.0,2.120
44.0,2.120
44.0,2.120
44.0,2.120
44.0,2.120
44.0,2.120
44.0,2.120
44.0,2.120
44.0,2.120
44.0,2.120
44.0,2.120
44.0,2.120
44.0,2.120
44.0,2.120
43.9,2.120
43.9,2.120
43.9,2.120
43.9,2.125
43.9,2.125
43.9,2.125
43.9,2.125
43.9,2.125
43.9,2.125
43.9,2.125
43.9,2.125
43.9,2.125
43.9,2.125
43.9,2.125
43.9,2.125
43.9,2.125
43.9,2.125
43.9,2.125
43.9,2.125
43.9,2.125
43.9,2.125
43.9,2.125
43.9,2.125
43.9,2.125
43.9,2.125
43.9,2.125
43.9,2.125
43.9,2.125
43.9,2.125
43.9,2.125
43.9,2.125
43.9,2.130
43.9,2.130
43.9,2.130
43.9,2.130
43.9,2.130
43.9,2.130
43.9,2.130
43.9,2.130
43.9,2.130
43.9,2.130
43.9,2.130
43.9,2.130
43.9,2.130
43.9,2.130
43.9,2.130
43.9,2.130
43.9,2.130
43.9,2.130
43.9,2.130
43.9,2.130
43.9,2.130
43.9,2.130
43.9,2.130
43.9,2.130
43.9,2.130
43.9,2.130
43.9,2.130
43.9,2.135
43.9,2.135
43.9,2.135
43.9,2.135
43.9,2.135
43.9,2.135
43.9,2.135
43.9,2.135
43.9,2.135
43.9,2.135
43.9,2.135
43.9,2.135
43.9,2.135
43.9,2.135
43.9,2.135
43.9,2.135
43.9,2.135
43.9,2.135
43.9,2.135
43.9,2.135
43.9,2.135
43.9,2.135
43.9,2.135
43.9,2.135
43.9,2.135
43.9,2.135
43.9,2.135
43.9,2.135
43.9,2.135
43.9,2.135
43.9,2.140
43.9,2.140
43.9,2.140
43.9,2.140
43.9,2.140
43.9,2.140
43.9,2.140
43.9,2.140
43.9,2.140
43.9,2.140
43.9,2.140
43.9,2.140
43.9,2.140
43.9,2.140
43.9,2.140
43.9,2.140
43.9,2.140
43.9,2.140
43.9,2.140
43.9,2.140
43.9,2.140
43.9,2.140
43.9,2.140
43.9,2.140
43.9,2.140
43.9,2.140
43.9,2.140
43.9,2.140
43.9,2.145
43.9,2.145
43.9,2.145
43.9,2.145
43.9,2.145
43.9,2.145
43.9,2.145
43.9,2.145
43.9,2.145
43.9,2.145
43.9,2.145
43.9,2.145
43.9,2.145
43.9,2.145
43.9,2.145
43.9,2.145
43.9,2.145
43.9,2.145
43.9,2.145
43.9,2.145
43.9,2.145
43.9,2.145
43.9,2.145
43.9,2.145
43.9,2.145
43.9,2.145
43.9,2.145
43.9,2.145
43.9,2.150
43.9,2.150
43.9,2.150
43.9,2.150
43.9,2.150
43.9,2.150
43.9,2.150
43.9,2.150
43.9,2.150
43.9,2.150
43.9,2.150
43.9,2.150
43.9,2.150
43.9,2.150
43.9,2.150
43.9,2.150
43.9,2.150
43.9,2.150
43.9,2.150
43.9,2.150
43.9,2.150
43.9,2.150
43.9,2.150
43.9,2.150
43.9,2.150
43.9,2.150
43.9,2.150
43.9,2.155
43.9,2.155
43.9,2.155
43.9,2.155
43.9,2.155
43.9,2.155
43.9,2.155
43.9,2.155
43.9,2.155
43.9,2.155
43.8,2.155
43.8,2.155
43.8,2.155
43.8,2.155
43.8,2.155
43.8,2.155
43.8,2.155
43.8,2.155
43.8,2.155
43.9,2.155
43.9,2.155
43.9,2.155
43.9,2.155
43.9,2.155
43.9,2.155
43.9,2.155
43.9,2.160
43.9,2.160
43.9,2.160
43.9,2.160
43.9,2.160
43.9,2.160
43.9,2.160
43.9,2.160
43.9,2.160
43.9,2.160
43.9,2.160
43.9,2.160
43.9,2.160
43.9,2.160
43.9,2.160
43.9,2.160
43.9,2.160
43.9,2.160
43.9,2.160
43.9,2.160
43.9,2.160
43.9,2.160
43.9,2.160
43.9,2.160
43.9,2.160
43.9,2.160
43.9,2.165
43.9,2.165
43.9,2.165
43.9,2.165
43.9,2.165
43.9,2.165
43.9,2.165
43.9,2.165
43.9,2.165
43.9,2.165
43.9,2.165
43.9,2.165
43.9,2.165
43.9,2.165
43.9,2.165
43.9,2.165
43.9,2.165
43.9,2.165
43.9,2.165
43.9,2.165
43.9,2.165
43.9,2.165
43.9,2.165
43.9,2.170
43.9,2.170
43.9,2.170
43.9,2.170
43.9,2.170
43.9,2.170
43.9,2.170
43.9,2.170
43.9,2.170
43.9,2.170
43.9,2.170
43.9,2.170
43.9,2.170
43.9,2.170
43.9,2.170
43.9,2.170
43.9,2.170
43.9,2.170
43.9,2.170
43.9,2.170
43.9,2.170
43.9,2.170
43.9,2.175
43.9,2.175
43.9,2.175
43.9,2.175
43.9,2.175
43.9,2.175
43.9,2.175
43.9,2.175
43.9,2.175
43.9,2.175
43.9,2.175
43.9,2.175
43.9,2.175
43.9,2.175
43.9,2.175
43.9,2.175
43.9,2.175
43.9,2.175
43.9,2.175
43.9,2.180
43.8,2.180
43.8,2.180
43.8,2.180
43.8,2.180
43.8,2.180
43.8,2.180
43.8,2.180
43.8,2.180
43.8,2.180
43.8,2.180
43.8,2.180
43.8,2.180
43.8,2.180
43.8,2.180
43.8,2.180
43.8,2.180
43.8,2.180
43.8,2.180
43.8,2.180
43.8,2.180
43.8,2.185
43.8,2.185
43.8,2.185
43.8,2.185
43.8,2.185
43.8,2.185
43.8,2.185
43.8,2.185
43.8,2.185
43.8,2.185
43.8,2.185
43.8,2.185
43.8,2.185
43.8,2.185
43.8,2.185
43.8,2.185
43.8,2.185
43.8,2.185
43.8,2.185
43.8,2.185
43.8,2.185
43.8,2.185
43.8,2.190
43.8,2.190
43.8,2.190
43.8,2.190
43.8,2.190
43.8,2.190
43.8,2.190
43.8,2.190
43.8,2.190
43.8,2.190
43.8,2.190
43.8,2.190
43.8,2.190
43.8,2.190
43.8,2.190
43.8,2.190
43.8,2.190
43.8,2.190
43.8,2.190
43.8,2.190
43.8,2.195
43.9,2.195
43.9,2.195
43.9,2.195
43.9,2.195
43.9,2.195
43.9,2.195
43.9,2.195
43.9,2.195
43.9,2.195
43.9,2.195
43.9,2.195
43.9,2.195
43.9,2.195
43.9,2.195
43.9,2.195
43.9,2.195
43.9,2.195
43.9,2.195
43.9,2.195
43.9,2.195
43.9,2.200
43.9,2.200
43.9,2.200
43.9,2.200
43.9,2.200
43.9,2.200
43.9,2.200
43.9,2.200
43.9,2.200
43.9,2.200
43.9,2.200
43.9,2.200
43.9,2.200
43.9,2.200
43.9,2.200
43.9,2.200
43.9,2.200
43.9,2.200
43.9,2.200
43.9,2.200
43.9,2.200
43.9,2.200
43.9,2.200
43.9,2.205
43.9,2.205
43.9,2.205
43.9,2.205
43.9,2.205
43.9,2.205
43.9,2.205
43.9,2.205
43.9,2.205
43.9,2.205
43.9,2.205
43.9,2.205
43.9,2.205
43.9,2.205
43.9,2.205
43.9,2.205
43.9,2.205
43.9,2.205
43.9,2.205
43.9,2.205
43.9,2.205
43.9,2.205
43.9,2.205
43.9,2.210
43.9,2.210
43.9,2.210
43.9,2.210
43.9,2.210
43.9,2.210
43.9,2.210
43.9,2.210
43.9,2.210
43.9,2.210
43.9,2.210
43.9,2.210
43.9,2.210
43.9,2.210
43.9,2.210
43.9,2.210
43.9,2.210
43.9,2.210
43.9,2.210
43.9,2.210
43.9,2.210
43.9,2.210
43.9,2.210
43.9,2.210
43.9,2.215
43.9,2.215
43.9,2.215
43.9,2.215
43.9,2.215
43.9,2.215
43.9,2.215
43.9,2.215
43.9,2.215
43.9,2.215
43.9,2.215
43.9,2.215
43.9,2.215
43.9,2.215
43.9,2.215
43.9,2.215
43.9,2.215
43.9,2.215
43.9,2.215
43.9,2.215
43.9,2.215
43.9,2.215
43.9,2.215
43.9,2.215
43.9,2.215
43.9,2.220
43.9,2.220
43.9,2.220
43.9,2.220
43.9,2.220
43.9,2.220
43.9,2.220
43.9,2.220
43.9,2.220
43.9,2.220
43.9,2.220
43.9,2.220
43.9,2.220
43.9,2.220
43.9,2.220
43.9,2.220
43.9,2.220
43.9,2.220
43.9,2.220
43.9,2.220
43.9,2.220
43.9,2.220
43.9,2.220
44.0,2.220
44.0,2.220
44.0,2.220
44.0,2.225
44.0,2.225
44.0,2.225
44.0,2.225
44.0,2.225
44.0,2.225
44.0,2.225
44.0,2.225
44.0,2.225
44.0,2.225
44.0,2.225
44.0,2.225
44.0,2.225
44.0,2.225
44.0,2.225
44.0,2.225
44.0,2.225
44.0,2.225
44.0,2.225
44.0,2.225
44.0,2.225
44.0,2.225
44.0,2.225
44.0,2.225
44.0,2.225
44.0,2.225
44.0,2.225
44.0,2.230
44.0,2.230
44.0,2.230
44.0,2.230
44.0,2.230
44.0,2.230
44.0,2.230
44.0,2.230
44.0,2.230
44.0,2.230
44.0,2.230
44.0,2.230
44.0,2.230
44.0,2.230
44.0,2.230
44.0,2.230
44.0,2.230
44.0,2.230
44.0,2.230
44.0,2.230
44.0,2.230
44.0,2.230
44.0,2.230
44.0,2.230
44.0,2.230
44.0,2.230
44.0,2.235
44.0,2.235
44.0,2.235
44.0,2.235
44.0,2.235
44.0,2.235
44.0,2.235
44.0,2.235
44.0,2.235
44.0,2.235
44.0,2.235
44.0,2.235
44.0,2.235
44.0,2.235
44.0,2.235
44.0,2.235
44.0,2.235
44.0,2.235
44.0,2.235
44.0,2.235
44.0,2.235
44.0,2.235
44.0,2.235
44.0,2.235
44.0,2.235
44.0,2.240
44.0,2.240
44.0,2.240
44.0,2.240
44.0,2.240
44.0,2.240
44.0,2.240
44.0,2.240
44.0,2.240
44.0,2.240
44.0,2.240
44.0,2.240
44.1,2.240
44.1,2.240
44.1,2.240
44.1,2.240
44.1,2.240
44.1,2.240
44.1,2.240
44.1,2.240
44.1,2.240
44.1,2.240
44.1,2.240
44.1,2.240
44.1,2.240
44.1,2.240
44.1,2.240
44.1,2.245
44.1,2.245
44.1,2.245
44.1,2.245
44.1,2.245
44.1,2.245
44.1,2.245
44.1,2.245
44.1,2.245
44.1,2.245
44.1,2.245
44.1,2.245
44.1,2.245
44.1,2.245
44.1,2.245
44.1,2.245
44.1,2.245
44.1,2.245
44.1,2.245
44.1,2.245
44.1,2.245
44.1,2.245
44.1,2.245
44.1,2.245
44.1,2.245
44.1,2.245
44.1,2.245
44.1,2.250
44.1,2.250
44.1,2.250
44.1,2.250
44.1,2.250
44.1,2.250
44.1,2.250
44.1,2.250
44.1,2.250
44.1,2.250
44.1,2.250
44.1,2.250
44.1,2.250
44.1,2.250
44.1,2.250
44.1,2.250
44.1,2.250
44.1,2.250
44.1,2.250
44.1,2.250
44.1,2.250
44.1,2.250
44.1,2.250
44.1,2.250
44.1,2.250
44.1,2.250
44.1,2.250
44.1,2.250
44.1,2.255
44.1,2.255
44.1,2.255
44.1,2.255
44.1,2.255
44.1,2.255
44.1,2.255
44.1,2.255
44.1,2.255
44.1,2.255
44.1,2.255
44.1,2.255
44.1,2.255
44.1,2.255
44.1,2.255
44.1,2.255
44.1,2.255
44.1,2.255
44.1,2.255
44.1,2.255
44.1,2.255
44.1,2.255
44.1,2.255
44.1,2.255
44.1,2.255
44.1,2.255
44.1,2.260
44.1,2.260
44.1,2.260
44.1,2.260
44.1,2.260
44.1,2.260
44.1,2.260
44.1,2.260
44.1,2.260
44.1,2.260
44.1,2.260
44.1,2.260
44.1,2.260
44.1,2.260
44.1,2.260
44.1,2.260
44.1,2.260
44.1,2.260
44.1,2.260
44.1,2.260
44.2,2.260
44.2,2.260
44.2,2.260
44.2,2.260
44.2,2.260
44.2,2.260
44.2,2.260
44.2,2.260
44.2,2.260
44.2,2.260
44.2,2.260
44.2,2.265
44.2,2.265
44.2,2.265
44.2,2.265
44.2,2.265
44.2,2.265
44.2,2.265
44.2,2.265
44.2,2.265
44.2,2.265
44.2,2.265
44.2,2.265
44.2,2.265
44.2,2.265
44.2,2.265
44.2,2.265
44.2,2.265
44.2,2.265
44.2,2.265
44.2,2.265
44.2,2.265
44.2,2.265
44.2,2.265
44.2,2.265
44.2,2.265
44.2,2.265
44.2,2.265
44.2,2.265
44.2,2.265
44.2,2.265
44.2,2.265
44.2,2.265
44.2,2.265
44.2,2.270
44.2,2.270
44.2,2.270
44.2,2.270
44.2,2.270
44.2,2.270
44.2,2.270
44.2,2.270
44.2,2.270
44.2,2.270
44.2,2.270
44.2,2.270
44.2,2.270
44.2,2.270
44.2,2.270
44.2,2.270
44.2,2.270
44.2,2.270
44.2,2.270
44.2,2.270
44.2,2.270
44.2,2.270
44.2,2.270
44.2,2.270
44.2,2.270
44.2,2.270
44.2,2.270
44.2,2.270
44.2,2.270
44.2,2.270
44.2,2.270
44.2,2.270
44.2,2.270
44.2,2.275
44.2,2.275
44.2,2.275
44.2,2.275
44.2,2.275
44.2,2.275
44.2,2.275
44.2,2.275
44.2,2.275
44.2,2.275
44.2,2.275
44.2,2.275
44.2,2.275
44.2,2.275
44.2,2.275
44.2,2.275
44.2,2.275
44.2,2.275
44.2,2.275
44.2,2.275
44.3,2.275
44.3,2.275
44.3,2.275
44.3,2.275
44.3,2.275
44.3,2.275
44.3,2.275
44.3,2.275
44.3,2.275
44.2,2.275
44.2,2.275
44.2,2.275
44.2,2.275
44.2,2.275
44.2,2.280
44.2,2.280
44.2,2.280
44.2,2.280
44.2,2.280
44.2,2.280
44.2,2.280
44.2,2.280
44.3,2.280
44.3,2.280
44.3,2.280
44.3,2.280
44.3,2.280
44.3,2.280
44.3,2.280
44.3,2.280
44.3,2.280
44.3,2.280
44.3,2.280
44.3,2.280
44.3,2.280
44.3,2.280
44.3,2.280
44.3,2.280
44.3,2.280
44.3,2.280
44.3,2.280
44.3,2.280
44.3,2.280
44.3,2.280
44.3,2.280
44.3,2.280
44.3,2.280
44.3,2.280
44.3,2.280
44.3,2.280
44.3,2.285
44.3,2.285
44.3,2.285
44.3,2.285
44.3,2.285
44.3,2.285
44.3,2.285
44.3,2.285
44.3,2.285
44.3,2.285
44.3,2.285
44.3,2.285
44.3,2.285
44.3,2.285
44.3,2.285
44.3,2.285
44.3,2.285
44.3,2.285
44.3,2.285
44.3,2.285
44.3,2.285
44.3,2.285
44.3,2.285
44.3,2.285
44.3,2.285
44.3,2.285
44.3,2.285
44.3,2.285
44.3,2.285
44.3,2.285
44.3,2.285
44.3,2.285
44.3,2.285
44.3,2.285
44.3,2.285
44.3,2.290
44.3,2.290
44.3,2.290
44.3,2.290
44.3,2.290
44.3,2.290
44.3,2.290
44.3,2.290
44.3,2.290
44.3,2.290
44.3,2.290
44.3,2.290
44.3,2.290
44.3,2.290
44.3,2.290
44.3,2.290
44.3,2.290
44.3,2.290
44.3,2.290
44.3,2.290
44.3,2.290
44.3,2.290
44.3,2.290
44.3,2.290
44.3,2.290
44.3,2.290
44.3,2.290
44.3,2.290
44.3,2.290
44.3,2.290
44.3,2.290
44.3,2.290
44.3,2.290
44.3,2.290
44.3,2.295
44.3,2.295
44.3,2.295
44.3,2.295
44.3,2.295
44.3,2.295
44.3,2.295
44.3,2.295
44.3,2.295
44.3,2.295
44.3,2.295
44.3,2.295
44.3,2.295
44.3,2.295
44.3,2.295
44.3,2.295
44.3,2.295
44.3,2.295
44.3,2.295
44.3,2.295
44.3,2.295
44.3,2.295
44.3,2.295
44.3,2.295
44.3,2.295
44.3,2.295
44.3,2.295
44.3,2.295
44.3,2.295
44.3,2.295
44.3,2.295
44.3,2.295
44.3,2.295
44.3,2.295
44.3,2.295
44.3,2.295
44.3,2.295
44.3,2.295
44.3,2.300
44.3,2.300
44.3,2.300
44.3,2.300
44.3,2.300
44.3,2.300
44.3,2.300
44.3,2.300
44.3,2.300
44.3,2.300
44.3,2.300
44.4,2.300
44.4,2.300
44.4,2.300
44.4,2.300
44.4,2.300
44.4,2.300
44.4,2.300
44.4,2.300
44.4,2.300
44.4,2.300
44.4,2.300
44.4,2.300
44.4,2.300
44.4,2.300
44.4,2.300
44.4,2.300
44.4,2.300
44.4,2.300
44.4,2.300
44.4,2.300
44.4,2.300
44.4,2.300
44.4,2.300
44.4,2.300
44.4,2.300
44.4,2.300
44.4,2.300
44.4,2.300
44.4,2.305
44.4,2.305
44.4,2.305
44.4,2.305
44.4,2.305
44.4,2.305
44.4,2.305
44.4,2.305
44.4,2.305
44.4,2.305
44.4,2.305
44.4,2.305
44.4,2.305
44.4,2.305
44.4,2.305
44.4,2.305
44.4,2.305
44.4,2.305
44.4,2.305
44.4,2.305
44.4,2.305
44.4,2.305
44.4,2.305
44.4,2.305
44.4,2.305
44.4,2.305
44.4,2.305
44.4,2.305
44.4,2.305
44.4,2.305
44.4,2.305
44.4,2.305
44.4,2.305
44.4,2.305
44.4,2.305
44.4,2.305
44.4,2.305
44.4,2.305
44.4,2.305
44.4,2.305
44.4,2.305
44.4,2.305
44.4,2.310
44.4,2.310
44.4,2.310
44.4,2.310
44.4,2.310
44.4,2.310
44.4,2.310
44.4,2.310
44.4,2.310
44.4,2.310
44.4,2.310
44.4,2.310
44.4,2.310
44.4,2.310
44.4,2.310
44.4,2.310
44.4,2.310
44.4,2.310
44.4,2.310
44.4,2.310
44.4,2.310
44.4,2.310
44.4,2.310
44.4,2.310
44.4,2.310
44.4,2.310
44.4,2.310
44.4,2.310
44.4,2.310
44.4,2.310
44.4,2.310
44.4,2.310
44.4,2.310
44.4,2.310
44.4,2.310
44.4,2.310
44.4,2.310
44.4,2.310
44.4,2.310
44.4,2.310
44.4,2.310
44.4,2.310
44.4,2.315
44.4,2.315
44.4,2.315
44.4,2.315
44.4,2.315
44.4,2.315
44.4,2.315
44.4,2.315
44.4,2.315
44.4,2.315
44.4,2.315
44.4,2.315
44.4,2.315
44.4,2.315
44.4,2.315
44.4,2.315
44.4,2.315
44.4,2.315
44.4,2.315
44.4,2.315
44.4,2.315
44.4,2.315
44.4,2.315
44.4,2.315
44.4,2.315
44.4,2.315
44.4,2.315
44.4,2.315
44.4,2.315
44.4,2.315
44.4,2.315
44.4,2.315
44.4,2.315
44.4,2.315
44.4,2.315
44.4,2.315
44.4,2.315
44.4,2.315
44.4,2.315
44.4,2.315
44.4,2.315
44.4,2.320
44.4,2.320
44.4,2.320
44.4,2.320
44.4,2.320
44.4,2.320
44.4,2.320
44.4,2.320
44.4,2.320
44.4,2.320
44.4,2.320
44.4,2.320
44.4,2.320
44.4,2.320
44.4,2.320
44.4,2.320
44.4,2.320
44.4,2.320
44.4,2.320
44.4,2.320
44.4,2.320
44.4,2.320
44.4,2.320
44.4,2.320
44.4,2.320
44.4,2.320
44.4,2.320
44.4,2.320
44.4,2.320
44.4,2.320
44.4,2.320
44.4,2.320
44.4,2.320
44.4,2.320
44.4,2.320
44.4,2.320
44.4,2.320
44.4,2.320
44.4,2.320
44.4,2.320
44.4,2.320
44.4,2.320
44.4,2.320
44.4,2.325
44.4,2.325
44.4,2.325
44.4,2.325
44.4,2.325
44.4,2.325
44.4,2.325
44.4,2.325
44.4,2.325
44.4,2.325
44.4,2.325
44.4,2.325
44.4,2.325
44.4,2.325
44.4,2.325
44.4,2.325
44.4,2.325
44.4,2.325
44.4,2.325
44.4,2.325
44.4,2.325
44.4,2.325
44.4,2.325
44.4,2.325
44.4,2.325
44.4,2.325
44.4,2.325
44.4,2.325
44.4,2.325
44.4,2.325
44.4,2.325
44.4,2.325
44.4,2.325
44.4,2.325
44.4,2.325
44.4,2.325
44.4,2.325
44.4,2.325
44.4,2.325
44.5,2.330
44.5,2.330
44.5,2.330
44.5,2.330
44.5,2.330
44.5,2.330
44.5,2.330
44.5,2.330
44.5,2.330
44.5,2.330
44.5,2.330
44.5,2.330
44.5,2.330
44.5,2.330
44.5,2.330
44.5,2.330
44.5,2.330
44.5,2.330
44.5,2.330
44.5,2.330
44.5,2.330
44.5,2.330
44.5,2.330
44.5,2.330
44.5,2.330
44.5,2.330
44.5,2.330
44.5,2.330
44.5,2.330
44.5,2.330
44.5,2.330
44.5,2.330
44.5,2.330
44.5,2.330
44.5,2.335
44.5,2.335
44.5,2.335
44.5,2.335
44.5,2.335
44.5,2.335
44.5,2.335
44.6,2.335
44.6,2.335
44.6,2.335
44.6,2.335
44.6,2.335
44.6,2.335
44.6,2.335
44.6,2.335
44.6,2.335
44.5,2.335
44.5,2.335
44.5,2.335
44.5,2.335
44.5,2.335
44.5,2.335
44.5,2.335
44.5,2.335
44.5,2.335
44.5,2.335
44.5,2.335
44.5,2.335
44.5,2.335
44.5,2.335
44.5,2.335
44.5,2.335
44.5,2.340
44.5,2.340
44.5,2.340
44.5,2.340
44.5,2.340
44.5,2.340
44.5,2.340
44.5,2.340
44.5,2.340
44.5,2.340
44.5,2.340
44.5,2.340
44.5,2.340
44.5,2.340
44.5,2.340
44.5,2.340
44.5,2.340
44.5,2.340
44.5,2.340
44.5,2.340
44.5,2.340
44.5,2.340
44.5,2.340
44.5,2.340
44.5,2.340
44.5,2.340
44.5,2.340
44.5,2.340
44.5,2.340
44.5,2.340
44.5,2.340
44.5,2.340
44.5,2.340
44.5,2.340
44.5,2.340
44.6,2.345
44.6,2.345
44.6,2.345
44.6,2.345
44.6,2.345
44.6,2.345
44.6,2.345
44.6,2.345
44.6,2.345
44.6,2.345
44.6,2.345
44.6,2.345
44.6,2.345
44.6,2.345
44.6,2.345
44.6,2.345
44.6,2.345
44.6,2.345
44.6,2.345
44.6,2.345
44.6,2.345
44.6,2.345
44.6,2.345
44.6,2.345
44.6,2.345
44.6,2.345
44.6,2.345
44.6,2.345
44.6,2.345
44.6,2.345
44.6,2.345
44.6,2.345
44.6,2.345
44.6,2.345
44.6,2.345
44.6,2.350
44.6,2.350
44.6,2.350
44.6,2.350
44.6,2.350
44.6,2.350
44.6,2.350
44.6,2.350
44.6,2.350
44.6,2.350
44.6,2.350
44.6,2.350
44.6,2.350
44.6,2.350
44.6,2.350
44.6,2.350
44.6,2.350
44.6,2.350
44.6,2.350
44.6,2.350
44.6,2.350
44.6,2.350
44.6,2.350
44.6,2.350
44.6,2.350
44.6,2.350
44.6,2.350
44.6,2.350
44.6,2.350
44.6,2.350
44.6,2.350
44.6,2.350
44.6,2.350
44.6,2.355
44.6,2.355
44.6,2.355
44.6,2.355
44.6,2.355
44.6,2.355
44.6,2.355
44.6,2.355
44.6,2.355
44.6,2.355
44.6,2.355
44.6,2.355
44.6,2.355
44.6,2.355
44.6,2.355
44.6,2.355
44.6,2.355
44.6,2.355
44.6,2.355
44.6,2.355
44.6,2.355
44.6,2.355
44.6,2.355
44.6,2.355
44.6,2.355
44.6,2.355
44.6,2.355
44.6,2.355
44.6,2.355
44.6,2.355
44.6,2.355
44.6,2.355
44.6,2.355
44.6,2.360
44.6,2.360
44.6,2.360
44.6,2.360
44.6,2.360
44.6,2.360
44.6,2.360
44.6,2.360
44.6,2.360
44.6,2.360
44.6,2.360
44.6,2.360
44.6,2.360
44.6,2.360
44.6,2.360
44.6,2.360
44.6,2.360
44.6,2.360
44.6,2.360
44.6,2.360
44.6,2.360
44.7,2.360
44.7,2.360
44.7,2.360
44.7,2.360
44.7,2.360
44.7,2.360
44.7,2.360
44.7,2.360
44.6,2.360
44.6,2.360
44.6,2.360
44.6,2.360
44.6,2.360
44.6,2.360
44.6,2.365
44.6,2.365
44.6,2.365
44.6,2.365
44.6,2.365
44.6,2.365
44.6,2.365
44.6,2.365
44.6,2.365
44.6,2.365
44.6,2.365
44.6,2.365
44.6,2.365
44.6,2.365
44.6,2.365
44.6,2.365
44.6,2.365
44.6,2.365
44.6,2.365
44.6,2.365
44.6,2.365
44.6,2.365
44.6,2.365
44.6,2.365
44.6,2.365
44.6,2.365
44.6,2.365
44.6,2.365
44.6,2.365
44.6,2.365
44.6,2.365
44.6,2.365
44.6,2.365
44.7,2.370
44.7,2.370
44.7,2.370
44.7,2.370
44.7,2.370
44.7,2.370
44.7,2.370
44.7,2.370
44.7,2.370
44.7,2.370
44.7,2.370
44.7,2.370
44.7,2.370
44.7,2.370
44.7,2.370
44.7,2.370
44.7,2.370
44.7,2.370
44.7,2.370
44.7,2.370
44.7,2.370
44.7,2.370
44.7,2.370
44.7,2.370
44.7,2.370
44.7,2.370
44.7,2.370
44.7,2.370
44.7,2.370
44.7,2.370
44.7,2.370
44.7,2.370
44.7,2.375
44.7,2.375
44.7,2.375
44.6,2.375
44.6,2.375
44.6,2.375
44.6,2.375
44.6,2.375
44.6,2.375
44.6,2.375
44.6,2.375
44.6,2.375
44.6,2.375
44.6,2.375
44.6,2.375
44.6,2.375
44.6,2.375
44.6,2.375
44.6,2.375
44.6,2.375
44.6,2.375
44.6,2.375
44.6,2.375
44.6,2.375
44.6,2.375
44.6,2.375
44.6,2.375
44.6,2.375
44.6,2.375
44.6,2.375
44.6,2.375
44.6,2.375
44.6,2.375
44.6,2.375
44.6,2.380
44.6,2.380
44.6,2.380
44.6,2.380
44.6,2.380
44.6,2.380
44.6,2.380
44.6,2.380
44.7,2.380
44.7,2.380
44.7,2.380
44.7,2.380
44.7,2.380
44.7,2.380
44.7,2.380
44.7,2.380
44.7,2.380
44.7,2.380
44.7,2.380
44.7,2.380
44.7,2.380
44.7,2.380
44.7,2.380
44.7,2.380
44.7,2.380
44.7,2.380
44.7,2.380
44.7,2.380
44.7,2.380
44.7,2.380
44.7,2.380
44.7,2.380
44.7,2.380
44.7,2.380
44.7,2.385
44.7,2.385
44.7,2.385
44.7,2.385
44.7,2.385
44.7,2.385
44.7,2.385
44.7,2.385
44.7,2.385
44.7,2.385
44.7,2.385
44.7,2.385
44.7,2.385
44.7,2.385
44.7,2.385
44.7,2.385
44.7,2.385
44.7,2.385
44.7,2.385
44.7,2.385
44.7,2.385
44.7,2.385
44.7,2.385
44.7,2.385
44.7,2.385
44.7,2.385
44.7,2.385
44.6,2.385
44.6,2.385
44.6,2.385
44.7,2.385
44.7,2.385
44.7,2.385
44.7,2.385
44.7,2.385
44.7,2.385
44.7,2.390
44.7,2.390
44.7,2.390
44.7,2.390
44.7,2.390
44.7,2.390
44.7,2.390
44.7,2.390
44.7,2.390
44.7,2.390
44.7,2.390
44.7,2.390
44.7,2.390
44.7,2.390
44.7,2.390
44.7,2.390
44.8,2.390
44.8,2.390
44.8,2.390
44.8,2.390
44.8,2.390
44.8,2.390
44.8,2.390
44.8,2.390
44.8,2.390
44.7,2.390
44.7,2.390
44.7,2.390
44.7,2.390
44.7,2.390
44.7,2.390
44.7,2.390
44.7,2.390
44.7,2.395
44.7,2.395
44.7,2.395
44.7,2.395
44.7,2.395
44.7,2.395
44.8,2.395
44.8,2.395
44.8,2.395
44.8,2.395
44.8,2.395
44.8,2.395
44.8,2.395
44.8,2.395
44.8,2.395
44.8,2.395
44.8,2.395
44.8,2.395
44.8,2.395
44.8,2.395
44.8,2.395
44.8,2.395
44.8,2.395
44.8,2.395
44.8,2.395
44.8,2.395
44.8,2.395
44.8,2.395
44.8,2.395
44.8,2.395
44.8,2.395
44.8,2.395
44.8,2.395
44.8,2.400
44.8,2.400
44.8,2.400
44.8,2.400
44.8,2.400
44.8,2.400
44.8,2.400
44.8,2.400
44.8,2.400
44.8,2.400
44.8,2.400
44.8,2.400
44.8,2.400
44.8,2.400
44.8,2.400
44.8,2.400
44.8,2.400
44.8,2.400
44.8,2.400
44.8,2.400
44.8,2.400
44.8,2.400
44.8,2.400
44.8,2.400
44.8,2.400
44.8,2.400
44.8,2.400
44.8,2.400
44.8,2.400
44.8,2.400
44.8,2.400
44.8,2.400
44.8,2.400
44.8,2.400
44.8,2.400
44.8,2.405
44.8,2.405
44.8,2.405
44.8,2.405
44.8,2.405
44.8,2.405
44.8,2.405
44.8,2.405
44.8,2.405
44.8,2.405
44.8,2.405
44.8,2.405
44.8,2.405
44.8,2.405
44.8,2.405
44.8,2.405
44.8,2.405
44.8,2.405
44.8,2.405
44.8,2.405
44.8,2.405
44.8,2.405
44.8,2.405
44.8,2.405
44.8,2.405
44.8,2.405
44.8,2.405
44.8,2.405
44.8,2.405
44.8,2.405
44.8,2.405
44.8,2.405
44.8,2.405
44.8,2.405
44.8,2.405
44.8,2.410
44.9,2.410
44.9,2.410
44.9,2.410
44.9,2.410
44.9,2.410
44.9,2.410
44.9,2.410
44.9,2.410
44.9,2.410
44.9,2.410
44.9,2.410
44.9,2.410
44.9,2.410
44.9,2.410
44.9,2.410
44.9,2.410
44.9,2.410
44.9,2.410
44.9,2.410
44.9,2.410
44.9,2.410
44.9,2.410
44.9,2.410
44.9,2.410
44.9,2.410
44.9,2.410
44.9,2.410
44.9,2.410
44.9,2.410
44.9,2.410
44.9,2.410
44.9,2.410
44.9,2.410
44.9,2.415
44.9,2.415
44.9,2.415
44.9,2.415
44.9,2.415
44.9,2.415
44.9,2.415
44.9,2.415
44.9,2.415
44.9,2.415
44.9,2.415
44.9,2.415
44.9,2.415
44.9,2.415
44.9,2.415
44.9,2.415
44.9,2.415
44.9,2.415
44.9,2.415
44.9,2.415
44.9,2.415
44.9,2.415
44.9,2.415
44.9,2.415
44.9,2.415
44.9,2.415
44.9,2.415
44.9,2.415
44.9,2.415
44.9,2.420
44.9,2.420
44.9,2.420
44.9,2.420
44.9,2.420
44.9,2.420
44.9,2.420
44.9,2.420
44.9,2.420
45.0,2.420
45.0,2.420
45.0,2.420
45.0,2.420
45.0,2.420
45.0,2.420
45.0,2.420
45.0,2.420
45.0,2.420
45.0,2.420
45.0,2.420
45.0,2.420
45.0,2.420
45.0,2.420
45.0,2.420
45.0,2.420
45.0,2.420
45.0,2.420
45.0,2.420
45.0,2.420
45.0,2.420
45.0,2.420
45.0,2.425
45.0,2.425
45.0,2.425
45.0,2.425
45.0,2.425
45.0,2.425
45.0,2.425
45.0,2.425
45.0,2.425
45.0,2.425
45.0,2.425
45.0,2.425
45.0,2.425
45.0,2.425
45.0,2.425
45.0,2.425
45.0,2.425
45.0,2.425
45.0,2.425
45.0,2.425
45.0,2.425
45.0,2.425
45.0,2.425
45.0,2.425
45.0,2.425
45.0,2.425
45.0,2.425
45.1,2.425
45.1,2.425
45.1,2.430
45.1,2.430
45.1,2.430
45.1,2.430
45.1,2.430
45.1,2.430
45.1,2.430
45.1,2.430
45.1,2.430
45.1,2.430
45.1,2.430
45.1,2.430
45.1,2.430
45.1,2.430
45.1,2.430
45.1,2.430
45.1,2.430
45.1,2.430
45.1,2.430
45.1,2.430
45.1,2.430
45.1,2.430
45.1,2.430
45.1,2.430
45.1,2.430
45.1,2.430
45.1,2.435
45.1,2.435
45.1,2.435
45.1,2.435
45.1,2.435
45.1,2.435
45.1,2.435
45.1,2.435
45.1,2.435
45.1,2.435
45.1,2.435
45.1,2.435
45.1,2.435
45.1,2.435
45.1,2.435
45.1,2.435
45.1,2.435
45.1,2.435
45.1,2.435
45.1,2.435
45.1,2.435
45.1,2.435
45.1,2.435
45.1,2.435
45.1,2.435
45.1,2.435
45.1,2.435
45.1,2.440
45.1,2.440
45.1,2.440
45.1,2.440
45.1,2.440
45.1,2.440
45.1,2.440
45.1,2.440
45.1,2.440
45.1,2.440
45.1,2.440
45.1,2.440
45.1,2.440
45.1,2.440
45.1,2.440
45.1,2.440
45.1,2.440
45.1,2.440
45.1,2.440
45.1,2.440
45.1,2.440
45.1,2.440
45.1,2.440
45.1,2.440
45.1,2.440
45.1,2.440
45.1,2.440
45.1,2.440
45.1,2.440
45.1,2.445
45.1,2.445
45.1,2.445
45.1,2.445
45.1,2.445
45.1,2.445
45.1,2.445
45.1,2.445
45.1,2.445
45.1,2.445
45.1,2.445
45.1,2.445
45.1,2.445
45.1,2.445
45.1,2.445
45.1,2.445
45.1,2.445
45.1,2.445
45.1,2.445
45.1,2.445
45.1,2.445
45.1,2.445
45.1,2.445
45.1,2.445
45.1,2.445
45.1,2.445
45.1,2.445
45.1,2.445
45.1,2.450
45.1,2.450
45.1,2.450
45.2,2.450
45.2,2.450
45.2,2.450
45.2,2.450
45.2,2.450
45.2,2.450
45.2,2.450
45.2,2.450
45.2,2.450
45.2,2.450
45.2,2.450
45.2,2.450
45.2,2.450
45.2,2.450
45.2,2.450
45.2,2.450
45.2,2.450
45.2,2.450
45.2,2.450
45.2,2.450
45.2,2.450
45.2,2.450
45.2,2.450
45.2,2.450
45.2,2.455
45.2,2.455
45.2,2.455
45.1,2.455
45.1,2.455
45.1,2.455
45.1,2.455
45.1,2.455
45.1,2.455
45.1,2.455
45.1,2.455
45.1,2.455
45.1,2.455
45.1,2.455
45.1,2.455
45.1,2.455
45.1,2.455
45.1,2.455
45.1,2.455
45.2,2.455
45.2,2.455
45.2,2.455
45.2,2.455
45.2,2.455
45.2,2.455
45.2,2.455
45.2,2.455
45.1,2.455
45.1,2.460
45.1,2.460
45.1,2.460
45.1,2.460
45.1,2.460
45.1,2.460
45.2,2.460
45.2,2.460
45.2,2.460
45.2,2.460
45.2,2.460
45.2,2.460
45.2,2.460
45.2,2.460
45.2,2.460
45.2,2.460
45.2,2.460
45.2,2.460
45.2,2.460
45.2,2.460
45.2,2.460
45.2,2.460
45.2,2.460
45.2,2.460
45.2,2.460
45.2,2.460
45.2,2.460
45.2,2.465
45.2,2.465
45.2,2.465
45.2,2.465
45.2,2.465
45.2,2.465
45.2,2.465
45.2,2.465
45.2,2.465
45.2,2.465
45.2,2.465
45.2,2.465
45.2,2.465
45.2,2.465
45.3,2.465
45.3,2.465
45.3,2.465
45.3,2.465
45.3,2.465
45.3,2.465
45.3,2.465
45.3,2.465
45.3,2.465
45.3,2.465
45.3,2.465
45.3,2.465
45.3,2.465
45.3,2.470
45.3,2.470
45.3,2.470
45.3,2.470
45.3,2.470
45.3,2.470
45.3,2.470
45.3,2.470
45.3,2.470
45.3,2.470
45.3,2.470
45.3,2.470
45.3,2.470
45.3,2.470
45.3,2.470
45.3,2.470
45.3,2.470
45.3,2.470
45.3,2.470
45.3,2.470
45.3,2.470
45.3,2.470
45.3,2.470
45.3,2.470
45.3,2.470
45.3,2.475
45.3,2.475
45.3,2.475
45.3,2.475
45.3,2.475
45.3,2.475
45.3,2.475
45.3,2.475
45.3,2.475
45.3,2.475
45.3,2.475
45.3,2.475
45.3,2.475
45.3,2.475
45.3,2.475
45.3,2.475
45.3,2.475
45.3,2.475
45.3,2.475
45.3,2.475
45.3,2.475
45.3,2.475
45.3,2.475
45.3,2.475
45.3,2.480
45.3,2.480
45.3,2.480
45.3,2.480
45.3,2.480
45.3,2.480
45.3,2.480
45.3,2.480
45.3,2.480
45.3,2.480
45.3,2.480
45.3,2.480
45.3,2.480
45.3,2.480
45.3,2.480
45.3,2.480
45.3,2.480
45.3,2.480
45.3,2.480
45.3,2.480
45.3,2.480
45.3,2.480
45.3,2.480
45.3,2.480
45.3,2.485
45.3,2.485
45.4,2.485
45.4,2.485
45.4,2.485
45.4,2.485
45.4,2.485
45.4,2.485
45.5,2.485
45.5,2.485
45.4,2.485
45.4,2.485
45.4,2.485
45.4,2.485
45.4,2.485
45.4,2.485
45.4,2.485
45.4,2.485
45.4,2.485
45.4,2.485
45.4,2.485
45.4,2.485
45.4,2.485
45.4,2.485
45.4,2.490
45.4,2.490
45.4,2.490
45.4,2.490
45.4,2.490
45.4,2.490
45.4,2.490
45.4,2.490
45.4,2.490
45.4,2.490
45.4,2.490
45.4,2.490
45.4,2.490
45.4,2.490
45.4,2.490
45.4,2.490
45.4,2.490
45.4,2.490
45.4,2.490
45.4,2.490
45.4,2.490
45.4,2.490
45.4,2.490
45.4,2.490
45.4,2.490
45.4,2.495
45.4,2.495
45.4,2.495
45.4,2.495
45.4,2.495
45.4,2.495
45.5,2.495
45.5,2.495
45.5,2.495
45.5,2.495
45.5,2.495
45.5,2.495
45.5,2.495
45.5,2.495
45.5,2.495
45.5,2.495
45.5,2.495
45.5,2.495
45.5,2.495
45.5,2.495
45.5,2.495
45.5,2.495
45.5,2.495
45.5,2.495
45.5,2.500
45.5,2.500
45.5,2.500
45.5,2.500
45.5,2.500
45.5,2.500
45.5,2.500
45.5,2.500
45.5,2.500
45.5,2.500
45.5,2.500
45.5,2.500
45.5,2.500
45.5,2.500
45.5,2.500
45.5,2.500
45.5,2.500
45.5,2.500
45.5,2.500
45.5,2.500
45.5,2.500
45.5,2.500
45.5,2.500
45.5,2.500
45.5,2.500
45.5,2.500
45.5,2.500
45.5,2.505
45.5,2.505
45.5,2.505
45.5,2.505
45.5,2.505
45.5,2.505
45.6,2.505
45.6,2.505
45.6,2.505
45.6,2.505
45.6,2.505
45.6,2.505
45.6,2.505
45.6,2.505
45.6,2.505
45.6,2.505
45.6,2.505
45.6,2.505
45.6,2.505
45.6,2.505
45.6,2.505
45.6,2.505
45.6,2.505
45.6,2.505
45.6,2.505
45.6,2.505
45.6,2.505
45.6,2.510
45.6,2.510
45.6,2.510
45.6,2.510
45.6,2.510
45.6,2.510
45.6,2.510
45.6,2.510
45.6,2.510
45.6,2.510
45.6,2.510
45.6,2.510
45.6,2.510
45.6,2.510
45.6,2.510
45.6,2.510
45.6,2.510
45.6,2.510
45.6,2.510
45.6,2.510
45.6,2.510
45.6,2.510
45.6,2.510
45.6,2.510
45.6,2.510
45.6,2.510
45.6,2.515
45.6,2.515
45.6,2.515
45.6,2.515
45.7,2.515
45.7,2.515
45.7,2.515
45.7,2.515
45.7,2.515
45.7,2.515
45.7,2.515
45.7,2.515
45.7,2.515
45.7,2.515
45.7,2.515
45.7,2.515
45.7,2.515
45.7,2.515
45.7,2.515
45.7,2.515
45.7,2.515
45.7,2.515
45.7,2.515
45.7,2.515
45.7,2.515
45.7,2.520
45.7,2.520
45.7,2.520
45.7,2.520
45.7,2.520
45.7,2.520
45.7,2.520
45.7,2.520
45.7,2.520
45.7,2.520
45.7,2.520
45.7,2.520
45.7,2.520
45.7,2.520
45.7,2.520
45.7,2.520
45.7,2.520
45.7,2.520
45.7,2.520
45.7,2.520
45.7,2.520
45.7,2.520
45.7,2.520
45.7,2.520
45.7,2.520
45.7,2.520
45.7,2.520
45.7,2.525
45.7,2.525
45.7,2.525
45.7,2.525
45.7,2.525
45.7,2.525
45.7,2.525
45.7,2.525
45.7,2.525
45.7,2.525
45.7,2.525
45.7,2.525
45.7,2.525
45.7,2.525
45.7,2.525
45.7,2.525
45.7,2.525
45.7,2.525
45.7,2.525
45.7,2.525
45.7,2.525
45.7,2.525
45.7,2.525
45.7,2.525
45.7,2.525
45.7,2.525
45.7,2.530
45.7,2.530
45.7,2.530
45.7,2.530
45.7,2.530
45.7,2.530
45.7,2.530
45.7,2.530
45.7,2.530
45.7,2.530
45.7,2.530
45.7,2.530
45.7,2.530
45.7,2.530
45.7,2.530
45.7,2.530
45.7,2.530
45.7,2.530
45.7,2.530
45.7,2.530
45.8,2.530
45.8,2.530
45.8,2.530
45.8,2.530
45.8,2.530
45.8,2.535
45.8,2.535
45.8,2.535
45.8,2.535
45.8,2.535
45.8,2.535
45.8,2.535
45.8,2.535
45.8,2.535
45.8,2.535
45.8,2.535
45.8,2.535
45.8,2.535
45.8,2.535
45.8,2.535
45.8,2.535
45.8,2.535
45.8,2.535
45.8,2.535
45.8,2.535
45.8,2.535
45.8,2.535
45.8,2.535
45.8,2.535
45.8,2.535
45.8,2.535
45.8,2.535
45.8,2.540
45.8,2.540
45.8,2.540
45.8,2.540
45.8,2.540
45.8,2.540
45.8,2.540
45.8,2.540
45.8,2.540
45.8,2.540
45.8,2.540
45.8,2.540
45.8,2.540
45.8,2.540
45.8,2.540
45.8,2.540
45.8,2.540
45.8,2.540
45.8,2.540
45.8,2.540
45.8,2.540
45.8,2.540
45.8,2.540
45.8,2.540
45.8,2.540
45.8,2.540
45.8,2.540
45.8,2.545
45.8,2.545
45.8,2.545
45.8,2.545
45.8,2.545
45.8,2.545
45.8,2.545
45.8,2.545
45.8,2.545
45.8,2.545
45.8,2.545
45.8,2.545
45.8,2.545
45.8,2.545
45.8,2.545
45.8,2.545
45.8,2.545
45.8,2.545
45.8,2.545
45.8,2.545
45.8,2.545
45.8,2.545
45.8,2.545
45.8,2.545
45.8,2.545
45.8,2.545
45.8,2.545
45.8,2.545
45.8,2.545
45.8,2.550
45.8,2.550
45.8,2.550
45.8,2.550
45.8,2.550
45.8,2.550
45.8,2.550
45.8,2.550
45.8,2.550
45.8,2.550
45.8,2.550
45.8,2.550
45.8,2.550
45.8,2.550
45.8,2.550
45.8,2.550
45.8,2.550
45.8,2.550
45.8,2.550
45.8,2.550
45.8,2.550
45.8,2.550
45.8,2.550
45.8,2.550
45.8,2.550
45.8,2.550
45.8,2.550
45.8,2.550
45.8,2.550
45.8,2.555
45.8,2.555
45.8,2.555
45.8,2.555
45.8,2.555
45.8,2.555
45.8,2.555
45.8,2.555
45.8,2.555
45.8,2.555
45.8,2.555
45.9,2.555
45.9,2.555
45.9,2.555
45.9,2.555
45.9,2.555
45.9,2.555
45.9,2.555
45.9,2.555
45.9,2.555
45.8,2.555
45.8,2.555
45.8,2.555
45.8,2.555
45.8,2.555
45.8,2.555
45.8,2.555
45.8,2.555
45.8,2.560
45.8,2.560
45.9,2.560
45.9,2.560
45.9,2.560
45.9,2.560
45.9,2.560
45.9,2.560
45.9,2.560
45.9,2.560
45.9,2.560
45.9,2.560
45.9,2.560
45.9,2.560
45.9,2.560
45.9,2.560
45.9,2.560
45.9,2.560
45.9,2.560
45.9,2.560
45.9,2.560
45.9,2.560
45.9,2.560
45.9,2.560
45.9,2.560
45.9,2.560
45.9,2.560
45.9,2.560
45.9,2.560
45.9,2.560
45.9,2.565
45.9,2.565
45.9,2.565
45.9,2.565
45.9,2.565
45.9,2.565
45.9,2.565
45.9,2.565
45.9,2.565
45.9,2.565
45.9,2.565
45.9,2.565
45.9,2.565
45.9,2.565
45.9,2.565
45.9,2.565
45.9,2.565
45.9,2.565
45.9,2.565
45.9,2.565
45.9,2.565
45.9,2.565
45.9,2.565
45.9,2.565
45.9,2.565
45.9,2.565
45.9,2.565
45.9,2.565
45.9,2.565
45.9,2.570
45.9,2.570
45.9,2.570
45.9,2.570
45.9,2.570
45.9,2.570
45.9,2.570
45.9,2.570
45.9,2.570
45.9,2.570
45.9,2.570
45.9,2.570
45.9,2.570
45.9,2.570
45.9,2.570
45.9,2.570
45.9,2.570
45.9,2.570
45.9,2.570
45.9,2.570
45.9,2.570
45.9,2.570
45.9,2.570
45.9,2.570
45.9,2.570
45.9,2.570
45.9,2.570
45.9,2.575
45.9,2.575
45.9,2.575
45.9,2.575
45.9,2.575
45.9,2.575
45.9,2.575
45.9,2.575
45.9,2.575
45.9,2.575
45.9,2.575
45.9,2.575
45.9,2.575
45.9,2.575
45.9,2.575
45.9,2.575
46.0,2.575
46.0,2.575
46.0,2.575
46.0,2.575
46.0,2.575
46.0,2.575
46.0,2.575
46.0,2.575
46.0,2.575
46.0,2.580
46.0,2.580
46.0,2.580
46.0,2.580
46.0,2.580
46.0,2.580
46.0,2.580
46.0,2.580
46.0,2.580
46.0,2.580
46.0,2.580
46.0,2.580
46.0,2.580
46.0,2.580
46.0,2.580
46.0,2.580
46.0,2.580
46.0,2.580
46.0,2.580
46.0,2.580
46.0,2.580
46.0,2.580
46.0,2.580
46.0,2.580
46.0,2.580
46.0,2.580
46.0,2.580
46.0,2.585
46.0,2.585
46.0,2.585
46.0,2.585
46.0,2.585
46.0,2.585
46.1,2.585
46.1,2.585
46.1,2.585
46.1,2.585
46.1,2.585
46.1,2.585
46.1,2.585
46.1,2.585
46.1,2.585
46.1,2.585
46.1,2.585
46.1,2.585
46.1,2.585
46.0,2.585
46.0,2.585
46.0,2.585
46.0,2.585
46.0,2.585
46.0,2.585
46.0,2.585
46.0,2.585
46.0,2.585
46.0,2.590
46.0,2.590
46.0,2.590
46.0,2.590
46.0,2.590
46.0,2.590
46.0,2.590
46.0,2.590
46.0,2.590
46.0,2.590
46.0,2.590
46.0,2.590
46.1,2.590
46.1,2.590
46.1,2.590
46.1,2.590
46.1,2.590
46.1,2.590
46.1,2.590
46.1,2.590
46.1,2.590
46.1,2.590
46.1,2.590
46.1,2.590
46.1,2.590
46.1,2.590
46.1,2.595
46.1,2.595
46.1,2.595
46.1,2.595
46.1,2.595
46.1,2.595
46.1,2.595
46.1,2.595
46.1,2.595
46.1,2.595
46.1,2.595
46.1,2.595
46.1,2.595
46.1,2.595
46.1,2.595
46.1,2.595
46.1,2.595
46.1,2.595
46.1,2.595
46.1,2.595
46.1,2.595
46.1,2.595
46.1,2.595
46.1,2.595
46.1,2.595
46.1,2.595
46.1,2.595
46.1,2.600
46.1,2.600
46.1,2.600
46.1,2.600
46.1,2.600
46.1,2.600
46.1,2.600
46.1,2.600
46.1,2.600
46.1,2.600
46.1,2.600
46.1,2.600
46.1,2.600
46.1,2.600
46.1,2.600
46.1,2.600
46.1,2.600
46.1,2.600
46.1,2.600
46.1,2.600
46.1,2.600
46.1,2.600
46.1,2.600
46.1,2.600
46.1,2.600
46.1,2.600
46.1,2.600
46.1,2.600
46.1,2.605
46.1,2.605
46.1,2.605
46.1,2.605
46.1,2.605
46.1,2.605
46.1,2.605
46.1,2.605
46.1,2.605
46.1,2.605
46.1,2.605
46.1,2.605
46.1,2.605
46.1,2.605
46.1,2.605
46.1,2.605
46.1,2.605
46.1,2.605
46.1,2.605
46.1,2.605
46.1,2.605
46.1,2.605
46.1,2.605
46.1,2.605
46.1,2.605
46.1,2.605
46.1,2.610
46.1,2.610
46.1,2.610
46.1,2.610
46.1,2.610
46.1,2.610
46.1,2.610
46.1,2.610
46.1,2.610
46.1,2.610
46.1,2.610
46.1,2.610
46.1,2.610
46.1,2.610
46.1,2.610
46.1,2.610
46.1,2.610
46.1,2.610
46.1,2.610
46.1,2.610
46.1,2.610
46.1,2.610
46.1,2.610
46.1,2.610
46.1,2.615
46.1,2.615
46.1,2.615
46.1,2.615
46.1,2.615
46.1,2.615
46.1,2.615
46.1,2.615
46.1,2.615
46.1,2.615
46.1,2.615
46.1,2.615
46.1,2.615
46.1,2.615
46.1,2.615
46.1,2.615
46.1,2.615
46.1,2.615
46.1,2.615
46.1,2.615
46.1,2.615
46.1,2.615
46.1,2.615
46.1,2.615
46.1,2.615
46.1,2.620
46.1,2.620
46.1,2.620
46.1,2.620
46.1,2.620
46.1,2.620
46.1,2.620
46.1,2.620
46.1,2.620
46.1,2.620
46.1,2.620
46.1,2.620
46.1,2.620
46.1,2.620
46.1,2.620
46.1,2.620
46.1,2.620
46.1,2.620
46.1,2.620
46.1,2.620
46.1,2.620
46.1,2.620
46.1,2.620
46.1,2.620
46.1,2.620
46.1,2.625
46.1,2.625
46.1,2.625
46.1,2.625
46.1,2.625
46.1,2.625
46.1,2.625
46.0,2.625
46.0,2.625
46.0,2.625
46.0,2.625
46.0,2.625
46.0,2.625
46.0,2.625
46.0,2.625
46.0,2.625
46.0,2.625
46.0,2.625
46.0,2.625
46.0,2.625
46.0,2.625
46.0,2.625
46.0,2.625
46.0,2.625
46.0,2.625
46.0,2.630
46.0,2.630
46.0,2.630
46.0,2.630
46.0,2.630
46.0,2.630
46.0,2.630
46.0,2.630
46.0,2.630
46.0,2.630
46.0,2.630
46.0,2.630
46.0,2.630
46.0,2.630
46.0,2.630
46.0,2.630
46.0,2.630
46.0,2.630
46.0,2.630
46.0,2.630
46.0,2.630
46.0,2.630
46.0,2.630
46.0,2.630
46.0,2.635
46.0,2.635
46.0,2.635
46.0,2.635
46.0,2.635
46.0,2.635
46.0,2.635
46.0,2.635
46.0,2.635
46.0,2.635
46.0,2.635
46.0,2.635
46.0,2.635
46.0,2.635
46.0,2.635
46.0,2.635
46.0,2.635
46.0,2.635
46.0,2.635
46.0,2.635
46.0,2.635
46.0,2.635
46.0,2.640
46.0,2.640
46.0,2.640
46.0,2.640
46.0,2.640
46.0,2.640
46.0,2.640
46.0,2.640
46.0,2.640
46.1,2.640
46.1,2.640
46.1,2.640
46.1,2.640
46.1,2.640
46.1,2.640
46.1,2.640
46.1,2.640
46.1,2.640
46.1,2.640
46.1,2.640
46.1,2.640
46.1,2.640
46.1,2.640
46.1,2.645
46.1,2.645
46.1,2.645
46.1,2.645
46.1,2.645
46.1,2.645
46.1,2.645
46.1,2.645
46.1,2.645
46.1,2.645
46.1,2.645
46.1,2.645
46.1,2.645
46.1,2.645
46.1,2.645
46.1,2.645
46.1,2.645
46.1,2.645
46.1,2.645
46.1,2.645
46.1,2.645
46.1,2.645
46.1,2.650
46.1,2.650
46.1,2.650
46.1,2.650
46.1,2.650
46.1,2.650
46.1,2.650
46.1,2.650
46.1,2.650
46.1,2.650
46.1,2.650
46.1,2.650
46.1,2.650
46.1,2.650
46.1,2.650
46.1,2.650
46.1,2.650
46.1,2.650
46.1,2.650
46.1,2.650
46.1,2.650
46.1,2.650
46.1,2.655
46.1,2.655
46.1,2.655
46.1,2.655
46.1,2.655
46.1,2.655
46.1,2.655
46.1,2.655
46.1,2.655
46.1,2.655
46.1,2.655
46.1,2.655
46.1,2.655
46.1,2.655
46.1,2.655
46.1,2.655
46.1,2.655
46.1,2.655
46.1,2.655
46.1,2.660
46.2,2.660
46.2,2.660
46.2,2.660
46.2,2.660
46.2,2.660
46.2,2.660
46.2,2.660
46.2,2.660
46.2,2.660
46.2,2.660
46.2,2.660
46.2,2.660
46.2,2.660
46.2,2.660
46.2,2.660
46.2,2.660
46.2,2.660
46.2,2.660
46.2,2.660
46.2,2.660
46.2,2.660
46.2,2.665
46.2,2.665
46.2,2.665
46.2,2.665
46.2,2.665
46.1,2.665
46.1,2.665
46.1,2.665
46.1,2.665
46.1,2.665
46.1,2.665
46.1,2.665
46.1,2.665
46.1,2.665
46.1,2.665
46.1,2.665
46.1,2.665
46.1,2.665
46.1,2.665
46.1,2.665
46.1,2.665
46.1,2.665
46.1,2.665
46.1,2.665
46.1,2.670
46.1,2.670
46.1,2.670
46.1,2.670
46.1,2.670
46.1,2.670
46.1,2.670
46.1,2.670
46.1,2.670
46.1,2.670
46.1,2.670
46.1,2.670
46.1,2.670
46.1,2.670
46.1,2.670
46.1,2.670
46.1,2.670
46.1,2.670
46.1,2.670
46.1,2.670
46.1,2.670
46.1,2.670
46.1,2.670
46.1,2.675
46.1,2.675
46.1,2.675
46.1,2.675
46.1,2.675
46.1,2.675
46.1,2.675
46.1,2.675
46.1,2.675
46.1,2.675
46.2,2.675
46.2,2.675
46.2,2.675
46.2,2.675
46.2,2.675
46.2,2.675
46.2,2.675
46.2,2.675
46.2,2.675
46.2,2.675
46.1,2.675
46.1,2.675
46.1,2.675
46.1,2.675
46.1,2.675
46.1,2.675
46.1,2.680
46.1,2.680
46.1,2.680
46.1,2.680
46.1,2.680
46.1,2.680
46.1,2.680
46.1,2.680
46.1,2.680
46.1,2.680
46.1,2.680
46.2,2.680
46.2,2.680
46.2,2.680
46.2,2.680
46.2,2.680
46.2,2.680
46.2,2.680
46.2,2.680
46.2,2.680
46.2,2.680
46.2,2.680
46.2,2.680
46.2,2.680
46.2,2.680
46.2,2.680
46.2,2.680
46.2,2.680
46.2,2.680
46.2,2.685
46.2,2.685
46.2,2.685
46.2,2.685
46.2,2.685
46.2,2.685
46.2,2.685
46.2,2.685
46.2,2.685
46.2,2.685
46.2,2.685
46.2,2.685
46.2,2.685
46.2,2.685
46.2,2.685
46.2,2.685
46.2,2.685
46.2,2.685
46.2,2.685
46.2,2.685
46.2,2.685
46.2,2.685
46.2,2.685
46.2,2.685
46.2,2.685
46.2,2.685
46.2,2.685
46.2,2.685
46.2,2.685
46.2,2.685
46.2,2.685
46.2,2.685
46.2,2.690
46.2,2.690
46.2,2.690
46.2,2.690
46.2,2.690
46.2,2.690
46.2,2.690
46.2,2.690
46.2,2.690
46.2,2.690
46.2,2.690
46.2,2.690
46.2,2.690
46.2,2.690
46.2,2.690
46.2,2.690
46.2,2.690
46.2,2.690
46.2,2.690
46.2,2.690
46.2,2.690
46.2,2.690
46.2,2.690
46.2,2.690
46.2,2.690
46.2,2.690
46.2,2.690
46.2,2.690
46.2,2.690
46.2,2.690
46.2,2.690
46.2,2.690
46.2,2.695
46.2,2.695
46.2,2.695
46.2,2.695
46.2,2.695
46.2,2.695
46.2,2.695
46.2,2.695
46.2,2.695
46.2,2.695
46.2,2.695
46.2,2.695
46.2,2.695
46.2,2.695
46.2,2.695
46.2,2.695
46.2,2.695
46.2,2.695
46.2,2.695
46.2,2.695
46.2,2.695
46.2,2.695
46.2,2.695
46.2,2.695
46.2,2.695
46.2,2.695
46.2,2.695
46.2,2.695
46.2,2.695
46.2,2.695
46.2,2.695
46.2,2.695
46.2,2.695
46.2,2.695
46.2,2.695
46.2,2.695
46.2,2.695
46.2,2.700
46.2,2.700
46.2,2.700
46.2,2.700
46.2,2.700
46.2,2.700
46.2,2.700
46.2,2.700
46.2,2.700
46.2,2.700
46.2,2.700
46.2,2.700
46.2,2.700
46.2,2.700
46.2,2.700
46.2,2.700
46.2,2.700
46.2,2.700
46.2,2.700
46.2,2.700
46.2,2.700
46.2,2.700
46.2,2.700
46.2,2.700
46.2,2.700
46.2,2.700
46.2,2.700
46.2,2.700
46.2,2.700
46.2,2.700
46.2,2.700
46.2,2.700
46.2,2.700
46.2,2.700
46.2,2.700
46.2,2.700
46.2,2.700
46.2,2.700
46.2,2.700
46.2,2.700
46.2,2.705
46.2,2.705
46.2,2.705
46.2,2.705
46.2,2.705
46.2,2.705
46.2,2.705
46.2,2.705
46.2,2.705
46.2,2.705
46.2,2.705
46.2,2.705
46.2,2.705
46.2,2.705
46.2,2.705
46.2,2.705
46.2,2.705
46.2,2.705
46.2,2.705
46.2,2.705
46.2,2.705
46.2,2.705
46.2,2.705
46.2,2.705
46.2,2.705
46.2,2.705
46.2,2.705
46.2,2.705
46.2,2.705
46.2,2.705
46.2,2.705
46.2,2.705
46.2,2.705
46.3,2.705
46.3,2.705
46.3,2.705
46.3,2.705
46.3,2.705
46.3,2.705
46.3,2.705
46.3,2.705
46.3,2.705
46.3,2.710
46.3,2.710
46.3,2.710
46.3,2.710
46.3,2.710
46.3,2.710
46.3,2.710
46.3,2.710
46.3,2.710
46.3,2.710
46.3,2.710
46.3,2.710
46.3,2.710
46.3,2.710
46.3,2.710
46.3,2.710
46.3,2.710
46.3,2.710
46.3,2.710
46.3,2.710
46.3,2.710
46.3,2.710
46.3,2.710
46.3,2.710
46.3,2.710
46.3,2.710
46.3,2.710
46.3,2.710
46.3,2.710
46.3,2.710
46.3,2.710
46.3,2.710
46.3,2.710
46.3,2.710
46.3,2.710
46.3,2.710
46.3,2.710
46.3,2.710
46.2,2.710
46.2,2.710
46.2,2.710
46.2,2.715
46.2,2.715
46.2,2.715
46.2,2.715
46.2,2.715
46.2,2.715
46.2,2.715
46.2,2.715
46.2,2.715
46.2,2.715
46.3,2.715
46.3,2.715
46.3,2.715
46.3,2.715
46.3,2.715
46.3,2.715
46.3,2.715
46.3,2.715
46.3,2.715
46.3,2.715
46.3,2.715
46.3,2.715
46.3,2.715
46.3,2.715
46.3,2.715
46.3,2.715
46.3,2.715
46.3,2.715
46.3,2.715
46.3,2.715
46.3,2.715
46.3,2.715
46.3,2.715
46.3,2.715
46.3,2.715
46.3,2.715
46.3,2.715
46.3,2.715
46.3,2.720
46.3,2.720
46.3,2.720
46.3,2.720
46.3,2.720
46.3,2.720
46.3,2.720
46.3,2.720
46.3,2.720
46.3,2.720
46.3,2.720
46.3,2.720
46.3,2.720
46.3,2.720
46.3,2.720
46.3,2.720
46.3,2.720
46.3,2.720
46.3,2.720
46.3,2.720
46.3,2.720
46.3,2.720
46.3,2.720
46.3,2.720
46.3,2.720
46.3,2.720
46.3,2.720
46.3,2.720
46.3,2.720
46.3,2.720
46.3,2.720
46.3,2.720
46.3,2.720
46.3,2.720
46.3,2.720
46.3,2.720
46.3,2.720
46.3,2.720
46.3,2.720
46.3,2.720
46.3,2.720
46.3,2.720
46.3,2.725
46.3,2.725
46.3,2.725
46.3,2.725
46.3,2.725
46.3,2.725
46.3,2.725
46.3,2.725
46.3,2.725
46.3,2.725
46.3,2.725
46.3,2.725
46.3,2.725
46.3,2.725
46.3,2.725
46.3,2.725
46.3,2.725
46.3,2.725
46.3,2.725
46.3,2.725
46.3,2.725
46.3,2.725
46.3,2.725
46.3,2.725
46.3,2.725
46.3,2.725
46.3,2.725
46.3,2.725
46.3,2.725
46.3,2.725
46.3,2.725
46.3,2.725
46.3,2.725
46.3,2.725
46.3,2.725
46.3,2.725
46.3,2.725
46.3,2.725
46.3,2.725
46.3,2.725
46.3,2.725
46.3,2.725
46.3,2.725
46.3,2.730
46.3,2.730
46.3,2.730
46.3,2.730
46.3,2.730
46.3,2.730
46.3,2.730
46.3,2.730
46.3,2.730
46.3,2.730
46.3,2.730
46.3,2.730
46.3,2.730
46.3,2.730
46.3,2.730
46.3,2.730
46.3,2.730
46.3,2.730
46.3,2.730
46.3,2.730
46.3,2.730
46.3,2.730
46.3,2.730
46.3,2.730
46.3,2.730
46.3,2.730
46.3,2.730
46.3,2.730
46.3,2.730
46.3,2.730
46.3,2.730
46.3,2.730
46.3,2.730
46.3,2.730
46.3,2.730
46.3,2.730
46.3,2.730
46.3,2.730
46.3,2.730
46.3,2.730
46.3,2.730
46.3,2.730
46.3,2.730
46.3,2.735
46.3,2.735
46.3,2.735
46.3,2.735
46.3,2.735
46.3,2.735
46.3,2.735
46.3,2.735
46.3,2.735
46.3,2.735
46.3,2.735
46.3,2.735
46.3,2.735
46.3,2.735
46.3,2.735
46.3,2.735
46.3,2.735
46.3,2.735
46.3,2.735
46.3,2.735
46.3,2.735
46.3,2.735
46.3,2.735
46.3,2.735
46.3,2.735
46.3,2.735
46.3,2.735
46.3,2.735
46.3,2.735
46.3,2.735
46.3,2.735
46.3,2.735
46.3,2.735
46.3,2.735
46.3,2.735
46.3,2.735
46.3,2.735
46.3,2.735
46.3,2.735
46.3,2.735
46.3,2.740
46.3,2.740
46.3,2.740
46.3,2.740
46.3,2.740
46.3,2.740
46.3,2.740
46.3,2.740
46.3,2.740
46.4,2.740
46.4,2.740
46.4,2.740
46.4,2.740
46.4,2.740
46.4,2.740
46.4,2.740
46.4,2.740
46.4,2.740
46.4,2.740
46.4,2.740
46.4,2.740
46.4,2.740
46.4,2.740
46.4,2.740
46.4,2.740
46.4,2.740
46.4,2.740
46.4,2.740
46.4,2.740
46.4,2.740
46.4,2.740
46.4,2.740
46.4,2.740
46.4,2.740
46.4,2.740
46.4,2.740
46.4,2.740
46.4,2.740
46.4,2.740
46.4,2.740
46.4,2.740
46.4,2.740
46.3,2.745
46.3,2.745
46.3,2.745
46.3,2.745
46.3,2.745
46.3,2.745
46.3,2.745
46.4,2.745
46.4,2.745
46.4,2.745
46.4,2.745
46.4,2.745
46.4,2.745
46.4,2.745
46.4,2.745
46.4,2.745
46.4,2.745
46.4,2.745
46.4,2.745
46.4,2.745
46.4,2.745
46.4,2.745
46.4,2.745
46.4,2.745
46.4,2.745
46.4,2.745
46.4,2.745
46.4,2.745
46.4,2.745
46.4,2.745
46.4,2.745
46.4,2.745
46.4,2.745
46.4,2.745
46.4,2.745
46.4,2.745
46.4,2.745
46.4,2.750
46.4,2.750
46.4,2.750
46.4,2.750
46.4,2.750
46.4,2.750
46.4,2.750
46.4,2.750
46.4,2.750
46.4,2.750
46.4,2.750
46.4,2.750
46.4,2.750
46.4,2.750
46.4,2.750
46.4,2.750
46.4,2.750
46.4,2.750
46.4,2.750
46.4,2.750
46.4,2.750
46.4,2.750
46.4,2.750
46.4,2.750
46.4,2.750
46.4,2.750
46.4,2.750
46.4,2.750
46.4,2.750
46.4,2.750
46.4,2.750
46.4,2.755
46.4,2.755
46.4,2.755
46.4,2.755
46.4,2.755
46.4,2.755
46.4,2.755
46.4,2.755
46.4,2.755
46.4,2.755
46.4,2.755
46.4,2.755
46.4,2.755
46.4,2.755
46.4,2.755
46.4,2.755
46.4,2.755
46.4,2.755
46.4,2.755
46.4,2.755
46.4,2.755
46.4,2.755
46.4,2.755
46.4,2.755
46.4,2.755
46.4,2.755
46.4,2.755
46.4,2.755
46.4,2.755
46.4,2.760
46.4,2.760
46.4,2.760
46.4,2.760
46.4,2.760
46.4,2.760
46.4,2.760
46.4,2.760
46.4,2.760
46.4,2.760
46.4,2.760
46.5,2.760
46.5,2.760
46.5,2.760
46.5,2.760
46.5,2.760
46.5,2.760
46.5,2.760
46.5,2.760
46.5,2.760
46.5,2.760
46.5,2.760
46.5,2.760
46.5,2.760
46.5,2.760
46.5,2.760
46.5,2.760
46.5,2.765
46.5,2.765
46.5,2.765
46.5,2.765
46.5,2.765
46.5,2.765
46.5,2.765
46.5,2.765
46.5,2.765
46.5,2.765
46.5,2.765
46.5,2.765
46.5,2.765
46.5,2.765
46.5,2.765
46.5,2.765
46.5,2.765
46.5,2.765
46.5,2.765
46.5,2.765
46.5,2.765
46.5,2.765
46.5,2.765
46.5,2.765
46.5,2.765
46.5,2.765
46.5,2.765
46.5,2.770
46.5,2.770
46.5,2.770
46.5,2.770
46.5,2.770
46.5,2.770
46.5,2.770
46.5,2.770
46.5,2.770
46.5,2.770
46.5,2.770
46.5,2.770
46.5,2.770
46.5,2.770
46.5,2.770
46.5,2.770
46.5,2.770
46.5,2.770
46.5,2.770
46.5,2.770
46.5,2.770
46.5,2.770
46.5,2.770
46.5,2.770
46.5,2.770
46.5,2.775
46.5,2.775
46.5,2.775
46.5,2.775
46.5,2.775
46.5,2.775
46.5,2.775
46.5,2.775
46.5,2.775
46.5,2.775
46.5,2.775
46.5,2.775
46.5,2.775
46.5,2.775
46.5,2.775
46.5,2.775
46.5,2.775
46.5,2.775
46.5,2.775
46.5,2.775
46.5,2.775
46.5,2.775
46.5,2.775
46.5,2.775
46.5,2.775
46.5,2.775
46.5,2.775
46.5,2.775
46.5,2.775
46.5,2.775
46.5,2.780
46.5,2.780
46.5,2.780
46.5,2.780
46.5,2.780
46.5,2.780
46.5,2.780
46.5,2.780
46.5,2.780
46.5,2.780
46.5,2.780
46.5,2.780
46.5,2.780
46.5,2.780
46.5,2.780
46.5,2.780
46.5,2.780
46.5,2.780
46.5,2.780
46.5,2.780
46.5,2.780
46.5,2.780
46.5,2.780
46.5,2.780
46.5,2.780
46.5,2.780
46.5,2.780
46.5,2.780
46.5,2.780
46.5,2.780
46.5,2.780
46.5,2.780
46.5,2.780
46.5,2.785
46.5,2.785
46.5,2.785
46.5,2.785
46.5,2.785
46.5,2.785
46.5,2.785
46.5,2.785
46.5,2.785
46.5,2.785
46.5,2.785
46.5,2.785
46.5,2.785
46.5,2.785
46.5,2.785
46.5,2.785
46.5,2.785
46.5,2.785
46.5,2.785
46.5,2.785
46.5,2.785
46.5,2.785
46.5,2.785
46.5,2.785
46.5,2.785
46.5,2.785
46.5,2.785
46.5,2.785
46.5,2.785
46.5,2.785
46.5,2.785
46.5,2.785
46.5,2.785
46.5,2.785
46.5,2.785
46.5,2.785
46.5,2.785
46.5,2.790
46.5,2.790
46.5,2.790
46.5,2.790
46.5,2.790
46.5,2.790
46.5,2.790
46.5,2.790
46.5,2.790
46.5,2.790
46.5,2.790
46.5,2.790
46.5,2.790
46.5,2.790
46.5,2.790
46.5,2.790
46.5,2.790
46.5,2.790
46.5,2.790
46.5,2.790
46.5,2.790
46.5,2.790
46.5,2.790
46.5,2.790
46.5,2.790
46.5,2.790
46.5,2.790
46.5,2.790
46.5,2.790
46.5,2.790
46.5,2.790
46.5,2.790
46.5,2.790
46.5,2.790
46.5,2.790
46.5,2.795
46.5,2.795
46.5,2.795
46.5,2.795
46.5,2.795
46.5,2.795
46.5,2.795
46.5,2.795
46.5,2.795
46.5,2.795
46.5,2.795
46.5,2.795
46.5,2.795
46.5,2.795
46.5,2.795
46.6,2.795
46.6,2.795
46.6,2.795
46.6,2.795
46.5,2.795
46.5,2.795
46.5,2.795
46.5,2.795
46.5,2.795
46.5,2.795
46.5,2.795
46.5,2.795
46.5,2.795
46.5,2.795
46.5,2.795
46.5,2.795
46.5,2.795
46.5,2.795
46.5,2.800
46.5,2.800
46.5,2.800
46.5,2.800
46.5,2.800
46.5,2.800
46.5,2.800
46.5,2.800
46.5,2.800
46.5,2.800
46.5,2.800
46.5,2.800
46.5,2.800
46.5,2.800
46.5,2.800
46.5,2.800
46.5,2.800
46.5,2.800
46.5,2.800
46.5,2.800
46.5,2.800
46.5,2.800
46.5,2.800
46.5,2.800
46.5,2.800
46.5,2.800
46.5,2.800
46.5,2.800
46.5,2.800
46.5,2.800
46.5,2.800
46.5,2.800
46.5,2.800
46.5,2.800
46.5,2.800
46.5,2.800
46.5,2.805
46.5,2.805
46.5,2.805
46.5,2.805
46.5,2.805
46.5,2.805
46.5,2.805
46.5,2.805
46.5,2.805
46.5,2.805
46.5,2.805
46.5,2.805
46.5,2.805
46.5,2.805
46.5,2.805
46.5,2.805
46.5,2.805
46.5,2.805
46.6,2.805
46.6,2.805
46.6,2.805
46.6,2.805
46.6,2.805
46.6,2.805
46.6,2.805
46.6,2.805
46.6,2.805
46.6,2.805
46.6,2.805
46.6,2.805
46.5,2.805
46.5,2.805
46.5,2.805
46.5,2.805
46.5,2.805
46.5,2.805
46.5,2.810
46.5,2.810
46.5,2.810
46.5,2.810
46.5,2.810
46.6,2.810
46.6,2.810
46.6,2.810
46.6,2.810
46.6,2.810
46.6,2.810
46.6,2.810
46.6,2.810
46.6,2.810
46.6,2.810
46.6,2.810
46.6,2.810
46.6,2.810
46.6,2.810
46.6,2.810
46.6,2.810
46.6,2.810
46.6,2.810
46.6,2.810
46.6,2.810
46.6,2.810
46.6,2.810
46.6,2.810
46.6,2.810
46.6,2.810
46.6,2.810
46.6,2.810
46.6,2.810
46.6,2.810
46.6,2.810
46.6,2.810
46.6,2.810
46.6,2.810
46.6,2.815
46.6,2.815
46.6,2.815
46.6,2.815
46.6,2.815
46.6,2.815
46.6,2.815
46.6,2.815
46.6,2.815
46.6,2.815
46.6,2.815
46.6,2.815
46.6,2.815
46.6,2.815
46.6,2.815
46.6,2.815
46.6,2.815
46.6,2.815
46.6,2.815
46.6,2.815
46.6,2.815
46.6,2.815
46.6,2.815
46.6,2.815
46.6,2.815
46.6,2.815
46.6,2.815
46.6,2.815
46.6,2.815
46.6,2.815
46.6,2.815
46.6,2.815
46.6,2.815
46.6,2.815
46.6,2.815
46.6,2.815
46.6,2.815
46.6,2.820
46.6,2.820
46.6,2.820
46.6,2.820
46.6,2.820
46.6,2.820
46.6,2.820
46.6,2.820
46.6,2.820
46.6,2.820
46.6,2.820
46.6,2.820
46.6,2.820
46.6,2.820
46.6,2.820
46.6,2.820
46.6,2.820
46.6,2.820
46.6,2.820
46.6,2.820
46.6,2.820
46.6,2.820
46.6,2.820
46.6,2.820
46.6,2.820
46.6,2.820
46.6,2.820
46.6,2.820
46.6,2.820
46.6,2.820
46.6,2.820
46.6,2.820
46.6,2.820
46.6,2.820
46.6,2.820
46.6,2.820
46.6,2.820
46.6,2.820
46.6,2.820
46.6,2.820
46.6,2.820
46.6,2.820
46.6,2.820
46.6,2.820
46.6,2.825
46.6,2.825
46.6,2.825
46.6,2.825
46.6,2.825
46.6,2.825
46.6,2.825
46.6,2.825
46.6,2.825
46.6,2.825
46.6,2.825
46.6,2.825
46.6,2.825
46.6,2.825
46.6,2.825
46.6,2.825
46.6,2.825
46.6,2.825
46.6,2.825
46.6,2.825
46.6,2.825
46.6,2.825
46.6,2.825
46.6,2.825
46.7,2.825
46.7,2.825
46.7,2.825
46.6,2.825
46.6,2.825
46.6,2.825
46.6,2.825
46.6,2.825
46.6,2.825
46.6,2.825
46.6,2.825
46.6,2.825
46.6,2.825
46.6,2.825
46.6,2.825
46.6,2.825
46.6,2.825
46.6,2.825
46.6,2.825
46.6,2.825
46.6,2.830
46.6,2.830
46.6,2.830
46.6,2.830
46.6,2.830
46.6,2.830
46.6,2.830
46.6,2.830
46.6,2.830
46.6,2.830
46.6,2.830
46.6,2.830
46.6,2.830
46.6,2.830
46.6,2.830
46.6,2.830
46.6,2.830
46.7,2.830
46.7,2.830
46.7,2.830
46.7,2.830
46.7,2.830
46.7,2.830
46.7,2.830
46.7,2.830
46.7,2.830
46.7,2.830
46.7,2.830
46.7,2.830
46.7,2.830
46.7,2.830
46.7,2.830
46.7,2.830
46.7,2.830
46.7,2.830
46.7,2.830
46.7,2.830
46.7,2.830
46.7,2.830
46.7,2.830
46.7,2.830
46.7,2.830
46.7,2.835
46.7,2.835
46.7,2.835
46.7,2.835
46.7,2.835
46.7,2.835
46.7,2.835
46.7,2.835
46.7,2.835
46.7,2.835
46.7,2.835
46.6,2.835
46.6,2.835
46.6,2.835
46.6,2.835
46.6,2.835
46.6,2.835
46.6,2.835
46.6,2.835
46.6,2.835
46.7,2.835
46.7,2.835
46.7,2.835
46.7,2.835
46.7,2.835
46.7,2.835
46.7,2.835
46.7,2.835
46.7,2.835
46.7,2.835
46.7,2.835
46.7,2.835
46.7,2.835
46.7,2.835
46.7,2.835
46.7,2.835
46.7,2.835
46.6,2.835
46.6,2.835
46.7,2.835
46.7,2.835
46.7,2.835
46.7,2.840
46.7,2.840
46.7,2.840
46.7,2.840
46.7,2.840
46.7,2.840
46.7,2.840
46.7,2.840
46.7,2.840
46.7,2.840
46.7,2.840
46.7,2.840
46.7,2.840
46.7,2.840
46.7,2.840
46.7,2.840
46.7,2.840
46.7,2.840
46.7,2.840
46.7,2.840
46.7,2.840
46.7,2.840
46.7,2.840
46.7,2.840
46.7,2.840
46.7,2.840
46.7,2.840
46.7,2.840
46.7,2.840
46.7,2.840
46.7,2.840
46.7,2.840
46.7,2.840
46.7,2.840
46.7,2.840
46.7,2.840
46.7,2.840
46.7,2.840
46.7,2.840
46.7,2.840
46.7,2.840
46.7,2.840
46.7,2.840
46.7,2.840
46.7,2.840
46.7,2.840
46.7,2.840
46.7,2.845
46.7,2.845
46.7,2.845
46.7,2.845
46.7,2.845
46.7,2.845
46.7,2.845
46.7,2.845
46.7,2.845
46.7,2.845
46.7,2.845
46.7,2.845
46.7,2.845
46.7,2.845
46.7,2.845
46.7,2.845
46.7,2.845
46.7,2.845
46.7,2.845
46.7,2.845
46.7,2.845
46.7,2.845
46.7,2.845
46.7,2.845
46.7,2.845
46.7,2.845
46.7,2.845
46.7,2.845
46.7,2.845
46.7,2.845
46.7,2.845
46.7,2.845
46.7,2.845
46.7,2.845
46.7,2.845
46.7,2.845
46.7,2.845
46.7,2.845
46.7,2.845
46.7,2.845
46.8,2.845
46.8,2.845
46.8,2.845
46.8,2.845
46.8,2.845
46.8,2.845
46.7,2.845
46.7,2.845
46.7,2.845
46.7,2.845
46.7,2.850
46.7,2.850
46.7,2.850
46.7,2.850
46.7,2.850
46.7,2.850
46.7,2.850
46.7,2.850
46.7,2.850
46.7,2.850
46.7,2.850
46.7,2.850
46.7,2.850
46.7,2.850
46.7,2.850
46.7,2.850
46.7,2.850
46.7,2.850
46.7,2.850
46.7,2.850
46.7,2.850
46.7,2.850
46.7,2.850
46.7,2.850
46.7,2.850
46.7,2.850
46.7,2.850
46.7,2.850
46.7,2.850
46.7,2.850
46.7,2.850
46.7,2.850
46.7,2.850
46.7,2.850
46.7,2.850
46.7,2.850
46.7,2.850
46.7,2.850
46.7,2.850
46.7,2.850
46.7,2.850
46.7,2.850
46.7,2.850
46.7,2.850
46.7,2.850
46.7,2.850
46.7,2.850
46.7,2.850
46.7,2.855
46.7,2.855
46.7,2.855
46.7,2.855
46.7,2.855
46.7,2.855
46.7,2.855
46.7,2.855
46.7,2.855
46.7,2.855
46.7,2.855
46.7,2.855
46.7,2.855
46.7,2.855
46.7,2.855
46.7,2.855
46.7,2.855
46.7,2.855
46.7,2.855
46.7,2.855
46.7,2.855
46.7,2.855
46.7,2.855
46.7,2.855
46.7,2.855
46.7,2.855
46.7,2.855
46.7,2.855
46.7,2.855
46.7,2.855
46.7,2.855
46.7,2.855
46.7,2.855
46.7,2.855
46.7,2.855
46.7,2.855
46.7,2.855
46.7,2.855
46.7,2.855
46.7,2.855
46.7,2.855
46.7,2.855
46.7,2.855
46.7,2.855
46.7,2.855
46.7,2.855
46.7,2.855
46.7,2.855
46.7,2.855
46.7,2.855
46.7,2.855
46.7,2.855
46.7,2.860
46.7,2.860
46.7,2.860
46.7,2.860
46.7,2.860
46.7,2.860
46.7,2.860
46.7,2.860
46.7,2.860
46.7,2.860
46.7,2.860
46.7,2.860
46.7,2.860
46.7,2.860
46.7,2.860
46.7,2.860
46.7,2.860
46.7,2.860
46.7,2.860
46.7,2.860
46.7,2.860
46.7,2.860
46.7,2.860
46.7,2.860
46.7,2.860
46.7,2.860
46.7,2.860
46.7,2.860
46.7,2.860
46.7,2.860
46.7,2.860
46.7,2.860
46.7,2.860
46.7,2.860
46.7,2.860
46.7,2.860
46.7,2.860
46.7,2.860
46.7,2.860
46.7,2.860
46.7,2.860
46.7,2.860
46.7,2.860
46.7,2.860
46.7,2.860
46.7,2.860
46.7,2.860
46.7,2.860
46.7,2.860
46.7,2.860
46.7,2.860
46.8,2.860
46.8,2.865
46.8,2.865
46.8,2.865
46.8,2.865
46.8,2.865
46.8,2.865
46.8,2.865
46.8,2.865
46.8,2.865
46.8,2.865
46.8,2.865
46.8,2.865
46.8,2.865
46.8,2.865
46.8,2.865
46.8,2.865
46.8,2.865
46.8,2.865
46.8,2.865
46.8,2.865
46.8,2.865
46.8,2.865
46.8,2.865
46.8,2.865
46.8,2.865
46.8,2.865
46.8,2.865
46.8,2.865
46.8,2.865
46.8,2.865
46.8,2.865
46.8,2.865
46.8,2.865
46.7,2.865
46.7,2.865
46.7,2.865
46.7,2.865
46.7,2.865
46.7,2.865
46.7,2.865
46.7,2.865
46.7,2.865
46.7,2.865
46.7,2.865
46.7,2.865
46.7,2.865
46.7,2.865
46.7,2.865
46.7,2.865
46.7,2.865
46.7,2.865
46.7,2.865
46.7,2.865
46.7,2.865
46.7,2.870
46.7,2.870
46.7,2.870
46.7,2.870
46.7,2.870
46.7,2.870
46.7,2.870
46.7,2.870
46.8,2.870
46.8,2.870
46.8,2.870
46.8,2.870
46.8,2.870
46.8,2.870
46.8,2.870
46.8,2.870
46.7,2.870
46.7,2.870
46.7,2.870
46.7,2.870
46.7,2.870
46.7,2.870
46.7,2.870
46.7,2.870
46.7,2.870
46.7,2.870
46.8,2.870
46.8,2.870
46.8,2.870
46.8,2.870
46.8,2.870
46.8,2.870
46.8,2.870
46.8,2.870
46.8,2.870
46.8,2.870
46.8,2.870
46.8,2.870
46.8,2.870
46.8,2.870
46.8,2.870
46.8,2.870
46.8,2.870
46.8,2.870
46.8,2.870
46.8,2.870
46.8,2.870
46.8,2.875
46.8,2.875
46.8,2.875
46.8,2.875
46.8,2.875
46.8,2.875
46.8,2.875
46.8,2.875
46.8,2.875
46.8,2.875
46.8,2.875
46.8,2.875
46.8,2.875
46.8,2.875
46.8,2.875
46.8,2.875
46.8,2.875
46.8,2.875
46.8,2.875
46.8,2.875
46.8,2.875
46.8,2.875
46.8,2.875
46.8,2.875
46.9,2.875
46.9,2.875
46.9,2.875
46.9,2.875
46.9,2.875
46.8,2.875
46.8,2.875
46.8,2.875
46.8,2.875
46.8,2.875
46.8,2.875
46.8,2.875
46.8,2.875
46.8,2.875
46.9,2.875
46.9,2.875
46.8,2.875
46.8,2.875
46.8,2.880
46.8,2.880
46.8,2.880
46.8,2.880
46.8,2.880
46.8,2.880
46.8,2.880
46.8,2.880
46.8,2.880
46.8,2.880
46.8,2.880
46.8,2.880
46.8,2.880
46.8,2.880
46.8,2.880
46.8,2.880
46.8,2.880
46.8,2.880
46.8,2.880
46.8,2.880
46.9,2.880
46.8,2.880
46.8,2.880
46.8,2.880
46.8,2.880
46.8,2.880
46.8,2.880
46.8,2.880
46.8,2.880
46.8,2.880
46.8,2.880
46.8,2.880
46.8,2.880
46.8,2.880
46.8,2.880
46.8,2.880
46.8,2.880
46.8,2.880
46.8,2.880
46.8,2.880
46.8,2.880
46.8,2.880
46.8,2.880
46.8,2.885
46.8,2.885
46.8,2.885
46.8,2.885
46.8,2.885
46.8,2.885
46.8,2.885
46.8,2.885
46.8,2.885
46.8,2.885
46.8,2.885
46.8,2.885
46.8,2.885
46.8,2.885
46.8,2.885
46.8,2.885
46.8,2.885
46.8,2.885
46.8,2.885
46.8,2.885
46.8,2.885
46.8,2.885
46.8,2.885
46.8,2.885
46.8,2.885
46.8,2.885
46.8,2.885
46.8,2.885
46.8,2.885
46.8,2.885
46.8,2.885
46.8,2.885
46.8,2.885
46.8,2.885
46.8,2.885
46.7,2.885
46.7,2.885
46.7,2.885
46.7,2.885
46.7,2.885
46.8,2.885
46.8,2.885
46.8,2.890
46.8,2.890
46.8,2.890
46.8,2.890
46.8,2.890
46.8,2.890
46.8,2.890
46.8,2.890
46.8,2.890
46.8,2.890
46.8,2.890
46.8,2.890
46.8,2.890
46.8,2.890
46.8,2.890
46.8,2.890
46.8,2.890
46.8,2.890
46.8,2.890
46.8,2.890
46.8,2.890
46.9,2.890
46.9,2.890
46.9,2.890
46.9,2.890
46.8,2.890
46.8,2.890
46.8,2.890
46.8,2.890
46.8,2.890
46.8,2.890
46.8,2.890
46.8,2.890
46.8,2.890
46.8,2.890
46.8,2.890
46.8,2.890
46.8,2.890
46.8,2.890
46.8,2.895
46.8,2.895
46.8,2.895
46.8,2.895
46.8,2.895
46.8,2.895
46.8,2.895
46.8,2.895
46.8,2.895
46.8,2.895
46.8,2.895
46.8,2.895
46.8,2.895
46.8,2.895
46.8,2.895
46.8,2.895
46.8,2.895
46.8,2.895
46.8,2.895
46.8,2.895
46.8,2.895
46.8,2.895
46.8,2.895
46.8,2.895
46.8,2.895
46.9,2.895
46.9,2.895
46.9,2.895
46.9,2.895
46.9,2.895
46.9,2.895
46.9,2.895
46.9,2.895
46.8,2.895
46.8,2.900
46.8,2.900
46.8,2.900
46.8,2.900
46.8,2.900
46.8,2.900
46.8,2.900
46.8,2.900
46.8,2.900
46.8,2.900
46.8,2.900
46.8,2.900
46.8,2.900
46.8,2.900
46.8,2.900
46.8,2.900
46.8,2.900
46.8,2.900
46.8,2.900
46.8,2.900
46.8,2.900
46.8,2.900
46.8,2.900
46.8,2.900
46.9,2.900
46.9,2.900
46.9,2.900
46.9,2.900
46.9,2.900
46.9,2.900
46.9,2.900
46.9,2.900
46.9,2.900
46.9,2.900
46.9,2.900
46.9,2.900
46.9,2.905
46.9,2.905
46.9,2.905
46.9,2.905
46.9,2.905
46.9,2.905
46.9,2.905
46.9,2.905
46.9,2.905
46.9,2.905
46.9,2.905
46.9,2.905
46.9,2.905
46.9,2.905
46.9,2.905
46.9,2.905
46.9,2.905
46.9,2.905
46.9,2.905
46.9,2.905
46.9,2.905
46.9,2.905
46.9,2.905
46.9,2.905
46.9,2.905
46.9,2.905
46.9,2.905
46.9,2.905
46.9,2.905
46.9,2.905
46.9,2.905
46.9,2.905
46.9,2.905
46.9,2.905
46.9,2.905
46.9,2.905
46.9,2.910
46.9,2.910
46.9,2.910
46.9,2.910
46.9,2.910
46.9,2.910
46.9,2.910
46.9,2.910
46.9,2.910
46.9,2.910
46.9,2.910
46.9,2.910
46.9,2.910
46.9,2.910
46.9,2.910
46.9,2.910
46.9,2.910
46.9,2.910
46.9,2.910
46.9,2.910
46.9,2.910
46.9,2.910
46.9,2.910
46.9,2.910
46.9,2.910
46.9,2.910
46.9,2.910
46.9,2.910
46.9,2.910
46.9,2.910
46.9,2.910
46.9,2.910
46.9,2.915
46.9,2.915
46.9,2.915
46.9,2.915
46.9,2.915
46.9,2.915
46.9,2.915
46.9,2.915
46.9,2.915
46.9,2.915
46.9,2.915
46.9,2.915
46.9,2.915
46.9,2.915
46.9,2.915
46.9,2.915
46.9,2.915
46.9,2.915
46.9,2.915
46.9,2.915
46.9,2.915
46.9,2.915
46.9,2.915
46.9,2.915
46.9,2.915
46.9,2.915
46.9,2.915
47.0,2.915
47.0,2.915
47.0,2.915
47.0,2.915
47.0,2.915
47.0,2.915
47.0,2.915
47.0,2.920
47.0,2.920
47.0,2.920
46.9,2.920
46.9,2.920
46.9,2.920
46.9,2.920
46.9,2.920
46.9,2.920
46.9,2.920
46.9,2.920
46.9,2.920
46.9,2.920
46.9,2.920
46.9,2.920
46.9,2.920
46.9,2.920
46.9,2.920
46.9,2.920
46.9,2.920
46.9,2.920
46.9,2.920
46.9,2.920
46.9,2.920
46.9,2.920
46.9,2.920
46.9,2.920
46.9,2.920
46.9,2.920
46.9,2.920
46.9,2.920
46.9,2.920
46.9,2.920
46.9,2.920
46.9,2.925
46.9,2.925
46.9,2.925
46.9,2.925
46.9,2.925
46.9,2.925
46.9,2.925
46.9,2.925
46.9,2.925
46.9,2.925
46.9,2.925
46.9,2.925
46.9,2.925
46.9,2.925
46.9,2.925
46.9,2.925
46.9,2.925
46.9,2.925
46.9,2.925
46.9,2.925
46.9,2.925
46.9,2.925
46.9,2.925
46.9,2.925
46.9,2.925
46.9,2.925
46.9,2.925
46.9,2.925
46.9,2.925
46.9,2.925
46.9,2.925
46.9,2.925
46.9,2.925
46.9,2.930
46.9,2.930
46.9,2.930
46.9,2.930
46.9,2.930
46.9,2.930
46.9,2.930
46.9,2.930
46.9,2.930
46.9,2.930
46.9,2.930
46.9,2.930
46.9,2.930
46.9,2.930
46.9,2.930
46.9,2.930
46.9,2.930
46.9,2.930
47.0,2.930
47.0,2.930
47.0,2.930
47.0,2.930
47.0,2.930
47.0,2.930
47.0,2.930
47.0,2.930
47.0,2.930
47.0,2.930
47.0,2.930
47.0,2.935
47.0,2.935
47.0,2.935
47.0,2.935
47.0,2.935
47.0,2.935
47.0,2.935
47.0,2.935
47.0,2.935
47.0,2.935
47.0,2.935
47.0,2.935
47.0,2.935
47.0,2.935
47.0,2.935
47.0,2.935
47.0,2.935
47.0,2.935
47.0,2.935
47.0,2.935
47.0,2.935
47.0,2.935
47.0,2.935
46.9,2.935
46.9,2.935
46.9,2.935
46.9,2.935
46.9,2.935
46.9,2.935
47.0,2.935
47.0,2.935
47.0,2.940
47.0,2.940
47.0,2.940
47.0,2.940
47.0,2.940
47.0,2.940
47.0,2.940
47.0,2.940
47.0,2.940
47.0,2.940
47.0,2.940
47.0,2.940
47.0,2.940
47.0,2.940
47.0,2.940
47.0,2.940
47.0,2.940
47.0,2.940
47.0,2.940
47.0,2.940
47.0,2.940
47.0,2.940
47.0,2.940
47.0,2.940
47.0,2.940
47.0,2.940
47.0,2.940
47.0,2.940
47.0,2.940
47.0,2.940
47.0,2.945
47.0,2.945
47.0,2.945
47.0,2.945
47.0,2.945
47.0,2.945
47.0,2.945
47.0,2.945
47.0,2.945
47.0,2.945
47.0,2.945
47.0,2.945
47.0,2.945
47.0,2.945
47.0,2.945
47.0,2.945
47.0,2.945
47.0,2.945
47.0,2.945
47.0,2.945
47.0,2.945
47.0,2.945
47.0,2.945
47.0,2.945
47.0,2.945
47.0,2.945
47.0,2.945
47.0,2.945
47.0,2.945
47.0,2.945
47.0,2.950
47.0,2.950
47.0,2.950
47.0,2.950
47.0,2.950
47.0,2.950
47.0,2.950
47.0,2.950
47.0,2.950
47.0,2.950
47.0,2.950
47.0,2.950
47.0,2.950
47.0,2.950
47.0,2.950
47.1,2.950
47.1,2.950
47.1,2.950
47.1,2.950
47.1,2.950
47.1,2.950
47.1,2.950
47.1,2.950
47.1,2.950
47.1,2.950
47.1,2.950
47.1,2.950
47.1,2.950
47.1,2.950
47.1,2.955
47.1,2.955
47.1,2.955
47.1,2.955
47.1,2.955
47.1,2.955
47.1,2.955
47.1,2.955
47.1,2.955
47.1,2.955
47.1,2.955
47.1,2.955
47.1,2.955
47.1,2.955
47.1,2.955
47.1,2.955
47.1,2.955
47.1,2.955
47.1,2.955
47.1,2.955
47.1,2.955
47.1,2.955
47.1,2.955
47.1,2.955
47.1,2.955
47.1,2.955
47.1,2.955
47.1,2.960
47.1,2.960
47.1,2.960
47.1,2.960
47.1,2.960
47.1,2.960
47.1,2.960
47.1,2.960
47.1,2.960
47.1,2.960
47.1,2.960
47.1,2.960
47.1,2.960
47.1,2.960
47.1,2.960
47.1,2.960
47.1,2.960
47.1,2.960
47.1,2.960
47.1,2.960
47.1,2.960
47.1,2.960
47.1,2.960
47.1,2.960
47.1,2.960
47.1,2.960
47.1,2.960
47.1,2.960
47.1,2.960
47.1,2.960
47.1,2.960
47.1,2.965
47.1,2.965
47.1,2.965
47.1,2.965
47.1,2.965
47.1,2.965
47.1,2.965
47.1,2.965
47.1,2.965
47.1,2.965
47.1,2.965
47.1,2.965
47.1,2.965
47.1,2.965
47.1,2.965
47.1,2.965
47.1,2.965
47.1,2.965
47.1,2.965
47.1,2.965
47.1,2.965
47.1,2.965
47.1,2.965
47.1,2.965
47.1,2.965
47.1,2.965
47.1,2.965
47.1,2.965
47.1,2.965
47.1,2.965
47.1,2.970
47.1,2.970
47.1,2.970
47.1,2.970
47.1,2.970
47.1,2.970
47.1,2.970
47.1,2.970
47.1,2.970
47.1,2.970
47.1,2.970
47.1,2.970
47.1,2.970
47.1,2.970
47.1,2.970
47.1,2.970
47.1,2.970
47.1,2.970
47.1,2.970
47.1,2.970
47.1,2.970
47.1,2.970
47.1,2.970
47.1,2.970
47.1,2.970
47.1,2.970
47.1,2.970
47.1,2.970
47.1,2.970
47.1,2.970
47.1,2.970
47.1,2.970
47.1,2.975
47.1,2.975
47.1,2.975
47.1,2.975
47.1,2.975
47.1,2.975
47.1,2.975
47.1,2.975
47.1,2.975
47.1,2.975
47.1,2.975
47.1,2.975
47.1,2.975
47.1,2.975
47.1,2.975
47.1,2.975
47.1,2.975
47.1,2.975
47.1,2.975
47.1,2.975
47.1,2.975
47.1,2.975
47.1,2.975
47.1,2.975
47.1,2.975
47.1,2.975
47.1,2.975
47.1,2.975
47.1,2.975
47.1,2.975
47.1,2.980
47.1,2.980
47.1,2.980
47.1,2.980
47.1,2.980
47.1,2.980
47.1,2.980
47.1,2.980
47.1,2.980
47.1,2.980
47.1,2.980
47.1,2.980
47.1,2.980
47.1,2.980
47.1,2.980
47.1,2.980
47.1,2.980
47.1,2.980
47.1,2.980
47.1,2.980
47.1,2.980
47.1,2.980
47.1,2.980
47.1,2.980
47.1,2.980
47.1,2.980
47.1,2.980
47.1,2.980
47.1,2.980
47.1,2.980
47.2,2.980
47.2,2.980
47.2,2.980
47.2,2.980
47.2,2.980
47.2,2.985
47.1,2.985
47.1,2.985
47.1,2.985
47.1,2.985
47.1,2.985
47.1,2.985
47.1,2.985
47.1,2.985
47.1,2.985
47.1,2.985
47.1,2.985
47.1,2.985
47.1,2.985
47.1,2.985
47.1,2.985
47.1,2.985
47.1,2.985
47.1,2.985
47.1,2.985
47.1,2.985
47.1,2.985
47.1,2.985
47.1,2.985
47.1,2.985
47.1,2.985
47.1,2.985
47.1,2.985
47.1,2.985
47.1,2.985
47.1,2.985
47.1,2.985
47.1,2.985
47.1,2.985
47.1,2.990
47.1,2.990
47.1,2.990
47.1,2.990
47.1,2.990
47.1,2.990
47.1,2.990
47.1,2.990
47.1,2.990
47.1,2.990
47.1,2.990
47.2,2.990
47.2,2.990
47.2,2.990
47.2,2.990
47.2,2.990
47.2,2.990
47.2,2.990
47.2,2.990
47.2,2.990
47.2,2.990
47.2,2.990
47.2,2.990
47.2,2.990
47.2,2.990
47.2,2.990
47.2,2.990
47.2,2.990
47.2,2.990
47.2,2.990
47.2,2.990
47.2,2.990
47.2,2.990
47.2,2.995
47.2,2.995
47.2,2.995
47.2,2.995
47.2,2.995
47.2,2.995
47.2,2.995
47.2,2.995
47.2,2.995
47.2,2.995
47.2,2.995
47.2,2.995
47.2,2.995
47.2,2.995
47.2,2.995
47.2,2.995
47.2,2.995
47.2,2.995
47.2,2.995
47.2,2.995
47.2,2.995
47.2,2.995
47.2,2.995
47.2,2.995
47.2,2.995
47.2,2.995
47.2,2.995
47.2,2.995
47.2,2.995
47.2,2.995
47.2,2.995
47.2,2.995
47.2,2.995
47.2,2.995
47.2,3.000
47.2,3.000
47.2,3.000
47.2,3.000
47.2,3.000
47.2,3.000
47.2,3.000
47.2,3.000
47.2,3.000
47.2,3.000
47.2,3.000
47.2,3.000
47.2,3.000
47.2,3.000
47.2,3.000
47.2,3.000
47.2,3.000
47.2,3.000
47.2,3.000
47.2,3.000
47.2,3.000
47.2,3.000
47.2,3.000
47.2,3.000
47.2,3.000
47.2,3.000
47.2,3.000
47.2,3.000
47.2,3.000
47.2,3.000
47.2,3.000
47.2,3.000
47.2,3.000
47.2,3.000
47.2,3.000
47.2,3.005
47.2,3.005
47.2,3.005
47.2,3.005
47.2,3.005
47.2,3.005
47.2,3.005
47.2,3.005
47.2,3.005
47.2,3.005
47.2,3.005
47.2,3.005
47.2,3.005
47.2,3.005
47.2,3.005
47.2,3.005
47.2,3.005
47.2,3.005
47.2,3.005
47.2,3.005
47.2,3.005
47.2,3.005
47.2,3.005
47.2,3.005
47.2,3.005
47.2,3.005
47.2,3.005
47.2,3.005
47.2,3.005
47.2,3.005
47.2,3.005
47.2,3.005
47.2,3.005
47.2,3.005
47.2,3.010
47.2,3.010
47.2,3.010
47.2,3.010
47.2,3.010
47.2,3.010
47.2,3.010
47.2,3.010
47.2,3.010
47.2,3.010
47.2,3.010
47.2,3.010
47.2,3.010
47.2,3.010
47.2,3.010
47.2,3.010
47.2,3.010
47.3,3.010
47.3,3.010
47.3,3.010
47.3,3.010
47.3,3.010
47.3,3.010
47.3,3.010
47.3,3.010
47.3,3.010
47.2,3.010
47.2,3.010
47.2,3.010
47.2,3.010
47.2,3.010
47.2,3.015
47.2,3.015
47.2,3.015
47.2,3.015
47.2,3.015
47.2,3.015
47.2,3.015
47.2,3.015
47.2,3.015
47.2,3.015
47.2,3.015
47.2,3.015
47.2,3.015
47.2,3.015
47.2,3.015
47.2,3.015
47.2,3.015
47.2,3.015
47.2,3.015
47.2,3.015
47.2,3.015
47.2,3.015
47.2,3.015
47.2,3.015
47.2,3.015
47.2,3.015
47.2,3.015
47.2,3.015
47.2,3.015
47.2,3.015
47.2,3.015
47.2,3.020
47.2,3.020
47.2,3.020
47.2,3.020
47.2,3.020
47.2,3.020
47.2,3.020
47.2,3.020
47.2,3.020
47.2,3.020
47.2,3.020
47.2,3.020
47.3,3.020
47.3,3.020
47.3,3.020
47.3,3.020
47.3,3.020
47.3,3.020
47.3,3.020
47.3,3.020
47.3,3.020
47.3,3.020
47.3,3.020
47.3,3.020
47.2,3.020
47.2,3.020
47.2,3.020
47.2,3.020
47.2,3.020
47.2,3.020
47.2,3.020
47.2,3.025
47.2,3.025
47.2,3.025
47.2,3.025
47.2,3.025
47.2,3.025
47.3,3.025
47.3,3.025
47.3,3.025
47.3,3.025
47.3,3.025
47.3,3.025
47.3,3.025
47.3,3.025
47.3,3.025
47.3,3.025
47.3,3.025
47.3,3.025
47.3,3.025
47.2,3.025
47.2,3.025
47.2,3.025
47.2,3.025
47.2,3.025
47.2,3.025
47.2,3.025
47.2,3.025
47.2,3.025
47.2,3.025
47.2,3.025
47.2,3.025
47.2,3.025
47.2,3.025
47.2,3.030
47.2,3.030
47.2,3.030
47.2,3.030
47.2,3.030
47.2,3.030
47.2,3.030
47.2,3.030
47.3,3.030
47.3,3.030
47.3,3.030
47.3,3.030
47.3,3.030
47.3,3.030
47.3,3.030
47.3,3.030
47.3,3.030
47.3,3.030
47.3,3.030
47.3,3.030
47.3,3.030
47.3,3.030
47.3,3.030
47.3,3.030
47.2,3.030
47.2,3.030
47.2,3.030
47.2,3.030
47.2,3.030
47.2,3.030
47.2,3.030
47.2,3.030
47.3,3.035
47.3,3.035
47.3,3.035
47.3,3.035
47.3,3.035
47.3,3.035
47.3,3.035
47.3,3.035
47.3,3.035
47.3,3.035
47.3,3.035
47.3,3.035
47.3,3.035
47.3,3.035
47.3,3.035
47.3,3.035
47.3,3.035
47.2,3.035
47.2,3.035
47.2,3.035
47.2,3.035
47.2,3.035
47.3,3.035
47.3,3.035
47.3,3.035
47.3,3.035
47.3,3.035
47.3,3.035
47.3,3.035
47.3,3.035
47.3,3.035
47.3,3.035
47.3,3.035
47.3,3.040
47.3,3.040
47.3,3.040
47.3,3.040
47.3,3.040
47.3,3.040
47.3,3.040
47.3,3.040
47.3,3.040
47.3,3.040
47.4,3.040
47.4,3.040
47.4,3.040
47.4,3.040
47.4,3.040
47.4,3.040
47.4,3.040
47.4,3.040
47.4,3.040
47.4,3.040
47.4,3.040
47.4,3.040
47.4,3.040
47.3,3.040
47.3,3.040
47.3,3.040
47.3,3.040
47.3,3.040
47.3,3.040
47.3,3.040
47.3,3.040
47.3,3.040
47.3,3.040
47.3,3.040
47.3,3.045
47.3,3.045
47.3,3.045
47.3,3.045
47.3,3.045
47.3,3.045
47.3,3.045
47.3,3.045
47.3,3.045
47.3,3.045
47.3,3.045
47.3,3.045
47.3,3.045
47.3,3.045
47.3,3.045
47.3,3.045
47.3,3.045
47.3,3.045
47.3,3.045
47.3,3.045
47.3,3.045
47.3,3.045
47.3,3.045
47.3,3.045
47.3,3.045
47.3,3.045
47.3,3.045
47.3,3.045
47.3,3.045
47.3,3.045
47.3,3.045
47.3,3.045
47.3,3.045
47.3,3.050
47.3,3.050
47.3,3.050
47.3,3.050
47.3,3.050
47.3,3.050
47.4,3.050
47.4,3.050
47.4,3.050
47.4,3.050
47.4,3.050
47.4,3.050
47.4,3.050
47.4,3.050
47.4,3.050
47.4,3.050
47.4,3.050
47.4,3.050
47.4,3.050
47.4,3.050
47.4,3.050
47.4,3.050
47.4,3.050
47.4,3.050
47.4,3.050
47.4,3.050
47.4,3.050
47.4,3.050
47.4,3.050
47.4,3.050
47.4,3.050
47.4,3.055
47.4,3.055
47.4,3.055
47.4,3.055
47.4,3.055
47.4,3.055
47.4,3.055
47.4,3.055
47.3,3.055
47.3,3.055
47.3,3.055
47.3,3.055
47.3,3.055
47.3,3.055
47.3,3.055
47.3,3.055
47.3,3.055
47.3,3.055
47.3,3.055
47.3,3.055
47.3,3.055
47.3,3.055
47.3,3.055
47.3,3.055
47.3,3.055
47.3,3.055
47.3,3.055
47.3,3.055
47.3,3.055
47.3,3.060
47.3,3.060
47.3,3.060
47.3,3.060
47.3,3.060
47.4,3.060
47.4,3.060
47.4,3.060
47.4,3.060
47.4,3.060
47.4,3.060
47.4,3.060
47.4,3.060
47.4,3.060
47.4,3.060
47.4,3.060
47.4,3.060
47.4,3.060
47.4,3.060
47.4,3.060
47.4,3.060
47.4,3.060
47.4,3.060
47.4,3.060
47.4,3.060
47.4,3.060
47.4,3.060
47.4,3.060
47.4,3.060
47.4,3.060
47.4,3.060
47.4,3.060
47.4,3.060
47.4,3.060
47.4,3.060
47.4,3.060
47.4,3.065
47.4,3.065
47.4,3.065
47.4,3.065
47.4,3.065
47.4,3.065
47.4,3.065
47.4,3.065
47.4,3.065
47.4,3.065
47.4,3.065
47.4,3.065
47.4,3.065
47.4,3.065
47.4,3.065
47.4,3.065
47.4,3.065
47.4,3.065
47.4,3.065
47.4,3.065
47.4,3.065
47.4,3.065
47.4,3.065
47.4,3.065
47.4,3.065
47.4,3.065
47.4,3.065
47.4,3.065
47.4,3.065
47.4,3.065
47.4,3.065
47.4,3.065
47.4,3.065
47.4,3.065
47.4,3.065
47.4,3.065
47.4,3.065
47.4,3.065
47.4,3.070
47.4,3.070
47.4,3.070
47.4,3.070
47.4,3.070
47.4,3.070
47.4,3.070
47.4,3.070
47.4,3.070
47.4,3.070
47.4,3.070
47.4,3.070
47.4,3.070
47.4,3.070
47.4,3.070
47.4,3.070
47.4,3.070
47.4,3.070
47.4,3.070
47.4,3.070
47.4,3.070
47.4,3.070
47.4,3.070
47.4,3.070
47.4,3.070
47.4,3.070
47.4,3.070
47.4,3.070
47.4,3.070
47.4,3.070
47.4,3.070
47.4,3.070
47.4,3.070
47.4,3.070
47.4,3.070
47.4,3.070
47.4,3.070
47.4,3.075
47.4,3.075
47.4,3.075
47.5,3.075
47.5,3.075
47.5,3.075
47.5,3.075
47.5,3.075
47.5,3.075
47.5,3.075
47.5,3.075
47.5,3.075
47.5,3.075
47.5,3.075
47.5,3.075
47.4,3.075
47.4,3.075
47.4,3.075
47.4,3.075
47.4,3.075
47.4,3.075
47.4,3.075
47.5,3.075
47.5,3.075
47.5,3.075
47.5,3.075
47.5,3.075
47.5,3.075
47.5,3.075
47.5,3.075
47.4,3.075
47.4,3.075
47.4,3.075
47.4,3.075
47.4,3.075
47.4,3.075
47.4,3.075
47.4,3.080
47.5,3.080
47.5,3.080
47.5,3.080
47.5,3.080
47.5,3.080
47.5,3.080
47.5,3.080
47.5,3.080
47.5,3.080
47.5,3.080
47.5,3.080
47.5,3.080
47.5,3.080
47.5,3.080
47.5,3.080
47.5,3.080
47.5,3.080
47.5,3.080
47.5,3.080
47.5,3.080
47.4,3.080
47.4,3.080
47.4,3.080
47.4,3.080
47.4,3.080
47.4,3.080
47.4,3.080
47.4,3.080
47.4,3.080
47.4,3.080
47.4,3.080
47.4,3.080
47.4,3.080
47.4,3.080
47.4,3.080
47.4,3.080
47.4,3.080
47.4,3.080
47.4,3.080
47.4,3.080
47.4,3.085
47.5,3.085
47.5,3.085
47.5,3.085
47.5,3.085
47.5,3.085
47.5,3.085
47.5,3.085
47.5,3.085
47.5,3.085
47.5,3.085
47.5,3.085
47.5,3.085
47.5,3.085
47.5,3.085
47.5,3.085
47.5,3.085
47.5,3.085
47.4,3.085
47.4,3.085
47.4,3.085
47.4,3.085
47.4,3.085
47.4,3.085
47.4,3.085
47.4,3.085
47.5,3.085
47.5,3.085
47.5,3.085
47.5,3.085
47.5,3.085
47.5,3.085
47.5,3.085
47.5,3.085
47.5,3.085
47.5,3.085
47.5,3.085
47.5,3.085
47.5,3.085
47.5,3.085
47.5,3.085
47.5,3.085
47.5,3.085
47.5,3.090
47.5,3.090
47.5,3.090
47.5,3.090
47.5,3.090
47.5,3.090
47.5,3.090
47.5,3.090
47.5,3.090
47.5,3.090
47.5,3.090
47.5,3.090
47.5,3.090
47.5,3.090
47.5,3.090
47.5,3.090
47.5,3.090
47.5,3.090
47.5,3.090
47.5,3.090
47.5,3.090
47.5,3.090
47.5,3.090
47.5,3.090
47.5,3.090
47.5,3.090
47.5,3.090
47.5,3.090
47.5,3.090
47.5,3.090
47.5,3.090
47.5,3.090
47.5,3.090
47.5,3.090
47.5,3.090
47.5,3.090
47.5,3.090
47.5,3.090
47.5,3.090
47.5,3.090
47.5,3.090
47.5,3.090
47.5,3.090
47.5,3.090
47.5,3.090
47.5,3.090
47.5,3.095
47.5,3.095
47.5,3.095
47.5,3.095
47.5,3.095
47.5,3.095
47.5,3.095
47.5,3.095
47.5,3.095
47.5,3.095
47.5,3.095
47.5,3.095
47.5,3.095
47.5,3.095
47.5,3.095
47.5,3.095
47.5,3.095
47.5,3.095
47.5,3.095
47.5,3.095
47.5,3.095
47.5,3.095
47.5,3.095
47.5,3.095
47.5,3.095
47.5,3.095
47.5,3.095
47.5,3.095
47.5,3.095
47.5,3.095
47.5,3.095
47.5,3.095
47.5,3.095
47.6,3.095
47.6,3.095
47.6,3.095
47.6,3.095
47.6,3.095
47.6,3.095
47.6,3.095
47.6,3.095
47.6,3.095
47.6,3.095
47.6,3.095
47.6,3.095
47.6,3.095
47.6,3.095
47.6,3.095
47.6,3.095
47.6,3.095
47.6,3.095
47.5,3.100
47.5,3.100
47.5,3.100
47.5,3.100
47.5,3.100
47.5,3.100
47.5,3.100
47.5,3.100
47.5,3.100
47.5,3.100
47.5,3.100
47.5,3.100
47.5,3.100
47.5,3.100
47.5,3.100
47.5,3.100
47.5,3.100
47.5,3.100
47.5,3.100
47.5,3.100
47.5,3.100
47.5,3.100
47.5,3.100
47.5,3.100
47.5,3.100
47.5,3.100
47.5,3.100
47.5,3.100
47.5,3.100
47.5,3.100
47.6,3.100
47.6,3.100
47.6,3.100
47.6,3.100
47.6,3.100
47.6,3.100
47.6,3.100
47.6,3.100
47.6,3.100
47.6,3.100
47.6,3.100
47.6,3.100
47.6,3.100
47.6,3.100
47.6,3.100
47.6,3.100
47.6,3.100
47.6,3.100
47.6,3.100
47.6,3.105
47.6,3.105
47.6,3.105
47.6,3.105
47.6,3.105
47.6,3.105
47.6,3.105
47.6,3.105
47.6,3.105
47.6,3.105
47.6,3.105
47.6,3.105
47.6,3.105
47.6,3.105
47.6,3.105
47.6,3.105
47.6,3.105
47.6,3.105
47.6,3.105
47.6,3.105
47.6,3.105
47.6,3.105
47.6,3.105
47.6,3.105
47.6,3.105
47.6,3.105
47.6,3.105
47.6,3.105
47.6,3.105
47.6,3.105
47.6,3.105
47.6,3.105
47.6,3.105
47.6,3.105
47.6,3.105
47.6,3.105
47.6,3.105
47.6,3.105
47.6,3.105
47.6,3.105
47.6,3.105
47.6,3.105
47.6,3.105
47.6,3.105
47.6,3.105
47.6,3.105
47.6,3.105
47.6,3.105
47.6,3.105
47.6,3.105
47.6,3.105
47.6,3.105
47.6,3.105
47.6,3.110
47.6,3.110
47.6,3.110
47.6,3.110
47.6,3.110
47.6,3.110
47.6,3.110
47.6,3.110
47.6,3.110
47.6,3.110
47.6,3.110
47.6,3.110
47.6,3.110
47.6,3.110
47.6,3.110
47.6,3.110
47.6,3.110
47.6,3.110
47.6,3.110
47.6,3.110
47.6,3.110
47.6,3.110
47.6,3.110
47.6,3.110
47.6,3.110
47.6,3.110
47.6,3.110
47.6,3.110
47.6,3.110
47.6,3.110
47.6,3.110
47.6,3.110
47.6,3.110
47.6,3.110
47.6,3.110
47.6,3.110
47.6,3.110
47.6,3.110
47.6,3.110
47.6,3.110
47.6,3.110
47.6,3.110
47.6,3.110
47.6,3.110
47.6,3.110
47.6,3.110
47.6,3.110
47.6,3.110
47.6,3.110
47.6,3.110
47.6,3.110
47.6,3.110
47.6,3.110
47.6,3.110
47.6,3.110
47.6,3.110
47.6,3.110
47.6,3.110
47.6,3.115
47.6,3.115
47.6,3.115
47.6,3.115
47.6,3.115
47.6,3.115
47.6,3.115
47.6,3.115
47.6,3.115
47.6,3.115
47.6,3.115
47.6,3.115
47.6,3.115
47.6,3.115
47.6,3.115
47.6,3.115
47.6,3.115
47.6,3.115
47.6,3.115
47.6,3.115
47.6,3.115
47.6,3.115
47.6,3.115
47.6,3.115
47.6,3.115
47.6,3.115
47.6,3.115
47.6,3.115
47.6,3.115
47.6,3.115
47.6,3.115
47.6,3.115
47.6,3.115
47.6,3.115
47.6,3.115
47.6,3.115
47.6,3.115
47.6,3.115
47.6,3.115
47.6,3.115
47.6,3.115
47.6,3.115
47.6,3.115
47.6,3.115
47.6,3.115
47.6,3.115
47.6,3.115
47.6,3.115
47.6,3.115
47.6,3.115
47.6,3.115
47.6,3.115
47.6,3.115
47.6,3.115
47.6,3.115
47.6,3.115
47.6,3.115
47.6,3.115
47.6,3.115
47.6,3.115
47.6,3.120
47.6,3.120
47.6,3.120
47.6,3.120
47.6,3.120
47.6,3.120
47.6,3.120
47.6,3.120
47.6,3.120
47.6,3.120
47.6,3.120
47.6,3.120
47.6,3.120
47.6,3.120
47.6,3.120
47.6,3.120
47.6,3.120
47.6,3.120
47.6,3.120
47.6,3.120
47.6,3.120
47.6,3.120
47.6,3.120
47.6,3.120
47.6,3.120
47.6,3.120
47.6,3.120
47.6,3.120
47.6,3.120
47.6,3.120
47.7,3.120
47.7,3.120
47.7,3.120
47.7,3.120
47.7,3.120
47.7,3.120
47.7,3.120
47.7,3.120
47.7,3.120
47.7,3.120
47.7,3.120
47.7,3.120
47.7,3.120
47.7,3.120
47.7,3.120
47.7,3.120
47.7,3.120
47.7,3.120
47.7,3.120
47.7,3.120
47.7,3.120
47.7,3.120
47.7,3.120
47.7,3.120
47.7,3.120
47.7,3.120
47.7,3.120
47.7,3.120
47.7,3.120
47.7,3.120
47.7,3.125
47.7,3.125
47.7,3.125
47.7,3.125
47.7,3.125
47.7,3.125
47.7,3.125
47.7,3.125
47.7,3.125
47.7,3.125
47.7,3.125
47.7,3.125
47.7,3.125
47.7,3.125
47.7,3.125
47.7,3.125
47.7,3.125
47.7,3.125
47.7,3.125
47.7,3.125
47.7,3.125
47.7,3.125
47.7,3.125
47.7,3.125
47.7,3.125
47.7,3.125
47.7,3.125
47.7,3.125
47.7,3.125
47.7,3.125
47.7,3.125
47.7,3.125
47.7,3.125
47.7,3.125
47.7,3.125
47.7,3.125
47.7,3.125
47.7,3.125
47.7,3.125
47.7,3.125
47.7,3.125
47.7,3.125
47.7,3.125
47.7,3.125
47.7,3.125
47.7,3.125
47.7,3.125
47.7,3.125
47.7,3.125
47.7,3.125
47.7,3.125
47.7,3.125
47.7,3.125
47.7,3.125
47.7,3.125
47.7,3.125
47.7,3.130
47.7,3.130
47.7,3.130
47.7,3.130
47.7,3.130
47.7,3.130
47.7,3.130
47.7,3.130
47.7,3.130
47.7,3.130
47.7,3.130
47.7,3.130
47.7,3.130
47.7,3.130
47.7,3.130
47.7,3.130
47.7,3.130
47.7,3.130
47.7,3.130
47.7,3.130
47.7,3.130
47.7,3.130
47.7,3.130
47.7,3.130
47.7,3.130
47.7,3.130
47.7,3.130
47.7,3.130
47.7,3.130
47.7,3.130
47.7,3.130
47.7,3.130
47.7,3.130
47.7,3.130
47.7,3.130
47.7,3.130
47.7,3.130
47.7,3.130
47.7,3.130
47.7,3.130
47.8,3.130
47.8,3.130
47.8,3.130
47.8,3.130
47.8,3.130
47.8,3.130
47.8,3.130
47.8,3.130
47.8,3.130
47.8,3.130
47.8,3.130
47.8,3.135
47.8,3.135
47.8,3.135
47.7,3.135
47.7,3.135
47.7,3.135
47.7,3.135
47.7,3.135
47.7,3.135
47.7,3.135
47.7,3.135
47.7,3.135
47.7,3.135
47.7,3.135
47.7,3.135
47.7,3.135
47.7,3.135
47.7,3.135
47.7,3.135
47.7,3.135
47.7,3.135
47.7,3.135
47.7,3.135
47.7,3.135
47.7,3.135
47.7,3.135
47.7,3.135
47.7,3.135
47.7,3.135
47.7,3.135
47.7,3.135
47.7,3.135
47.7,3.135
47.7,3.135
47.7,3.135
47.7,3.135
47.7,3.135
47.7,3.135
47.7,3.135
47.7,3.135
47.7,3.135
47.7,3.135
47.7,3.135
47.7,3.135
47.7,3.135
47.7,3.140
47.7,3.140
47.7,3.140
47.7,3.140
47.7,3.140
47.7,3.140
47.7,3.140
47.7,3.140
47.7,3.140
47.7,3.140
47.7,3.140
47.7,3.140
47.7,3.140
47.7,3.140
47.7,3.140
47.7,3.140
47.7,3.140
47.7,3.140
47.7,3.140
47.7,3.140
47.7,3.140
47.7,3.140
47.7,3.140
47.7,3.140
47.7,3.140
47.7,3.140
47.7,3.140
47.8,3.140
47.8,3.140
47.8,3.140
47.8,3.140
47.8,3.140
47.8,3.140
47.8,3.140
47.8,3.140
47.8,3.140
47.8,3.140
47.8,3.140
47.8,3.140
47.8,3.140
47.8,3.140
47.8,3.140
47.8,3.140
47.8,3.140
47.8,3.140
47.8,3.140
47.8,3.140
47.8,3.140
47.8,3.140
47.8,3.140
47.8,3.145
47.8,3.145
47.8,3.145
47.8,3.145
47.7,3.145
47.7,3.145
47.6,3.145
47.6,3.145
47.5,3.145
47.5,3.145
47.5,3.145
47.5,3.145
47.5,3.145
47.5,3.145
47.5,3.145
47.5,3.145
47.6,3.145
47.6,3.145
47.7,3.145
47.7,3.145
47.7,3.145
47.7,3.145
47.7,3.145
47.7,3.145
47.7,3.145
47.7,3.145
47.6,3.145
47.6,3.145
47.5,3.145
47.5,3.145
47.5,3.145
47.5,3.145
47.5,3.145
47.5,3.145
47.5,3.145
47.6,3.145
47.6,3.145
47.7,3.145
47.7,3.145
47.7,3.145
47.7,3.145
47.8,3.145
47.8,3.145
47.8,3.145
47.7,3.145
47.7,3.145
47.6,3.145
47.6,3.145
47.6,3.145
47.6,3.150
47.6,3.150
47.6,3.150
47.6,3.150
47.6,3.150
47.6,3.150
47.6,3.150
47.6,3.150
47.6,3.150
47.6,3.150
47.6,3.150
47.7,3.150
47.7,3.150
47.7,3.150
47.7,3.150
47.7,3.150
47.7,3.150
47.7,3.150
47.6,3.150
47.7,3.150
47.6,3.150
47.6,3.150
47.6,3.150
47.5,3.150
47.5,3.150
47.5,3.150
47.6,3.150
47.6,3.150
47.7,3.150
47.7,3.150
47.7,3.150
47.7,3.150
47.7,3.150
47.7,3.150
47.7,3.150
47.7,3.150
47.7,3.150
47.7,3.150
47.7,3.150
47.7,3.150
47.7,3.150
47.7,3.150
47.6,3.150
47.6,3.150
47.6,3.155
47.6,3.155
47.6,3.155
47.6,3.155
47.6,3.155
47.6,3.155
47.6,3.155
47.7,3.155
47.7,3.155
47.7,3.155
47.7,3.155
47.7,3.155
47.7,3.155
47.7,3.155
47.7,3.155
47.7,3.155
47.7,3.155
47.7,3.155
47.7,3.155
47.7,3.155
47.7,3.155
47.7,3.155
47.7,3.155
47.7,3.155
47.7,3.155
47.7,3.155
47.7,3.155
47.7,3.155
47.7,3.155
47.7,3.155
47.7,3.155
47.7,3.155
47.7,3.155
47.7,3.155
47.7,3.155
47.7,3.155
47.7,3.155
47.7,3.155
47.7,3.155
47.7,3.155
47.7,3.155
47.7,3.155
47.7,3.155
47.7,3.160
47.7,3.160
47.7,3.160
47.7,3.160
47.7,3.160
47.7,3.160
47.7,3.160
47.7,3.160
47.7,3.160
47.7,3.160
47.7,3.160
47.7,3.160
47.7,3.160
47.7,3.160
47.7,3.160
47.7,3.160
47.7,3.160
47.7,3.160
47.7,3.160
47.7,3.160
47.7,3.160
47.7,3.160
47.7,3.160
47.7,3.160
47.7,3.160
47.7,3.160
47.7,3.160
47.7,3.160
47.7,3.160
47.7,3.160
47.7,3.160
47.7,3.160
47.7,3.160
47.7,3.160
47.7,3.160
47.7,3.160
47.7,3.160
47.7,3.160
47.7,3.160
47.7,3.160
47.7,3.160
47.7,3.160
47.7,3.165
47.7,3.165
47.7,3.165
47.7,3.165
47.7,3.165
47.7,3.165
47.7,3.165
47.7,3.165
47.7,3.165
47.7,3.165
47.7,3.165
47.7,3.165
47.7,3.165
47.7,3.165
47.7,3.165
47.7,3.165
47.7,3.165
47.7,3.165
47.7,3.165
47.7,3.165
47.7,3.165
47.7,3.165
47.7,3.165
47.7,3.165
47.7,3.165
47.7,3.165
47.7,3.165
47.7,3.165
47.7,3.165
47.7,3.165
47.7,3.165
47.7,3.165
47.7,3.165
47.7,3.165
47.7,3.165
47.7,3.165
47.7,3.165
47.7,3.165
47.7,3.165
47.7,3.170
47.7,3.170
47.7,3.170
47.7,3.170
47.7,3.170
47.8,3.170
47.8,3.170
47.8,3.170
47.8,3.170
47.8,3.170
47.8,3.170
47.8,3.170
47.8,3.170
47.8,3.170
47.8,3.170
47.8,3.170
47.8,3.170
47.8,3.170
47.8,3.170
47.8,3.170
47.8,3.170
47.8,3.170
47.8,3.170
47.8,3.170
47.8,3.170
47.8,3.170
47.8,3.170
47.8,3.170
47.8,3.170
47.8,3.170
47.8,3.170
47.8,3.170
47.8,3.170
47.8,3.170
47.8,3.170
47.8,3.175
47.8,3.175
47.8,3.175
47.8,3.175
47.8,3.175
47.8,3.175
47.8,3.175
47.8,3.175
47.8,3.175
47.8,3.175
47.8,3.175
47.8,3.175
47.8,3.175
47.8,3.175
47.8,3.175
47.8,3.175
47.8,3.175
47.8,3.175
47.8,3.175
47.8,3.175
47.8,3.175
47.8,3.175
47.8,3.175
47.8,3.175
47.8,3.175
47.8,3.175
47.8,3.175
47.8,3.175
47.8,3.175
47.8,3.175
47.8,3.175
47.8,3.175
47.8,3.175
47.8,3.175
47.8,3.175
47.8,3.175
47.8,3.175
47.8,3.175
47.8,3.180
47.8,3.180
47.8,3.180
47.8,3.180
47.8,3.180
47.8,3.180
47.8,3.180
47.8,3.180
47.8,3.180
47.8,3.180
47.8,3.180
47.8,3.180
47.8,3.180
47.8,3.180
47.8,3.180
47.8,3.180
47.8,3.180
47.8,3.180
47.8,3.180
47.8,3.180
47.8,3.180
47.8,3.180
47.8,3.180
47.8,3.180
47.8,3.180
47.8,3.180
47.8,3.180
47.9,3.180
47.9,3.180
47.8,3.180
47.8,3.180
47.8,3.180
47.8,3.180
47.8,3.180
47.8,3.180
47.8,3.180
47.8,3.180
47.8,3.180
47.8,3.185
47.8,3.185
47.8,3.185
47.8,3.185
47.8,3.185
47.8,3.185
47.8,3.185
47.8,3.185
47.8,3.185
47.8,3.185
47.8,3.185
47.8,3.185
47.8,3.185
47.8,3.185
47.8,3.185
47.8,3.185
47.9,3.185
47.9,3.185
47.9,3.185
47.9,3.185
47.9,3.185
47.9,3.185
47.9,3.185
47.9,3.185
47.9,3.185
47.9,3.185
47.9,3.185
47.9,3.185
47.9,3.185
47.9,3.185
47.9,3.185
47.9,3.185
47.9,3.185
47.9,3.185
47.9,3.185
47.9,3.185
47.9,3.185
47.9,3.190
47.9,3.190
47.9,3.190
47.9,3.190
47.9,3.190
47.9,3.190
47.9,3.190
47.9,3.190
47.9,3.190
47.9,3.190
47.9,3.190
47.9,3.190
47.9,3.190
47.9,3.190
47.9,3.190
47.9,3.190
47.9,3.190
47.9,3.190
47.9,3.190
47.9,3.190
47.9,3.190
47.9,3.190
47.9,3.190
47.9,3.190
47.9,3.190
47.9,3.190
47.9,3.190
47.9,3.190
47.9,3.190
47.9,3.190
47.9,3.190
47.8,3.190
47.8,3.190
47.8,3.190
47.8,3.195
47.8,3.195
47.8,3.195
47.8,3.195
47.8,3.195
47.8,3.195
47.8,3.195
47.8,3.195
47.8,3.195
47.8,3.195
47.8,3.195
47.8,3.195
47.8,3.195
47.8,3.195
47.8,3.195
47.8,3.195
47.8,3.195
47.8,3.195
47.8,3.195
47.8,3.195
47.8,3.195
47.8,3.195
47.8,3.195
47.8,3.195
47.8,3.195
47.8,3.195
47.8,3.195
47.8,3.195
47.8,3.195
47.8,3.195
47.8,3.195
47.8,3.195
47.8,3.195
47.9,3.200
47.9,3.200
47.9,3.200
47.9,3.200
47.9,3.200
47.9,3.200
47.9,3.200
47.9,3.200
47.9,3.200
47.9,3.200
47.9,3.200
47.9,3.200
47.9,3.200
47.9,3.200
47.9,3.200
47.9,3.200
47.9,3.200
47.9,3.200
47.9,3.200
47.9,3.200
47.9,3.200
47.9,3.200
47.9,3.200
47.9,3.200
47.9,3.200
47.9,3.200
47.9,3.200
47.9,3.200
47.9,3.200
47.9,3.200
47.9,3.200
47.9,3.200
47.9,3.200
47.9,3.205
47.9,3.205
47.9,3.205
47.9,3.205
47.9,3.205
47.9,3.205
47.9,3.205
47.9,3.205
47.9,3.205
47.9,3.205
47.9,3.205
47.9,3.205
47.9,3.205
47.9,3.205
47.9,3.205
47.9,3.205
47.9,3.205
47.9,3.205
47.9,3.205
47.9,3.205
47.9,3.205
47.9,3.205
47.9,3.205
47.9,3.205
47.9,3.205
47.9,3.205
47.9,3.205
47.9,3.205
47.9,3.205
47.9,3.205
47.9,3.205
47.9,3.205
47.9,3.210
47.9,3.210
47.9,3.210
47.9,3.210
47.9,3.210
47.9,3.210
47.9,3.210
47.9,3.210
47.9,3.210
47.9,3.210
47.9,3.210
47.9,3.210
47.9,3.210
47.9,3.210
47.9,3.210
47.9,3.210
47.9,3.210
47.9,3.210
47.9,3.210
47.9,3.210
47.9,3.210
47.9,3.210
47.9,3.210
47.9,3.210
47.9,3.210
47.9,3.210
47.9,3.210
47.9,3.210
47.9,3.210
47.9,3.210
47.9,3.215
47.9,3.215
47.9,3.215
47.9,3.215
47.9,3.215
47.9,3.215
47.9,3.215
47.9,3.215
47.9,3.215
47.9,3.215
47.9,3.215
47.9,3.215
47.9,3.215
47.9,3.215
47.9,3.215
47.9,3.215
47.9,3.215
47.9,3.215
47.9,3.215
47.9,3.215
47.9,3.215
47.9,3.215
47.9,3.215
47.9,3.215
47.9,3.215
47.9,3.215
47.9,3.220
47.9,3.220
47.9,3.220
47.9,3.220
47.9,3.220
47.9,3.220
47.9,3.220
47.9,3.220
47.9,3.220
47.9,3.220
47.9,3.220
47.9,3.220
47.9,3.220
47.9,3.220
47.9,3.220
47.9,3.220
47.9,3.220
47.9,3.220
47.9,3.220
47.9,3.220
47.9,3.220
47.9,3.220
47.9,3.220
47.9,3.220
47.9,3.220
47.9,3.220
47.9,3.220
47.9,3.220
47.9,3.220
47.9,3.220
47.9,3.220
47.9,3.225
47.9,3.225
47.9,3.225
47.9,3.225
47.9,3.225
47.9,3.225
47.9,3.225
47.9,3.225
47.9,3.225
47.9,3.225
47.9,3.225
47.9,3.225
47.9,3.225
47.9,3.225
47.9,3.225
47.9,3.225
47.9,3.225
47.9,3.225
47.9,3.225
47.9,3.225
47.9,3.225
47.9,3.225
47.9,3.225
47.9,3.225
47.9,3.225
47.9,3.225
47.9,3.225
47.9,3.225
47.9,3.225
47.9,3.225
47.9,3.225
47.9,3.230
47.9,3.230
47.9,3.230
47.9,3.230
47.9,3.230
47.9,3.230
48.0,3.230
48.0,3.230
48.0,3.230
48.0,3.230
48.0,3.230
48.0,3.230
48.0,3.230
47.9,3.230
47.9,3.230
47.9,3.230
47.9,3.230
47.9,3.230
47.9,3.230
47.9,3.230
48.0,3.230
48.0,3.230
48.0,3.230
48.0,3.230
48.0,3.230
48.0,3.230
48.0,3.230
48.0,3.230
48.0,3.230
48.0,3.230
48.0,3.230
48.0,3.235
47.9,3.235
47.9,3.235
47.9,3.235
47.9,3.235
47.9,3.235
47.9,3.235
47.9,3.235
47.9,3.235
47.9,3.235
47.9,3.235
47.9,3.235
48.0,3.235
48.0,3.235
48.0,3.235
48.0,3.235
48.0,3.235
48.0,3.235
48.0,3.235
48.0,3.235
48.0,3.235
48.0,3.235
48.0,3.235
48.0,3.235
47.9,3.235
47.9,3.235
47.9,3.235
47.9,3.235
47.9,3.235
47.9,3.235
47.9,3.235
47.9,3.235
47.9,3.240
48.0,3.240
48.0,3.240
48.0,3.240
48.0,3.240
48.0,3.240
48.0,3.240
48.0,3.240
48.0,3.240
48.0,3.240
48.0,3.240
48.0,3.240
48.0,3.240
48.0,3.240
48.0,3.240
48.0,3.240
48.0,3.240
48.0,3.240
48.0,3.240
48.0,3.240
48.0,3.240
48.0,3.240
48.0,3.240
48.0,3.240
48.0,3.240
48.0,3.240
48.0,3.240
48.0,3.240
48.0,3.240
48.0,3.240
48.0,3.240
48.0,3.240
48.0,3.240
48.0,3.240
48.0,3.245
48.0,3.245
48.0,3.245
48.0,3.245
48.0,3.245
48.0,3.245
48.0,3.245
48.0,3.245
48.0,3.245
48.0,3.245
48.0,3.245
48.0,3.245
48.0,3.245
48.0,3.245
48.0,3.245
48.0,3.245
48.0,3.245
48.0,3.245
48.0,3.245
48.0,3.245
48.0,3.245
48.0,3.245
48.0,3.245
48.0,3.245
48.0,3.245
48.0,3.245
48.0,3.245
48.0,3.245
48.0,3.245
48.0,3.245
48.0,3.245
48.0,3.245
48.0,3.245
48.1,3.245
48.1,3.245
48.1,3.245
48.1,3.250
48.1,3.250
48.1,3.250
48.0,3.250
48.0,3.250
48.0,3.250
48.0,3.250
48.0,3.250
48.0,3.250
48.0,3.250
48.0,3.250
48.0,3.250
48.1,3.250
48.1,3.250
48.1,3.250
48.1,3.250
48.1,3.250
48.1,3.250
48.1,3.250
48.1,3.250
48.1,3.250
48.1,3.250
48.1,3.250
48.1,3.250
48.1,3.250
48.1,3.250
48.1,3.250
48.1,3.250
48.1,3.250
48.1,3.250
48.1,3.250
48.1,3.250
48.1,3.250
48.1,3.250
48.1,3.250
48.1,3.250
48.1,3.255
48.1,3.255
48.1,3.255
48.1,3.255
48.1,3.255
48.1,3.255
48.1,3.255
48.1,3.255
48.1,3.255
48.1,3.255
48.1,3.255
48.1,3.255
48.1,3.255
48.1,3.255
48.1,3.255
48.1,3.255
48.1,3.255
48.1,3.255
48.1,3.255
48.1,3.255
48.1,3.255
48.1,3.255
48.1,3.255
48.1,3.255
48.1,3.255
48.1,3.255
48.1,3.255
48.1,3.255
48.1,3.255
48.1,3.255
48.1,3.255
48.1,3.255
48.1,3.255
48.1,3.255
48.1,3.255
48.1,3.255
48.1,3.255
48.1,3.255
48.1,3.255
48.1,3.255
48.1,3.255
48.1,3.255
48.1,3.260
48.1,3.260
48.1,3.260
48.1,3.260
48.1,3.260
48.1,3.260
48.1,3.260
48.1,3.260
48.1,3.260
48.1,3.260
48.1,3.260
48.1,3.260
48.1,3.260
48.1,3.260
48.1,3.260
48.1,3.260
48.1,3.260
48.1,3.260
48.1,3.260
48.1,3.260
48.1,3.260
48.1,3.260
48.1,3.260
48.1,3.260
48.1,3.260
48.1,3.260
48.1,3.260
48.1,3.260
48.1,3.260
48.1,3.260
48.1,3.260
48.1,3.260
48.1,3.260
48.1,3.260
48.1,3.260
48.1,3.260
48.1,3.260
48.1,3.260
48.1,3.260
48.1,3.260
48.1,3.260
48.1,3.260
48.1,3.260
48.1,3.260
48.1,3.260
48.1,3.260
48.1,3.260
48.1,3.265
48.1,3.265
48.1,3.265
48.1,3.265
48.1,3.265
48.1,3.265
48.1,3.265
48.1,3.265
48.1,3.265
48.2,3.265
48.2,3.265
48.2,3.265
48.2,3.265
48.2,3.265
48.2,3.265
48.2,3.265
48.2,3.265
48.2,3.265
48.2,3.265
48.2,3.265
48.2,3.265
48.2,3.265
48.2,3.265
48.2,3.265
48.2,3.265
48.2,3.265
48.1,3.265
48.1,3.265
48.1,3.265
48.1,3.265
48.1,3.265
48.1,3.265
48.1,3.265
48.1,3.265
48.1,3.265
48.1,3.265
48.1,3.265
48.1,3.265
48.1,3.265
48.1,3.265
48.1,3.265
48.1,3.265
48.1,3.265
48.1,3.265
48.1,3.265
48.1,3.265
48.1,3.265
48.1,3.265
48.1,3.265
48.1,3.265
48.1,3.265
48.1,3.270
48.1,3.270
48.1,3.270
48.1,3.270
48.1,3.270
48.1,3.270
48.1,3.270
48.1,3.270
48.1,3.270
48.1,3.270
48.1,3.270
48.1,3.270
48.1,3.270
48.1,3.270
48.1,3.270
48.1,3.270
48.1,3.270
48.1,3.270
48.1,3.270
48.1,3.270
48.1,3.270
48.1,3.270
48.1,3.270
48.1,3.270
48.1,3.270
48.1,3.270
48.2,3.270
48.2,3.270
48.2,3.270
48.2,3.270
48.2,3.270
48.2,3.270
48.2,3.270
48.2,3.270
48.2,3.270
48.2,3.270
48.2,3.270
48.2,3.270
48.2,3.270
48.2,3.270
48.2,3.270
48.2,3.270
48.2,3.270
48.2,3.270
48.2,3.270
48.2,3.270
48.2,3.270
48.2,3.270
48.2,3.275
48.2,3.275
48.2,3.275
48.2,3.275
48.2,3.275
48.2,3.275
48.2,3.275
48.2,3.275
48.2,3.275
48.2,3.275
48.2,3.275
48.2,3.275
48.2,3.275
48.2,3.275
48.2,3.275
48.2,3.275
48.2,3.275
48.2,3.275
48.2,3.275
48.2,3.275
48.2,3.275
48.2,3.275
48.2,3.275
48.2,3.275
48.2,3.275
48.2,3.275
48.2,3.275
48.2,3.275
48.2,3.275
48.2,3.275
48.2,3.275
48.2,3.275
48.2,3.275
48.2,3.275
48.2,3.275
48.2,3.275
48.2,3.275
48.2,3.275
48.2,3.275
48.2,3.275
48.2,3.275
48.2,3.275
48.2,3.275
48.2,3.275
48.2,3.275
48.2,3.280
48.2,3.280
48.2,3.280
48.2,3.280
48.2,3.280
48.2,3.280
48.2,3.280
48.2,3.280
48.1,3.280
48.1,3.280
48.1,3.280
48.1,3.280
48.1,3.280
48.2,3.280
48.2,3.280
48.2,3.280
48.2,3.280
48.2,3.280
48.2,3.280
48.2,3.280
48.2,3.280
48.2,3.280
48.2,3.280
48.2,3.280
48.2,3.280
48.2,3.280
48.2,3.280
48.2,3.280
48.2,3.280
48.2,3.280
48.2,3.280
48.2,3.280
48.2,3.280
48.2,3.280
48.2,3.280
48.2,3.280
48.2,3.280
48.2,3.280
48.2,3.280
48.2,3.280
48.2,3.280
48.2,3.280
48.2,3.280
48.2,3.280
48.2,3.280
48.2,3.280
48.2,3.285
48.2,3.285
48.2,3.285
48.2,3.285
48.2,3.285
48.2,3.285
48.2,3.285
48.2,3.285
48.2,3.285
48.2,3.285
48.2,3.285
48.2,3.285
48.2,3.285
48.2,3.285
48.2,3.285
48.2,3.285
48.2,3.285
48.2,3.285
48.2,3.285
48.2,3.285
48.2,3.285
48.2,3.285
48.2,3.285
48.2,3.285
48.2,3.285
48.2,3.285
48.2,3.285
48.2,3.285
48.2,3.285
48.2,3.285
48.2,3.285
48.2,3.285
48.2,3.285
48.2,3.285
48.2,3.285
48.2,3.285
48.3,3.285
48.3,3.285
48.3,3.285
48.3,3.285
48.2,3.285
48.2,3.290
48.2,3.290
48.2,3.290
48.2,3.290
48.2,3.290
48.2,3.290
48.2,3.290
48.2,3.290
48.2,3.290
48.2,3.290
48.2,3.290
48.2,3.290
48.2,3.290
48.2,3.290
48.2,3.290
48.2,3.290
48.2,3.290
48.2,3.290
48.2,3.290
48.2,3.290
48.2,3.290
48.2,3.290
48.2,3.290
48.2,3.290
48.2,3.290
48.2,3.290
48.2,3.290
48.2,3.290
48.2,3.290
48.2,3.290
48.2,3.290
48.2,3.290
48.2,3.290
48.2,3.290
48.2,3.290
48.2,3.295
48.2,3.295
48.2,3.295
48.2,3.295
48.2,3.295
48.2,3.295
48.2,3.295
48.2,3.295
48.2,3.295
48.2,3.295
48.2,3.295
48.2,3.295
48.2,3.295
48.2,3.295
48.2,3.295
48.2,3.295
48.2,3.295
48.2,3.295
48.2,3.295
48.2,3.295
48.2,3.295
48.2,3.295
48.2,3.295
48.2,3.295
48.2,3.295
48.2,3.295
48.2,3.295
48.2,3.295
48.2,3.295
48.2,3.295
48.2,3.295
48.2,3.295
48.2,3.300
48.2,3.300
48.2,3.300
48.2,3.300
48.2,3.300
48.2,3.300
48.2,3.300
48.2,3.300
48.2,3.300
48.2,3.300
48.2,3.300
48.2,3.300
48.2,3.300
48.2,3.300
48.2,3.300
48.2,3.300
48.2,3.300
48.2,3.300
48.2,3.300
48.2,3.300
48.2,3.300
48.2,3.300
48.2,3.300
48.2,3.300
48.2,3.300
48.2,3.300
48.2,3.300
48.2,3.300
48.2,3.300
48.2,3.300
48.2,3.300
48.2,3.300
48.2,3.300
48.2,3.300
48.2,3.300
48.2,3.305
48.2,3.305
48.2,3.305
48.2,3.305
48.2,3.305
48.2,3.305
48.2,3.305
48.2,3.305
48.2,3.305
48.2,3.305
48.2,3.305
48.2,3.305
48.2,3.305
48.2,3.305
48.2,3.305
48.2,3.305
48.2,3.305
48.2,3.305
48.2,3.305
48.2,3.305
48.2,3.305
48.2,3.305
48.2,3.305
48.2,3.305
48.2,3.305
48.2,3.305
48.2,3.305
48.2,3.305
48.2,3.305
48.2,3.305
48.2,3.305
48.2,3.305
48.2,3.305
48.2,3.305
48.2,3.310
48.2,3.310
48.2,3.310
48.2,3.310
48.2,3.310
48.2,3.310
48.2,3.310
48.2,3.310
48.2,3.310
48.2,3.310
48.2,3.310
48.2,3.310
48.2,3.310
48.2,3.310
48.2,3.310
48.2,3.310
48.2,3.310
48.2,3.310
48.3,3.310
48.3,3.310
48.3,3.310
48.3,3.310
48.3,3.310
48.3,3.310
48.3,3.310
48.3,3.310
48.3,3.310
48.3,3.310
48.3,3.310
48.3,3.310
48.3,3.315
48.3,3.315
48.3,3.315
48.3,3.315
48.3,3.315
48.3,3.315
48.3,3.315
48.3,3.315
48.3,3.315
48.3,3.315
48.3,3.315
48.3,3.315
48.3,3.315
48.3,3.315
48.3,3.315
48.3,3.315
48.3,3.315
48.3,3.315
48.3,3.315
48.3,3.315
48.3,3.315
48.3,3.315
48.3,3.315
48.3,3.315
48.3,3.315
48.3,3.315
48.3,3.315
48.3,3.315
48.3,3.320
48.3,3.320
48.3,3.320
48.3,3.320
48.3,3.320
48.3,3.320
48.3,3.320
48.3,3.320
48.3,3.320
48.3,3.320
48.3,3.320
48.3,3.320
48.3,3.320
48.3,3.320
48.3,3.320
48.3,3.320
48.3,3.320
48.3,3.320
48.3,3.320
48.3,3.320
48.3,3.320
48.3,3.320
48.3,3.320
48.3,3.320
48.3,3.320
48.3,3.320
48.3,3.320
48.3,3.320
48.3,3.320
48.3,3.320
48.3,3.325
48.3,3.325
48.3,3.325
48.3,3.325
48.3,3.325
48.3,3.325
48.3,3.325
48.3,3.325
48.3,3.325
48.3,3.325
48.3,3.325
48.3,3.325
48.3,3.325
48.3,3.325
48.3,3.325
48.3,3.325
48.3,3.325
48.3,3.325
48.3,3.325
48.3,3.325
48.3,3.325
48.3,3.325
48.3,3.325
48.3,3.325
48.3,3.325
48.3,3.325
48.3,3.325
48.3,3.325
48.3,3.325
48.3,3.325
48.3,3.330
48.3,3.330
48.3,3.330
48.3,3.330
48.3,3.330
48.3,3.330
48.3,3.330
48.3,3.330
48.3,3.330
48.3,3.330
48.3,3.330
48.3,3.330
48.3,3.330
48.3,3.330
48.3,3.330
48.3,3.330
48.3,3.330
48.3,3.330
48.3,3.330
48.3,3.330
48.3,3.330
48.3,3.330
48.3,3.330
48.3,3.330
48.3,3.330
48.3,3.330
48.3,3.330
48.3,3.330
48.3,3.330
48.3,3.335
48.3,3.335
48.3,3.335
48.3,3.335
48.3,3.335
48.3,3.335
48.3,3.335
48.3,3.335
48.3,3.335
48.3,3.335
48.3,3.335
48.3,3.335
48.3,3.335
48.3,3.335
48.3,3.335
48.3,3.335
48.3,3.335
48.3,3.335
48.3,3.335
48.3,3.335
48.3,3.335
48.3,3.335
48.3,3.335
48.3,3.335
48.3,3.335
48.3,3.335
48.3,3.335
48.3,3.335
48.4,3.335
48.4,3.335
48.4,3.335
48.3,3.335
48.4,3.335
48.4,3.335
48.4,3.340
48.4,3.340
48.4,3.340
48.4,3.340
48.4,3.340
48.4,3.340
48.3,3.340
48.3,3.340
48.3,3.340
48.3,3.340
48.3,3.340
48.3,3.340
48.3,3.340
48.3,3.340
48.3,3.340
48.3,3.340
48.3,3.340
48.3,3.340
48.3,3.340
48.3,3.340
48.3,3.340
48.3,3.340
48.3,3.340
48.3,3.340
48.3,3.340
48.3,3.340
48.3,3.340
48.3,3.340
48.3,3.340
48.3,3.340
48.3,3.340
48.3,3.340
48.3,3.340
48.3,3.340
48.3,3.340
48.3,3.340
48.3,3.340
48.3,3.340
48.4,3.345
48.4,3.345
48.4,3.345
48.4,3.345
48.4,3.345
48.4,3.345
48.4,3.345
48.4,3.345
48.4,3.345
48.4,3.345
48.4,3.345
48.4,3.345
48.3,3.345
48.3,3.345
48.3,3.345
48.3,3.345
48.3,3.345
48.3,3.345
48.3,3.345
48.3,3.345
48.4,3.345
48.4,3.345
48.4,3.345
48.4,3.345
48.4,3.345
48.4,3.345
48.4,3.345
48.4,3.345
48.4,3.345
48.4,3.345
48.4,3.345
48.4,3.345
48.4,3.345
48.4,3.345
48.4,3.345
48.4,3.345
48.4,3.345
48.4,3.345
48.4,3.345
48.4,3.345
48.4,3.345
48.4,3.345
48.4,3.345
48.4,3.350
48.4,3.350
48.4,3.350
48.4,3.350
48.4,3.350
48.4,3.350
48.4,3.350
48.4,3.350
48.4,3.350
48.4,3.350
48.3,3.350
48.3,3.350
48.3,3.350
48.3,3.350
48.3,3.350
48.3,3.350
48.3,3.350
48.3,3.350
48.3,3.350
48.4,3.350
48.4,3.350
48.4,3.350
48.4,3.350
48.4,3.350
48.4,3.350
48.4,3.350
48.4,3.350
48.4,3.350
48.4,3.350
48.4,3.350
48.4,3.350
48.4,3.350
48.4,3.350
48.4,3.350
48.4,3.350
48.4,3.350
48.4,3.350
48.4,3.350
48.4,3.350
48.4,3.350
48.4,3.350
48.4,3.355
48.4,3.355
48.4,3.355
48.4,3.355
48.4,3.355
48.4,3.355
48.4,3.355
48.4,3.355
48.4,3.355
48.4,3.355
48.4,3.355
48.4,3.355
48.4,3.355
48.4,3.355
48.4,3.355
48.4,3.355
48.4,3.355
48.4,3.355
48.4,3.355
48.4,3.355
48.4,3.355
48.4,3.355
48.4,3.355
48.4,3.355
48.4,3.355
48.4,3.355
48.4,3.355
48.4,3.355
48.4,3.355
48.4,3.355
48.4,3.355
48.4,3.355
48.4,3.355
48.4,3.355
48.4,3.355
48.4,3.355
48.4,3.355
48.4,3.360
48.4,3.360
48.4,3.360
48.4,3.360
48.4,3.360
48.4,3.360
48.4,3.360
48.4,3.360
48.4,3.360
48.4,3.360
48.4,3.360
48.4,3.360
48.4,3.360
48.4,3.360
48.4,3.360
48.4,3.360
48.4,3.360
48.4,3.360
48.4,3.360
48.4,3.360
48.4,3.360
48.4,3.360
48.4,3.360
48.4,3.360
48.4,3.360
48.4,3.360
48.4,3.360
48.4,3.360
48.4,3.360
48.4,3.360
48.4,3.360
48.4,3.360
48.4,3.360
48.4,3.360
48.4,3.360
48.4,3.360
48.4,3.360
48.4,3.360
48.4,3.360
48.4,3.360
48.4,3.360
48.4,3.365
48.4,3.365
48.4,3.365
48.4,3.365
48.4,3.365
48.4,3.365
48.4,3.365
48.4,3.365
48.4,3.365
48.4,3.365
48.4,3.365
48.4,3.365
48.4,3.365
48.4,3.365
48.4,3.365
48.4,3.365
48.4,3.365
48.4,3.365
48.4,3.365
48.5,3.365
48.5,3.365
48.5,3.365
48.5,3.365
48.5,3.365
48.5,3.365
48.5,3.365
48.5,3.365
48.5,3.365
48.5,3.365
48.5,3.365
48.5,3.365
48.5,3.365
48.5,3.365
48.5,3.365
48.5,3.365
48.4,3.365
48.4,3.365
48.4,3.365
48.4,3.365
48.4,3.365
48.4,3.365
48.4,3.370
48.4,3.370
48.4,3.370
48.4,3.370
48.4,3.370
48.4,3.370
48.4,3.370
48.4,3.370
48.4,3.370
48.4,3.370
48.4,3.370
48.4,3.370
48.4,3.370
48.4,3.370
48.4,3.370
48.4,3.370
48.4,3.370
48.4,3.370
48.4,3.370
48.4,3.370
48.4,3.370
48.4,3.370
48.4,3.370
48.4,3.370
48.4,3.370
48.4,3.370
48.4,3.370
48.4,3.370
48.4,3.370
48.4,3.370
48.4,3.370
48.4,3.370
48.4,3.370
48.4,3.370
48.4,3.370
48.4,3.370
48.4,3.370
48.4,3.370
48.4,3.370
48.5,3.375
48.5,3.375
48.5,3.375
48.5,3.375
48.5,3.375
48.5,3.375
48.5,3.375
48.5,3.375
48.5,3.375
48.5,3.375
48.5,3.375
48.5,3.375
48.5,3.375
48.5,3.375
48.5,3.375
48.5,3.375
48.5,3.375
48.5,3.375
48.5,3.375
48.5,3.375
48.5,3.375
48.5,3.375
48.5,3.375
48.5,3.375
48.5,3.375
48.5,3.375
48.5,3.375
48.5,3.375
48.5,3.375
48.5,3.375
48.5,3.375
48.5,3.375
48.5,3.375
48.5,3.375
48.5,3.375
48.5,3.375
48.5,3.380
48.5,3.380
48.5,3.380
48.5,3.380
48.5,3.380
48.4,3.380
48.4,3.380
48.4,3.380
48.4,3.380
48.4,3.380
48.4,3.380
48.4,3.380
48.4,3.380
48.4,3.380
48.4,3.380
48.4,3.380
48.4,3.380
48.4,3.380
48.4,3.380
48.4,3.380
48.4,3.380
48.4,3.380
48.4,3.380
48.4,3.380
48.4,3.380
48.4,3.380
48.4,3.380
48.4,3.380
48.4,3.380
48.4,3.380
48.4,3.380
48.4,3.380
48.5,3.380
48.5,3.380
48.5,3.380
48.5,3.380
48.5,3.380
48.5,3.380
48.5,3.380
48.5,3.385
48.5,3.385
48.5,3.385
48.5,3.385
48.5,3.385
48.5,3.385
48.5,3.385
48.5,3.385
48.5,3.385
48.5,3.385
48.5,3.385
48.5,3.385
48.5,3.385
48.5,3.385
48.5,3.385
48.5,3.385
48.5,3.385
48.5,3.385
48.5,3.385
48.5,3.385
48.5,3.385
48.5,3.385
48.5,3.385
48.5,3.385
48.5,3.385
48.5,3.385
48.5,3.385
48.5,3.385
48.5,3.385
48.5,3.385
48.5,3.385
48.5,3.385
48.5,3.385
48.5,3.385
48.5,3.385
48.5,3.385
48.5,3.385
48.5,3.390
48.5,3.390
48.5,3.390
48.5,3.390
48.5,3.390
48.5,3.390
48.5,3.390
48.5,3.390
48.5,3.390
48.5,3.390
48.5,3.390
48.5,3.390
48.5,3.390
48.5,3.390
48.5,3.390
48.5,3.390
48.5,3.390
48.5,3.390
48.5,3.390
48.6,3.390
48.6,3.390
48.6,3.390
48.6,3.390
48.6,3.390
48.6,3.390
48.6,3.390
48.6,3.390
48.6,3.390
48.6,3.390
48.5,3.390
48.5,3.390
48.5,3.390
48.5,3.390
48.5,3.395
48.5,3.395
48.5,3.395
48.5,3.395
48.5,3.395
48.5,3.395
48.5,3.395
48.5,3.395
48.5,3.395
48.5,3.395
48.5,3.395
48.5,3.395
48.5,3.395
48.5,3.395
48.5,3.395
48.5,3.395
48.5,3.395
48.5,3.395
48.5,3.395
48.5,3.395
48.5,3.395
48.5,3.395
48.5,3.395
48.5,3.395
48.5,3.395
48.5,3.395
48.6,3.395
48.6,3.395
48.6,3.395
48.6,3.395
48.6,3.395
48.6,3.395
48.6,3.395
48.6,3.395
48.6,3.400
48.6,3.400
48.6,3.400
48.5,3.400
48.5,3.400
48.5,3.400
48.5,3.400
48.5,3.400
48.5,3.400
48.5,3.400
48.5,3.400
48.5,3.400
48.6,3.400
48.6,3.400
48.6,3.400
48.6,3.400
48.6,3.400
48.6,3.400
48.6,3.400
48.6,3.400
48.6,3.400
48.6,3.400
48.6,3.400
48.6,3.400
48.6,3.400
48.6,3.400
48.6,3.400
48.6,3.400
48.6,3.400
48.6,3.400
48.6,3.400
48.6,3.400
48.6,3.400
48.6,3.400
48.6,3.400
48.6,3.400
48.6,3.400
48.6,3.405
48.6,3.405
48.6,3.405
48.6,3.405
48.6,3.405
48.6,3.405
48.6,3.405
48.6,3.405
48.6,3.405
48.5,3.405
48.5,3.405
48.5,3.405
48.6,3.405
48.6,3.405
48.6,3.405
48.7,3.405
48.6,3.405
48.6,3.405
48.6,3.405
48.6,3.405
48.6,3.405
48.6,3.405
48.6,3.405
48.6,3.405
48.6,3.405
48.6,3.405
48.6,3.405
48.6,3.405
48.6,3.405
48.6,3.405
48.6,3.405
48.6,3.405
48.6,3.405
48.6,3.410
48.6,3.410
48.6,3.410
48.7,3.410
48.7,3.410
48.7,3.410
48.7,3.410
48.7,3.410
48.7,3.410
48.7,3.410
48.7,3.410
48.7,3.410
48.7,3.410
48.7,3.410
48.7,3.410
48.6,3.410
48.6,3.410
48.6,3.410
48.6,3.410
48.6,3.410
48.6,3.410
48.6,3.410
48.6,3.410
48.6,3.410
48.6,3.410
48.6,3.410
48.6,3.410
48.6,3.415
48.6,3.415
48.6,3.415
48.6,3.415
48.6,3.415
48.6,3.415
48.6,3.415
48.6,3.415
48.6,3.415
48.6,3.415
48.6,3.415
48.6,3.415
48.6,3.415
48.6,3.415
48.6,3.415
48.6,3.415
48.6,3.415
48.6,3.415
48.6,3.415
48.6,3.415
48.6,3.415
48.6,3.415
48.6,3.415
48.6,3.415
48.6,3.415
48.6,3.415
48.6,3.415
48.6,3.420
48.6,3.420
48.6,3.420
48.6,3.420
48.6,3.420
48.6,3.420
48.6,3.420
48.6,3.420
48.6,3.420
48.6,3.420
48.6,3.420
48.6,3.420
48.6,3.420
48.6,3.420
48.6,3.420
48.6,3.420
48.6,3.420
48.6,3.420
48.6,3.420
48.6,3.420
48.6,3.420
48.6,3.420
48.6,3.420
48.6,3.425
48.6,3.425
48.6,3.425
48.6,3.425
48.6,3.425
48.6,3.425
48.6,3.425
48.6,3.425
48.6,3.425
48.6,3.425
48.6,3.425
48.6,3.425
48.6,3.425
48.6,3.425
48.6,3.425
48.6,3.425
48.6,3.425
48.6,3.425
48.6,3.425
48.6,3.425
48.6,3.425
48.6,3.425
48.6,3.425
48.6,3.425
48.6,3.430
48.6,3.430
48.6,3.430
48.6,3.430
48.6,3.430
48.7,3.430
48.7,3.430
48.7,3.430
48.7,3.430
48.7,3.430
48.7,3.430
48.7,3.430
48.7,3.430
48.7,3.430
48.7,3.430
48.7,3.430
48.7,3.430
48.7,3.430
48.7,3.430
48.7,3.430
48.7,3.430
48.7,3.430
48.7,3.435
48.7,3.435
48.7,3.435
48.7,3.435
48.7,3.435
48.7,3.435
48.7,3.435
48.7,3.435
48.7,3.435
48.7,3.435
48.7,3.435
48.7,3.435
48.7,3.435
48.7,3.435
48.7,3.435
48.7,3.435
48.7,3.435
48.7,3.435
48.7,3.435
48.7,3.435
48.7,3.435
48.7,3.440
48.7,3.440
48.7,3.440
48.7,3.440
48.7,3.440
48.7,3.440
48.7,3.440
48.7,3.440
48.7,3.440
48.7,3.440
48.7,3.440
48.7,3.440
48.7,3.440
48.7,3.440
48.7,3.440
48.7,3.440
48.7,3.440
48.7,3.440
48.7,3.440
48.7,3.440
48.7,3.440
48.7,3.440
48.7,3.440
48.7,3.440
48.7,3.440
48.7,3.445
48.7,3.445
48.7,3.445
48.7,3.445
48.7,3.445
48.7,3.445
48.7,3.445
48.7,3.445
48.7,3.445
48.7,3.445
48.7,3.445
48.7,3.445
48.7,3.445
48.7,3.445
48.7,3.445
48.7,3.445
48.7,3.445
48.7,3.445
48.7,3.445
48.7,3.445
48.7,3.445
48.7,3.445
48.7,3.445
48.7,3.445
48.7,3.445
48.7,3.445
48.7,3.450
48.7,3.450
48.7,3.450
48.7,3.450
48.7,3.450
48.7,3.450
48.7,3.450
48.7,3.450
48.7,3.450
48.7,3.450
48.7,3.450
48.7,3.450
48.7,3.450
48.7,3.450
48.7,3.450
48.7,3.450
48.7,3.450
48.7,3.450
48.7,3.450
48.8,3.450
48.8,3.450
48.8,3.450
48.8,3.450
48.8,3.450
48.8,3.450
48.8,3.450
48.8,3.450
48.8,3.450
48.8,3.450
48.8,3.450
48.8,3.455
48.8,3.455
48.8,3.455
48.8,3.455
48.8,3.455
48.8,3.455
48.8,3.455
48.8,3.455
48.8,3.455
48.8,3.455
48.8,3.455
48.8,3.455
48.8,3.455
48.8,3.455
48.8,3.455
48.8,3.455
48.8,3.455
48.8,3.455
48.8,3.455
48.8,3.455
48.8,3.455
48.8,3.455
48.8,3.455
48.8,3.455
48.8,3.455
48.8,3.455
48.8,3.455
48.8,3.455
48.8,3.455
48.8,3.455
48.8,3.460
48.8,3.460
48.8,3.460
48.8,3.460
48.8,3.460
48.8,3.460
48.8,3.460
48.8,3.460
48.8,3.460
48.8,3.460
48.8,3.460
48.8,3.460
48.8,3.460
48.8,3.460
48.8,3.460
48.8,3.460
48.8,3.460
48.8,3.460
48.8,3.460
48.8,3.460
48.8,3.460
48.8,3.460
48.8,3.460
48.8,3.460
48.8,3.460
48.8,3.460
48.8,3.460
48.8,3.460
48.8,3.460
48.8,3.460
48.8,3.460
48.8,3.460
48.8,3.460
48.8,3.460
48.8,3.465
48.8,3.465
48.8,3.465
48.8,3.465
48.8,3.465
48.8,3.465
48.8,3.465
48.8,3.465
48.8,3.465
48.8,3.465
48.8,3.465
48.8,3.465
48.8,3.465
48.8,3.465
48.8,3.465
48.8,3.465
48.8,3.465
48.8,3.465
48.8,3.465
48.8,3.465
48.8,3.465
48.8,3.465
48.8,3.465
48.8,3.465
48.8,3.465
48.8,3.465
48.8,3.465
48.8,3.465
48.8,3.465
48.8,3.465
48.8,3.465
48.8,3.465
48.8,3.465
48.8,3.465
48.8,3.470
48.8,3.470
48.8,3.470
48.8,3.470
48.8,3.470
48.8,3.470
48.8,3.470
48.8,3.470
48.8,3.470
48.8,3.470
48.8,3.470
48.8,3.470
48.8,3.470
48.8,3.470
48.8,3.470
48.8,3.470
48.8,3.470
48.8,3.470
48.8,3.470
48.8,3.470
48.8,3.470
48.8,3.470
48.8,3.470
48.8,3.470
48.8,3.470
48.8,3.470
48.8,3.470
48.8,3.470
48.8,3.470
48.8,3.470
48.8,3.470
48.8,3.475
48.8,3.475
48.8,3.475
48.8,3.475
48.8,3.475
48.8,3.475
48.8,3.475
48.8,3.475
48.8,3.475
48.8,3.475
48.8,3.475
48.8,3.475
48.8,3.475
48.8,3.475
48.8,3.475
48.8,3.475
48.8,3.475
48.8,3.475
48.8,3.475
48.8,3.475
48.8,3.475
48.8,3.475
48.8,3.475
48.8,3.475
48.8,3.475
48.8,3.475
48.8,3.475
48.8,3.475
48.8,3.475
48.8,3.475
48.8,3.475
48.8,3.475
48.8,3.475
48.8,3.480
48.8,3.480
48.8,3.480
48.8,3.480
48.8,3.480
48.8,3.480
48.8,3.480
48.8,3.480
48.8,3.480
48.8,3.480
48.8,3.480
48.8,3.480
48.8,3.480
48.8,3.480
48.8,3.480
48.8,3.480
48.8,3.480
48.8,3.480
48.8,3.480
48.8,3.480
48.8,3.480
48.8,3.480
48.8,3.480
48.8,3.480
48.8,3.480
48.8,3.480
48.8,3.480
48.8,3.480
48.8,3.480
48.9,3.480
48.9,3.480
48.9,3.480
48.9,3.480
48.9,3.480
48.9,3.480
48.9,3.480
48.9,3.480
48.8,3.485
48.8,3.485
48.8,3.485
48.8,3.485
48.8,3.485
48.8,3.485
48.8,3.485
48.8,3.485
48.8,3.485
48.8,3.485
48.8,3.485
48.8,3.485
48.8,3.485
48.8,3.485
48.8,3.485
48.8,3.485
48.9,3.485
48.9,3.485
48.9,3.485
48.9,3.485
48.9,3.485
48.9,3.485
48.9,3.485
48.9,3.485
48.9,3.485
48.9,3.485
48.9,3.485
48.9,3.485
48.9,3.485
48.9,3.485
48.9,3.485
48.9,3.485
48.9,3.485
48.9,3.485
48.9,3.485
48.9,3.485
48.9,3.485
48.9,3.490
48.9,3.490
48.9,3.490
48.9,3.490
48.9,3.490
48.9,3.490
48.9,3.490
48.9,3.490
48.9,3.490
48.9,3.490
48.9,3.490
48.9,3.490
48.9,3.490
48.9,3.490
48.9,3.490
48.9,3.490
48.9,3.490
48.9,3.490
48.9,3.490
48.9,3.490
48.9,3.490
48.9,3.490
48.9,3.490
48.9,3.490
48.9,3.490
48.9,3.490
48.9,3.490
48.9,3.490
48.9,3.490
48.9,3.490
48.9,3.490
48.9,3.490
48.9,3.490
48.9,3.495
48.9,3.495
48.9,3.495
48.9,3.495
48.9,3.495
48.9,3.495
48.9,3.495
48.9,3.495
48.9,3.495
48.9,3.495
48.9,3.495
48.9,3.495
48.9,3.495
48.9,3.495
48.9,3.495
48.9,3.495
48.9,3.495
48.9,3.495
48.9,3.495
48.9,3.495
48.9,3.495
48.9,3.495
48.9,3.495
48.9,3.495
48.9,3.495
48.9,3.495
48.9,3.495
48.9,3.495
48.9,3.495
48.9,3.495
48.9,3.495
48.9,3.495
48.9,3.495
48.9,3.495
48.9,3.495
48.9,3.495
48.9,3.495
48.9,3.500
48.9,3.500
48.9,3.500
48.9,3.500
48.9,3.500
48.9,3.500
48.9,3.500
48.9,3.500
48.9,3.500
48.9,3.500
48.9,3.500
48.9,3.500
48.9,3.500
48.9,3.500
48.9,3.500
48.9,3.500
48.9,3.500
48.9,3.500
48.9,3.500
48.9,3.500
48.9,3.500
48.9,3.500
48.9,3.500
48.9,3.500
48.9,3.500
48.9,3.500
48.9,3.500
48.9,3.500
48.9,3.500
48.9,3.500
48.9,3.500
48.9,3.500
48.9,3.500
48.9,3.500
48.9,3.500
48.9,3.500
48.9,3.500
48.9,3.505
48.9,3.505
48.9,3.505
48.9,3.505
48.9,3.505
48.9,3.505
48.9,3.505
48.9,3.505
48.9,3.505
48.9,3.505
48.9,3.505
48.9,3.505
48.9,3.505
48.9,3.505
48.9,3.505
48.9,3.505
48.9,3.505
48.9,3.505
48.9,3.505
48.9,3.505
48.9,3.505
48.9,3.505
48.9,3.505
48.9,3.505
48.9,3.505
48.9,3.505
48.9,3.505
48.9,3.505
48.9,3.505
48.9,3.505
48.9,3.505
48.9,3.505
48.9,3.505
48.9,3.505
48.9,3.505
48.9,3.505
48.9,3.505
48.9,3.505
48.9,3.510
48.9,3.510
48.9,3.510
48.9,3.510
48.9,3.510
48.9,3.510
48.9,3.510
48.9,3.510
48.9,3.510
48.9,3.510
48.9,3.510
48.9,3.510
48.9,3.510
48.9,3.510
48.9,3.510
48.9,3.510
48.9,3.510
48.9,3.510
48.9,3.510
48.9,3.510
48.9,3.510
48.9,3.510
48.9,3.510
48.9,3.510
48.9,3.510
48.9,3.510
48.9,3.510
48.9,3.510
48.9,3.510
48.9,3.510
48.9,3.510
48.9,3.510
48.9,3.510
48.9,3.510
48.9,3.510
48.9,3.515
48.9,3.515
48.9,3.515
48.9,3.515
48.9,3.515
48.9,3.515
48.9,3.515
48.9,3.515
48.9,3.515
48.9,3.515
48.9,3.515
48.9,3.515
48.9,3.515
48.9,3.515
48.9,3.515
48.9,3.515
48.9,3.515
48.9,3.515
48.9,3.515
48.9,3.515
48.9,3.515
48.9,3.515
48.9,3.515
48.9,3.515
48.9,3.515
48.9,3.515
48.9,3.515
48.9,3.515
48.9,3.515
48.9,3.515
48.9,3.515
48.9,3.515
48.9,3.520
48.9,3.520
48.9,3.520
48.9,3.520
48.9,3.520
48.9,3.520
48.9,3.520
48.9,3.520
49.0,3.520
49.0,3.520
49.0,3.520
49.0,3.520
49.0,3.520
49.0,3.520
49.0,3.520
49.0,3.520
49.1,3.520
49.2,3.520
49.3,3.520
49.4,3.520
49.5,3.520
49.7,3.520
49.8,3.520
49.9,3.520
50.0,3.520
50.1,3.520
50.2,3.520
50.3,3.520
50.5,3.520
50.6,3.520
50.8,3.520
50.9,3.520
51.1,3.520
51.2,3.520
51.3,3.525
51.5,3.525
51.6,3.525
51.8,3.525
51.9,3.525
52.1,3.525
52.2,3.525
52.3,3.525
52.5,3.525
52.6,3.525
52.7,3.525
52.8,3.525
53.0,3.525
53.1,3.525
53.2,3.525
53.4,3.525
53.6,3.525
53.7,3.525
53.8,3.525
54.0,3.525
54.1,3.525
54.3,3.525
54.5,3.525
54.6,3.525
54.8,3.525
54.9,3.525
55.1,3.525
55.2,3.525
55.3,3.525
55.4,3.525
55.6,3.525
55.7,3.525
55.9,3.525
56.0,3.530
56.2,3.530
56.3,3.530
56.5,3.530
56.6,3.530
56.8,3.530
56.9,3.530
57.0,3.530
57.2,3.530
57.3,3.530
57.5,3.530
57.6,3.530
57.8,3.530
57.9,3.530
58.1,3.530
58.2,3.530
58.4,3.530
58.5,3.530
58.7,3.530
58.8,3.530
59.0,3.530
59.1,3.530
59.2,3.530
59.4,3.530
59.5,3.530
59.7,3.530
59.9,3.530
60.0,3.530
60.2,3.530
60.3,3.530
60.5,3.530
60.7,3.530
60.8,3.535
61.0,3.535
61.1,3.535
61.3,3.535
61.4,3.535
61.6,3.535
61.7,3.535
61.8,3.535
62.0,3.535
62.1,3.535
62.2,3.535
62.4,3.535
62.6,3.535
62.7,3.535
62.8,3.535
63.0,3.535
63.1,3.535
63.2,3.535
63.4,3.535
63.5,3.535
63.7,3.535
63.8,3.535
64.0,3.535
64.1,3.535
64.3,3.535
64.4,3.535
64.6,3.535
64.8,3.535
64.9,3.535
65.1,3.535
65.2,3.540
65.4,3.540
65.5,3.540
65.7,3.540
65.8,3.540
66.0,3.540
66.1,3.540
66.3,3.540
66.4,3.540
66.6,3.540
66.7,3.540
66.8,3.540
67.0,3.540
67.1,3.540
67.3,3.540
67.4,3.540
67.6,3.540
67.7,3.540
67.9,3.540
68.0,3.540
68.2,3.540
68.3,3.540
68.5,3.540
68.6,3.540
68.8,3.540
68.9,3.540
69.1,3.540
69.2,3.540
69.4,3.540
69.5,3.540
69.7,3.540
69.8,3.540
69.9,3.540
70.1,3.540
70.2,3.540
70.4,3.545
70.5,3.545
70.7,3.545
70.8,3.545
70.9,3.545
71.1,3.545
71.2,3.545
71.4,3.545
71.5,3.545
71.7,3.545
71.8,3.545
71.9,3.545
72.1,3.545
72.2,3.545
72.3,3.545
72.5,3.545
72.6,3.545
72.7,3.545
72.9,3.545
73.1,3.545
73.2,3.545
73.3,3.545
73.4,3.545
73.6,3.545
73.7,3.545
73.9,3.545
74.0,3.545
74.1,3.545
74.3,3.545
74.4,3.545
74.5,3.545
74.7,3.545
74.8,3.545
74.9,3.545
75.1,3.545
75.2,3.545
75.3,3.550
75.5,3.550
75.6,3.550
75.7,3.550
75.9,3.550
76.0,3.550
76.1,3.550
76.3,3.550
76.4,3.550
76.6,3.550
76.7,3.550
76.8,3.550
76.9,3.550
77.0,3.550
77.2,3.550
77.3,3.550
77.5,3.550
77.6,3.550
77.7,3.550
77.9,3.550
78.0,3.550
78.1,3.550
78.3,3.550
78.4,3.550
78.5,3.550
78.7,3.550
78.8,3.550
78.9,3.550
79.1,3.550
79.2,3.550
79.3,3.550
79.4,3.550
79.5,3.550
79.7,3.550
79.8,3.550
79.9,3.550
80.1,3.555
80.2,3.555
80.4,3.555
80.5,3.555
80.6,3.555
80.8,3.555
80.9,3.555
81.0,3.555
81.1,3.555
81.2,3.555
81.4,3.555
81.5,3.555
81.6,3.555
81.8,3.555
81.9,3.555
82.0,3.555
82.1,3.555
82.3,3.555
82.4,3.555
82.5,3.555
82.6,3.555
82.8,3.555
82.9,3.555
83.0,3.555
83.2,3.555
83.3,3.555
83.4,3.555
83.6,3.555
83.7,3.555
83.8,3.555
83.9,3.555
84.1,3.555
84.2,3.555
84.3,3.555
84.5,3.555
84.6,3.555
84.7,3.555
84.8,3.555
84.9,3.560
85.1,3.560
85.2,3.560
85.3,3.560
85.4,3.560
85.6,3.560
85.7,3.560
85.8,3.560
85.9,3.560
86.1,3.560
86.2,3.560
86.3,3.560
86.5,3.560
86.6,3.560
86.7,3.560
86.9,3.560
87.0,3.560
87.1,3.560
87.2,3.560
87.3,3.560
87.5,3.560
87.6,3.560
87.7,3.560
87.9,3.560
88.0,3.560
88.1,3.560
88.2,3.560
88.4,3.560
88.5,3.560
88.6,3.560
88.8,3.560
88.9,3.560
89.0,3.560
89.1,3.560
89.3,3.560
89.4,3.560
89.5,3.560
89.7,3.560
89.8,3.560
90.0,3.560
90.1,3.560
90.2,3.565
90.3,3.565
90.5,3.565
90.6,3.565
90.7,3.565
90.8,3.565
90.9,3.565
91.1,3.565
91.2,3.565
91.3,3.565
91.4,3.565
91.5,3.565
91.7,3.565
91.8,3.565
91.9,3.565
92.0,3.565
92.2,3.565
92.3,3.565
92.4,3.565
92.6,3.565
92.7,3.565
92.9,3.565
93.0,3.565
93.1,3.565
93.2,3.565
93.4,3.565
93.5,3.565
93.6,3.565
93.8,3.565
93.9,3.565
94.0,3.565
94.1,3.565
94.2,3.565
94.3,3.565
94.5,3.565
94.6,3.565
94.7,3.565
94.9,3.565
95.0,3.565
95.1,3.565
95.3,3.565
95.4,3.570
95.5,3.570
95.6,3.570
95.7,3.570
95.9,3.570
96.0,3.570
96.1,3.570
96.2,3.570
96.3,3.570
96.5,3.570
96.6,3.570
96.7,3.570
96.8,3.570
96.9,3.570
97.1,3.570
97.2,3.570
97.3,3.570
97.4,3.570
97.5,3.570
97.7,3.570
97.8,3.570
97.9,3.570
98.0,3.570
98.1,3.570
98.3,3.570
98.4,3.570
98.5,3.570
98.6,3.570
98.8,3.570
98.9,3.570
99.0,3.570
99.1,3.570
99.2,3.570
99.4,3.570
99.5,3.570
99.6,3.570
99.7,3.570
99.8,3.570
99.9,3.570
100.0,3.570
100.1,3.570
100.3,3.575
100.4,3.575
100.5,3.575
100.6,3.575
100.7,3.575
100.8,3.575
100.9,3.575
101.0,3.575
101.1,3.575
101.3,3.575
101.4,3.575
101.5,3.575
101.6,3.575
101.7,3.575
101.8,3.575
101.9,3.575
102.0,3.575
102.2,3.575
102.3,3.575
102.4,3.575
102.5,3.575
102.6,3.575
102.7,3.575
102.8,3.575
102.9,3.575
103.0,3.575
103.1,3.575
103.3,3.575
103.4,3.575
103.5,3.575
103.6,3.575
103.7,3.575
103.8,3.575
103.9,3.575
104.0,3.575
104.1,3.575
104.1,3.575
104.3,3.575
104.4,3.575
104.5,3.575
104.6,3.575
104.7,3.575
104.8,3.575
104.9,3.575
105.0,3.575
105.2,3.575
105.3,3.575
105.4,3.575
105.5,3.575
105.6,3.580
105.7,3.580
105.8,3.580
105.9,3.580
106.0,3.580
106.1,3.580
106.2,3.580
106.3,3.580
106.4,3.580
106.5,3.580
106.6,3.580
106.7,3.580
106.8,3.580
106.9,3.580
107.1,3.580
107.2,3.580
107.3,3.580
107.4,3.580
107.5,3.580
107.6,3.580
107.7,3.580
107.8,3.580
107.9,3.580
108.0,3.580
108.1,3.580
108.2,3.580
108.3,3.580
108.4,3.580
108.5,3.580
108.6,3.580
108.7,3.580
108.8,3.580
108.9,3.580
109.0,3.580
109.1,3.580
109.2,3.580
109.3,3.580
109.4,3.580
109.5,3.580
109.6,3.580
109.7,3.580
109.8,3.580
109.9,3.580
110.0,3.580
110.2,3.580
110.3,3.580
110.3,3.580
110.5,3.580
110.6,3.580
110.7,3.580
110.8,3.580
110.9,3.585
111.0,3.585
111.0,3.585
111.2,3.585
111.3,3.585
111.4,3.585
111.5,3.585
111.6,3.585
111.7,3.585
111.8,3.585
111.9,3.585
112.0,3.585
112.1,3.585
112.2,3.585
112.3,3.585
112.4,3.585
112.5,3.585
112.6,3.585
112.7,3.585
112.9,3.585
113.0,3.585
113.1,3.585
113.2,3.585
113.3,3.585
113.5,3.585
113.6,3.585
113.7,3.585
113.8,3.585
113.9,3.585
114.0,3.585
114.1,3.585
114.2,3.585
114.3,3.585
114.4,3.585
114.5,3.585
114.6,3.585
114.7,3.585
114.8,3.585
115.0,3.585
115.1,3.585
115.2,3.585
115.3,3.585
115.4,3.585
115.6,3.585
115.7,3.585
115.8,3.585
115.9,3.585
116.0,3.585
116.1,3.590
116.2,3.590
116.4,3.590
116.5,3.590
116.6,3.590
116.7,3.590
116.9,3.590
117.0,3.590
117.1,3.590
117.2,3.590
117.3,3.590
117.4,3.590
117.5,3.590
117.6,3.590
117.7,3.590
117.9,3.590
118.0,3.590
118.1,3.590
118.2,3.590
118.3,3.590
118.5,3.590
118.6,3.590
118.7,3.590
118.8,3.590
118.9,3.590
119.1,3.590
119.2,3.590
119.3,3.590
119.4,3.590
119.5,3.590
119.6,3.590
119.8,3.590
119.9,3.590
120.0,3.590
120.1,3.590
120.2,3.590
120.3,3.590
120.4,3.590
120.6,3.590
120.6,3.590
120.8,3.590
120.9,3.590
121.0,3.590
121.1,3.590
121.2,3.590
121.3,3.595
121.4,3.595
121.5,3.595
121.6,3.595
121.7,3.595
121.9,3.595
122.0,3.595
122.1,3.595
122.2,3.595
122.3,3.595
122.5,3.595
122.6,3.595
122.7,3.595
122.8,3.595
122.9,3.595
123.0,3.595
123.1,3.595
123.2,3.595
123.3,3.595
123.4,3.595
123.5,3.595
123.6,3.595
123.7,3.595
123.8,3.595
123.9,3.595
124.0,3.595
124.2,3.595
124.3,3.595
124.4,3.595
124.5,3.595
124.5,3.595
124.6,3.595
124.7,3.595
124.8,3.595
124.9,3.595
125.0,3.595
125.1,3.595
125.2,3.595
125.3,3.595
125.5,3.595
125.6,3.595
125.7,3.595
125.8,3.595
125.9,3.595
126.0,3.595
126.1,3.595
126.2,3.595
126.3,3.600
126.4,3.600
126.5,3.600
126.6,3.600
126.7,3.600
126.8,3.600
126.9,3.600
127.0,3.600
127.1,3.600
127.2,3.600
127.2,3.600
127.3,3.600
127.4,3.600
127.5,3.600
127.6,3.600
127.7,3.600
127.8,3.600
127.9,3.600
128.0,3.600
128.1,3.600
128.2,3.600
128.3,3.600
128.4,3.600
128.5,3.600
128.6,3.600
128.7,3.600
128.8,3.600
128.9,3.600
129.0,3.600
129.1,3.600
129.2,3.600
129.3,3.600
129.4,3.600
129.5,3.600
129.6,3.600
129.7,3.600
129.7,3.600
129.8,3.600
129.9,3.600
130.0,3.600
130.1,3.600
130.2,3.600
130.3,3.600
130.4,3.600
130.5,3.600
130.6,3.600
130.7,3.600
130.8,3.600
130.9,3.600
131.0,3.600
131.1,3.600
131.2,3.600
131.3,3.600
131.4,3.600
131.5,3.600
131.6,3.605
131.7,3.605
131.8,3.605
131.9,3.605
131.9,3.605
132.0,3.605
132.1,3.605
132.2,3.605
132.3,3.605
132.4,3.605
132.5,3.605
132.6,3.605
132.7,3.605
132.8,3.605
132.9,3.605
133.0,3.605
133.1,3.605
133.2,3.605
133.3,3.605
133.3,3.605
133.4,3.605
133.5,3.605
133.6,3.605
133.7,3.605
133.8,3.605
133.9,3.605
133.9,3.605
134.0,3.605
134.1,3.605
134.2,3.605
134.3,3.605
134.4,3.605
134.5,3.605
134.6,3.605
134.7,3.605
134.8,3.605
134.9,3.605
135.0,3.605
135.0,3.605
135.1,3.605
135.2,3.605
135.3,3.605
135.4,3.605
135.5,3.605
135.5,3.605
135.6,3.605
135.7,3.605
135.8,3.605
135.9,3.605
136.0,3.605
136.0,3.605
136.1,3.605
136.2,3.605
136.3,3.605
136.4,3.605
136.4,3.605
136.5,3.605
136.6,3.605
136.7,3.605
136.8,3.610
136.9,3.610
136.9,3.610
137.0,3.610
137.1,3.610
137.2,3.610
137.3,3.610
137.4,3.610
137.5,3.610
137.5,3.610
137.6,3.610
137.7,3.610
137.8,3.610
137.8,3.610
137.9,3.610
138.0,3.610
138.1,3.610
138.2,3.610
138.2,3.610
138.3,3.610
138.4,3.610
138.5,3.610
138.5,3.610
138.6,3.610
138.7,3.610
138.8,3.610
138.8,3.610
138.9,3.610
139.0,3.610
139.1,3.610
139.1,3.610
139.2,3.610
139.3,3.610
139.3,3.610
139.4,3.610
139.5,3.610
139.6,3.610
139.6,3.610
139.7,3.610
139.7,3.610
139.8,3.610
139.9,3.610
140.0,3.610
140.0,3.610
140.1,3.610
140.2,3.610
140.3,3.610
140.3,3.610
140.4,3.610
140.4,3.610
140.5,3.610
140.6,3.610
140.6,3.610
140.7,3.610
140.8,3.610
140.8,3.610
140.9,3.610
141.0,3.610
141.0,3.610
141.1,3.610
141.2,3.610
141.2,3.610
141.3,3.610
141.3,3.610
141.4,3.610
141.5,3.610
141.5,3.610
141.6,3.610
141.7,3.610
141.7,3.610
141.7,3.610
141.8,3.615
141.9,3.615
141.9,3.615
142.0,3.615
142.1,3.615
142.1,3.615
142.2,3.615
142.2,3.615
142.3,3.615
142.4,3.615
142.4,3.615
142.5,3.615
142.5,3.615
142.6,3.615
142.7,3.615
142.8,3.615
142.8,3.615
142.9,3.615
142.9,3.615
143.0,3.615
143.0,3.615
143.1,3.615
143.2,3.615
143.2,3.615
143.2,3.615
143.3,3.615
143.4,3.615
143.4,3.615
143.5,3.615
143.6,3.615
143.6,3.615
143.7,3.615
143.8,3.615
143.8,3.615
143.9,3.615
143.9,3.615
143.9,3.615
144.0,3.615
144.0,3.615
144.0,3.615
144.1,3.615
144.2,3.615
144.2,3.615
144.3,3.615
144.4,3.615
144.4,3.615
144.5,3.615
144.5,3.615
144.6,3.615
144.6,3.615
144.7,3.615
144.7,3.615
144.8,3.615
144.8,3.615
144.9,3.615
145.0,3.615
145.0,3.615
145.1,3.615
145.1,3.615
145.2,3.615
145.3,3.615
145.3,3.615
145.3,3.615
145.4,3.615
145.5,3.615
145.5,3.615
145.6,3.615
145.6,3.615
145.7,3.615
145.7,3.615
145.8,3.615
145.8,3.615
145.9,3.615
145.9,3.615
146.0,3.615
146.1,3.615
146.1,3.615
146.2,3.615
146.2,3.615
146.3,3.615
146.3,3.615
146.3,3.615
146.4,3.615
146.5,3.620
146.5,3.620
146.6,3.620
146.6,3.620
146.7,3.620
146.8,3.620
146.8,3.620
146.8,3.620
146.9,3.620
147.0,3.620
147.0,3.620
147.1,3.620
147.1,3.620
147.1,3.620
147.1,3.620
147.2,3.620
147.2,3.620
147.3,3.620
147.4,3.620
147.4,3.620
147.5,3.620
147.6,3.620
147.6,3.620
147.7,3.620
147.7,3.620
147.8,3.620
147.8,3.620
147.9,3.620
147.9,3.620
148.0,3.620
148.0,3.620
148.1,3.620
148.1,3.620
148.1,3.620
148.2,3.620
148.3,3.620
148.3,3.620
148.4,3.620
148.4,3.620
148.5,3.620
148.5,3.620
148.6,3.620
148.6,3.620
148.7,3.620
148.7,3.620
148.8,3.620
148.8,3.620
148.9,3.620
148.9,3.620
148.9,3.620
149.0,3.620
149.1,3.620
149.1,3.620
149.2,3.620
149.2,3.620
149.2,3.620
149.3,3.620
149.4,3.620
149.4,3.620
149.5,3.620
149.5,3.620
149.5,3.620
149.6,3.620
149.6,3.620
149.7,3.620
149.7,3.620
149.8,3.620
149.8,3.620
149.8,3.620
149.9,3.620
150.0,3.620
150.0,3.620
150.1,3.620
150.1,3.620
150.2,3.620
150.3,3.620
150.3,3.620
150.4,3.620
150.4,3.620
150.4,3.620
150.5,3.620
150.5,3.620
150.5,3.620
150.6,3.620
150.6,3.620
150.7,3.620
150.7,3.620
150.7,3.620
150.8,3.620
150.9,3.620
150.9,3.620
151.0,3.620
151.0,3.620
151.0,3.620
151.1,3.620
151.1,3.620
151.2,3.620
151.2,3.620
151.2,3.620
151.3,3.620
151.3,3.620
151.3,3.620
151.4,3.620
151.4,3.620
151.5,3.620
151.5,3.620
151.6,3.620
151.6,3.625
151.7,3.625
151.7,3.625
151.8,3.625
151.8,3.625
151.8,3.625
151.8,3.625
151.9,3.625
151.9,3.625
152.0,3.625
152.0,3.625
152.0,3.625
152.0,3.625
152.1,3.625
152.2,3.625
152.2,3.625
152.2,3.625
152.3,3.625
152.3,3.625
152.4,3.625
152.4,3.625
152.4,3.625
152.5,3.625
152.5,3.625
152.5,3.625
152.6,3.625
152.7,3.625
152.7,3.625
152.7,3.625
152.8,3.625
152.8,3.625
152.9,3.625
152.9,3.625
152.9,3.625
153.0,3.625
153.0,3.625
153.0,3.625
153.0,3.625
153.1,3.625
153.1,3.625
153.2,3.625
153.2,3.625
153.2,3.625
153.2,3.625
153.3,3.625
153.3,3.625
153.4,3.625
153.4,3.625
153.4,3.625
153.4,3.625
153.5,3.625
153.5,3.625
153.6,3.625
153.6,3.625
153.6,3.625
153.6,3.625
153.7,3.625
153.7,3.625
153.8,3.625
153.8,3.625
153.9,3.625
153.9,3.625
154.0,3.625
154.0,3.625
154.1,3.625
154.1,3.625
154.1,3.625
154.2,3.625
154.2,3.625
154.2,3.625
154.3,3.625
154.3,3.625
154.4,3.625
154.4,3.625
154.4,3.625
154.4,3.625
154.5,3.625
154.5,3.625
154.5,3.625
154.6,3.625
154.6,3.625
154.7,3.625
154.8,3.625
154.8,3.625
154.8,3.625
154.8,3.625
154.8,3.625
154.9,3.625
154.9,3.625
155.0,3.625
155.0,3.625
155.0,3.625
155.1,3.625
155.1,3.625
155.2,3.625
155.3,3.625
155.3,3.625
155.3,3.625
155.4,3.625
155.4,3.625
155.4,3.625
155.4,3.625
155.5,3.625
155.5,3.625
155.6,3.625
155.6,3.625
155.7,3.625
155.7,3.625
155.7,3.625
155.8,3.625
155.8,3.625
155.8,3.625
155.9,3.625
155.9,3.625
156.0,3.625
156.0,3.625
156.0,3.625
156.1,3.625
156.1,3.625
156.2,3.625
156.2,3.625
156.3,3.625
156.3,3.625
156.3,3.625
156.4,3.625
156.4,3.625
156.5,3.625
156.5,3.625
156.6,3.625
156.6,3.625
156.7,3.625
156.7,3.625
156.7,3.630
156.8,3.630
156.8,3.630
156.9,3.630
156.9,3.630
156.9,3.630
156.9,3.630
157.0,3.630
157.0,3.630
157.1,3.630
157.1,3.630
157.2,3.630
157.2,3.630
157.3,3.630
157.3,3.630
157.4,3.630
157.4,3.630
157.5,3.630
157.5,3.630
157.5,3.630
157.6,3.630
157.7,3.630
157.7,3.630
157.8,3.630
157.8,3.630
157.8,3.630
157.8,3.630
157.9,3.630
157.9,3.630
157.9,3.630
157.9,3.630
158.0,3.630
158.0,3.630
158.1,3.630
158.2,3.630
158.2,3.630
158.2,3.630
158.3,3.630
158.4,3.630
158.4,3.630
158.4,3.630
158.5,3.630
158.5,3.630
158.6,3.630
158.6,3.630
158.6,3.630
158.7,3.630
158.7,3.630
158.8,3.630
158.8,3.630
158.8,3.630
158.9,3.630
158.9,3.630
158.9,3.630
159.0,3.630
159.1,3.630
159.1,3.630
159.2,3.630
159.2,3.630
159.2,3.630
159.3,3.630
159.3,3.630
159.3,3.630
159.4,3.630
159.4,3.630
159.5,3.630
159.5,3.630
159.5,3.630
159.6,3.630
159.6,3.630
159.7,3.630
159.7,3.630
159.7,3.630
159.8,3.630
159.8,3.630
159.8,3.630
159.9,3.630
159.9,3.630
160.0,3.630
160.0,3.630
160.1,3.630
160.1,3.630
160.2,3.630
160.2,3.630
160.3,3.630
160.3,3.630
160.3,3.630
160.3,3.630
160.4,3.630
160.4,3.630
160.5,3.630
160.5,3.630
160.6,3.630
160.6,3.630
160.7,3.630
160.7,3.630
160.8,3.630
160.8,3.630
160.9,3.630
160.9,3.630
160.9,3.630
161.0,3.630
161.0,3.630
161.1,3.630
161.1,3.630
161.2,3.630
161.2,3.630
161.2,3.630
161.3,3.630
161.3,3.630
161.4,3.630
161.4,3.630
161.5,3.630
161.5,3.630
161.5,3.635
161.6,3.635
161.6,3.635
161.7,3.635
161.7,3.635
161.8,3.635
161.8,3.635
161.9,3.635
161.9,3.635
161.9,3.635
162.0,3.635
162.1,3.635
162.1,3.635
162.1,3.635
162.2,3.635
162.2,3.635
162.3,3.635
162.3,3.635
162.3,3.635
162.3,3.635
162.4,3.635
162.5,3.635
162.5,3.635
162.6,3.635
162.6,3.635
162.7,3.635
162.7,3.635
162.7,3.635
162.7,3.635
162.8,3.635
162.8,3.635
162.9,3.635
162.9,3.635
163.0,3.635
163.0,3.635
163.1,3.635
163.1,3.635
163.2,3.635
163.2,3.635
163.3,3.635
163.3,3.635
163.4,3.635
163.4,3.635
163.5,3.635
163.5,3.635
163.5,3.635
163.5,3.635
163.6,3.635
163.7,3.635
163.7,3.635
163.8,3.635
163.8,3.635
163.9,3.635
163.9,3.635
164.0,3.635
164.0,3.635
164.0,3.635
164.1,3.635
164.1,3.635
164.2,3.635
164.2,3.635
164.2,3.635
164.3,3.635
164.3,3.635
164.4,3.635
164.4,3.635
164.4,3.635
164.5,3.635
164.5,3.635
164.6,3.635
164.6,3.635
164.7,3.635
164.7,3.635
164.8,3.635
164.8,3.635
164.8,3.635
164.8,3.635
164.9,3.635
164.9,3.635
165.0,3.635
165.0,3.635
165.1,3.635
165.1,3.635
165.1,3.635
165.2,3.635
165.2,3.635
165.3,3.635
165.3,3.635
165.4,3.635
165.4,3.635
165.5,3.635
165.5,3.635
165.6,3.635
165.6,3.635
165.7,3.635
165.7,3.635
165.7,3.635
165.7,3.635
165.8,3.635
165.8,3.635
165.8,3.635
165.9,3.635
165.9,3.635
165.9,3.635
166.0,3.635
166.0,3.635
166.1,3.635
166.1,3.635
166.1,3.635
166.1,3.635
166.2,3.635
166.2,3.635
166.3,3.635
166.3,3.635
166.3,3.635
166.4,3.635
166.4,3.640
166.5,3.640
166.5,3.640
166.6,3.640
166.6,3.640
166.7,3.640
166.7,3.640
166.7,3.640
166.7,3.640
166.8,3.640
166.8,3.640
166.9,3.640
166.9,3.640
166.9,3.640
167.0,3.640
167.0,3.640
167.0,3.640
167.1,3.640
167.1,3.640
167.2,3.640
167.2,3.640
167.3,3.640
167.3,3.640
167.3,3.640
167.3,3.640
167.4,3.640
167.4,3.640
167.4,3.640
167.5,3.640
167.5,3.640
167.6,3.640
167.6,3.640
167.6,3.640
167.7,3.640
167.8,3.640
167.8,3.640
167.8,3.640
167.8,3.640
167.9,3.640
167.9,3.640
168.0,3.640
168.0,3.640
168.0,3.640
168.1,3.640
168.1,3.640
168.1,3.640
168.1,3.640
168.2,3.640
168.2,3.640
168.2,3.640
168.2,3.640
168.3,3.640
168.3,3.640
168.4,3.640
168.4,3.640
168.5,3.640
168.5,3.640
168.5,3.640
168.5,3.640
168.6,3.640
168.6,3.640
168.7,3.640
168.7,3.640
168.7,3.640
168.8,3.640
168.8,3.640
168.8,3.640
168.9,3.640
168.9,3.640
169.0,3.640
169.0,3.640
169.0,3.640
169.0,3.640
169.1,3.640
169.1,3.640
169.2,3.640
169.2,3.640
169.2,3.640
169.2,3.640
169.2,3.640
169.3,3.640
169.4,3.640
169.4,3.640
169.4,3.640
169.4,3.640
169.5,3.640
169.5,3.640
169.5,3.640
169.6,3.640
169.7,3.640
169.7,3.640
169.7,3.640
169.8,3.640
169.8,3.640
169.8,3.640
169.8,3.640
169.9,3.640
169.9,3.640
169.9,3.640
170.0,3.640
170.0,3.640
170.1,3.640
170.1,3.640
170.2,3.640
170.2,3.640
170.2,3.640
170.2,3.640
170.3,3.640
170.3,3.640
170.3,3.640
170.3,3.640
170.4,3.640
170.4,3.640
170.4,3.640
170.5,3.640
170.5,3.640
170.5,3.640
170.6,3.640
170.6,3.640
170.6,3.640
170.7,3.640
170.7,3.640
170.7,3.640
170.7,3.640
170.8,3.640
170.9,3.640
170.9,3.640
170.9,3.640
171.0,3.640
171.0,3.640
171.0,3.640
171.0,3.640
171.0,3.640
171.1,3.640
171.1,3.640
171.1,3.640
171.2,3.640
171.2,3.640
171.3,3.640
171.3,3.640
171.3,3.640
171.3,3.640
171.4,3.640
171.5,3.640
171.5,3.640
171.5,3.640
171.6,3.640
171.6,3.640
171.6,3.640
171.6,3.640
171.6,3.640
171.7,3.645
171.7,3.645
171.8,3.645
171.8,3.645
171.8,3.645
171.9,3.645
171.9,3.645
171.9,3.645
171.9,3.645
172.0,3.645
172.0,3.645
172.0,3.645
172.1,3.645
172.1,3.645
172.1,3.645
172.2,3.645
172.2,3.645
172.2,3.645
172.3,3.645
172.3,3.645
172.3,3.645
172.3,3.645
172.4,3.645
172.4,3.645
172.4,3.645
172.5,3.645
172.5,3.645
172.5,3.645
172.6,3.645
172.6,3.645
172.7,3.645
172.7,3.645
172.7,3.645
172.7,3.645
172.8,3.645
172.8,3.645
172.9,3.645
172.9,3.645
172.9,3.645
172.9,3.645
173.0,3.645
173.0,3.645
173.0,3.645
173.0,3.645
173.1,3.645
173.1,3.645
173.1,3.645
173.1,3.645
173.2,3.645
173.2,3.645
173.2,3.645
173.2,3.645
173.3,3.645
173.4,3.645
173.4,3.645
173.4,3.645
173.5,3.645
173.5,3.645
173.5,3.645
173.5,3.645
173.6,3.645
173.7,3.645
173.7,3.645
173.7,3.645
173.7,3.645
173.7,3.645
173.7,3.645
173.8,3.645
173.8,3.645
173.9,3.645
173.9,3.645
173.9,3.645
174.0,3.645
174.0,3.645
174.1,3.645
174.1,3.645
174.1,3.645
174.1,3.645
174.2,3.645
174.2,3.645
174.2,3.645
174.2,3.645
174.2,3.645
174.3,3.645
174.3,3.645
174.3,3.645
174.4,3.645
174.4,3.645
174.4,3.645
174.4,3.645
174.5,3.645
174.5,3.645
174.5,3.645
174.5,3.645
174.6,3.645
174.6,3.645
174.6,3.645
174.6,3.645
174.7,3.645
174.7,3.645
174.8,3.645
174.8,3.645
174.8,3.645
174.8,3.645
174.9,3.645
174.9,3.645
174.9,3.645
174.9,3.645
174.9,3.645
175.0,3.645
175.0,3.645
175.0,3.645
175.1,3.645
175.1,3.645
175.1,3.645
175.1,3.645
175.1,3.645
175.2,3.645
175.2,3.645
175.2,3.645
175.3,3.645
175.3,3.645
175.3,3.645
175.3,3.645
175.4,3.645
175.4,3.645
175.4,3.645
175.4,3.645
175.5,3.645
175.5,3.645
175.5,3.645
175.5,3.645
175.5,3.645
175.6,3.645
175.6,3.645
175.6,3.645
175.6,3.645
175.7,3.645
175.7,3.645
175.7,3.645
175.8,3.645
175.8,3.645
175.8,3.645
175.8,3.645
175.8,3.645
175.8,3.645
175.8,3.645
175.8,3.645
175.8,3.645
175.9,3.645
175.9,3.645
176.0,3.645
176.0,3.645
176.1,3.645
176.1,3.645
176.1,3.645
176.1,3.645
176.1,3.645
176.1,3.645
176.1,3.645
176.2,3.645
176.2,3.645
176.2,3.645
176.2,3.645
176.3,3.645
176.2,3.645
176.2,3.645
176.2,3.645
176.4,3.645
176.3,3.645
176.4,3.645
176.4,3.645
176.5,3.645
176.5,3.645
176.5,3.645
176.5,3.645
176.5,3.645
176.5,3.645
176.5,3.645
176.5,3.645
176.5,3.645
176.5,3.645
176.5,3.645
176.6,3.645
176.6,3.645
176.6,3.645
176.7,3.645
176.7,3.645
176.7,3.645
176.7,3.645
176.7,3.645
176.8,3.645
176.8,3.645
176.9,3.645
176.9,3.645
176.9,3.645
176.9,3.645
176.9,3.650
176.9,3.650
176.9,3.650
176.9,3.650
176.9,3.650
177.0,3.650
177.0,3.650
177.0,3.650
177.1,3.650
177.1,3.650
177.1,3.650
177.2,3.650
177.2,3.650
177.2,3.650
177.2,3.650
177.2,3.650
177.2,3.650
177.2,3.650
177.2,3.650
177.2,3.650
177.2,3.650
177.3,3.650
177.3,3.650
177.3,3.650
177.3,3.650
177.3,3.650
177.3,3.650
177.3,3.650
177.4,3.650
177.5,3.650
177.5,3.650
177.5,3.650
177.5,3.650
177.5,3.650
177.6,3.650
177.5,3.650
177.6,3.650
177.6,3.650
177.7,3.650
177.7,3.650
177.7,3.650
177.7,3.650
177.7,3.650
177.7,3.650
177.7,3.650
177.7,3.650
177.7,3.650
177.7,3.650
177.8,3.650
177.8,3.650
177.9,3.650
177.9,3.650
177.9,3.650
177.9,3.650
178.0,3.650
178.0,3.650
178.0,3.650
178.0,3.650
178.0,3.650
178.0,3.650
178.0,3.650
178.0,3.650
178.0,3.650
178.0,3.650
178.1,3.650
178.1,3.650
178.2,3.650
178.2,3.650
178.3,3.650
178.3,3.650
178.3,3.650
178.3,3.650
178.3,3.650
178.4,3.650
178.4,3.650
178.4,3.650
178.4,3.650
178.4,3.650
178.4,3.650
178.4,3.650
178.4,3.650
178.4,3.650
178.4,3.650
178.5,3.650
178.5,3.650
178.5,3.650
178.6,3.650
178.6,3.650
178.6,3.650
178.6,3.650
178.6,3.650
178.6,3.650
178.6,3.650
178.6,3.650
178.7,3.650
178.7,3.650
178.7,3.650
178.8,3.650
178.8,3.650
178.8,3.650
178.8,3.650
178.8,3.650
178.8,3.650
178.8,3.650
178.8,3.650
178.8,3.650
178.8,3.650
178.9,3.650
179.0,3.650
179.0,3.650
179.0,3.650
179.0,3.650
179.0,3.650
179.0,3.650
179.0,3.650
179.0,3.650
179.2,3.650
179.2,3.650
179.2,3.650
179.2,3.650
179.3,3.650
179.3,3.650
179.3,3.650
179.3,3.650
179.3,3.650
179.3,3.650
179.3,3.650
179.3,3.650
179.3,3.650
179.4,3.650
179.4,3.650
179.5,3.650
179.5,3.650
179.5,3.650
179.5,3.650
179.5,3.650
179.5,3.650
179.5,3.650
179.5,3.650
179.5,3.650
179.6,3.650
179.6,3.650
179.7,3.650
179.7,3.650
179.7,3.650
179.7,3.650
179.7,3.650
179.7,3.650
179.7,3.650
179.7,3.650
179.7,3.650
179.8,3.650
179.8,3.650
179.8,3.650
179.8,3.650
179.8,3.650
179.8,3.650
179.8,3.650
179.9,3.650
180.0,3.650
180.0,3.650
180.0,3.650
180.0,3.650
180.1,3.650
180.1,3.650
180.1,3.650
180.1,3.650
180.2,3.650
180.2,3.650
180.1,3.650
180.2,3.650
180.2,3.650
180.2,3.650
180.2,3.650
180.2,3.650
180.2,3.650
180.2,3.650
180.2,3.650
180.2,3.650
180.3,3.650
180.3,3.650
180.3,3.650
180.3,3.650
180.3,3.650
180.3,3.650
180.3,3.650
180.3,3.650
180.4,3.650
180.4,3.650
180.4,3.650
180.4,3.650
180.4,3.650
180.5,3.650
180.5,3.650
180.5,3.650
180.5,3.650
180.5,3.650
180.5,3.650
180.5,3.650
180.6,3.650
180.6,3.650
180.6,3.650
180.6,3.650
180.6,3.650
180.6,3.650
180.6,3.650
180.6,3.650
180.6,3.650
180.6,3.650
180.6,3.650
180.7,3.650
180.7,3.650
180.7,3.650
180.7,3.650
180.8,3.650
180.8,3.650
180.9,3.650
180.9,3.650
180.9,3.650
180.9,3.650
180.9,3.650
180.9,3.650
180.9,3.650
180.9,3.650
180.9,3.650
180.9,3.650
180.9,3.650
181.0,3.650
181.0,3.650
181.0,3.650
181.0,3.650
181.0,3.650
181.0,3.650
181.0,3.650
181.0,3.650
181.1,3.650
181.1,3.650
181.1,3.650
181.1,3.650
181.1,3.650
181.1,3.650
181.1,3.650
181.1,3.650
181.1,3.650
181.2,3.650
181.2,3.650
181.2,3.650
181.2,3.650
181.3,3.650
181.3,3.650
181.3,3.650
181.3,3.650
181.4,3.650
181.3,3.650
181.3,3.650
181.3,3.650
181.3,3.650
181.3,3.650
181.4,3.650
181.4,3.650
181.4,3.650
181.4,3.650
181.5,3.650
181.5,3.650
181.5,3.650
181.5,3.650
181.5,3.650
181.5,3.650
181.5,3.650
181.5,3.650
181.6,3.650
181.6,3.650
181.6,3.650
181.6,3.650
181.6,3.650
181.6,3.650
181.6,3.650
181.6,3.650
181.6,3.650
181.7,3.650
181.7,3.650
181.7,3.650
181.7,3.650
181.7,3.650
181.7,3.650
181.7,3.650
181.7,3.650
181.8,3.650
181.8,3.650
181.8,3.655
181.8,3.655
181.8,3.655
181.8,3.655
181.8,3.655
181.8,3.655
181.8,3.655
181.9,3.655
181.9,3.655
181.9,3.655
181.9,3.655
181.9,3.655
181.9,3.655
181.9,3.655
181.9,3.655
181.9,3.655
182.0,3.655
182.1,3.655
182.1,3.655
182.1,3.655
182.1,3.655
182.1,3.655
182.1,3.655
182.1,3.655
182.1,3.655
182.1,3.655
182.1,3.655
182.1,3.655
182.1,3.655
182.1,3.655
182.1,3.655
182.1,3.655
182.1,3.655
182.1,3.655
182.2,3.655
182.2,3.655
182.2,3.655
182.2,3.655
182.2,3.655
182.2,3.655
182.2,3.655
182.2,3.655
182.3,3.655
182.3,3.655
182.3,3.655
182.3,3.655
182.3,3.655
182.3,3.655
182.3,3.655
182.3,3.655
182.3,3.655
182.4,3.655
182.4,3.655
182.4,3.655
182.4,3.655
182.4,3.655
182.4,3.655
182.4,3.655
182.4,3.655
182.4,3.655
182.4,3.655
182.5,3.655
182.5,3.655
182.5,3.655
182.5,3.655
182.5,3.655
182.5,3.655
182.5,3.655
182.5,3.655
182.6,3.655
182.6,3.655
182.6,3.655
182.6,3.655
182.6,3.655
182.6,3.655
182.6,3.655
182.6,3.655
182.6,3.655
182.6,3.655
182.6,3.655
182.6,3.655
182.6,3.655
182.7,3.655
182.7,3.655
182.7,3.655
182.7,3.655
182.7,3.655
182.7,3.655
182.7,3.655
182.7,3.655
182.7,3.655
182.7,3.655
182.8,3.655
182.8,3.655
182.8,3.655
182.8,3.655
182.8,3.655
182.8,3.655
182.8,3.655
182.8,3.655
182.8,3.655
182.8,3.655
182.9,3.655
182.9,3.655
182.9,3.655
182.9,3.655
182.9,3.655
182.9,3.655
182.9,3.655
182.9,3.655
182.9,3.655
182.9,3.655
182.9,3.655
183.0,3.655
183.0,3.655
183.0,3.655
183.0,3.655
183.0,3.655
183.0,3.655
183.0,3.655
183.0,3.655
183.0,3.655
183.0,3.655
183.1,3.655
183.1,3.655
183.1,3.655
183.1,3.655
183.2,3.655
183.2,3.655
183.2,3.655
183.2,3.655
183.2,3.655
183.2,3.655
183.2,3.655
183.2,3.655
183.2,3.655
183.3,3.655
183.3,3.655
183.3,3.655
183.3,3.655
183.3,3.655
183.3,3.655
183.3,3.655
183.3,3.655
183.4,3.655
183.4,3.655
183.4,3.655
183.4,3.655
183.4,3.655
183.4,3.655
183.4,3.655
183.4,3.655
183.4,3.655
183.4,3.655
183.4,3.655
183.5,3.655
183.5,3.655
183.5,3.655
183.5,3.655
183.5,3.655
183.5,3.655
183.5,3.655
183.6,3.655
183.6,3.655
183.6,3.655
183.6,3.655
183.6,3.655
183.6,3.655
183.6,3.655
183.6,3.655
183.6,3.655
183.6,3.655
183.6,3.655
183.7,3.655
183.7,3.655
183.7,3.655
183.7,3.655
183.7,3.655
183.7,3.655
183.7,3.655
183.7,3.655
183.7,3.655
183.8,3.655
183.8,3.655
183.8,3.655
183.8,3.655
183.8,3.655
183.8,3.655
183.8,3.655
183.8,3.655
183.9,3.655
183.9,3.655
183.9,3.655
183.9,3.655
183.9,3.655
183.9,3.655
183.9,3.655
183.9,3.655
184.0,3.655
184.0,3.655
184.0,3.655
184.0,3.655
184.0,3.655
184.0,3.655
184.0,3.655
184.0,3.655
184.0,3.655
184.0,3.655
184.0,3.655
184.0,3.655
184.1,3.655
184.1,3.655
184.1,3.655
184.2,3.655
184.2,3.655
184.2,3.655
184.2,3.655
184.2,3.655
184.2,3.655
184.2,3.655
184.2,3.655
184.2,3.655
184.2,3.655
184.2,3.655
184.2,3.655
184.2,3.655
184.2,3.655
184.2,3.655
184.2,3.655
184.2,3.655
184.3,3.655
184.3,3.655
184.3,3.655
184.3,3.655
184.3,3.655
184.3,3.655
184.3,3.655
184.3,3.655
184.3,3.655
184.4,3.655
184.4,3.655
184.4,3.655
184.4,3.655
184.4,3.655
184.4,3.655
184.4,3.655
184.4,3.655
184.5,3.655
184.5,3.655
184.5,3.655
184.5,3.655
184.5,3.655
184.5,3.655
184.5,3.655
184.5,3.655
184.5,3.655
184.5,3.655
184.5,3.655
184.5,3.655
184.5,3.655
184.5,3.655
184.5,3.655
184.5,3.655
184.6,3.655
184.6,3.655
184.6,3.655
184.6,3.655
184.6,3.655
184.6,3.655
184.6,3.655
184.6,3.655
184.6,3.655
184.6,3.655
184.7,3.655
184.7,3.655
184.7,3.655
184.7,3.655
184.7,3.655
184.7,3.655
184.7,3.655
184.7,3.655
184.7,3.655
184.7,3.655
184.7,3.655
184.7,3.655
184.7,3.655
184.7,3.655
184.7,3.655
184.7,3.655
184.7,3.655
184.7,3.655
184.8,3.655
184.8,3.655
184.8,3.655
184.8,3.655
184.8,3.655
184.8,3.655
184.8,3.655
184.8,3.655
184.8,3.655
184.8,3.655
184.8,3.655
184.8,3.655
184.8,3.655
184.9,3.655
184.9,3.655
184.9,3.655
184.9,3.655
184.9,3.655
184.9,3.655
184.9,3.655
184.9,3.655
184.9,3.655
184.9,3.655
184.9,3.655
184.9,3.655
184.9,3.655
184.9,3.655
184.9,3.655
184.9,3.655
184.9,3.655
184.9,3.655
184.9,3.655
184.9,3.655
184.9,3.655
185.0,3.655
185.0,3.655
185.0,3.655
185.0,3.655
185.0,3.655
185.0,3.655
185.0,3.655
185.0,3.655
185.0,3.655
185.1,3.655
185.1,3.655
185.1,3.655
185.1,3.655
185.1,3.655
185.1,3.655
185.1,3.655
185.1,3.655
185.1,3.655
185.1,3.655
185.1,3.655
185.1,3.655
185.1,3.655
185.2,3.655
185.2,3.655
185.2,3.655
185.2,3.655
185.2,3.655
185.2,3.655
185.2,3.655
185.2,3.655
185.2,3.655
185.2,3.655
185.2,3.655
185.2,3.655
185.2,3.655
185.2,3.655
185.2,3.655
185.2,3.655
185.3,3.655
185.3,3.655
185.3,3.655
185.3,3.655
185.3,3.655
185.3,3.655
185.3,3.655
185.3,3.655
185.4,3.655
185.4,3.655
185.4,3.655
185.4,3.655
185.4,3.655
185.4,3.655
185.4,3.655
185.4,3.655
185.4,3.655
185.4,3.655
185.4,3.655
185.4,3.655
185.4,3.655
185.4,3.655
185.4,3.655
185.4,3.655
185.5,3.655
185.5,3.655
185.5,3.655
185.5,3.655
185.5,3.655
185.5,3.655
185.5,3.655
185.5,3.655
185.5,3.655
185.6,3.655
185.6,3.655
185.6,3.655
185.6,3.655
185.6,3.655
185.6,3.655
185.6,3.655
185.6,3.655
185.6,3.655
185.6,3.655
185.6,3.655
185.6,3.655
185.6,3.655
185.7,3.655
185.7,3.655
185.7,3.655
185.7,3.655
185.7,3.655
185.7,3.655
185.7,3.655
185.7,3.655
185.7,3.655
185.8,3.655
185.8,3.655
185.8,3.655
185.8,3.655
185.8,3.655
185.8,3.655
185.8,3.655
185.8,3.655
185.8,3.655
185.8,3.655
185.8,3.655
185.8,3.655
185.8,3.655
185.8,3.655
185.8,3.655
185.8,3.655
185.8,3.655
185.9,3.655
185.9,3.655
185.9,3.655
185.9,3.655
185.9,3.655
185.9,3.655
185.9,3.655
185.9,3.655
185.9,3.655
185.9,3.655
185.9,3.655
186.0,3.655
186.0,3.655
186.0,3.655
186.0,3.655
186.0,3.655
186.0,3.655
186.0,3.655
186.0,3.655
186.0,3.655
186.0,3.655
186.0,3.655
186.0,3.655
186.1,3.655
186.1,3.655
186.1,3.655
186.1,3.655
186.1,3.655
186.1,3.655
186.1,3.655
186.1,3.655
186.1,3.655
186.1,3.655
186.1,3.655
186.1,3.655
186.1,3.655
186.1,3.655
186.1,3.655
186.1,3.655
186.1,3.655
186.1,3.655
186.1,3.655
186.2,3.655
186.2,3.655
186.2,3.655
186.2,3.655
186.2,3.655
186.2,3.655
186.2,3.655
186.2,3.655
186.2,3.655
186.2,3.655
186.2,3.655
186.2,3.655
186.2,3.655
186.3,3.655
186.3,3.655
186.3,3.655
186.3,3.655
186.3,3.655
186.3,3.655
186.3,3.655
186.3,3.655
186.3,3.655
186.3,3.655
186.3,3.655
186.3,3.655
186.3,3.655
186.3,3.655
186.3,3.655
186.4,3.655
186.4,3.655
186.4,3.655
186.4,3.655
186.4,3.655
186.4,3.655
186.4,3.655
186.4,3.655
186.4,3.655
186.4,3.655
186.4,3.655
186.4,3.655
186.4,3.655
186.4,3.655
186.4,3.655
186.4,3.655
186.5,3.655
186.5,3.655
186.5,3.655
186.5,3.655
186.5,3.655
186.5,3.655
186.5,3.655
186.5,3.655
186.5,3.655
186.5,3.655
186.5,3.655
186.5,3.655
186.5,3.655
186.5,3.655
186.5,3.655
186.5,3.655
186.6,3.655
186.6,3.655
186.6,3.655
186.6,3.655
186.6,3.655
186.6,3.655
186.6,3.655
186.6,3.655
186.6,3.655
186.6,3.655
186.6,3.655
186.6,3.655
186.6,3.655
186.6,3.655
186.6,3.655
186.6,3.655
186.6,3.655
186.6,3.655
186.7,3.655
186.7,3.655
186.7,3.655
186.7,3.655
186.7,3.655
186.7,3.655
186.7,3.655
186.7,3.655
186.7,3.655
186.7,3.655
186.7,3.655
186.7,3.655
186.7,3.655
186.7,3.655
186.7,3.655
186.8,3.655
186.8,3.655
186.8,3.655
186.8,3.655
186.8,3.655
186.8,3.655
186.8,3.655
186.8,3.655
186.8,3.655
186.8,3.655
186.8,3.655
186.8,3.655
186.9,3.655
186.9,3.655
186.9,3.655
186.9,3.655
186.9,3.655
186.9,3.655
186.9,3.655
186.9,3.655
186.9,3.655
186.9,3.655
186.9,3.655
186.9,3.655
186.9,3.655
187.0,3.655
187.0,3.655
187.0,3.655
187.0,3.655
187.0,3.655
187.0,3.655
187.0,3.655
187.0,3.655
187.0,3.655
187.0,3.655
187.0,3.655
187.0,3.655
187.0,3.655
187.0,3.655
187.0,3.655
187.0,3.655
187.0,3.655
187.0,3.655
187.0,3.655
187.0,3.655
187.0,3.660
187.0,3.660
187.0,3.660
187.0,3.660
187.0,3.660
187.0,3.660
187.1,3.660
187.1,3.660
187.1,3.660
187.1,3.660
187.1,3.660
187.1,3.660
187.1,3.660
187.1,3.660
187.1,3.660
187.1,3.660
187.1,3.660
187.1,3.660
187.1,3.660
187.1,3.660
187.1,3.660
187.1,3.660
187.1,3.660
187.1,3.660
187.1,3.660
187.1,3.660
187.2,3.660
187.2,3.660
187.2,3.660
187.2,3.660
187.2,3.660
187.2,3.660
187.2,3.660
187.2,3.660
187.2,3.660
187.2,3.660
187.2,3.660
187.2,3.660
187.2,3.660
187.3,3.660
187.3,3.660
187.3,3.660
187.3,3.660
187.3,3.660
187.3,3.660
187.3,3.660
187.3,3.660
187.3,3.660
187.3,3.660
187.3,3.660
187.3,3.660
187.3,3.660
187.3,3.660
187.3,3.660
187.3,3.660
187.3,3.660
187.3,3.660
187.3,3.660
187.3,3.660
187.3,3.660
187.3,3.660
187.3,3.660
187.3,3.660
187.3,3.660
187.3,3.660
187.3,3.660
187.3,3.660
187.3,3.660
187.3,3.660
187.3,3.660
187.3,3.660
187.4,3.660
187.4,3.660
187.4,3.660
187.4,3.660
187.4,3.660
187.4,3.660
187.4,3.660
187.4,3.660
187.4,3.660
187.4,3.660
187.4,3.660
187.4,3.660
187.4,3.660
187.4,3.660
187.4,3.660
187.4,3.660
187.4,3.660
187.4,3.660
187.4,3.660
187.4,3.660
187.4,3.660
187.4,3.660
187.5,3.660
187.5,3.660
187.5,3.660
187.5,3.660
187.5,3.660
187.5,3.660
187.5,3.660
187.5,3.660
187.5,3.660
187.5,3.660
187.5,3.660
187.5,3.660
187.5,3.660
187.5,3.660
187.5,3.660
187.5,3.660
187.5,3.660
187.5,3.660
187.5,3.660
187.5,3.660
187.5,3.660
187.5,3.660
187.5,3.660
187.5,3.660
187.5,3.660
187.6,3.660
187.6,3.660
187.6,3.660
187.6,3.660
187.6,3.660
187.6,3.660
187.6,3.660
187.6,3.660
187.6,3.660
187.6,3.660
187.6,3.660
187.6,3.660
187.6,3.660
187.6,3.660
187.6,3.660
187.6,3.660
187.6,3.660
187.7,3.660
187.7,3.660
187.7,3.660
187.7,3.660
187.7,3.660
187.7,3.660
187.7,3.660
187.7,3.660
187.7,3.660
187.7,3.660
187.8,3.660
187.8,3.660
187.8,3.660
187.8,3.660
187.8,3.660
187.8,3.660
187.8,3.660
187.8,3.660
187.8,3.660
187.8,3.660
187.8,3.660
187.8,3.660
187.8,3.660
187.8,3.660
187.8,3.660
187.8,3.660
187.8,3.660
187.8,3.660
187.8,3.660
187.8,3.660
187.8,3.660
187.8,3.660
187.8,3.660
187.8,3.660
187.8,3.660
187.8,3.660
187.8,3.660
187.8,3.660
187.8,3.660
187.8,3.660
187.8,3.660
187.8,3.660
187.8,3.660
187.8,3.660
187.8,3.660
187.9,3.660
187.9,3.660
187.9,3.660
187.9,3.660
187.9,3.660
187.9,3.660
187.9,3.660
187.9,3.660
187.9,3.660
187.9,3.660
187.9,3.660
187.9,3.660
187.9,3.660
187.9,3.660
187.9,3.660
187.9,3.660
187.9,3.660
187.9,3.660
187.9,3.660
188.0,3.660
188.0,3.660
188.0,3.660
188.0,3.660
188.0,3.660
188.0,3.660
188.0,3.660
188.0,3.660
187.9,3.660
187.9,3.660
187.9,3.660
187.9,3.660
187.9,3.660
187.9,3.660
187.9,3.660
187.9,3.660
187.9,3.660
187.9,3.660
187.9,3.660
187.9,3.660
188.0,3.660
188.0,3.660
188.0,3.660
188.0,3.660
188.0,3.660
188.0,3.660
188.0,3.660
188.0,3.660
188.0,3.660
188.0,3.660
188.0,3.660
188.0,3.660
188.0,3.660
188.0,3.660
188.0,3.660
188.0,3.660
188.0,3.660
188.0,3.660
188.0,3.660
188.0,3.660
188.0,3.660
188.0,3.660
188.0,3.660
188.0,3.660
188.0,3.660
188.0,3.660
188.0,3.660
188.0,3.660
188.0,3.660
188.0,3.660
188.0,3.660
188.0,3.660
188.0,3.660
188.0,3.660
188.0,3.660
188.0,3.660
188.0,3.660
188.1,3.660
188.1,3.660
188.1,3.660
188.1,3.660
188.1,3.660
188.1,3.660
188.1,3.660
188.1,3.660
188.1,3.660
188.1,3.660
188.1,3.660
188.1,3.660
188.1,3.660
188.1,3.660
188.1,3.660
188.1,3.660
188.1,3.660
188.1,3.660
188.1,3.660
188.1,3.660
188.1,3.660
188.1,3.660
188.1,3.660
188.1,3.660
188.1,3.660
188.1,3.660
188.1,3.660
188.1,3.660
188.1,3.660
188.1,3.660
188.1,3.660
188.1,3.660
188.1,3.660
188.1,3.660
188.2,3.660
188.2,3.660
188.2,3.660
188.2,3.660
188.2,3.660
188.2,3.660
188.2,3.660
188.2,3.660
188.2,3.660
188.2,3.660
188.2,3.660
188.2,3.660
188.2,3.660
188.2,3.660
188.2,3.660
188.2,3.660
188.2,3.660
188.2,3.660
188.2,3.660
188.2,3.660
188.2,3.660
188.2,3.660
188.2,3.660
188.3,3.660
188.3,3.660
188.3,3.660
188.3,3.660
188.3,3.660
188.2,3.660
188.2,3.660
188.2,3.660
188.2,3.660
188.2,3.660
188.2,3.660
188.2,3.660
188.2,3.660
188.2,3.660
188.2,3.660
188.2,3.660
188.2,3.660
188.2,3.660
188.2,3.660
188.2,3.660
188.2,3.660
188.2,3.660
188.2,3.660
188.2,3.660
188.2,3.660
188.2,3.660
188.2,3.660
188.3,3.660
188.3,3.660
188.3,3.660
188.3,3.660
188.3,3.660
188.3,3.660
188.3,3.660
188.3,3.660
188.3,3.660
188.3,3.660
188.3,3.660
188.3,3.660
188.3,3.660
188.3,3.660
188.3,3.660
188.3,3.660
188.3,3.660
188.3,3.660
188.3,3.660
188.3,3.660
188.3,3.660
188.3,3.660
188.3,3.660
188.3,3.660
188.3,3.660
188.3,3.660
188.3,3.660
188.3,3.660
188.3,3.660
188.3,3.660
188.3,3.660
188.3,3.660
188.3,3.660
188.3,3.660
188.3,3.660
188.3,3.660
188.3,3.660
188.3,3.660
188.3,3.660
188.3,3.660
188.3,3.660
188.3,3.660
188.3,3.660
188.3,3.660
188.3,3.660
188.3,3.660
188.3,3.660
188.3,3.660
188.3,3.660
188.3,3.660
188.3,3.660
188.3,3.660
188.3,3.660
188.3,3.660
188.3,3.660
188.3,3.660
188.3,3.660
188.3,3.660
188.3,3.660
188.3,3.660
188.3,3.660
188.3,3.660
188.3,3.660
188.3,3.660
188.4,3.660
188.4,3.660
188.4,3.660
188.4,3.660
188.4,3.660
188.4,3.660
188.4,3.660
188.4,3.660
188.4,3.660
188.4,3.660
188.4,3.660
188.4,3.660
188.4,3.660
188.4,3.660
188.4,3.660
188.4,3.660
188.4,3.660
188.4,3.660
188.4,3.660
188.4,3.660
188.4,3.660
188.4,3.660
188.4,3.660
188.4,3.660
188.4,3.660
188.4,3.660
188.4,3.660
188.4,3.660
188.4,3.660
188.4,3.660
188.5,3.660
188.4,3.660
188.4,3.660
188.4,3.660
188.4,3.660
188.4,3.660
188.4,3.660
188.4,3.660
188.4,3.660
188.4,3.660
188.4,3.660
188.4,3.660
188.4,3.660
188.4,3.660
188.4,3.660
188.4,3.660
188.4,3.660
188.4,3.660
188.4,3.660
188.4,3.660
188.4,3.660
188.4,3.660
188.4,3.660
188.4,3.660
188.4,3.660
188.4,3.660
188.4,3.660
188.4,3.660
188.4,3.660
188.5,3.660
188.5,3.660
188.5,3.660
188.5,3.660
188.5,3.660
188.5,3.660
188.5,3.660
188.5,3.660
188.5,3.660
188.5,3.660
188.5,3.660
188.5,3.660
188.5,3.660
188.5,3.660
188.5,3.660
188.5,3.660
188.5,3.660
188.5,3.660
188.5,3.660
188.5,3.660
188.5,3.660
188.5,3.660
188.5,3.660
188.5,3.660
188.5,3.660
188.5,3.660
188.5,3.660
188.5,3.660
188.5,3.660
188.5,3.660
188.5,3.660
188.5,3.660
188.5,3.660
188.5,3.660
188.5,3.660
188.5,3.660
188.5,3.660
188.5,3.660
188.6,3.660
188.6,3.660
188.6,3.660
188.6,3.660
188.6,3.660
188.6,3.660
188.6,3.660
188.6,3.660
188.6,3.660
188.6,3.660
188.6,3.660
188.6,3.660
188.6,3.660
188.6,3.660
188.6,3.660
188.6,3.660
188.6,3.660
188.6,3.660
188.6,3.660
188.6,3.660
188.6,3.660
188.6,3.660
188.6,3.660
188.6,3.660
188.6,3.660
188.6,3.660
188.6,3.660
188.6,3.660
188.6,3.660
188.6,3.660
188.6,3.660
188.6,3.660
188.6,3.660
188.6,3.660
188.6,3.660
188.6,3.660
188.7,3.660
188.7,3.660
188.7,3.660
188.7,3.660
188.7,3.660
188.7,3.660
188.7,3.660
188.7,3.660
188.7,3.660
188.7,3.660
188.7,3.660
188.7,3.660
188.7,3.660
188.7,3.660
188.7,3.660
188.7,3.660
188.7,3.660
188.7,3.660
188.7,3.660
188.7,3.660
188.7,3.660
188.7,3.660
188.7,3.660
188.7,3.660
188.7,3.660
188.7,3.660
188.7,3.660
188.7,3.660
188.7,3.660
188.7,3.660
188.7,3.660
188.7,3.660
188.7,3.660
188.7,3.660
188.7,3.660
188.7,3.660
188.7,3.660
188.7,3.660
188.7,3.660
188.7,3.660
188.7,3.660
188.7,3.660
188.7,3.660
188.8,3.660
188.8,3.660
188.8,3.660
188.8,3.660
188.8,3.660
188.8,3.660
188.8,3.660
188.8,3.660
188.8,3.660
188.8,3.660
188.8,3.660
188.8,3.660
188.8,3.660
188.8,3.660
188.8,3.660
188.8,3.660
188.8,3.660
188.8,3.660
188.8,3.660
188.8,3.660
188.8,3.660
188.8,3.660
188.8,3.660
188.8,3.660
188.8,3.660
188.8,3.660
188.8,3.660
188.8,3.660
188.8,3.660
188.8,3.660
188.8,3.660
188.9,3.660
188.9,3.660
188.9,3.660
188.9,3.660
188.9,3.660
188.9,3.660
188.9,3.660
188.8,3.660
188.8,3.660
188.8,3.660
188.8,3.660
188.8,3.660
188.8,3.660
188.8,3.660
188.8,3.660
188.8,3.660
188.8,3.660
188.8,3.660
188.8,3.660
188.8,3.660
188.8,3.660
188.8,3.660
188.8,3.660
188.8,3.660
188.8,3.660
188.8,3.660
188.8,3.660
188.8,3.660
188.8,3.660
188.8,3.660
188.8,3.660
188.8,3.660
188.9,3.660
188.9,3.660
188.9,3.660
188.9,3.660
188.9,3.660
188.9,3.660
188.9,3.660
188.9,3.660
188.9,3.660
188.9,3.660
188.9,3.660
188.9,3.660
188.9,3.660
188.9,3.660
188.9,3.660
188.9,3.660
188.9,3.660
188.9,3.660
188.9,3.660
188.9,3.660
188.9,3.660
188.9,3.660
188.9,3.660
188.9,3.660
188.9,3.660
188.9,3.660
188.9,3.660
188.9,3.660
188.9,3.660
188.9,3.660
188.9,3.660
188.9,3.660
188.9,3.660
188.9,3.660
188.9,3.660
188.9,3.660
188.9,3.660
188.9,3.660
188.9,3.660
188.9,3.660
188.9,3.660
188.9,3.660
188.9,3.660
188.9,3.660
188.9,3.660
188.9,3.660
188.9,3.660
188.9,3.660
188.9,3.660
188.9,3.660
188.9,3.660
188.9,3.660
188.9,3.660
188.9,3.660
188.9,3.660
188.9,3.660
188.9,3.660
188.9,3.660
188.9,3.660
188.9,3.660
188.9,3.660
188.9,3.660
188.9,3.660
188.9,3.660
188.9,3.660
188.9,3.660
188.9,3.660
188.9,3.660
189.0,3.660
189.0,3.660
189.0,3.660
189.0,3.660
189.0,3.660
189.0,3.660
189.0,3.660
189.0,3.660
189.0,3.660
189.0,3.660
189.0,3.660
189.0,3.660
189.0,3.660
189.0,3.660
189.0,3.660
189.0,3.660
189.0,3.660
189.0,3.660
189.0,3.660
189.0,3.660
189.0,3.660
189.0,3.660
189.0,3.660
189.0,3.660
189.0,3.660
189.0,3.660
189.0,3.660
189.0,3.660
189.0,3.660
189.0,3.660
189.0,3.660
189.0,3.660
189.0,3.660
189.0,3.660
189.0,3.660
189.0,3.660
189.0,3.660
189.0,3.660
189.0,3.660
189.0,3.660
189.0,3.660
189.0,3.660
189.0,3.660
189.0,3.660
189.0,3.660
189.0,3.660
189.0,3.660
189.0,3.660
189.0,3.660
189.0,3.660
189.0,3.660
189.0,3.660
189.0,3.660
189.1,3.660
189.1,3.660
189.1,3.660
189.1,3.660
189.1,3.660
189.1,3.660
189.1,3.660
189.1,3.660
189.1,3.660
189.1,3.660
189.1,3.660
189.1,3.660
189.1,3.660
189.1,3.660
189.1,3.660
189.1,3.660
189.1,3.660
189.1,3.660
189.1,3.660
189.1,3.660
189.1,3.660
189.1,3.660
189.0,3.660
189.0,3.660
189.0,3.660
189.0,3.660
189.0,3.660
189.0,3.660
189.0,3.660
189.0,3.660
189.0,3.660
189.0,3.660
189.0,3.660
189.0,3.660
189.0,3.660
189.0,3.660
189.1,3.660
189.1,3.660
189.1,3.660
189.1,3.660
189.1,3.660
189.1,3.660
189.1,3.660
189.1,3.660
189.1,3.660
189.1,3.660
189.1,3.660
189.1,3.660
189.1,3.660
189.1,3.660
189.1,3.660
189.1,3.660
189.1,3.660
189.1,3.660
189.1,3.660
189.1,3.660
189.1,3.660
189.1,3.660
189.1,3.660
189.1,3.660
189.1,3.660
189.1,3.660
189.1,3.660
189.1,3.660
189.1,3.660
189.1,3.660
189.1,3.660
189.1,3.660
189.1,3.660
189.1,3.660
189.1,3.660
189.1,3.660
189.1,3.660
189.1,3.660
189.1,3.660
189.1,3.660
189.1,3.660
189.1,3.660
189.1,3.660
189.1,3.660
189.1,3.660
189.1,3.660
189.1,3.660
189.1,3.660
189.1,3.660
189.1,3.660
189.1,3.660
189.1,3.660
189.1,3.660
189.1,3.660
189.1,3.660
189.2,3.660
189.2,3.660
189.2,3.660
189.2,3.660
189.2,3.660
189.2,3.660
189.2,3.660
189.2,3.660
189.2,3.660
189.2,3.660
189.2,3.660
189.2,3.660
189.2,3.660
189.2,3.660
189.2,3.660
189.2,3.660
189.2,3.660
189.2,3.660
189.2,3.660
189.2,3.660
189.2,3.660
189.2,3.660
189.2,3.660
189.2,3.660
189.2,3.660
189.2,3.660
189.2,3.660
189.2,3.660
189.2,3.660
189.2,3.660
189.2,3.660
189.2,3.660
189.2,3.660
189.2,3.660
189.2,3.660
189.2,3.660
189.2,3.660
189.2,3.660
189.3,3.660
189.3,3.660
189.3,3.660
189.3,3.660
189.3,3.660
189.3,3.660
189.3,3.660
189.3,3.660
189.3,3.660
189.3,3.660
189.3,3.660
189.3,3.660
189.3,3.660
189.3,3.660
189.3,3.660
189.3,3.660
189.3,3.660
189.3,3.660
189.3,3.660
189.3,3.660
189.3,3.660
189.3,3.660
189.3,3.660
189.3,3.660
189.3,3.660
189.3,3.660
189.3,3.660
189.3,3.660
189.3,3.660
189.3,3.660
189.3,3.660
189.3,3.660
189.3,3.660
189.3,3.660
189.3,3.660
189.3,3.660
189.3,3.660
189.3,3.660
189.3,3.660
189.3,3.660
189.3,3.660
189.3,3.660
189.3,3.660
189.3,3.660
189.3,3.660
189.3,3.660
189.3,3.660
189.3,3.660
189.4,3.660
189.4,3.660
189.4,3.660
189.4,3.660
189.4,3.660
189.4,3.660
189.4,3.660
189.4,3.660
189.4,3.660
189.4,3.660
189.4,3.660
189.4,3.660
189.4,3.660
189.4,3.660
189.4,3.660
189.4,3.660
189.4,3.660
189.4,3.660
189.4,3.660
189.4,3.660
189.4,3.660
189.4,3.660
189.4,3.660
189.4,3.660
189.4,3.660
189.4,3.660
189.4,3.660
189.4,3.660
189.4,3.660
189.4,3.660
189.4,3.660
189.4,3.660
189.5,3.660
189.5,3.660
189.5,3.660
189.5,3.660
189.5,3.660
189.5,3.660
189.5,3.660
189.5,3.660
189.5,3.660
189.5,3.660
189.5,3.660
189.5,3.660
189.5,3.660
189.5,3.660
189.5,3.660
189.5,3.660
189.5,3.660
189.5,3.660
189.5,3.660
189.5,3.660
189.5,3.660
189.5,3.660
189.5,3.660
189.5,3.660
189.5,3.660
189.5,3.660
189.5,3.660
189.5,3.660
189.5,3.660
189.5,3.660
189.5,3.660
189.5,3.660
189.5,3.660
189.5,3.660
189.5,3.660
189.5,3.660
189.5,3.660
189.5,3.660
189.5,3.660
189.5,3.660
189.5,3.660
189.5,3.660
189.5,3.660
189.5,3.660
189.5,3.660
189.5,3.660
189.5,3.660
189.6,3.660
189.6,3.660
189.6,3.660
189.6,3.660
189.6,3.660
189.6,3.660
189.6,3.660
189.6,3.660
189.6,3.660
189.6,3.660
189.6,3.660
189.6,3.660
189.6,3.660
189.6,3.660
189.6,3.660
189.6,3.660
189.6,3.660
189.6,3.660
189.6,3.660
189.6,3.660
189.6,3.660
189.6,3.660
189.6,3.660
189.6,3.660
189.6,3.660
189.6,3.660
189.6,3.660
189.6,3.660
189.6,3.660
189.6,3.660
189.6,3.660
189.6,3.660
189.6,3.660
189.6,3.660
189.6,3.660
189.6,3.660
189.6,3.660
189.6,3.660
189.6,3.660
189.6,3.660
189.6,3.660
189.6,3.660
189.6,3.660
189.6,3.660
189.6,3.660
189.6,3.660
189.6,3.660
189.6,3.660
189.6,3.660
189.6,3.660
189.6,3.660
189.6,3.660
189.6,3.660
189.6,3.660
189.6,3.660
189.6,3.660
189.6,3.660
189.6,3.660
189.6,3.660
189.6,3.660
189.7,3.660
189.7,3.660
189.7,3.660
189.7,3.660
189.7,3.660
189.7,3.660
189.7,3.660
189.7,3.660
189.7,3.660
189.7,3.660
189.7,3.660
189.7,3.660
189.7,3.660
189.7,3.660
189.7,3.660
189.7,3.660
189.7,3.660
189.7,3.660
189.7,3.660
189.7,3.660
189.7,3.660
189.8,3.660
189.8,3.660
189.8,3.660
189.8,3.660
189.8,3.660
189.8,3.660
189.8,3.660
189.8,3.660
189.8,3.660
189.8,3.660
189.8,3.660
189.8,3.660
189.8,3.660
189.8,3.660
189.8,3.660
189.8,3.660
189.8,3.660
189.8,3.660
189.8,3.660
189.8,3.660
189.8,3.660
189.8,3.660
189.8,3.660
189.8,3.660
189.8,3.660
189.8,3.660
189.8,3.660
189.8,3.660
189.8,3.660
189.8,3.660
189.8,3.660
189.8,3.660
189.8,3.660
189.8,3.660
189.8,3.660
189.8,3.660
189.8,3.660
189.8,3.660
189.8,3.660
189.8,3.660
189.8,3.660
189.8,3.660
189.8,3.660
189.8,3.660
189.9,3.660
189.9,3.660
189.9,3.660
189.9,3.660
189.9,3.660
189.9,3.660
189.9,3.660
189.9,3.660
189.9,3.660
189.9,3.660
189.9,3.660
189.9,3.660
189.9,3.660
189.9,3.660
189.9,3.660
189.9,3.660
189.9,3.660
189.9,3.660
189.9,3.660
189.9,3.660
189.9,3.660
189.9,3.660
189.9,3.660
189.9,3.660
189.9,3.660
189.9,3.660
189.9,3.660
189.9,3.660
189.9,3.660
189.9,3.660
189.9,3.660
189.9,3.660
189.9,3.660
190.0,3.660
190.0,3.660
190.0,3.660
190.0,3.660
190.0,3.660
190.0,3.660
190.0,3.660
190.0,3.660
190.0,3.660
190.0,3.660
190.0,3.660
190.0,3.660
190.0,3.660
190.0,3.660
190.0,3.660
190.0,3.660
190.0,3.660
190.0,3.660
190.0,3.660
190.0,3.660
190.0,3.660
190.0,3.660
190.0,3.660
190.0,3.660
190.0,3.660
190.0,3.660
190.0,3.660
190.0,3.660
190.0,3.660
190.0,3.660
190.0,3.660
190.0,3.660
190.0,3.660
190.0,3.660
190.0,3.660
190.0,3.660
190.0,3.660
190.0,3.660
190.0,3.660
190.0,3.660
190.0,3.660
190.0,3.660
190.1,3.660
190.1,3.660
190.1,3.660
190.1,3.660
190.1,3.660
190.1,3.660
190.1,3.660
190.1,3.660
190.1,3.660
190.0,3.660
190.0,3.660
190.0,3.660
190.0,3.660
190.0,3.660
190.0,3.660
190.0,3.660
190.0,3.660
190.0,3.660
190.0,3.660
190.0,3.660
190.0,3.660
190.0,3.660
190.0,3.660
190.0,3.660
190.0,3.660
190.0,3.660
190.0,3.660
190.0,3.660
190.0,3.660
190.0,3.660
190.0,3.660
190.0,3.660
190.0,3.660
190.0,3.660
190.0,3.660
190.0,3.660
190.0,3.660
190.0,3.660
190.0,3.660
190.0,3.660
190.0,3.660
190.0,3.660
190.0,3.660
190.0,3.660
190.0,3.660
190.0,3.660
190.0,3.660
190.0,3.660
190.0,3.660
190.0,3.660
190.0,3.660
190.0,3.660
190.0,3.660
190.0,3.660
190.0,3.660
190.0,3.660
190.1,3.660
190.1,3.660
190.1,3.660
190.1,3.660
190.1,3.660
190.1,3.660
190.1,3.660
190.1,3.660
190.1,3.660
190.1,3.660
190.1,3.660
190.1,3.660
190.1,3.660
190.1,3.660
190.1,3.660
190.1,3.660
190.1,3.660
190.1,3.660
190.1,3.660
190.1,3.660
190.1,3.660
190.1,3.660
190.1,3.660
190.1,3.660
190.1,3.660
190.1,3.660
190.1,3.660
190.1,3.660
190.1,3.660
190.1,3.660
190.1,3.660
190.1,3.660
190.1,3.660
190.1,3.660
190.1,3.660
190.1,3.660
190.1,3.660
190.1,3.660
190.1,3.660
190.1,3.660
190.1,3.660
190.1,3.660
190.1,3.660
190.1,3.660
190.1,3.660
190.1,3.660
190.1,3.660
190.1,3.660
190.1,3.660
190.1,3.660
190.1,3.660
190.1,3.660
190.1,3.660
190.1,3.660
190.1,3.660
190.1,3.660
190.1,3.660
190.1,3.660
190.1,3.660
190.1,3.660
190.1,3.660
190.1,3.660
190.1,3.660
190.2,3.660
190.2,3.660
190.2,3.660
190.2,3.660
190.2,3.660
190.2,3.660
190.2,3.660
190.2,3.660
190.2,3.660
190.2,3.660
190.2,3.660
190.2,3.660
190.2,3.660
190.2,3.660
190.2,3.660
190.2,3.660
190.2,3.660
190.2,3.660
190.2,3.660
190.2,3.660
190.2,3.660
190.2,3.660
190.2,3.660
190.2,3.660
190.2,3.660
190.2,3.660
190.2,3.660
190.2,3.660
190.2,3.660
190.2,3.660
190.2,3.660
190.2,3.660
190.2,3.660
190.2,3.660
190.2,3.660
190.2,3.660
190.2,3.660
190.2,3.660
190.2,3.660
190.2,3.660
190.2,3.660
190.2,3.660
190.2,3.660
190.2,3.660
190.2,3.660
190.2,3.660
190.2,3.660
190.2,3.660
190.2,3.660
190.2,3.660
190.2,3.660
190.2,3.660
190.2,3.660
190.2,3.660
190.3,3.660
190.3,3.660
190.3,3.660
190.3,3.660
190.3,3.660
190.3,3.660
190.3,3.660
190.3,3.660
190.3,3.660
190.3,3.660
190.3,3.660
190.3,3.660
190.3,3.660
190.3,3.660
190.3,3.660
190.3,3.660
190.3,3.660
190.3,3.660
190.3,3.660
190.3,3.660
190.3,3.660
190.3,3.660
190.3,3.660
190.3,3.660
190.3,3.660
190.3,3.660
190.3,3.660
190.3,3.660
190.3,3.660
190.3,3.660
190.3,3.660
190.3,3.660
190.3,3.660
190.3,3.660
190.3,3.660
190.3,3.660
190.3,3.660
190.3,3.660
190.3,3.660
190.3,3.660
190.3,3.660
190.3,3.660
190.3,3.660
190.3,3.660
190.3,3.660
190.3,3.660
190.3,3.660
190.3,3.660
190.3,3.660
190.3,3.660
190.3,3.660
190.3,3.660
190.3,3.660
190.3,3.660
190.3,3.660
190.3,3.660
190.3,3.660
190.3,3.660
190.3,3.660
190.3,3.660
190.3,3.660
190.3,3.660
190.3,3.660
190.3,3.660
190.3,3.660
190.3,3.660
190.3,3.660
190.3,3.660
190.3,3.660
190.3,3.660
190.3,3.660
190.3,3.660
190.3,3.660
190.3,3.660
190.3,3.660
190.3,3.660
190.3,3.660
190.3,3.660
190.3,3.660
190.3,3.660
190.3,3.660
190.3,3.660
190.3,3.660
190.3,3.660
190.3,3.660
190.3,3.660
190.3,3.660
190.3,3.660
190.3,3.660
190.3,3.660
190.3,3.660
190.3,3.660
190.3,3.660
190.3,3.660
190.3,3.660
190.3,3.660
190.3,3.660
190.3,3.660
190.3,3.660
190.4,3.660
190.4,3.660
190.4,3.660
190.4,3.660
190.4,3.660
190.4,3.660
190.4,3.660
190.4,3.660
190.4,3.660
190.4,3.660
190.4,3.660
190.4,3.660
190.4,3.660
190.4,3.660
190.4,3.660
190.4,3.660
190.4,3.660
190.4,3.660
190.4,3.660
190.4,3.660
190.4,3.660
190.4,3.660
190.4,3.660
190.4,3.660
190.4,3.660
190.4,3.660
190.4,3.660
190.4,3.660
190.4,3.660
190.4,3.660
190.4,3.660
190.4,3.660
190.4,3.660
190.4,3.660
190.4,3.660
190.4,3.660
190.4,3.660
190.4,3.660
190.4,3.660
190.4,3.660
190.4,3.660
190.5,3.660
190.5,3.660
190.5,3.660
190.5,3.660
190.5,3.660
190.5,3.660
190.5,3.660
190.5,3.660
190.5,3.660
190.5,3.660
190.5,3.660
190.5,3.660
190.5,3.660
190.5,3.660
190.5,3.660
190.5,3.660
190.5,3.660
190.5,3.660
190.5,3.660
190.5,3.660
190.5,3.660
190.5,3.660
190.5,3.660
190.5,3.660
190.5,3.660
190.5,3.660
190.5,3.660
190.5,3.660
190.5,3.660
190.5,3.660
190.5,3.660
190.5,3.660
190.5,3.660
190.5,3.660
190.5,3.660
190.5,3.660
190.5,3.660
190.5,3.660
190.5,3.660
190.5,3.660
190.5,3.660
190.5,3.660
190.5,3.660
190.5,3.660
190.5,3.660
190.5,3.660
190.5,3.660
190.5,3.660
190.5,3.660
190.5,3.660
190.5,3.660
190.5,3.660
190.5,3.660
190.5,3.660
190.5,3.660
190.5,3.660
190.5,3.660
190.5,3.660
190.5,3.660
190.5,3.660
190.5,3.660
190.5,3.660
190.5,3.660
190.5,3.660
190.5,3.660
190.5,3.660
190.5,3.660
190.5,3.660
190.5,3.660
190.5,3.660
190.5,3.660
190.5,3.660
190.5,3.660
190.5,3.660
190.5,3.660
190.5,3.660
190.5,3.660
190.5,3.660
190.5,3.660
190.5,3.660
190.5,3.660
190.5,3.660
190.5,3.660
190.5,3.660
190.5,3.660
190.5,3.660
190.5,3.660
190.5,3.660
190.5,3.660
190.5,3.660
190.5,3.660
190.5,3.660
190.5,3.660
190.5,3.660
190.5,3.660
190.5,3.660
190.5,3.660
190.5,3.660
190.5,3.660
190.5,3.660
190.5,3.660
190.5,3.660
190.6,3.660
190.6,3.660
190.6,3.660
190.6,3.660
190.6,3.660
190.6,3.660
190.6,3.660
190.6,3.660
190.6,3.660
190.6,3.660
190.6,3.660
190.6,3.660
190.6,3.660
190.6,3.660
190.6,3.660
190.6,3.660
190.6,3.660
190.6,3.660
190.6,3.660
190.6,3.660
190.6,3.660
190.6,3.660
190.6,3.660
190.6,3.660
190.6,3.660
190.6,3.660
190.6,3.660
190.6,3.660
190.6,3.660
190.6,3.660
190.6,3.660
190.6,3.660
190.6,3.660
190.6,3.660
190.6,3.660
190.6,3.660
190.6,3.660
190.6,3.660
190.6,3.660
190.6,3.660
190.6,3.660
190.6,3.660
190.6,3.660
190.6,3.660
190.6,3.660
190.6,3.660
190.6,3.660
190.6,3.660
190.6,3.660
190.6,3.660
190.6,3.660
190.6,3.660
190.6,3.660
190.6,3.660
190.6,3.660
190.6,3.660
190.6,3.660
190.6,3.660
190.6,3.660
190.6,3.660
190.6,3.660
190.6,3.660
190.6,3.660
190.6,3.660
190.6,3.660
190.6,3.660
190.6,3.660
190.6,3.660
190.6,3.660
190.6,3.660
190.6,3.660
190.6,3.660
190.6,3.660
190.6,3.660
190.6,3.660
190.6,3.660
190.6,3.660
190.6,3.660
190.6,3.660
190.6,3.660
190.6,3.660
190.6,3.660
190.6,3.660
190.6,3.660
190.6,3.660
190.6,3.660
190.6,3.660
190.6,3.660
190.6,3.660
190.6,3.660
190.6,3.660
190.6,3.660
190.6,3.660
190.6,3.660
190.6,3.660
190.6,3.660
190.6,3.660
190.6,3.660
190.6,3.660
190.6,3.660
190.6,3.660
190.6,3.660
190.6,3.660
190.6,3.660
190.6,3.660
190.6,3.660
190.6,3.660
190.6,3.660
190.6,3.660
190.6,3.660
190.6,3.660
190.6,3.660
190.6,3.660
190.6,3.660
190.6,3.660
190.6,3.660
190.6,3.660
190.6,3.660
190.5,3.660
190.5,3.660
190.5,3.660
190.5,3.660
190.5,3.660
190.5,3.660
190.5,3.660
190.5,3.660
190.5,3.660
190.5,3.660
190.5,3.660
190.5,3.660
190.5,3.660
190.5,3.660
190.5,3.660
190.5,3.660
190.5,3.660
190.5,3.660
190.5,3.660
190.5,3.660
190.5,3.660
190.5,3.660
190.5,3.660
190.5,3.660
190.5,3.660
190.5,3.660
190.5,3.660
190.5,3.660
190.5,3.660
190.5,3.660
190.5,3.660
190.5,3.660
190.5,3.660
190.5,3.660
190.5,3.660
190.5,3.660
190.5,3.660
190.5,3.660
190.5,3.660
190.5,3.660
190.5,3.660
190.5,3.660
190.5,3.660
190.5,3.660
190.5,3.660
190.5,3.660
190.5,3.660
190.5,3.660
190.5,3.660
190.5,3.660
190.5,3.660
190.5,3.660
190.5,3.660
190.5,3.660
190.5,3.660
190.5,3.660
190.5,3.660
190.5,3.660
190.5,3.660
190.5,3.660
190.5,3.660
190.5,3.660
190.5,3.660
190.6,3.660
190.6,3.660
190.6,3.660
190.6,3.660
190.6,3.660
190.6,3.660
190.6,3.660
190.6,3.660
190.5,3.660
190.5,3.660
190.5,3.660
190.5,3.660
190.5,3.660
190.5,3.660
190.5,3.660
190.5,3.660
190.5,3.660
190.5,3.660
190.5,3.660
190.5,3.660
190.5,3.660
190.5,3.660
190.5,3.660
190.5,3.660
190.5,3.660
190.5,3.660
190.5,3.660
190.5,3.660
190.5,3.660
190.5,3.660
190.6,3.660
190.6,3.660
190.6,3.660
190.6,3.660
190.6,3.660
190.6,3.660
190.6,3.660
190.6,3.660
190.6,3.660
190.6,3.660
190.6,3.660
190.6,3.660
190.5,3.660
190.5,3.660
190.5,3.660
190.5,3.660
190.5,3.660
190.5,3.660
190.5,3.660
190.5,3.660
190.5,3.660
190.5,3.660
190.5,3.660
190.5,3.660
190.5,3.660
190.5,3.660
190.5,3.660
190.5,3.660
190.5,3.660
190.5,3.660
190.5,3.660
190.5,3.660
190.5,3.660
190.5,3.660
190.5,3.660
190.5,3.660
190.5,3.660
190.5,3.660
190.5,3.660
190.5,3.660
190.5,3.660
190.5,3.660
190.5,3.660
190.5,3.660
190.5,3.660
190.5,3.660
190.5,3.660
190.5,3.660
190.5,3.660
190.5,3.660
190.5,3.660
190.5,3.660
190.5,3.660
190.5,3.660
190.5,3.660
190.5,3.660
190.5,3.660
190.5,3.660
190.5,3.660
190.5,3.660
190.5,3.660
190.5,3.660
190.5,3.660
190.5,3.660
190.5,3.660
190.5,3.660
190.5,3.660
190.5,3.660
190.5,3.660
190.5,3.660
190.5,3.660
190.5,3.660
190.5,3.660
190.5,3.660
190.5,3.660
190.5,3.660
190.5,3.660
190.5,3.660
190.5,3.660
190.5,3.660
190.5,3.660
190.5,3.660
190.5,3.660
190.5,3.660
190.5,3.660
190.5,3.660
190.5,3.660
190.5,3.660
190.5,3.660
190.5,3.660
190.5,3.660
190.5,3.660
190.5,3.660
190.5,3.660
190.5,3.660
190.5,3.660
190.5,3.660
190.5,3.660
190.5,3.660
190.5,3.660
190.5,3.660
190.5,3.660
190.5,3.660
190.5,3.660
190.5,3.660
190.5,3.660
190.5,3.660
190.5,3.660
190.5,3.660
190.5,3.660
190.5,3.660
190.5,3.660
190.5,3.660
190.5,3.660
190.5,3.660
190.5,3.660
190.5,3.660
190.5,3.660
190.5,3.660
190.5,3.660
190.5,3.660
190.5,3.660
190.5,3.660
190.5,3.660
190.5,3.660
190.4,3.660
190.4,3.660
190.4,3.660
190.4,3.660
190.4,3.660
190.4,3.660
190.5,3.660
190.5,3.660
190.5,3.660
190.5,3.660
190.5,3.660
190.5,3.660
190.5,3.660
190.5,3.660
190.5,3.660
190.5,3.660
190.5,3.660
190.4,3.660
190.4,3.660
190.4,3.660
190.4,3.660
190.4,3.660
190.4,3.660
190.4,3.660
190.4,3.660
190.4,3.660
190.4,3.660
190.4,3.660
190.4,3.660
190.4,3.660
190.4,3.660
190.4,3.660
190.4,3.660
190.4,3.660
190.4,3.660
190.4,3.660
190.4,3.660
190.4,3.660
190.4,3.660
190.4,3.660
190.4,3.660
190.4,3.660
190.4,3.660
190.4,3.660
190.4,3.660
190.4,3.660
190.4,3.660
190.4,3.660
190.4,3.660
190.4,3.660
190.4,3.660
190.4,3.660
190.4,3.660
190.4,3.660
190.4,3.660
190.4,3.660
190.4,3.660
190.4,3.660
190.4,3.660
190.4,3.660
190.4,3.660
190.4,3.660
190.4,3.660
190.4,3.660
190.4,3.660
190.4,3.660
190.4,3.660
190.4,3.660
190.4,3.660
190.4,3.660
190.4,3.660
190.4,3.660
190.4,3.660
190.4,3.660
190.4,3.660
190.4,3.660
190.4,3.660
190.4,3.660
190.4,3.660
190.4,3.660
190.4,3.660
190.4,3.660
190.4,3.660
190.4,3.660
190.4,3.660
190.4,3.660
190.4,3.660
190.4,3.660
190.4,3.660
190.4,3.660
190.4,3.660
190.4,3.660
190.4,3.660
190.4,3.660
190.4,3.660
190.4,3.660
190.4,3.660
190.4,3.660
190.4,3.660
190.4,3.660
190.4,3.660
190.4,3.660
190.4,3.660
190.4,3.660
190.4,3.660
190.4,3.660
190.4,3.660
190.4,3.660
190.4,3.660
190.4,3.660
190.4,3.660
190.4,3.660
190.4,3.660
190.4,3.660
190.4,3.660
190.4,3.660
190.4,3.660
190.4,3.660
190.4,3.660
190.4,3.660
190.4,3.660
190.4,3.660
190.4,3.660
190.4,3.660
190.4,3.660
190.4,3.660
190.4,3.660
190.3,3.660
190.3,3.660
190.3,3.660
190.3,3.660
190.3,3.660
190.3,3.660
190.3,3.660
190.3,3.660
190.3,3.660
190.3,3.660
190.3,3.660
190.3,3.660
190.3,3.660
190.3,3.660
190.3,3.660
190.3,3.660
190.3,3.660
190.4,3.660
190.4,3.660
190.4,3.660
190.4,3.660
190.4,3.660
190.4,3.660
190.4,3.660
190.4,3.660
190.4,3.660
190.3,3.660
190.3,3.660
190.3,3.660
190.3,3.660
190.3,3.660
190.3,3.660
190.3,3.660
190.3,3.660
190.3,3.660
190.3,3.660
190.3,3.660
190.3,3.660
190.3,3.660
190.3,3.660
190.3,3.660
190.3,3.660
190.3,3.660
190.3,3.660
190.3,3.660
190.3,3.660
190.3,3.660
190.3,3.660
190.3,3.660
190.3,3.660
190.3,3.660
190.3,3.660
190.3,3.660
190.3,3.660
190.3,3.660
190.3,3.660
190.3,3.660
190.3,3.660
190.3,3.660
190.3,3.660
190.3,3.660
190.3,3.660
190.3,3.660
190.2,3.660
190.2,3.660
190.2,3.660
190.2,3.660
190.2,3.660
190.2,3.660
190.2,3.660
190.2,3.660
190.2,3.660
190.3,3.660
190.3,3.660
190.3,3.660
190.3,3.660
190.3,3.660
190.3,3.660
190.3,3.660
190.3,3.660
190.3,3.660
190.3,3.660
190.2,3.660
190.2,3.660
190.2,3.660
190.2,3.660
190.2,3.660
190.2,3.660
190.2,3.660
190.2,3.660
190.2,3.660
190.2,3.660
190.2,3.660
190.2,3.660
190.2,3.660
190.2,3.660
190.2,3.660
190.2,3.660
190.2,3.660
190.2,3.660
190.2,3.660
190.2,3.660
190.2,3.660
190.2,3.660
190.2,3.660
190.2,3.660
190.2,3.660
190.2,3.660
190.2,3.660
190.2,3.660
190.2,3.660
190.2,3.660
190.2,3.660
190.2,3.660
190.2,3.660
190.2,3.660
190.2,3.660
190.2,3.660
190.2,3.660
190.2,3.660
190.2,3.660
190.2,3.660
190.2,3.660
190.2,3.660
190.2,3.660
190.2,3.660
190.2,3.660
190.2,3.660
190.2,3.660
190.2,3.660
190.2,3.660
190.2,3.660
190.2,3.660
190.2,3.660
190.3,3.660
190.3,3.660
190.3,3.660
190.3,3.660
190.3,3.660
190.3,3.660
190.3,3.660
190.3,3.660
190.3,3.660
190.3,3.660
190.2,3.660
190.2,3.660
190.2,3.660
190.2,3.660
190.2,3.660
190.2,3.660
190.2,3.660
190.2,3.660
190.2,3.660
190.2,3.660
190.2,3.660
190.2,3.660
190.2,3.660
190.2,3.660
190.2,3.660
190.2,3.660
190.2,3.660
190.2,3.660
190.2,3.660
190.2,3.660
190.2,3.660
190.2,3.660
190.2,3.660
190.2,3.660
190.2,3.660
190.2,3.660
190.2,3.660
190.2,3.660
190.2,3.660
190.2,3.660
190.2,3.660
190.2,3.660
190.2,3.660
190.2,3.660
190.2,3.660
190.2,3.660
190.2,3.660
190.2,3.660
190.2,3.660
190.2,3.660
190.2,3.660
190.2,3.660
190.2,3.660
190.2,3.660
190.2,3.660
190.2,3.660
190.2,3.660
190.2,3.660
190.2,3.660
190.2,3.660
190.2,3.660
190.2,3.660
190.2,3.660
190.2,3.660
190.2,3.660
190.2,3.660
190.2,3.660
190.2,3.660
190.2,3.660
190.2,3.660
190.2,3.660
190.2,3.660
190.2,3.660
190.2,3.660
190.2,3.660
190.2,3.660
190.2,3.660
190.2,3.660
190.2,3.660
190.2,3.660
190.2,3.660
190.2,3.660
190.2,3.660
190.2,3.660
190.2,3.660
190.2,3.660
190.2,3.660
190.2,3.660
190.2,3.660
190.2,3.660
190.2,3.660
190.2,3.660
190.1,3.660
190.1,3.660
190.1,3.660
190.1,3.660
190.1,3.660
190.1,3.660
190.1,3.660
190.1,3.660
190.2,3.660
190.2,3.660
190.2,3.660
190.2,3.660
190.2,3.660
190.2,3.660
190.2,3.660
190.2,3.660
190.2,3.660
190.2,3.660
190.2,3.660
190.1,3.660
190.1,3.660
190.1,3.660
190.1,3.660
190.1,3.660
190.1,3.660
190.1,3.660
190.1,3.660
190.1,3.660
190.1,3.660
190.1,3.660
190.1,3.660
190.1,3.660
190.1,3.660
190.1,3.660
190.1,3.660
190.1,3.660
190.1,3.660
190.1,3.660
190.1,3.660
190.1,3.660
190.1,3.660
190.1,3.660
190.1,3.660
190.1,3.660
190.1,3.660
190.0,3.660
190.0,3.660
190.0,3.660
190.0,3.660
190.0,3.660
190.0,3.660
190.0,3.660
190.0,3.660
190.0,3.660
190.0,3.660
190.0,3.660
190.0,3.660
190.0,3.660
190.0,3.660
190.0,3.660
190.0,3.660
190.0,3.660
190.0,3.660
190.0,3.660
190.0,3.660
190.0,3.660
189.9,3.660
189.9,3.660
189.9,3.660
189.9,3.660
189.9,3.660
189.9,3.660
189.9,3.660
189.9,3.660
189.9,3.660
189.9,3.660
189.9,3.660
189.8,3.660
189.8,3.660
189.8,3.660
189.8,3.660
189.8,3.660
189.8,3.660
189.8,3.660
189.8,3.660
189.8,3.660
189.8,3.660
189.8,3.660
189.8,3.660
189.8,3.660
189.8,3.660
189.8,3.660
189.8,3.660
189.8,3.660
189.8,3.660
189.8,3.660
189.8,3.660
189.8,3.660
189.8,3.660
189.8,3.660
189.8,3.660
189.8,3.660
189.7,3.660
189.7,3.660
189.7,3.660
189.7,3.660
189.7,3.660
189.7,3.660
189.7,3.660
189.7,3.660
189.7,3.660
189.7,3.660
189.7,3.660
189.7,3.660
189.7,3.660
189.7,3.660
189.7,3.660
189.7,3.660
189.6,3.660
189.6,3.660
189.6,3.660
189.6,3.660
189.6,3.660
189.6,3.660
189.6,3.660
189.6,3.660
189.6,3.660
189.6,3.660
189.6,3.660
189.6,3.660
189.6,3.660
189.6,3.660
189.6,3.660
189.6,3.660
189.6,3.660
189.6,3.660
189.6,3.660
189.6,3.660
189.6,3.660
189.6,3.660
189.6,3.660
189.6,3.660
189.6,3.660
189.5,3.660
189.5,3.660
189.5,3.660
189.5,3.660
189.5,3.660
189.5,3.660
189.5,3.660
189.5,3.660
189.5,3.660
189.5,3.660
189.4,3.660
189.4,3.660
189.4,3.660
189.4,3.660
189.4,3.660
189.4,3.660
189.4,3.660
189.4,3.660
189.4,3.660
189.4,3.660
189.4,3.660
189.4,3.660
189.4,3.660
189.4,3.660
189.4,3.660
189.4,3.660
189.3,3.660
189.3,3.660
189.3,3.660
189.3,3.660
189.3,3.660
189.3,3.660
189.3,3.660
189.3,3.660
189.3,3.660
189.3,3.660
189.3,3.660
189.2,3.660
189.2,3.660
189.2,3.660
189.2,3.660
189.2,3.660
189.2,3.660
189.2,3.660
189.2,3.660
189.2,3.660
189.2,3.660
189.1,3.660
189.1,3.660
189.1,3.660
189.1,3.660
189.1,3.660
189.1,3.660
189.1,3.660
189.1,3.660
189.1,3.660
189.0,3.660
189.0,3.660
189.0,3.660
189.0,3.660
189.0,3.660
189.0,3.660
189.0,3.660
189.0,3.660
189.0,3.660
189.0,3.660
188.9,3.660
188.9,3.660
188.9,3.660
188.9,3.660
188.9,3.660
188.9,3.660
188.9,3.660
188.9,3.660
188.8,3.660
188.8,3.660
188.8,3.660
188.8,3.660
188.8,3.660
188.8,3.660
188.8,3.660
188.8,3.660
188.7,3.660
188.7,3.660
188.7,3.660
188.7,3.660
188.7,3.660
188.7,3.660
188.6,3.660
188.6,3.660
188.6,3.660
188.6,3.660
188.6,3.660
188.6,3.660
188.6,3.660
188.6,3.660
188.6,3.660
188.6,3.660
188.5,3.660
188.5,3.660
188.5,3.660
188.5,3.660
188.5,3.660
188.5,3.660
188.5,3.660
188.5,3.660
188.4,3.660
188.4,3.660
188.4,3.660
188.4,3.660
188.4,3.660
188.3,3.660
188.3,3.660
188.3,3.660
188.3,3.660
188.3,3.660
188.3,3.660
188.2,3.660
188.2,3.660
188.1,3.660
188.1,3.660
188.1,3.660
188.1,3.660
188.1,3.660
188.1,3.660
188.0,3.660
188.0,3.660
188.0,3.660
188.0,3.660
188.0,3.660
188.0,3.660
187.9,3.660
187.9,3.660
187.9,3.660
187.9,3.660
187.9,3.660
187.9,3.660
187.9,3.660
187.9,3.660
187.9,3.660
187.8,3.660
187.8,3.660
187.7,3.660
187.7,3.660
187.7,3.660
187.7,3.660
187.7,3.660
187.7,3.660
187.7,3.660
187.7,3.660
187.7,3.660
187.5,3.660
187.5,3.660
187.5,3.660
187.5,3.660
187.4,3.660
187.4,3.660
187.4,3.660
187.4,3.660
187.3,3.660
187.3,3.660
187.3,3.660
187.3,3.660
187.3,3.660
187.3,3.660
187.3,3.660
187.3,3.660
187.3,3.660
187.2,3.660
187.1,3.660
187.1,3.660
187.1,3.660
187.1,3.660
187.1,3.660
187.1,3.660
187.1,3.660
187.1,3.660
187.0,3.660
187.0,3.660
187.0,3.660
187.0,3.660
186.9,3.660
186.9,3.660
186.9,3.660
186.9,3.660
186.8,3.660
186.8,3.660
186.8,3.660
186.8,3.660
186.8,3.660
186.7,3.660
186.7,3.660
186.6,3.660
186.6,3.660
186.6,3.660
186.6,3.660
186.6,3.660
186.5,3.660
186.5,3.660
186.4,3.660
186.4,3.660
186.4,3.660
186.4,3.660
186.3,3.660
186.3,3.660
186.3,3.660
186.2,3.660
186.2,3.660
186.2,3.660
186.1,3.660
186.1,3.660
186.1,3.660
186.0,3.660
186.0,3.660
186.0,3.660
186.0,3.660
186.0,3.660
185.9,3.660
185.9,3.660
185.9,3.660
185.8,3.660
185.8,3.660
185.8,3.660
185.7,3.660
185.7,3.660
185.7,3.660
185.6,3.660
185.6,3.660
185.6,3.660
185.5,3.660
185.5,3.660
185.4,3.660
185.4,3.655
185.4,3.655
185.4,3.655
185.4,3.655
185.3,3.655
185.3,3.655
185.3,3.655
185.2,3.655
185.2,3.655
185.2,3.655
185.2,3.655
185.1,3.655
185.1,3.655
185.1,3.655
185.0,3.655
185.0,3.655
185.0,3.655
184.9,3.655
184.9,3.655
184.9,3.655
184.8,3.655
184.8,3.655
184.7,3.655
184.7,3.655
184.7,3.655
184.6,3.655
184.6,3.655
184.5,3.655
184.5,3.655
184.4,3.655
184.4,3.655
184.4,3.655
184.4,3.655
184.4,3.655
184.3,3.655
184.3,3.655
184.2,3.655
184.2,3.655
184.2,3.655
184.1,3.655
184.0,3.655
184.0,3.655
184.0,3.655
184.0,3.655
183.9,3.655
183.9,3.655
183.9,3.655
183.8,3.655
183.8,3.655
183.7,3.655
183.7,3.655
183.7,3.655
183.7,3.655
183.6,3.655
183.6,3.655
183.6,3.655
183.5,3.655
183.5,3.655
183.4,3.655
183.4,3.655
183.4,3.655
183.4,3.655
183.3,3.655
183.3,3.655
183.2,3.655
183.1,3.655
183.1,3.655
183.1,3.655
183.1,3.655
183.1,3.655
183.0,3.655
183.0,3.655
183.0,3.655
182.9,3.655
182.9,3.655
182.8,3.655
182.7,3.655
182.7,3.655
182.7,3.655
182.6,3.655
182.6,3.655
182.6,3.655
182.6,3.655
182.5,3.655
182.5,3.655
182.5,3.655
182.4,3.655
182.3,3.655
182.3,3.655
182.3,3.655
182.2,3.655
182.2,3.655
182.1,3.655
182.1,3.655
182.1,3.655
182.1,3.655
182.0,3.655
182.0,3.655
182.0,3.655
181.9,3.655
181.9,3.655
181.9,3.655
181.8,3.655
181.8,3.655
181.8,3.655
181.7,3.655
181.7,3.655
181.6,3.655
181.6,3.655
181.5,3.655
181.5,3.655
181.4,3.655
181.4,3.655
181.3,3.655
181.3,3.655
181.2,3.655
181.2,3.655
181.2,3.655
181.2,3.655
181.1,3.655
181.0,3.655
181.0,3.655
181.0,3.655
180.9,3.655
180.9,3.655
180.8,3.655
180.8,3.655
180.7,3.655
180.7,3.655
180.7,3.655
180.6,3.655
180.6,3.655
180.6,3.655
180.5,3.655
180.5,3.655
180.5,3.655
180.4,3.655
180.4,3.655
180.3,3.655
180.3,3.655
180.2,3.655
180.2,3.655
180.1,3.655
180.1,3.655
180.1,3.655
180.0,3.655
180.0,3.655
179.9,3.655
179.9,3.655
179.8,3.655
179.8,3.650
179.7,3.650
179.7,3.650
179.6,3.650
179.5,3.650
179.5,3.650
179.4,3.650
179.4,3.650
179.4,3.650
179.3,3.650
179.3,3.650
179.3,3.650
179.2,3.650
179.2,3.650
179.1,3.650
179.1,3.650
179.1,3.650
179.0,3.650
179.0,3.650
178.9,3.650
178.8,3.650
178.8,3.650
178.8,3.650
178.7,3.650
178.7,3.650
178.6,3.650
178.6,3.650
178.5,3.650
178.5,3.650
178.4,3.650
178.4,3.650
178.3,3.650
178.2,3.650
178.2,3.650
178.1,3.650
178.1,3.650
178.0,3.650
178.0,3.650
178.0,3.650
177.9,3.650
177.9,3.650
177.8,3.650
177.8,3.650
177.7,3.650
177.7,3.650
177.6,3.650
177.5,3.650
177.5,3.650
177.4,3.650
177.4,3.650
177.3,3.650
177.3,3.650
177.3,3.650
177.2,3.650
177.2,3.650
177.1,3.650
177.0,3.650
177.0,3.650
176.9,3.650
176.9,3.650
176.8,3.650
176.8,3.650
176.7,3.650
176.7,3.650
176.6,3.650
176.6,3.650
176.5,3.650
176.5,3.650
176.4,3.650
176.4,3.650
176.3,3.650
176.3,3.650
176.2,3.650
176.2,3.650
176.1,3.650
176.1,3.650
176.0,3.650
176.0,3.650
176.0,3.650
175.9,3.650
175.9,3.650
175.8,3.650
175.8,3.650
175.7,3.650
175.7,3.650
175.6,3.650
175.6,3.650
175.5,3.650
175.5,3.650
175.4,3.650
175.3,3.650
175.3,3.650
175.3,3.650
175.2,3.650
175.1,3.650
175.1,3.650
175.0,3.650
175.0,3.650
174.9,3.650
174.9,3.650
174.8,3.650
174.8,3.650
174.8,3.650
174.7,3.650
174.7,3.650
174.6,3.650
174.6,3.645
174.6,3.645
174.5,3.645
174.4,3.645
174.4,3.645
174.3,3.645
174.3,3.645
174.2,3.645
174.2,3.645
174.2,3.645
174.1,3.645
174.1,3.645
174.0,3.645
174.0,3.645
173.9,3.645
173.9,3.645
173.8,3.645
173.7,3.645
173.7,3.645
173.7,3.645
173.6,3.645
173.6,3.645
173.5,3.645
173.5,3.645
173.4,3.645
173.4,3.645
173.4,3.645
173.3,3.645
173.3,3.645
173.2,3.645
173.1,3.645
173.1,3.645
173.0,3.645
173.0,3.645
172.9,3.645
172.9,3.645
172.8,3.645
172.8,3.645
172.7,3.645
172.7,3.645
172.6,3.645
172.6,3.645
172.6,3.645
172.5,3.645
172.5,3.645
172.4,3.645
172.4,3.645
172.3,3.645
172.2,3.645
172.2,3.645
172.2,3.645
172.1,3.645
172.0,3.645
172.0,3.645
171.9,3.645
171.9,3.645
171.8,3.645
171.7,3.645
171.7,3.645
171.6,3.645
171.6,3.645
171.5,3.645
171.5,3.645
171.4,3.645
171.4,3.645
171.4,3.645
171.3,3.645
171.2,3.645
171.2,3.645
171.1,3.645
171.1,3.645
171.1,3.645
171.0,3.645
170.9,3.645
170.9,3.645
170.8,3.645
170.7,3.645
170.6,3.645
170.6,3.645
170.5,3.645
170.4,3.645
170.4,3.645
170.3,3.645
170.3,3.645
170.2,3.645
170.1,3.645
170.1,3.645
170.0,3.645
170.0,3.645
169.9,3.645
169.8,3.645
169.7,3.645
169.7,3.645
169.6,3.645
169.6,3.645
169.5,3.645
169.4,3.645
169.4,3.645
169.3,3.645
169.3,3.645
169.2,3.645
169.1,3.640
169.1,3.640
169.0,3.640
168.9,3.640
168.9,3.640
168.8,3.640
168.7,3.640
168.7,3.640
168.6,3.640
168.5,3.640
168.4,3.640
168.4,3.640
168.3,3.640
168.2,3.640
168.2,3.640
168.1,3.640
168.0,3.640
168.0,3.640
167.9,3.640
167.8,3.640
167.8,3.640
167.7,3.640
167.6,3.640
167.5,3.640
167.5,3.640
167.4,3.640
167.3,3.640
167.2,3.640
167.2,3.640
167.1,3.640
167.0,3.640
167.0,3.640
166.9,3.640
166.9,3.640
166.8,3.640
166.7,3.640
166.6,3.640
166.5,3.640
166.4,3.640
166.3,3.640
166.2,3.640
166.2,3.640
166.1,3.640
166.0,3.640
165.9,3.640
165.9,3.640
165.8,3.640
165.7,3.640
165.6,3.640
165.5,3.640
165.4,3.640
165.3,3.640
165.3,3.640
165.2,3.640
165.1,3.640
165.0,3.640
165.0,3.640
164.9,3.640
164.8,3.640
164.7,3.640
164.6,3.640
164.5,3.640
164.4,3.640
164.4,3.640
164.3,3.640
164.2,3.640
164.1,3.640
164.0,3.640
163.9,3.635
163.8,3.635
163.8,3.635
163.7,3.635
163.6,3.635
163.5,3.635
163.4,3.635
163.3,3.635
163.2,3.635
163.1,3.635
163.0,3.635
162.9,3.635
162.8,3.635
162.8,3.635
162.7,3.635
162.6,3.635
162.5,3.635
162.4,3.635
162.3,3.635
162.2,3.635
162.1,3.635
162.0,3.635
161.9,3.635
161.9,3.635
161.8,3.635
161.7,3.635
161.6,3.635
161.5,3.635
161.4,3.635
161.3,3.635
161.3,3.635
161.2,3.635
161.1,3.635
161.0,3.635
160.9,3.635
160.8,3.635
160.7,3.635
160.6,3.635
160.5,3.635
160.4,3.635
160.3,3.635
160.2,3.635
160.1,3.635
160.1,3.635
160.0,3.635
159.9,3.635
159.8,3.635
159.7,3.635
159.6,3.635
159.5,3.635
159.4,3.635
159.3,3.635
159.2,3.635
159.1,3.635
159.0,3.635
159.0,3.635
158.9,3.635
158.8,3.630
158.7,3.630
158.6,3.630
158.5,3.630
158.4,3.630
158.3,3.630
158.2,3.630
158.1,3.630
158.0,3.630
157.9,3.630
157.8,3.630
157.7,3.630
157.6,3.630
157.6,3.630
157.5,3.630
157.4,3.630
157.3,3.630
157.2,3.630
157.1,3.630
157.0,3.630
156.9,3.630
156.8,3.630
156.8,3.630
156.7,3.630
156.6,3.630
156.5,3.630
156.4,3.630
156.3,3.630
156.2,3.630
156.1,3.630
156.0,3.630
155.9,3.630
155.8,3.630
155.7,3.630
155.6,3.630
155.6,3.630
155.5,3.630
155.4,3.630
155.3,3.630
155.2,3.630
155.1,3.630
155.0,3.630
154.9,3.630
154.8,3.630
154.7,3.630
154.6,3.630
154.5,3.630
154.4,3.630
154.4,3.630
154.3,3.630
154.2,3.630
154.1,3.630
154.0,3.630
153.9,3.630
153.9,3.630
153.8,3.625
153.7,3.625
153.6,3.625
153.5,3.625
153.4,3.625
153.3,3.625
153.2,3.625
153.1,3.625
153.0,3.625
153.0,3.625
152.9,3.625
152.8,3.625
152.7,3.625
152.6,3.625
152.5,3.625
152.4,3.625
152.3,3.625
152.2,3.625
152.1,3.625
152.0,3.625
151.9,3.625
151.8,3.625
151.8,3.625
151.7,3.625
151.6,3.625
151.5,3.625
151.5,3.625
151.4,3.625
151.3,3.625
151.2,3.625
151.1,3.625
151.0,3.625
150.9,3.625
150.8,3.625
150.8,3.625
150.6,3.625
150.6,3.625
150.5,3.625
150.4,3.625
150.3,3.625
150.2,3.625
150.1,3.625
150.0,3.625
150.0,3.625
149.9,3.625
149.8,3.625
149.7,3.625
149.6,3.625
149.5,3.625
149.4,3.625
149.3,3.625
149.2,3.625
149.1,3.625
149.0,3.625
149.0,3.625
148.9,3.625
148.8,3.625
148.7,3.625
148.6,3.620
148.5,3.620
148.5,3.620
148.4,3.620
148.3,3.620
148.2,3.620
148.1,3.620
148.0,3.620
147.9,3.620
147.8,3.620
147.7,3.620
147.6,3.620
147.6,3.620
147.5,3.620
147.4,3.620
147.3,3.620
147.2,3.620
147.1,3.620
147.0,3.620
146.9,3.620
146.8,3.620
146.7,3.620
146.6,3.620
146.6,3.620
146.5,3.620
146.4,3.620
146.3,3.620
146.2,3.620
146.1,3.620
145.9,3.620
145.9,3.620
145.8,3.620
145.6,3.620
145.5,3.620
145.5,3.620
145.4,3.620
145.3,3.620
145.2,3.620
145.1,3.620
145.0,3.620
144.9,3.620
144.8,3.620
144.7,3.620
144.7,3.620
144.6,3.620
144.5,3.620
144.4,3.620
144.3,3.620
144.2,3.620
144.1,3.620
144.0,3.620
143.9,3.620
143.8,3.620
143.7,3.620
143.6,3.620
143.5,3.620
143.4,3.615
143.3,3.615
143.2,3.615
143.1,3.615
143.0,3.615
142.9,3.615
142.8,3.615
142.8,3.615
142.7,3.615
142.6,3.615
142.5,3.615
142.4,3.615
142.3,3.615
142.2,3.615
142.1,3.615
142.0,3.615
141.9,3.615
141.8,3.615
141.7,3.615
141.6,3.615
141.5,3.615
141.4,3.615
141.3,3.615
141.2,3.615
141.1,3.615
141.0,3.615
140.9,3.615
140.8,3.615
140.7,3.615
140.6,3.615
140.5,3.615
140.4,3.615
140.3,3.615
140.2,3.615
140.1,3.615
140.1,3.615
140.0,3.615
139.9,3.615
139.9,3.615
139.8,3.615
139.7,3.615
139.6,3.615
139.5,3.615
139.4,3.615
139.2,3.615
139.1,3.615
139.1,3.615
139.0,3.615
138.9,3.615
138.8,3.615
138.7,3.610
138.6,3.610
138.5,3.610
138.4,3.610
138.3,3.610
138.2,3.610
138.2,3.610
138.1,3.610
138.0,3.610
137.9,3.610
137.8,3.610
137.7,3.610
137.7,3.610
137.6,3.610
137.5,3.610
137.4,3.610
137.3,3.610
137.2,3.610
137.1,3.610
137.0,3.610
137.0,3.610
136.9,3.610
136.8,3.610
136.7,3.610
136.6,3.610
136.5,3.610
136.4,3.610
136.4,3.610
136.3,3.610
136.2,3.610
136.1,3.610
136.0,3.610
135.9,3.610
135.9,3.610
135.8,3.610
135.7,3.610
135.6,3.610
135.5,3.610
135.5,3.610
135.4,3.610
135.3,3.610
135.2,3.610
135.1,3.610
135.0,3.610
134.9,3.610
134.8,3.610
134.8,3.610
134.7,3.610
134.7,3.610
134.6,3.610
134.5,3.610
134.5,3.610
134.4,3.610
134.3,3.610
134.2,3.610
134.1,3.610
134.1,3.610
134.0,3.610
133.9,3.610
133.8,3.610
133.8,3.610
133.7,3.610
133.6,3.605
133.5,3.605
133.4,3.605
133.4,3.605
133.3,3.605
133.2,3.605
133.2,3.605
133.1,3.605
133.0,3.605
133.0,3.605
133.0,3.605
132.9,3.605
132.8,3.605
132.7,3.605
132.6,3.605
132.6,3.605
132.5,3.605
132.4,3.605
132.3,3.605
132.2,3.605
132.2,3.605
132.1,3.605
132.0,3.605
132.0,3.605
131.9,3.605
131.8,3.605
131.7,3.605
131.7,3.605
131.6,3.605
131.6,3.605
131.5,3.605
131.4,3.605
131.4,3.605
131.3,3.605
131.2,3.605
131.2,3.605
131.1,3.605
131.0,3.605
130.9,3.605
130.9,3.605
130.8,3.605
130.8,3.605
130.7,3.605
130.7,3.605
130.6,3.605
130.5,3.605
130.5,3.605
130.4,3.605
130.3,3.605
130.3,3.605
130.2,3.605
130.1,3.605
130.1,3.605
130.0,3.605
130.0,3.605
129.9,3.605
129.8,3.605
129.8,3.605
129.8,3.605
129.7,3.605
129.6,3.605
129.5,3.605
129.5,3.605
129.5,3.605
129.4,3.605
129.3,3.605
129.2,3.605
129.2,3.605
129.1,3.605
129.1,3.605
129.0,3.605
129.0,3.605
128.9,3.605
128.9,3.605
128.9,3.605
128.8,3.605
128.7,3.605
128.7,3.605
128.6,3.605
128.5,3.605
128.5,3.605
128.4,3.605
128.3,3.605
128.3,3.605
128.2,3.600
128.2,3.600
128.2,3.600
128.1,3.600
128.1,3.600
128.0,3.600
127.9,3.600
127.9,3.600
127.8,3.600
127.8,3.600
127.7,3.600
127.7,3.600
127.6,3.600
127.5,3.600
127.5,3.600
127.4,3.600
127.4,3.600
127.3,3.600
127.2,3.600
127.2,3.600
127.1,3.600
127.1,3.600
127.0,3.600
127.0,3.600
126.9,3.600
126.9,3.600
126.8,3.600
126.8,3.600
126.7,3.600
126.7,3.600
126.6,3.600
126.6,3.600
126.5,3.600
126.5,3.600
126.4,3.600
126.4,3.600
126.3,3.600
126.3,3.600
126.3,3.600
126.2,3.600
126.2,3.600
126.1,3.600
126.1,3.600
126.0,3.600
126.0,3.600
126.0,3.600
125.9,3.600
125.8,3.600
125.8,3.600
125.7,3.600
125.7,3.600
125.7,3.600
125.6,3.600
125.6,3.600
125.5,3.600
125.5,3.600
125.4,3.600
125.4,3.600
125.3,3.600
125.3,3.600
125.2,3.600
125.2,3.600
125.2,3.600
125.1,3.600
125.1,3.600
125.0,3.600
125.0,3.600
125.0,3.600
124.9,3.600
124.9,3.600
124.8,3.600
124.7,3.600
124.7,3.600
124.6,3.600
124.6,3.600
124.5,3.600
124.5,3.600
124.4,3.600
124.4,3.600
124.4,3.600
124.3,3.600
124.3,3.600
124.2,3.600
124.2,3.600
124.2,3.600
124.2,3.600
124.1,3.600
124.1,3.600
124.0,3.600
124.0,3.600
124.0,3.600
123.9,3.600
123.9,3.600
123.8,3.600
123.8,3.600
123.8,3.600
123.7,3.600
123.7,3.600
123.6,3.600
123.6,3.600
123.5,3.600
123.5,3.600
123.4,3.600
123.4,3.600
123.4,3.600
123.4,3.600
123.3,3.600
123.3,3.600
123.3,3.600
123.3,3.600
123.2,3.600
123.2,3.600
123.1,3.600
123.1,3.600
123.0,3.595
123.0,3.595
122.9,3.595
122.9,3.595
122.9,3.595
122.8,3.595
122.8,3.595
122.7,3.595
122.7,3.595
122.7,3.595
122.6,3.595
122.6,3.595
122.6,3.595
122.5,3.595
122.5,3.595
122.5,3.595
122.4,3.595
122.4,3.595
122.4,3.595
122.3,3.595
122.3,3.595
122.3,3.595
122.2,3.595
122.2,3.595
122.2,3.595
122.2,3.595
122.1,3.595
122.1,3.595
122.1,3.595
122.1,3.595
122.0,3.595
122.0,3.595
122.0,3.595
121.9,3.595
121.9,3.595
121.9,3.595
121.8,3.595
121.8,3.595
121.8,3.595
121.7,3.595
121.7,3.595
121.7,3.595
121.7,3.595
121.6,3.595
121.6,3.595
121.5,3.595
121.5,3.595
121.5,3.595
121.5,3.595
121.4,3.595
121.4,3.595
121.4,3.595
121.4,3.595
121.3,3.595
121.3,3.595
121.3,3.595
121.2,3.595
121.2,3.595
121.2,3.595
121.2,3.595
121.1,3.595
121.1,3.595
121.0,3.595
121.0,3.595
121.0,3.595
121.0,3.595
120.9,3.595
120.9,3.595
120.9,3.595
120.9,3.595
120.9,3.595
120.8,3.595
120.8,3.595
120.7,3.595
120.7,3.595
120.7,3.595
120.6,3.595
120.6,3.595
120.6,3.595
120.6,3.595
120.6,3.595
120.6,3.595
120.5,3.595
120.5,3.595
120.5,3.595
120.4,3.595
120.4,3.595
120.3,3.595
120.3,3.595
120.3,3.595
120.3,3.595
120.3,3.595
120.3,3.595
120.2,3.595
120.2,3.595
120.2,3.595
120.1,3.595
120.1,3.595
120.1,3.595
120.0,3.595
120.0,3.595
120.0,3.595
120.0,3.595
120.0,3.595
119.9,3.595
119.9,3.595
119.9,3.595
119.8,3.595
119.8,3.595
119.8,3.595
119.8,3.595
119.7,3.595
119.7,3.595
119.6,3.595
119.6,3.595
119.6,3.595
119.5,3.595
119.5,3.595
119.5,3.595
119.4,3.595
119.4,3.595
119.4,3.595
119.4,3.595
119.4,3.595
119.3,3.595
119.3,3.595
119.3,3.595
119.3,3.595
119.2,3.595
119.2,3.595
119.1,3.595
119.1,3.595
119.1,3.595
119.1,3.595
119.0,3.595
119.0,3.595
119.0,3.595
119.0,3.595
118.9,3.595
118.9,3.595
118.9,3.595
118.8,3.595
118.8,3.595
118.8,3.595
118.7,3.595
118.7,3.595
118.7,3.595
118.6,3.595
118.6,3.595
118.5,3.595
118.5,3.595
118.5,3.595
118.4,3.595
118.4,3.595
118.3,3.595
118.3,3.595
118.3,3.595
118.2,3.595
118.2,3.595
118.2,3.595
118.1,3.595
118.1,3.595
118.1,3.595
118.1,3.595
118.1,3.595
118.0,3.590
118.0,3.590
118.0,3.590
117.9,3.590
117.9,3.590
117.8,3.590
117.8,3.590
117.8,3.590
117.7,3.590
117.7,3.590
117.7,3.590
117.6,3.590
117.6,3.590
117.6,3.590
117.5,3.590
117.5,3.590
117.5,3.590
117.4,3.590
117.4,3.590
117.3,3.590
117.3,3.590
117.3,3.590
117.2,3.590
117.2,3.590
117.2,3.590
117.2,3.590
117.1,3.590
117.1,3.590
117.0,3.590
117.0,3.590
117.0,3.590
116.9,3.590
116.9,3.590
116.9,3.590
116.8,3.590
116.8,3.590
116.8,3.590
116.7,3.590
116.7,3.590
116.6,3.590
116.6,3.590
116.6,3.590
116.6,3.590
116.5,3.590
116.5,3.590
116.4,3.590
116.4,3.590
116.4,3.590
116.3,3.590
116.3,3.590
116.2,3.590
116.2,3.590
116.2,3.590
116.1,3.590
116.1,3.590
116.0,3.590
116.0,3.590
116.0,3.590
116.0,3.590
115.9,3.590
115.8,3.590
115.8,3.590
115.7,3.590
115.7,3.590
115.7,3.590
115.6,3.590
115.6,3.590
115.6,3.590
115.5,3.590
115.5,3.590
115.5,3.590
115.4,3.590
115.4,3.590
115.4,3.590
115.3,3.590
115.3,3.590
115.2,3.590
115.2,3.590
115.2,3.590
115.1,3.590
115.0,3.590
115.0,3.590
115.0,3.590
114.9,3.590
114.9,3.590
114.9,3.590
114.8,3.590
114.8,3.590
114.8,3.590
114.7,3.590
114.7,3.590
114.7,3.590
114.6,3.590
114.6,3.590
114.6,3.590
114.5,3.590
114.5,3.590
114.4,3.590
114.4,3.590
114.4,3.590
114.3,3.590
114.3,3.590
114.3,3.590
114.2,3.590
114.1,3.590
114.1,3.590
114.0,3.590
114.0,3.590
113.9,3.590
113.9,3.590
113.9,3.590
113.9,3.590
113.8,3.590
113.7,3.590
113.7,3.590
113.7,3.590
113.6,3.590
113.6,3.590
113.5,3.590
113.5,3.590
113.5,3.590
113.4,3.590
113.4,3.590
113.3,3.590
113.3,3.590
113.2,3.590
113.2,3.590
113.1,3.590
113.1,3.590
113.0,3.590
113.0,3.590
112.9,3.590
112.9,3.590
112.9,3.590
112.8,3.585
112.8,3.585
112.7,3.585
112.7,3.585
112.6,3.585
112.6,3.585
112.5,3.585
112.5,3.585
112.4,3.585
112.4,3.585
112.3,3.585
112.3,3.585
112.2,3.585
112.2,3.585
112.1,3.585
112.1,3.585
112.0,3.585
112.0,3.585
111.9,3.585
111.9,3.585
111.8,3.585
111.7,3.585
111.7,3.585
111.6,3.585
111.6,3.585
111.5,3.585
111.5,3.585
111.4,3.585
111.4,3.585
111.3,3.585
111.2,3.585
111.2,3.585
111.1,3.585
111.0,3.585
111.0,3.585
110.9,3.585
110.9,3.585
110.8,3.585
110.8,3.585
110.7,3.585
110.6,3.585
110.6,3.585
110.5,3.585
110.4,3.585
110.3,3.585
110.3,3.585
110.3,3.585
110.2,3.585
110.1,3.585
110.0,3.585
110.0,3.585
109.9,3.585
109.8,3.585
109.7,3.585
109.7,3.585
109.6,3.585
109.5,3.585
109.4,3.585
109.4,3.585
109.3,3.585
109.3,3.585
109.2,3.585
109.1,3.585
109.0,3.585
109.0,3.585
108.9,3.585
108.8,3.585
108.7,3.585
108.6,3.585
108.5,3.585
108.4,3.585
108.4,3.585
108.3,3.585
108.2,3.585
108.1,3.585
108.0,3.585
107.9,3.585
107.8,3.585
107.7,3.585
107.7,3.585
107.6,3.585
107.6,3.580
107.5,3.580
107.4,3.580
107.3,3.580
107.2,3.580
107.1,3.580
107.0,3.580
106.9,3.580
106.8,3.580
106.7,3.580
106.6,3.580
106.5,3.580
106.5,3.580
106.4,3.580
106.3,3.580
106.2,3.580
106.1,3.580
106.1,3.580
106.0,3.580
105.9,3.580
105.8,3.580
105.6,3.580
105.5,3.580
105.4,3.580
105.3,3.580
105.2,3.580
105.1,3.580
105.0,3.580
105.0,3.580
104.9,3.580
104.8,3.580
104.7,3.580
104.6,3.580
104.5,3.580
104.4,3.580
104.3,3.580
104.2,3.580
104.1,3.580
104.0,3.580
103.9,3.580
103.8,3.580
103.7,3.580
103.6,3.580
103.5,3.580
103.4,3.580
103.3,3.580
103.2,3.580
103.1,3.580
103.0,3.580
102.9,3.580
102.8,3.580
102.7,3.580
102.6,3.580
102.5,3.580
102.4,3.580
102.3,3.575
102.2,3.575
102.2,3.575
102.1,3.575
101.9,3.575
101.8,3.575
101.7,3.575
101.6,3.575
101.5,3.575
101.4,3.575
101.3,3.575
101.1,3.575
101.1,3.575
101.0,3.575
100.9,3.575
100.8,3.575
100.7,3.575
100.6,3.575
100.5,3.575
100.4,3.575
100.3,3.575
100.2,3.575
100.1,3.575
100.0,3.575
99.9,3.575
99.8,3.575
99.7,3.575
99.6,3.575
99.5,3.575
99.4,3.575
99.3,3.575
99.2,3.575
99.1,3.575
99.1,3.575
99.0,3.575
98.9,3.575
98.7,3.575
98.6,3.575
98.5,3.575
98.4,3.575
98.3,3.575
98.2,3.575
98.1,3.575
98.0,3.575
97.9,3.575
97.9,3.575
97.8,3.575
97.7,3.575
97.6,3.575
97.5,3.575
97.3,3.575
97.2,3.575
97.2,3.575
97.0,3.570
96.9,3.570
96.8,3.570
96.7,3.570
96.6,3.570
96.5,3.570
96.4,3.570
96.3,3.570
96.2,3.570
96.2,3.570
96.1,3.570
96.0,3.570
95.9,3.570
95.8,3.570
95.7,3.570
95.6,3.570
95.5,3.570
95.4,3.570
95.3,3.570
95.2,3.570
95.1,3.570
95.0,3.570
94.9,3.570
94.8,3.570
94.7,3.570
94.6,3.570
94.5,3.570
94.4,3.570
94.3,3.570
94.2,3.570
94.1,3.570
94.0,3.570
93.9,3.570
93.8,3.570
93.8,3.570
93.7,3.570
93.6,3.570
93.5,3.570
93.4,3.570
93.3,3.570
93.2,3.570
93.1,3.570
93.0,3.570
92.9,3.570
92.8,3.570
92.7,3.570
92.6,3.570
92.5,3.570
92.4,3.570
92.3,3.570
92.2,3.570
92.1,3.570
92.0,3.565
91.9,3.565
91.8,3.565
91.7,3.565
91.6,3.565
91.5,3.565
91.4,3.565
91.3,3.565
91.2,3.565
91.2,3.565
91.1,3.565
91.0,3.565
90.9,3.565
90.8,3.565
90.7,3.565
90.6,3.565
90.5,3.565
90.5,3.565
90.4,3.565
90.3,3.565
90.2,3.565
90.1,3.565
90.0,3.565
89.9,3.565
89.8,3.565
89.7,3.565
89.6,3.565
89.5,3.565
89.4,3.565
89.3,3.565
89.2,3.565
89.1,3.565
89.0,3.565
88.9,3.565
88.8,3.565
88.7,3.565
88.6,3.565
88.5,3.565
88.4,3.565
88.3,3.565
88.2,3.565
88.2,3.565
88.1,3.565
88.0,3.565
87.9,3.565
87.8,3.565
87.7,3.565
87.6,3.565
87.5,3.565
87.4,3.565
87.3,3.565
87.2,3.565
87.1,3.565
87.1,3.565
87.0,3.565
86.9,3.565
86.8,3.560
86.7,3.560
86.6,3.560
86.5,3.560
86.4,3.560
86.2,3.560
86.1,3.560
86.1,3.560
86.0,3.560
85.9,3.560
85.8,3.560
85.7,3.560
85.6,3.560
85.5,3.560
85.4,3.560
85.3,3.560
85.2,3.560
85.1,3.560
85.0,3.560
84.9,3.560
84.8,3.560
84.7,3.560
84.6,3.560
84.5,3.560
84.4,3.560
84.3,3.560
84.2,3.560
84.1,3.560
84.1,3.560
84.0,3.560
83.9,3.560
83.8,3.560
83.7,3.560
83.6,3.560
83.5,3.560
83.4,3.560
83.3,3.560
83.2,3.560
83.1,3.560
83.1,3.560
83.0,3.560
82.9,3.560
82.8,3.560
82.7,3.560
82.6,3.560
82.5,3.560
82.4,3.560
82.4,3.560
82.3,3.560
82.1,3.560
82.0,3.560
81.9,3.560
81.8,3.560
81.7,3.560
81.7,3.555
81.6,3.555
81.5,3.555
81.4,3.555
81.3,3.555
81.2,3.555
81.2,3.555
81.1,3.555
81.0,3.555
80.9,3.555
80.9,3.555
80.8,3.555
80.7,3.555
80.6,3.555
80.5,3.555
80.4,3.555
80.3,3.555
80.2,3.555
80.2,3.555
80.1,3.555
80.0,3.555
79.9,3.555
79.8,3.555
79.8,3.555
79.7,3.555
79.6,3.555
79.5,3.555
79.4,3.555
79.4,3.555
79.3,3.555
79.2,3.555
79.1,3.555
79.0,3.555
79.0,3.555
78.9,3.555
78.8,3.555
78.7,3.555
78.6,3.555
78.5,3.555
78.5,3.555
78.4,3.555
78.3,3.555
78.2,3.555
78.2,3.555
78.1,3.555
78.0,3.555
77.9,3.555
77.9,3.555
77.8,3.555
77.7,3.555
77.7,3.555
77.6,3.555
77.5,3.555
77.4,3.555
77.3,3.555
77.2,3.555
77.1,3.555
77.1,3.555
77.0,3.555
76.9,3.555
76.8,3.555
76.8,3.555
76.7,3.550
76.6,3.550
76.6,3.550
76.5,3.550
76.4,3.550
76.3,3.550
76.3,3.550
76.2,3.550
76.2,3.550
76.1,3.550
76.0,3.550
75.9,3.550
75.9,3.550
75.8,3.550
75.7,3.550
75.6,3.550
75.6,3.550
75.5,3.550
75.4,3.550
75.3,3.550
75.3,3.550
75.2,3.550
75.1,3.550
75.1,3.550
75.0,3.550
74.9,3.550
74.8,3.550
74.8,3.550
74.8,3.550
74.7,3.550
74.6,3.550
74.6,3.550
74.5,3.550
74.4,3.550
74.3,3.550
74.3,3.550
74.2,3.550
74.2,3.550
74.1,3.550
74.0,3.550
74.0,3.550
73.9,3.550
73.9,3.550
73.8,3.550
73.7,3.550
73.7,3.550
73.6,3.550
73.6,3.550
73.5,3.550
73.4,3.550
73.4,3.550
73.3,3.550
73.2,3.550
73.2,3.550
73.1,3.550
73.1,3.550
73.0,3.550
73.0,3.550
72.9,3.550
72.9,3.550
72.8,3.550
72.8,3.550
72.7,3.550
72.6,3.550
72.6,3.550
72.5,3.550
72.5,3.550
72.4,3.550
72.3,3.550
72.3,3.550
72.2,3.550
72.2,3.550
72.1,3.550
72.1,3.550
72.0,3.550
71.9,3.550
71.9,3.550
71.9,3.545
71.8,3.545
71.7,3.545
71.7,3.545
71.6,3.545
71.6,3.545
71.6,3.545
71.5,3.545
71.4,3.545
71.4,3.545
71.3,3.545
71.3,3.545
71.2,3.545
71.2,3.545
71.2,3.545
71.1,3.545
71.1,3.545
71.0,3.545
71.0,3.545
70.9,3.545
70.9,3.545
70.8,3.545
70.7,3.545
70.7,3.545
70.7,3.545
70.6,3.545
70.6,3.545
70.5,3.545
70.4,3.545
70.4,3.545
70.4,3.545
70.3,3.545
70.3,3.545
70.2,3.545
70.2,3.545
70.2,3.545
70.1,3.545
70.1,3.545
70.0,3.545
69.9,3.545
69.9,3.545
69.9,3.545
69.8,3.545
69.8,3.545
69.7,3.545
69.7,3.545
69.7,3.545
69.6,3.545
69.6,3.545
69.5,3.545
69.5,3.545
69.5,3.545
69.4,3.545
69.4,3.545
69.3,3.545
69.3,3.545
69.2,3.545
69.2,3.545
69.1,3.545
69.1,3.545
69.0,3.545
69.0,3.545
68.9,3.545
68.9,3.545
68.8,3.545
68.8,3.545
68.8,3.545
68.7,3.545
68.7,3.545
68.6,3.545
68.6,3.545
68.6,3.545
68.5,3.545
68.4,3.545
68.4,3.545
68.3,3.545
68.3,3.545
68.3,3.545
68.2,3.545
68.2,3.545
68.2,3.545
68.1,3.545
68.1,3.545
68.0,3.545
68.0,3.545
68.0,3.545
67.9,3.545
67.9,3.545
67.9,3.545
67.8,3.545
67.7,3.545
67.7,3.545
67.7,3.545
67.6,3.545
67.6,3.545
67.5,3.545
67.5,3.545
67.4,3.545
67.4,3.545
67.3,3.545
67.3,3.545
67.2,3.545
67.2,3.545
67.1,3.545
67.1,3.545
67.1,3.545
67.1,3.545
67.0,3.545
67.0,3.545
66.9,3.545
66.9,3.540
66.8,3.540
66.8,3.540
66.7,3.540
66.7,3.540
66.6,3.540
66.6,3.540
66.6,3.540
66.5,3.540
66.5,3.540
66.5,3.540
66.4,3.540
66.4,3.540
66.4,3.540
66.3,3.540
66.3,3.540
66.2,3.540
66.2,3.540
66.1,3.540
66.1,3.540
66.0,3.540
66.0,3.540
65.9,3.540
65.9,3.540
65.9,3.540
65.8,3.540
65.8,3.540
65.7,3.540
65.7,3.540
65.6,3.540
65.6,3.540
65.6,3.540
65.5,3.540
65.5,3.540
65.4,3.540
65.4,3.540
65.3,3.540
65.3,3.540
65.2,3.540
65.2,3.540
65.2,3.540
65.1,3.540
65.1,3.540
65.1,3.540
65.0,3.540
65.0,3.540
64.9,3.540
64.9,3.540
64.9,3.540
64.8,3.540
64.8,3.540
64.8,3.540
64.7,3.540
64.7,3.540
64.6,3.540
64.6,3.540
64.5,3.540
64.4,3.540
64.4,3.540
64.3,3.540
64.3,3.540
64.3,3.540
64.2,3.540
64.2,3.540
64.2,3.540
64.1,3.540
64.1,3.540
64.1,3.540
64.0,3.540
64.0,3.540
63.9,3.540
63.9,3.540
63.9,3.540
63.8,3.540
63.8,3.540
63.8,3.540
63.7,3.540
63.7,3.540
63.7,3.540
63.6,3.540
63.6,3.540
63.6,3.540
63.5,3.540
63.5,3.540
63.4,3.540
63.4,3.540
63.3,3.540
63.3,3.540
63.3,3.540
63.2,3.540
63.1,3.540
63.1,3.540
63.1,3.540
63.0,3.540
63.0,3.540
62.9,3.540
62.9,3.540
62.9,3.540
62.9,3.540
62.8,3.540
62.8,3.540
62.7,3.540
62.7,3.540
62.7,3.540
62.6,3.540
62.6,3.540
62.6,3.540
62.5,3.540
62.5,3.540
62.4,3.540
62.4,3.540
62.3,3.540
62.3,3.540
62.3,3.540
62.2,3.540
62.2,3.540
62.2,3.540
62.1,3.540
62.1,3.540
62.1,3.540
62.0,3.540
62.0,3.540
62.0,3.540
61.9,3.535
61.9,3.535
61.8,3.535
61.8,3.535
61.7,3.535
61.7,3.535
61.7,3.535
61.6,3.535
61.6,3.535
61.6,3.535
61.5,3.535
61.5,3.535
61.5,3.535
61.5,3.535
61.4,3.535
61.4,3.535
61.3,3.535
61.3,3.535
61.2,3.535
61.2,3.535
61.1,3.535
61.1,3.535
61.1,3.535
61.0,3.535
61.0,3.535
61.0,3.535
60.9,3.535
60.9,3.535
60.9,3.535
60.8,3.535
60.8,3.535
60.7,3.535
60.7,3.535
60.7,3.535
60.6,3.535
60.6,3.535
60.6,3.535
60.5,3.535
60.5,3.535
60.5,3.535
60.4,3.535
60.4,3.535
60.3,3.535
60.3,3.535
60.3,3.535
60.2,3.535
60.2,3.535
60.2,3.535
60.2,3.535
60.1,3.535
60.1,3.535
60.0,3.535
60.0,3.535
60.0,3.535
60.0,3.535
59.9,3.535
59.9,3.535
59.8,3.535
59.8,3.535
59.7,3.535
59.7,3.535
59.7,3.535
59.6,3.535
59.6,3.535
59.5,3.535
59.5,3.535
59.5,3.535
59.4,3.535
59.4,3.535
59.4,3.535
59.3,3.535
59.3,3.535
59.3,3.535
59.2,3.535
59.2,3.535
59.1,3.535
59.1,3.535
59.0,3.535
59.0,3.535
58.9,3.535
58.9,3.535
58.8,3.535
58.8,3.535
58.8,3.535
58.8,3.535
58.7,3.535
58.7,3.535
58.6,3.535
58.6,3.535
58.6,3.535
58.6,3.535
58.6,3.535
58.5,3.535
58.5,3.535
58.4,3.535
58.4,3.535
58.4,3.535
58.3,3.535
58.2,3.535
58.2,3.535
58.2,3.535
58.1,3.535
58.1,3.535
58.0,3.535
58.0,3.535
58.0,3.535
57.9,3.535
57.9,3.535
57.9,3.535
57.8,3.535
57.8,3.535
57.8,3.535
57.7,3.535
57.6,3.535
57.6,3.535
57.6,3.535
57.6,3.535
57.6,3.535
57.5,3.530
57.4,3.530
57.4,3.530
57.4,3.530
57.3,3.530
57.3,3.530
57.3,3.530
57.2,3.530
57.2,3.530
57.1,3.530
57.1,3.530
57.0,3.530
57.0,3.530
56.9,3.530
56.9,3.530
56.9,3.530
56.9,3.530
56.8,3.530
56.8,3.530
56.7,3.530
56.7,3.530
56.6,3.530
56.6,3.530
56.6,3.530
56.6,3.530
56.5,3.530
56.4,3.530
56.4,3.530
56.4,3.530
56.3,3.530
56.3,3.530
56.2,3.530
56.2,3.530
56.2,3.530
56.2,3.530
56.1,3.530
56.1,3.530
56.0,3.530
56.0,3.530
56.0,3.530
55.9,3.530
55.9,3.530
55.8,3.530
55.8,3.530
55.8,3.530
55.8,3.530
55.7,3.530
55.7,3.530
55.6,3.530
55.6,3.530
55.5,3.530
55.5,3.530
55.5,3.530
55.4,3.530
55.4,3.530
55.4,3.530
55.3,3.530
55.3,3.530
55.2,3.530
55.2,3.530
55.1,3.530
55.1,3.530
55.0,3.530
55.0,3.530
54.9,3.530
54.9,3.530
54.9,3.530
54.9,3.530
54.8,3.530
54.8,3.530
54.7,3.530
54.7,3.530
54.7,3.530
54.6,3.530
54.6,3.530
54.5,3.530
54.5,3.530
54.4,3.530
54.4,3.530
54.4,3.530
54.4,3.530
54.3,3.530
54.3,3.530
54.2,3.530
54.2,3.530
54.1,3.530
54.1,3.530
54.1,3.530
54.0,3.530
54.0,3.530
54.0,3.530
53.9,3.530
53.9,3.530
53.9,3.530
53.8,3.530
53.8,3.530
53.7,3.530
53.7,3.530
53.6,3.530
53.6,3.530
53.5,3.530
53.5,3.530
53.5,3.530
53.4,3.530
53.4,3.530
53.3,3.530
53.3,3.530
53.3,3.530
53.3,3.530
53.2,3.530
53.2,3.530
53.1,3.530
53.1,3.530
53.1,3.530
53.0,3.530
53.0,3.530
52.9,3.530
52.8,3.530
52.8,3.530
52.8,3.530
52.7,3.530
52.7,3.525
52.7,3.525
52.6,3.525
52.6,3.525
52.5,3.525
52.5,3.525
52.5,3.525
52.5,3.525
52.4,3.525
52.4,3.525
52.3,3.525
52.3,3.525
52.3,3.525
52.3,3.525
52.2,3.525
52.1,3.525
52.1,3.525
52.1,3.525
52.0,3.525
52.0,3.525
51.9,3.525
51.9,3.525
51.8,3.525
51.8,3.525
51.7,3.525
51.7,3.525
51.6,3.525
51.6,3.525
51.5,3.525
51.5,3.525
51.5,3.525
51.5,3.525
51.4,3.525
51.3,3.525
51.3,3.525
51.3,3.525
51.2,3.525
51.2,3.525
51.1,3.525
51.1,3.525
51.0,3.525
51.0,3.525
51.0,3.525
51.0,3.525
50.9,3.525
50.9,3.525
50.8,3.525
50.8,3.525
50.7,3.525
50.7,3.525
50.6,3.525
50.6,3.525
50.5,3.525
50.5,3.525
50.5,3.525
50.5,3.525
50.4,3.525
50.3,3.525
50.3,3.525
50.3,3.525
50.2,3.525
50.1,3.525
50.1,3.525
50.0,3.525
50.0,3.525
50.0,3.525
49.9,3.525
49.9,3.525
49.8,3.525
49.8,3.525
49.8,3.525
49.7,3.525
49.7,3.525
49.7,3.525
49.7,3.525
49.6,3.525
49.6,3.525
49.5,3.525
49.5,3.525
49.4,3.525
49.4,3.525
49.3,3.525
49.3,3.525
49.3,3.525
49.2,3.525
49.2,3.525
49.1,3.525
49.1,3.525
49.0,3.525
49.0,3.525
48.9,3.525
48.9,3.525
48.9,3.525
48.9,3.525
48.8,3.525
48.8,3.525
48.8,3.525
48.7,3.525
48.7,3.525
48.6,3.525
48.6,3.525
48.5,3.525
48.5,3.525
48.5,3.525
48.4,3.525
48.4,3.525
48.4,3.525
48.4,3.520
48.3,3.520
48.3,3.520
48.3,3.520
48.2,3.520
48.2,3.520
48.2,3.520
48.2,3.520
48.1,3.520
48.1,3.520
48.1,3.520
48.1,3.520
48.1,3.520
48.1,3.520
48.1,3.520
48.1,3.520
48.1,3.520
48.1,3.520
48.1,3.520
48.1,3.520
48.1,3.520
48.1,3.520
48.1,3.520
48.1,3.520
48.1,3.520
48.1,3.520
48.1,3.520
48.2,3.520
48.2,3.520
48.2,3.520
48.2,3.520
48.2,3.520
48.2,3.520
48.2,3.520
48.2,3.520
48.2,3.520
48.2,3.520
48.2,3.520
48.2,3.520
48.2,3.520
48.2,3.520
48.2,3.520
48.2,3.520
48.2,3.520
48.2,3.520
48.2,3.520
48.2,3.520
48.2,3.520
48.2,3.520
48.2,3.520
48.2,3.520
48.2,3.520
48.2,3.520
48.2,3.520
48.2,3.520
48.2,3.520
48.2,3.520
48.2,3.520
48.2,3.520
48.2,3.520
48.2,3.520
48.2,3.520
48.2,3.520
48.2,3.520
48.2,3.520
48.2,3.520
48.2,3.520
48.2,3.520
48.2,3.520
48.2,3.520
48.2,3.520
48.2,3.520
48.2,3.520
48.2,3.520
48.2,3.520
48.2,3.520
48.2,3.520
48.2,3.520
48.2,3.520
48.2,3.520
48.2,3.520
48.2,3.520
48.2,3.520
48.2,3.520
48.2,3.520
48.2,3.520
48.2,3.520
48.2,3.520
48.2,3.520
48.2,3.515
48.2,3.515
48.2,3.515
48.2,3.515
48.2,3.515
48.2,3.515
48.2,3.515
48.2,3.515
48.2,3.515
48.2,3.515
48.2,3.515
48.2,3.515
48.2,3.515
48.2,3.515
48.2,3.515
48.2,3.515
48.2,3.515
48.2,3.515
48.2,3.515
48.2,3.515
48.2,3.515
48.2,3.515
48.2,3.515
48.2,3.515
48.2,3.515
48.2,3.515
48.2,3.515
48.2,3.515
48.2,3.515
48.2,3.515
48.2,3.515
48.2,3.515
48.2,3.515
48.2,3.515
48.2,3.515
48.2,3.515
48.2,3.515
48.2,3.515
48.2,3.515
48.2,3.515
48.2,3.515
48.2,3.515
48.2,3.515
48.2,3.515
48.2,3.515
48.2,3.515
48.2,3.515
48.2,3.515
48.2,3.515
48.2,3.515
48.2,3.515
48.2,3.515
48.2,3.515
48.2,3.515
48.2,3.515
48.2,3.515
48.2,3.515
48.2,3.515
48.2,3.515
48.2,3.515
48.2,3.515
48.2,3.515
48.2,3.515
48.2,3.515
48.2,3.515
48.2,3.515
48.2,3.515
48.2,3.515
48.2,3.515
48.2,3.515
48.2,3.515
48.2,3.515
48.2,3.515
48.2,3.515
48.2,3.515
48.2,3.510
48.2,3.510
48.2,3.510
48.2,3.510
48.2,3.510
48.2,3.510
48.2,3.510
48.2,3.510
48.2,3.510
48.2,3.510
48.2,3.510
48.2,3.510
48.2,3.510
48.2,3.510
48.2,3.510
48.2,3.510
48.2,3.510
48.2,3.510
48.2,3.510
48.2,3.510
48.2,3.510
48.2,3.510
48.2,3.510
48.2,3.510
48.2,3.510
48.2,3.510
48.2,3.510
48.2,3.510
48.2,3.510
48.2,3.510
48.2,3.510
48.2,3.510
48.2,3.510
48.2,3.510
48.2,3.510
48.2,3.510
48.2,3.510
48.2,3.510
48.2,3.510
48.2,3.510
48.2,3.510
48.2,3.510
48.2,3.510
48.2,3.510
48.2,3.510
48.2,3.510
48.2,3.510
48.2,3.510
48.2,3.510
48.2,3.510
48.2,3.510
48.2,3.510
48.2,3.510
48.2,3.510
48.2,3.510
48.2,3.510
48.2,3.510
48.2,3.510
48.2,3.510
48.2,3.510
48.2,3.510
48.2,3.510
48.2,3.510
48.2,3.510
48.2,3.510
48.2,3.510
48.2,3.510
48.2,3.510
48.2,3.510
48.2,3.510
48.2,3.510
48.2,3.510
48.1,3.510
48.1,3.510
48.1,3.510
48.1,3.510
48.1,3.510
48.1,3.510
48.1,3.510
48.1,3.510
48.1,3.505
48.1,3.505
48.1,3.505
48.1,3.505
48.1,3.505
48.1,3.505
48.1,3.505
48.1,3.505
48.1,3.505
48.1,3.505
48.1,3.505
48.1,3.505
48.1,3.505
48.1,3.505
48.1,3.505
48.1,3.505
48.1,3.505
48.1,3.505
48.1,3.505
48.1,3.505
48.1,3.505
48.1,3.505
48.1,3.505
48.1,3.505
48.1,3.505
48.1,3.505
48.1,3.505
48.1,3.505
48.1,3.505
48.1,3.505
48.1,3.505
48.1,3.505
48.1,3.505
48.1,3.505
48.1,3.505
48.1,3.505
48.1,3.505
48.1,3.505
48.1,3.505
48.1,3.505
48.1,3.505
48.2,3.505
48.2,3.505
48.2,3.505
48.2,3.505
48.2,3.505
48.2,3.505
48.2,3.505
48.2,3.505
48.1,3.505
48.1,3.505
48.1,3.505
48.1,3.505
48.1,3.505
48.1,3.505
48.1,3.505
48.1,3.505
48.1,3.505
48.1,3.505
48.1,3.505
48.1,3.505
48.1,3.505
48.1,3.505
48.1,3.505
48.1,3.505
48.1,3.505
48.1,3.505
48.1,3.505
48.1,3.505
48.1,3.505
48.1,3.505
48.1,3.505
48.1,3.505
48.1,3.505
48.1,3.505
48.1,3.505
48.1,3.505
48.1,3.505
48.1,3.505
48.1,3.505
48.1,3.505
48.1,3.505
48.1,3.505
48.1,3.505
48.1,3.505
48.1,3.505
48.1,3.505
48.1,3.505
48.1,3.505
48.1,3.505
48.1,3.505
48.1,3.505
48.1,3.505
48.1,3.505
48.1,3.505
48.1,3.505
48.1,3.505
48.1,3.505
48.1,3.500
48.1,3.500
48.1,3.500
48.1,3.500
48.1,3.500
48.1,3.500
48.1,3.500
48.1,3.500
48.1,3.500
48.1,3.500
48.1,3.500
48.1,3.500
48.1,3.500
48.1,3.500
48.1,3.500
48.1,3.500
48.1,3.500
48.1,3.500
48.1,3.500
48.1,3.500
48.1,3.500
48.1,3.500
48.1,3.500
48.1,3.500
48.0,3.500
48.0,3.500
48.0,3.500
48.0,3.500
48.0,3.500
48.0,3.500
48.0,3.500
48.0,3.500
48.0,3.500
48.0,3.500
48.0,3.500
48.0,3.500
48.0,3.500
48.0,3.500
48.0,3.500
48.0,3.500
48.0,3.500
48.0,3.500
48.0,3.500
48.0,3.500
48.0,3.500
48.0,3.500
48.0,3.500
48.0,3.500
48.0,3.500
48.0,3.500
48.0,3.500
48.0,3.500
48.0,3.500
48.0,3.500
48.1,3.500
48.1,3.500
48.1,3.500
48.1,3.500
48.1,3.500
48.1,3.500
48.1,3.500
48.1,3.500
48.1,3.500
48.1,3.500
48.1,3.500
48.1,3.500
48.1,3.500
48.1,3.500
48.1,3.500
48.1,3.500
48.1,3.500
48.1,3.500
48.1,3.500
48.1,3.500
48.1,3.500
48.1,3.500
48.1,3.500
48.1,3.500
48.1,3.500
48.1,3.500
48.0,3.500
48.0,3.500
48.0,3.500
48.0,3.500
48.0,3.500
48.0,3.500
48.0,3.500
48.0,3.500
48.0,3.500
48.0,3.500
48.0,3.500
48.0,3.495
48.0,3.495
48.0,3.495
48.0,3.495
48.0,3.495
48.0,3.495
48.0,3.495
48.0,3.495
48.0,3.495
48.0,3.495
48.0,3.495
48.0,3.495
48.0,3.495
48.0,3.495
48.0,3.495
48.0,3.495
48.0,3.495
48.0,3.495
48.0,3.495
48.0,3.495
48.0,3.495
48.0,3.495
48.0,3.495
48.0,3.495
48.0,3.495
48.0,3.495
48.0,3.495
48.0,3.495
48.0,3.495
48.0,3.495
48.0,3.495
48.0,3.495
48.0,3.495
48.0,3.495
48.0,3.495
48.0,3.495
48.0,3.495
48.0,3.495
48.0,3.495
48.0,3.495
48.0,3.495
48.0,3.495
48.0,3.495
48.0,3.495
48.0,3.495
48.0,3.495
48.0,3.495
48.0,3.495
48.0,3.495
48.0,3.495
48.0,3.495
48.0,3.495
48.0,3.495
48.0,3.495
48.0,3.495
48.0,3.495
48.0,3.495
48.0,3.495
48.0,3.495
48.0,3.495
48.0,3.495
48.0,3.495
48.0,3.495
48.0,3.495
48.0,3.495
48.0,3.495
48.0,3.495
48.0,3.495
48.0,3.495
48.0,3.495
48.0,3.495
48.0,3.495
48.0,3.495
48.0,3.495
48.0,3.490
48.0,3.490
48.0,3.490
48.0,3.490
48.0,3.490
48.0,3.490
48.0,3.490
48.0,3.490
48.0,3.490
48.0,3.490
48.0,3.490
48.0,3.490
48.0,3.490
48.0,3.490
48.0,3.490
48.0,3.490
48.0,3.490
48.0,3.490
48.0,3.490
48.0,3.490
48.0,3.490
48.0,3.490
48.0,3.490
48.0,3.490
48.0,3.490
48.0,3.490
48.0,3.490
48.0,3.490
48.0,3.490
48.0,3.490
48.0,3.490
48.0,3.490
48.0,3.490
48.0,3.490
48.0,3.490
48.0,3.490
48.0,3.490
48.0,3.490
48.0,3.490
48.0,3.490
48.0,3.490
48.0,3.490
48.0,3.490
48.0,3.490
48.0,3.490
48.0,3.490
48.0,3.490
48.0,3.490
48.0,3.490
48.0,3.490
48.0,3.490
48.0,3.490
48.0,3.490
48.0,3.490
48.0,3.490
48.0,3.490
48.0,3.485
48.0,3.485
48.0,3.485
48.0,3.485
48.0,3.485
48.0,3.485
48.0,3.485
48.0,3.485
48.0,3.485
48.0,3.485
48.0,3.485
48.0,3.485
48.0,3.485
48.0,3.485
48.0,3.485
47.9,3.485
47.9,3.485
47.9,3.485
47.9,3.485
47.9,3.485
47.9,3.485
47.9,3.485
47.9,3.485
47.9,3.485
47.9,3.485
47.9,3.485
47.9,3.485
47.9,3.485
47.9,3.485
47.9,3.485
47.9,3.485
47.9,3.485
47.9,3.485
47.9,3.485
47.9,3.485
47.9,3.485
47.9,3.485
47.9,3.485
47.9,3.485
47.9,3.485
47.9,3.485
47.9,3.485
47.9,3.485
47.9,3.485
47.9,3.485
47.9,3.480
47.9,3.480
47.9,3.480
47.9,3.480
47.9,3.480
47.9,3.480
47.9,3.480
47.9,3.480
47.9,3.480
47.9,3.480
47.9,3.480
47.9,3.480
47.9,3.480
47.9,3.480
47.9,3.480
47.9,3.480
47.9,3.480
47.9,3.480
47.9,3.480
47.9,3.480
47.9,3.480
47.9,3.480
47.9,3.480
47.9,3.480
47.9,3.480
47.9,3.480
47.9,3.480
47.9,3.480
47.9,3.480
47.9,3.480
47.9,3.480
47.9,3.480
47.9,3.480
47.9,3.480
47.9,3.480
47.9,3.480
47.9,3.475
47.9,3.475
47.9,3.475
47.9,3.475
47.9,3.475
47.9,3.475
47.9,3.475
47.9,3.475
47.9,3.475
47.9,3.475
47.9,3.475
47.9,3.475
47.9,3.475
47.9,3.475
47.9,3.475
47.9,3.475
47.9,3.475
47.9,3.475
47.9,3.475
47.9,3.475
47.9,3.475
47.9,3.475
47.9,3.475
47.9,3.475
47.9,3.475
47.9,3.475
47.9,3.475
47.9,3.475
47.9,3.475
47.9,3.475
47.9,3.470
47.9,3.470
47.9,3.470
47.9,3.470
47.9,3.470
47.9,3.470
47.9,3.470
47.9,3.470
47.9,3.470
47.9,3.470
47.9,3.470
47.9,3.470
47.9,3.470
47.9,3.470
47.9,3.470
47.9,3.470
47.9,3.470
47.9,3.470
47.9,3.470
47.9,3.470
47.9,3.470
47.9,3.470
47.8,3.470
47.8,3.470
47.8,3.470
47.8,3.470
47.8,3.470
47.8,3.465
47.8,3.465
47.8,3.465
47.8,3.465
47.9,3.465
47.9,3.465
47.9,3.465
47.9,3.465
47.9,3.465
47.9,3.465
47.9,3.465
47.9,3.465
47.8,3.465
47.8,3.465
47.8,3.465
47.8,3.465
47.8,3.465
47.8,3.465
47.8,3.465
47.8,3.465
47.8,3.465
47.8,3.465
47.8,3.465
47.8,3.465
47.8,3.465
47.8,3.465
47.8,3.465
47.8,3.460
47.8,3.460
47.8,3.460
47.8,3.460
47.8,3.460
47.8,3.460
47.8,3.460
47.8,3.460
47.8,3.460
47.8,3.460
47.8,3.460
47.8,3.460
47.8,3.460
47.8,3.460
47.8,3.460
47.8,3.460
47.8,3.460
47.8,3.460
47.8,3.460
47.8,3.460
47.8,3.460
47.8,3.460
47.8,3.460
47.8,3.460
47.8,3.460
47.8,3.460
47.8,3.460
47.8,3.455
47.8,3.455
47.8,3.455
47.8,3.455
47.8,3.455
47.8,3.455
47.8,3.455
47.8,3.455
47.8,3.455
47.8,3.455
47.8,3.455
47.8,3.455
47.8,3.455
47.8,3.455
47.8,3.455
47.8,3.455
47.8,3.455
47.8,3.455
47.7,3.455
47.7,3.455
47.7,3.455
47.7,3.455
47.7,3.455
47.7,3.455
47.7,3.450
47.7,3.450
47.7,3.450
47.7,3.450
47.7,3.450
47.7,3.450
47.7,3.450
47.7,3.450
47.7,3.450
47.7,3.450
47.7,3.450
47.7,3.450
47.7,3.450
47.7,3.450
47.7,3.450
47.7,3.450
47.7,3.450
47.7,3.450
47.7,3.450
47.7,3.450
47.7,3.450
47.7,3.450
47.7,3.450
47.7,3.450
47.7,3.450
47.7,3.445
47.7,3.445
47.7,3.445
47.7,3.445
47.7,3.445
47.7,3.445
47.7,3.445
47.7,3.445
47.7,3.445
47.7,3.445
47.7,3.445
47.7,3.445
47.7,3.445
47.7,3.445
47.7,3.445
47.7,3.445
47.7,3.445
47.7,3.445
47.7,3.445
47.7,3.445
47.7,3.445
47.7,3.445
47.7,3.445
47.7,3.440
47.7,3.440
47.7,3.440
47.7,3.440
47.7,3.440
47.7,3.440
47.7,3.440
47.7,3.440
47.7,3.440
47.7,3.440
47.7,3.440
47.7,3.440
47.7,3.440
47.7,3.440
47.7,3.440
47.7,3.440
47.7,3.440
47.7,3.440
47.7,3.440
47.7,3.440
47.7,3.440
47.8,3.440
47.8,3.435
47.8,3.435
47.8,3.435
47.8,3.435
47.8,3.435
47.8,3.435
47.8,3.435
47.8,3.435
47.8,3.435
47.7,3.435
47.7,3.435
47.7,3.435
47.7,3.435
47.7,3.435
47.7,3.435
47.7,3.435
47.7,3.435
47.7,3.435
47.7,3.435
47.7,3.435
47.8,3.430
47.8,3.430
47.8,3.430
47.8,3.430
47.8,3.430
47.8,3.430
47.8,3.430
47.8,3.430
47.7,3.430
47.7,3.430
47.7,3.430
47.7,3.430
47.7,3.430
47.7,3.430
47.7,3.430
47.7,3.430
47.7,3.430
47.7,3.430
47.7,3.430
47.7,3.425
47.7,3.425
47.7,3.425
47.7,3.425
47.7,3.425
47.7,3.425
47.7,3.425
47.7,3.425
47.7,3.425
47.7,3.425
47.7,3.425
47.7,3.425
47.7,3.425
47.7,3.425
47.7,3.425
47.7,3.425
47.7,3.425
47.7,3.425
47.7,3.425
47.7,3.425
47.7,3.420
47.7,3.420
47.7,3.420
47.7,3.420
47.7,3.420
47.7,3.420
47.7,3.420
47.7,3.420
47.7,3.420
47.7,3.420
47.7,3.420
47.7,3.420
47.7,3.420
47.7,3.420
47.7,3.420
47.7,3.420
47.7,3.420
47.7,3.420
47.7,3.420
47.7,3.415
47.7,3.415
47.7,3.415
47.7,3.415
47.7,3.415
47.7,3.415
47.7,3.415
47.7,3.415
47.7,3.415
47.7,3.415
47.7,3.415
47.7,3.415
47.7,3.415
47.7,3.415
47.7,3.415
47.7,3.415
47.7,3.415
47.7,3.415
47.7,3.415
47.7,3.410
47.7,3.410
47.7,3.410
47.7,3.410
47.7,3.410
47.7,3.410
47.7,3.410
47.7,3.410
47.7,3.410
47.7,3.410
47.7,3.410
47.7,3.410
47.7,3.410
47.7,3.410
47.7,3.410
47.7,3.410
47.7,3.410
47.7,3.405
47.7,3.405
47.7,3.405
47.7,3.405
47.7,3.405
47.7,3.405
47.7,3.405
47.7,3.405
47.7,3.405
47.7,3.405
47.7,3.405
47.7,3.405
47.7,3.405
47.7,3.405
47.7,3.405
47.7,3.405
47.7,3.405
47.7,3.405
47.7,3.405
47.7,3.400
47.7,3.400
47.7,3.400
47.7,3.400
47.7,3.400
47.7,3.400
47.7,3.400
47.7,3.400
47.7,3.400
47.7,3.400
47.7,3.400
47.7,3.400
47.7,3.400
47.7,3.400
47.7,3.400
47.7,3.400
47.7,3.400
47.7,3.395
47.7,3.395
47.7,3.395
47.7,3.395
47.6,3.395
47.6,3.395
47.6,3.395
47.6,3.395
47.6,3.395
47.6,3.395
47.6,3.395
47.6,3.395
47.6,3.395
47.6,3.395
47.7,3.395
47.7,3.395
47.7,3.395
47.7,3.390
47.7,3.390
47.7,3.390
47.7,3.390
47.7,3.390
47.7,3.390
47.6,3.390
47.6,3.390
47.6,3.390
47.6,3.390
47.6,3.390
47.6,3.390
47.6,3.390
47.6,3.390
47.6,3.390
47.6,3.390
47.6,3.385
47.6,3.385
47.6,3.385
47.6,3.385
47.6,3.385
47.6,3.385
47.6,3.385
47.6,3.385
47.6,3.385
47.6,3.385
47.6,3.385
47.6,3.385
47.6,3.385
47.6,3.385
47.6,3.385
47.6,3.385
47.6,3.380
47.6,3.380
47.6,3.380
47.6,3.380
47.6,3.380
47.6,3.380
47.6,3.380
47.6,3.380
47.6,3.380
47.6,3.380
47.6,3.380
47.6,3.380
47.6,3.380
47.6,3.380
47.6,3.380
47.6,3.375
47.6,3.375
47.6,3.375
47.6,3.375
47.6,3.375
47.6,3.375
47.6,3.375
47.6,3.375
47.7,3.375
47.7,3.375
47.7,3.375
47.7,3.375
47.7,3.375
47.7,3.375
47.7,3.370
47.7,3.370
47.7,3.370
47.7,3.370
47.7,3.370
47.7,3.370
47.6,3.370
47.6,3.370
47.6,3.370
47.6,3.370
47.6,3.370
47.6,3.370
47.5,3.370
47.5,3.370
47.5,3.365
47.5,3.365
47.5,3.365
47.5,3.365
47.6,3.365
47.6,3.365
47.6,3.365
47.6,3.365
47.6,3.365
47.6,3.365
47.6,3.365
47.6,3.365
47.6,3.365
47.6,3.365
47.6,3.365
47.5,3.360
47.5,3.360
47.5,3.360
47.5,3.360
47.5,3.360
47.5,3.360
47.5,3.360
47.5,3.360
47.5,3.360
47.5,3.360
47.5,3.360
47.5,3.360
47.6,3.360
47.6,3.360
47.6,3.355
47.6,3.355
47.5,3.355
47.4,3.355
47.4,3.355
47.4,3.355
47.4,3.355
47.4,3.355
47.4,3.355
47.4,3.355
47.4,3.355
47.4,3.355
47.5,3.355
47.5,3.350
47.6,3.350
47.6,3.350
47.6,3.350
47.6,3.350
47.6,3.350
47.6,3.350
47.6,3.350
47.5,3.350
47.6,3.350
47.4,3.350
47.4,3.350
47.4,3.350
47.4,3.345
47.4,3.345
47.4,3.345
47.4,3.345
47.4,3.345
47.4,3.345
47.4,3.345
47.5,3.345
47.5,3.345
47.5,3.345
47.5,3.345
47.5,3.345
47.5,3.345
47.5,3.340
47.5,3.340
47.5,3.340
47.4,3.340
47.4,3.340
47.4,3.340
47.4,3.340
47.4,3.340
47.4,3.340
47.4,3.340
47.4,3.340
47.4,3.340
47.4,3.340
47.4,3.335
47.4,3.335
47.5,3.335
47.4,3.335
47.4,3.335
47.4,3.335
47.4,3.335
47.5,3.335
47.5,3.335
47.4,3.335
47.5,3.335
47.5,3.335
47.5,3.330
47.5,3.330
47.4,3.330
47.4,3.330
47.4,3.330
47.4,3.330
47.4,3.330
47.4,3.330
47.4,3.330
47.4,3.330
47.4,3.330
47.4,3.325
47.4,3.325
47.4,3.325
47.4,3.325
47.4,3.325
47.4,3.325
47.4,3.325
47.4,3.325
47.4,3.325
47.4,3.325
47.4,3.325
47.4,3.325
47.4,3.320
47.4,3.320
47.4,3.320
47.4,3.320
47.4,3.320
47.4,3.320
47.4,3.320
47.4,3.320
47.4,3.320
47.4,3.320
47.4,3.320
47.5,3.315
47.5,3.315
47.5,3.315
47.5,3.315
47.5,3.315
47.5,3.315
47.4,3.315
47.4,3.315
47.4,3.315
47.4,3.315
47.4,3.310
47.4,3.310
47.4,3.310
47.4,3.310
47.4,3.310
47.4,3.310
47.4,3.310
47.4,3.310
47.4,3.310
47.4,3.310
47.4,3.305
47.4,3.305
47.4,3.305
47.3,3.305
47.4,3.305
47.4,3.305
47.4,3.305
47.4,3.305
47.4,3.305
47.4,3.305
47.4,3.305
47.4,3.300
47.4,3.300
47.4,3.300
47.4,3.300
47.4,3.300
47.4,3.300
47.4,3.300
47.4,3.300
47.4,3.300
47.4,3.300
47.4,3.295
47.4,3.295
47.4,3.295
47.4,3.295
47.4,3.295
47.3,3.295
47.3,3.295
47.3,3.295
47.3,3.295
47.3,3.295
47.3,3.290
47.3,3.290
47.3,3.290
47.3,3.290
47.3,3.290
47.3,3.290
47.3,3.290
47.3,3.290
47.3,3.290
47.3,3.290
47.3,3.285
47.3,3.285
47.3,3.285
47.3,3.285
47.3,3.285
47.3,3.285
47.3,3.285
47.3,3.285
47.3,3.285
47.3,3.285
47.3,3.285
47.3,3.280
47.3,3.280
47.3,3.280
47.3,3.280
47.3,3.280
47.3,3.280
47.3,3.280
47.3,3.280
47.3,3.280
47.3,3.280
47.3,3.275
47.3,3.275
47.3,3.275
47.3,3.275
47.3,3.275
47.3,3.275
47.3,3.275
47.3,3.275
47.3,3.275
47.3,3.275
47.3,3.270
47.3,3.270
47.3,3.270
47.3,3.270
47.3,3.270
47.3,3.270
47.3,3.270
47.3,3.270
47.3,3.270
47.3,3.270
47.3,3.270
47.3,3.265
47.3,3.265
47.3,3.265
47.3,3.265
47.3,3.265
47.3,3.265
47.3,3.265
47.3,3.265
47.3,3.265
47.3,3.265
47.3,3.260
47.3,3.260
47.3,3.260
47.3,3.260
47.3,3.260
47.3,3.260
47.3,3.260
47.3,3.260
47.3,3.260
47.3,3.260
47.2,3.260
47.2,3.255
47.2,3.255
47.2,3.255
47.2,3.255
47.2,3.255
47.2,3.255
47.2,3.255
47.2,3.255
47.2,3.255
47.2,3.255
47.1,3.250
47.1,3.250
47.1,3.250
47.1,3.250
47.2,3.250
47.2,3.250
47.2,3.250
47.2,3.250
47.2,3.250
47.2,3.245
47.2,3.245
47.2,3.245
47.2,3.245
47.2,3.245
47.2,3.245
47.2,3.245
47.2,3.245
47.2,3.245
47.2,3.245
47.2,3.240
47.2,3.240
47.2,3.240
47.2,3.240
47.2,3.240
47.2,3.240
47.2,3.240
47.2,3.240
47.2,3.240
47.2,3.235
47.2,3.235
47.2,3.235
47.2,3.235
47.2,3.235
47.2,3.235
47.2,3.235
47.2,3.235
47.2,3.235
47.2,3.230
47.2,3.230
47.2,3.230
47.2,3.230
47.2,3.230
47.2,3.230
47.2,3.230
47.2,3.230
47.2,3.230
47.2,3.225
47.2,3.225
47.2,3.225
47.2,3.225
47.2,3.225
47.2,3.225
47.2,3.225
47.1,3.225
47.1,3.225
47.1,3.220
47.1,3.220
47.1,3.220
47.1,3.220
47.1,3.220
47.1,3.220
47.1,3.220
47.1,3.220
47.1,3.215
47.1,3.215
47.1,3.215
47.1,3.215
47.1,3.215
47.1,3.215
47.1,3.215
47.1,3.215
47.1,3.210
47.1,3.210
47.1,3.210
47.1,3.210
47.1,3.210
47.1,3.210
47.1,3.210
47.1,3.210
47.1,3.210
47.1,3.205
47.1,3.205
47.1,3.205
47.1,3.205
47.1,3.205
47.1,3.205
47.1,3.205
47.1,3.205
47.1,3.205
47.1,3.200
47.1,3.200
47.1,3.200
47.1,3.200
47.1,3.200
47.1,3.200
47.1,3.200
47.1,3.200
47.1,3.200
47.1,3.195
47.1,3.195
47.1,3.195
47.1,3.195
47.1,3.195
47.1,3.195
47.1,3.195
47.1,3.195
47.1,3.190
47.1,3.190
47.1,3.190
47.1,3.190
47.1,3.190
47.1,3.190
47.1,3.190
47.1,3.190
47.1,3.190
47.1,3.185
47.1,3.185
47.1,3.185
47.1,3.185
47.0,3.185
47.0,3.185
47.0,3.185
47.0,3.185
47.0,3.185
47.0,3.180
47.0,3.180
47.0,3.180
47.0,3.180
47.0,3.180
47.0,3.180
47.0,3.180
47.0,3.180
47.0,3.180
47.0,3.175
47.0,3.175
47.0,3.175
47.0,3.175
47.0,3.175
47.0,3.175
47.0,3.175
47.0,3.175
47.0,3.170
47.0,3.170
47.0,3.170
47.0,3.170
47.0,3.170
47.0,3.170
47.0,3.170
47.0,3.170
47.0,3.170
46.9,3.165
46.9,3.165
46.9,3.165
46.9,3.165
46.9,3.165
47.0,3.165
47.0,3.165
47.0,3.165
47.0,3.160
47.0,3.160
47.0,3.160
46.9,3.160
46.9,3.160
46.9,3.160
46.9,3.160
46.9,3.160
46.9,3.160
46.9,3.155
46.9,3.155
46.9,3.155
46.9,3.155
46.9,3.155
46.9,3.155
46.9,3.155
46.9,3.155
46.9,3.150
46.9,3.150
46.9,3.150
46.9,3.150
46.9,3.150
46.9,3.150
46.9,3.150
46.9,3.150
46.9,3.145
46.9,3.145
46.9,3.145
46.9,3.145
46.9,3.145
46.9,3.145
46.9,3.145
46.9,3.145
46.9,3.145
46.9,3.140
46.9,3.140
46.9,3.140
46.9,3.140
46.9,3.140
46.9,3.140
46.9,3.140
46.9,3.140
46.9,3.135
46.9,3.135
46.9,3.135
46.9,3.135
46.9,3.135
46.9,3.135
46.9,3.135
46.9,3.130
46.9,3.130
46.9,3.130
46.9,3.130
46.9,3.130
46.9,3.130
46.9,3.130
46.9,3.130
46.9,3.130
46.8,3.125
46.8,3.125
46.8,3.125
46.8,3.125
46.8,3.125
46.8,3.125
46.8,3.125
46.8,3.125
46.8,3.120
46.8,3.120
46.8,3.120
46.8,3.120
46.8,3.120
46.8,3.120
46.8,3.120
46.8,3.120
46.8,3.115
46.8,3.115
46.8,3.115
46.8,3.115
46.8,3.115
46.8,3.115
46.8,3.115
46.8,3.115
46.7,3.110
46.7,3.110
46.7,3.110
46.7,3.110
46.7,3.110
46.7,3.110
46.7,3.110
46.7,3.110
46.7,3.105
46.7,3.105
46.7,3.105
46.7,3.105
46.7,3.105
46.7,3.105
46.7,3.105
46.7,3.105
46.7,3.105
46.7,3.100
46.7,3.100
46.7,3.100
46.7,3.100
46.7,3.100
46.7,3.100
46.7,3.100
46.7,3.100
46.7,3.095
46.7,3.095
46.7,3.095
46.7,3.095
46.7,3.095
46.7,3.095
46.8,3.095
46.8,3.095
46.8,3.090
46.8,3.090
46.8,3.090
46.8,3.090
46.8,3.090
46.8,3.090
46.8,3.090
46.7,3.090
46.7,3.085
46.7,3.085
46.7,3.085
46.7,3.085
46.7,3.085
46.7,3.085
46.7,3.085
46.7,3.085
46.7,3.085
46.7,3.080
46.7,3.080
46.7,3.080
46.7,3.080
46.7,3.080
46.7,3.080
46.7,3.080
46.7,3.080
46.7,3.075
46.7,3.075
46.7,3.075
46.7,3.075
46.7,3.075
46.7,3.075
46.7,3.075
46.7,3.070
46.7,3.070
46.7,3.070
46.7,3.070
46.7,3.070
46.7,3.070
46.7,3.070
46.7,3.070
46.7,3.065
46.7,3.065
46.7,3.065
46.7,3.065
46.7,3.065
46.7,3.065
46.7,3.065
46.7,3.065
46.7,3.060
46.7,3.060
46.7,3.060
46.7,3.060
46.7,3.060
46.7,3.060
46.7,3.060
46.7,3.060
46.7,3.055
46.7,3.055
46.7,3.055
46.7,3.055
46.7,3.055
46.6,3.055
46.6,3.055
46.6,3.050
46.6,3.050
46.6,3.050
46.6,3.050
46.6,3.050
46.6,3.050
46.6,3.050
46.6,3.050
46.6,3.045
46.6,3.045
46.6,3.045
46.6,3.045
46.6,3.045
46.6,3.045
46.6,3.045
46.6,3.045
46.6,3.040
46.6,3.040
46.6,3.040
46.6,3.040
46.6,3.040
46.6,3.040
46.6,3.040
46.6,3.035
46.6,3.035
46.6,3.035
46.6,3.035
46.6,3.035
46.6,3.035
46.6,3.035
46.5,3.030
46.5,3.030
46.5,3.030
46.5,3.030
46.5,3.030
46.5,3.030
46.5,3.030
46.5,3.025
46.5,3.025
46.5,3.025
46.5,3.025
46.5,3.025
46.5,3.025
46.5,3.025
46.5,3.025
46.5,3.020
46.5,3.020
46.5,3.020
46.5,3.020
46.5,3.020
46.5,3.020
46.5,3.020
46.5,3.015
46.5,3.015
46.5,3.015
46.5,3.015
46.5,3.015
46.5,3.015
46.5,3.015
46.5,3.010
46.5,3.010
46.5,3.010
46.5,3.010
46.5,3.010
46.5,3.010
46.5,3.005
46.5,3.005
46.5,3.005
46.5,3.005
46.5,3.005
46.5,3.005
46.5,3.005
46.5,3.000
46.5,3.000
46.4,3.000
46.4,3.000
46.4,3.000
46.4,3.000
46.4,2.995
46.4,2.995
46.4,2.995
46.4,2.995
46.4,2.995
46.4,2.995
46.4,2.990
46.4,2.990
46.4,2.990
46.4,2.990
46.4,2.990
46.4,2.990
46.4,2.985
46.4,2.985
46.4,2.985
46.4,2.985
46.4,2.985
46.4,2.985
46.4,2.980
46.4,2.980
46.4,2.980
46.4,2.980
46.4,2.980
46.4,2.980
46.4,2.975
46.4,2.975
46.4,2.975
46.4,2.975
46.5,2.975
46.5,2.970
46.5,2.970
46.5,2.970
46.5,2.970
46.5,2.970
46.5,2.970
46.4,2.965
46.3,2.965
46.3,2.965
46.3,2.965
46.3,2.965
46.3,2.960
46.3,2.960
46.3,2.960
46.3,2.960
46.3,2.960
46.3,2.960
46.3,2.955
46.3,2.955
46.3,2.955
46.3,2.955
46.3,2.955
46.3,2.955
46.3,2.950
46.3,2.950
46.3,2.950
46.3,2.950
46.3,2.950
46.3,2.945
46.3,2.945
46.3,2.945
46.3,2.945
46.3,2.945
46.3,2.945
46.3,2.940
46.3,2.940
46.3,2.940
46.3,2.940
46.3,2.940
46.3,2.940
46.3,2.935
46.3,2.935
46.3,2.935
46.3,2.935
46.3,2.935
46.3,2.935
46.3,2.930
46.3,2.930
46.3,2.930
46.3,2.930
46.3,2.930
46.3,2.925
46.3,2.925
46.3,2.925
46.3,2.925
46.3,2.925
46.3,2.925
46.3,2.920
46.3,2.920
46.3,2.920
46.3,2.920
46.3,2.920
46.3,2.915
46.3,2.915
46.3,2.915
46.3,2.915
46.3,2.915
46.3,2.915
46.3,2.910
46.3,2.910
46.2,2.910
46.2,2.910
46.2,2.910
46.2,2.905
46.2,2.905
46.2,2.905
46.2,2.905
46.2,2.905
46.2,2.905
46.2,2.900
46.2,2.900
46.2,2.900
46.2,2.900
46.2,2.900
46.2,2.895
46.2,2.895
46.2,2.895
46.2,2.895
46.2,2.895
46.2,2.895
46.2,2.890
46.2,2.890
46.2,2.890
46.2,2.890
46.2,2.890
46.2,2.890
46.2,2.885
46.2,2.885
46.2,2.885
46.2,2.885
46.2,2.885
46.2,2.885
46.1,2.880
46.1,2.880
46.1,2.880
46.1,2.880
46.1,2.880
46.1,2.880
46.1,2.875
46.1,2.875
46.1,2.875
46.1,2.875
46.1,2.875
46.1,2.875
46.1,2.870
46.1,2.870
46.1,2.870
46.1,2.870
46.1,2.870
46.1,2.870
46.1,2.870
46.1,2.865
46.1,2.865
46.1,2.865
46.1,2.865
46.1,2.865
46.1,2.865
46.1,2.865
46.1,2.860
46.1,2.860
46.1,2.860
46.1,2.860
46.1,2.860
46.1,2.860
46.1,2.860
46.1,2.855
46.1,2.855
46.0,2.855
46.0,2.855
46.0,2.855
46.0,2.855
46.0,2.855
46.0,2.855
46.0,2.850
46.0,2.850
46.0,2.850
46.0,2.850
46.0,2.850
46.0,2.850
46.0,2.850
46.1,2.845
46.1,2.845
46.1,2.845
46.1,2.845
46.1,2.845
46.1,2.845
46.0,2.845
46.0,2.840
46.0,2.840
46.0,2.840
46.0,2.840
46.0,2.840
46.0,2.840
46.0,2.840
46.0,2.840
46.0,2.835
46.0,2.835
46.0,2.835
46.0,2.835
46.0,2.835
46.0,2.835
46.0,2.835
46.0,2.835
46.0,2.830
46.0,2.830
46.0,2.830
46.0,2.830
46.0,2.830
46.0,2.830
46.0,2.830
45.9,2.830
45.9,2.825
45.9,2.825
45.9,2.825
45.9,2.825
45.9,2.825
45.9,2.825
45.9,2.825
45.9,2.825
45.9,2.820
45.9,2.820
45.9,2.820
45.9,2.820
45.9,2.820
45.9,2.820
45.9,2.820
45.9,2.820
45.8,2.820
45.8,2.815
45.8,2.815
45.8,2.815
45.8,2.815
45.8,2.815
45.8,2.815
45.8,2.815
45.8,2.815
45.8,2.815
45.9,2.810
45.9,2.810
45.9,2.810
45.9,2.810
45.9,2.810
45.9,2.810
45.9,2.810
45.9,2.810
45.9,2.810
45.9,2.805
45.9,2.805
45.9,2.805
45.9,2.805
45.9,2.805
45.9,2.805
45.9,2.805
45.9,2.805
45.9,2.805
45.9,2.805
45.9,2.800
45.9,2.800
45.9,2.800
45.9,2.800
45.9,2.800
45.9,2.800
45.9,2.800
45.9,2.800
45.9,2.800
45.9,2.800
45.9,2.795
45.9,2.795
45.9,2.795
45.8,2.795
45.8,2.795
45.8,2.795
45.8,2.795
45.8,2.795
45.8,2.795
45.8,2.795
45.8,2.795
45.8,2.790
45.8,2.790
45.8,2.790
45.8,2.790
45.8,2.790
45.8,2.790
45.8,2.790
45.8,2.790
45.8,2.790
45.8,2.790
45.8,2.785
45.8,2.785
45.8,2.785
45.8,2.785
45.8,2.785
45.8,2.785
45.8,2.785
45.8,2.785
45.8,2.785
45.8,2.785
45.8,2.785
45.8,2.785
45.8,2.780
45.8,2.780
45.8,2.780
45.8,2.780
45.8,2.780
45.8,2.780
45.8,2.780
45.8,2.780
45.8,2.780
45.8,2.780
45.8,2.780
45.8,2.775
45.8,2.775
45.8,2.775
45.8,2.775
45.8,2.775
45.8,2.775
45.8,2.775
45.8,2.775
45.8,2.775
45.8,2.775
45.8,2.775
45.8,2.775
45.8,2.770
45.8,2.770
45.8,2.770
45.8,2.770
45.8,2.770
45.8,2.770
45.8,2.770
45.8,2.770
45.8,2.770
45.7,2.770
45.7,2.770
45.7,2.765
45.7,2.765
45.7,2.765
45.7,2.765
45.7,2.765
45.7,2.765
45.7,2.765
45.7,2.765
45.7,2.765
45.8,2.765
45.8,2.765
45.8,2.765
45.8,2.760
45.8,2.760
45.8,2.760
45.8,2.760
45.8,2.760
45.6,2.760
45.6,2.760
45.6,2.760
45.6,2.760
45.6,2.760
45.6,2.760
45.6,2.760
45.6,2.760
45.6,2.755
45.6,2.755
45.8,2.755
45.8,2.755
45.8,2.755
45.7,2.755
45.7,2.755
45.7,2.755
45.7,2.755
45.7,2.755
45.7,2.755
45.7,2.755
45.7,2.750
45.7,2.750
45.7,2.750
45.7,2.750
45.7,2.750
45.7,2.750
45.7,2.750
45.7,2.750
45.7,2.750
45.7,2.750
45.7,2.750
45.7,2.750
45.7,2.750
45.7,2.745
45.7,2.745
45.7,2.745
45.7,2.745
45.7,2.745
45.7,2.745
45.6,2.745
45.6,2.745
45.6,2.745
45.6,2.745
45.6,2.745
45.6,2.745
45.6,2.745
45.6,2.745
45.7,2.740
45.7,2.740
45.7,2.740
45.7,2.740
45.7,2.740
45.7,2.740
45.7,2.740
45.7,2.740
45.7,2.740
45.7,2.740
45.7,2.740
45.7,2.740
45.6,2.740
45.6,2.740
45.6,2.735
45.6,2.735
45.6,2.735
45.6,2.735
45.6,2.735
45.6,2.735
45.6,2.735
45.6,2.735
45.6,2.735
45.6,2.735
45.6,2.735
45.6,2.735
45.6,2.735
45.6,2.735
45.6,2.730
45.6,2.730
45.6,2.730
45.6,2.730
45.6,2.730
45.6,2.730
45.6,2.730
45.6,2.730
45.6,2.730
45.6,2.730
45.6,2.730
45.6,2.730
45.6,2.730
45.6,2.730
45.6,2.725
45.6,2.725
45.6,2.725
45.6,2.725
45.6,2.725
45.6,2.725
45.6,2.725
45.6,2.725
45.6,2.725
45.6,2.725
45.6,2.725
45.6,2.725
45.6,2.725
45.5,2.725
45.5,2.725
45.5,2.725
45.5,2.720
45.5,2.720
45.5,2.720
45.5,2.720
45.6,2.720
45.6,2.720
45.6,2.720
45.6,2.720
45.6,2.720
45.6,2.720
45.6,2.720
45.6,2.720
45.6,2.720
45.6,2.720
45.6,2.720
45.6,2.720
45.6,2.715
45.6,2.715
45.6,2.715
45.6,2.715
45.6,2.715
45.6,2.715
45.6,2.715
45.6,2.715
45.6,2.715
45.6,2.715
45.6,2.715
45.6,2.715
45.6,2.715
45.6,2.715
45.6,2.715
45.6,2.710
45.6,2.710
45.6,2.710
45.6,2.710
45.6,2.710
45.6,2.710
45.6,2.710
45.6,2.710
45.6,2.710
45.6,2.710
45.6,2.710
45.6,2.710
45.6,2.710
45.6,2.710
45.6,2.710
45.6,2.710
45.6,2.705
45.6,2.705
45.6,2.705
45.6,2.705
45.6,2.705
45.6,2.705
45.5,2.705
45.5,2.705
45.5,2.705
45.5,2.705
45.5,2.705
45.5,2.705
45.5,2.705
45.5,2.705
45.5,2.705
45.5,2.705
45.5,2.700
45.5,2.700
45.5,2.700
45.5,2.700
45.5,2.700
45.5,2.700
45.5,2.700
45.5,2.700
45.5,2.700
45.5,2.700
45.5,2.700
45.5,2.700
45.5,2.700
45.5,2.700
45.5,2.700
45.5,2.700
45.5,2.695
45.5,2.695
45.5,2.695
45.5,2.695
45.5,2.695
45.5,2.695
45.5,2.695
45.5,2.695
45.5,2.695
45.5,2.695
45.5,2.695
45.5,2.695
45.5,2.695
45.5,2.695
45.5,2.695
45.5,2.695
45.5,2.690
45.5,2.690
45.5,2.690
45.5,2.690
45.5,2.690
45.5,2.690
45.5,2.690
45.5,2.690
45.5,2.690
45.5,2.690
45.5,2.690
45.5,2.690
45.5,2.690
45.5,2.690
45.5,2.690
45.5,2.685
45.5,2.685
45.5,2.685
45.5,2.685
45.5,2.685
45.5,2.685
45.4,2.685
45.4,2.685
45.4,2.685
45.4,2.685
45.4,2.685
45.4,2.685
45.4,2.685
45.4,2.685
45.4,2.685
45.4,2.685
45.4,2.680
45.4,2.680
45.4,2.680
45.4,2.680
45.4,2.680
45.4,2.680
45.4,2.680
45.4,2.680
45.4,2.680
45.4,2.680
45.4,2.680
45.4,2.680
45.4,2.680
45.4,2.680
45.4,2.680
45.4,2.675
45.4,2.675
45.4,2.675
45.4,2.675
45.4,2.675
45.4,2.675
45.4,2.675
45.4,2.675
45.4,2.675
45.4,2.675
45.4,2.675
45.4,2.675
45.4,2.675
45.4,2.675
45.4,2.675
45.4,2.670
45.4,2.670
45.4,2.670
45.4,2.670
45.4,2.670
45.4,2.670
45.4,2.670
45.4,2.670
45.4,2.670
45.4,2.670
45.4,2.670
45.4,2.670
45.4,2.670
45.4,2.670
45.4,2.665
45.4,2.665
45.4,2.665
45.4,2.665
45.4,2.665
45.4,2.665
45.4,2.665
45.4,2.665
45.4,2.665
45.4,2.665
45.4,2.665
45.4,2.665
45.3,2.665
45.3,2.665
45.3,2.665
45.3,2.660
45.3,2.660
45.3,2.660
45.3,2.660
45.4,2.660
45.4,2.660
45.4,2.660
45.4,2.660
45.4,2.660
45.4,2.660
45.4,2.660
45.4,2.660
45.4,2.660
45.4,2.660
45.3,2.660
45.3,2.655
45.3,2.655
45.3,2.655
45.3,2.655
45.3,2.655
45.3,2.655
45.3,2.655
45.4,2.655
45.4,2.655
45.4,2.655
45.4,2.655
45.4,2.655
45.4,2.655
45.4,2.655
45.4,2.650
45.4,2.650
45.4,2.650
45.3,2.650
45.3,2.650
45.3,2.650
45.3,2.650
45.3,2.650
45.3,2.650
45.3,2.650
45.3,2.650
45.3,2.650
45.3,2.650
45.3,2.650
45.4,2.645
45.4,2.645
45.4,2.645
45.4,2.645
45.4,2.645
45.4,2.645
45.4,2.645
45.4,2.645
45.4,2.645
45.3,2.645
45.3,2.645
45.3,2.645
45.3,2.645
45.3,2.645
45.3,2.645
45.3,2.645
45.3,2.640
45.3,2.640
45.3,2.640
45.3,2.640
45.3,2.640
45.3,2.640
45.3,2.640
45.3,2.640
45.3,2.640
45.3,2.640
45.3,2.640
45.3,2.640
45.3,2.640
45.3,2.640
45.3,2.635
45.2,2.635
45.2,2.635
45.2,2.635
45.2,2.635
45.2,2.635
45.2,2.635
45.2,2.635
45.2,2.635
45.3,2.635
45.3,2.635
45.3,2.635
45.3,2.635
45.3,2.635
45.3,2.630
45.3,2.630
45.3,2.630
45.3,2.630
45.3,2.630
45.3,2.630
45.3,2.630
45.3,2.630
45.3,2.630
45.3,2.630
45.3,2.630
45.3,2.630
45.3,2.630
45.3,2.630
45.3,2.625
45.3,2.625
45.3,2.625
45.3,2.625
45.3,2.625
45.3,2.625
45.3,2.625
45.3,2.625
45.3,2.625
45.3,2.625
45.3,2.625
45.3,2.625
45.2,2.625
45.2,2.625
45.2,2.620
45.2,2.620
45.2,2.620
45.2,2.620
45.2,2.620
45.2,2.620
45.2,2.620
45.2,2.620
45.2,2.620
45.2,2.620
45.2,2.620
45.2,2.620
45.2,2.620
45.2,2.620
45.2,2.615
45.2,2.615
45.2,2.615
45.2,2.615
45.2,2.615
45.2,2.615
45.2,2.615
45.2,2.615
45.2,2.615
45.2,2.615
45.2,2.615
45.2,2.615
45.2,2.615
45.2,2.615
45.2,2.610
45.2,2.610
45.2,2.610
45.2,2.610
45.2,2.610
45.2,2.610
45.2,2.610
45.2,2.610
45.2,2.610
45.2,2.610
45.2,2.610
45.2,2.610
45.2,2.605
45.2,2.605
45.2,2.605
45.1,2.605
45.1,2.605
45.1,2.605
45.1,2.605
45.1,2.605
45.1,2.605
45.1,2.605
45.1,2.605
45.1,2.605
45.1,2.605
45.1,2.600
45.1,2.600
45.1,2.600
45.1,2.600
45.1,2.600
45.1,2.600
45.1,2.600
45.1,2.600
45.1,2.600
45.1,2.600
45.1,2.600
45.1,2.600
45.1,2.600
45.1,2.595
45.1,2.595
45.1,2.595
45.1,2.595
45.1,2.595
45.1,2.595
45.1,2.595
45.1,2.595
45.1,2.595
45.1,2.595
45.1,2.595
45.1,2.595
45.1,2.595
45.1,2.590
45.1,2.590
45.1,2.590
45.1,2.590
45.1,2.590
45.1,2.590
45.1,2.590
45.1,2.590
45.1,2.590
45.1,2.590
45.1,2.590
45.1,2.590
45.1,2.590
45.1,2.585
45.0,2.585
45.0,2.585
45.0,2.585
45.0,2.585
45.0,2.585
45.0,2.585
45.0,2.585
45.0,2.585
45.0,2.585
45.0,2.585
45.0,2.585
45.0,2.585
45.0,2.580
45.0,2.580
45.0,2.580
45.0,2.580
45.0,2.580
45.0,2.580
45.0,2.580
45.0,2.580
45.0,2.580
45.0,2.580
45.0,2.580
45.0,2.580
45.0,2.575
45.0,2.575
45.0,2.575
45.0,2.575
45.0,2.575
45.0,2.575
45.0,2.575
45.0,2.575
45.0,2.575
45.0,2.575
45.0,2.575
45.0,2.570
45.0,2.570
45.0,2.570
45.0,2.570
45.0,2.570
45.0,2.570
45.0,2.570
45.0,2.570
45.0,2.570
45.0,2.570
45.0,2.570
45.0,2.570
45.0,2.565
45.0,2.565
45.0,2.565
45.0,2.565
45.0,2.565
45.0,2.565
44.9,2.565
44.9,2.565
44.9,2.565
44.9,2.565
44.9,2.565
44.9,2.565
44.9,2.560
44.9,2.560
44.9,2.560
44.9,2.560
44.9,2.560
44.9,2.560
44.9,2.560
44.9,2.560
44.9,2.560
44.9,2.560
44.9,2.560
44.9,2.555
44.9,2.555
44.8,2.555
44.8,2.555
44.8,2.555
44.8,2.555
44.8,2.555
44.8,2.555
44.8,2.555
44.8,2.555
44.8,2.555
44.8,2.555
44.8,2.550
44.8,2.550
44.8,2.550
44.8,2.550
44.8,2.550
44.8,2.550
44.8,2.550
44.8,2.550
44.8,2.550
44.8,2.550
44.8,2.550
44.7,2.545
44.7,2.545
44.7,2.545
44.7,2.545
44.7,2.545
44.7,2.545
44.7,2.545
44.7,2.545
44.7,2.545
44.7,2.545
44.8,2.545
44.8,2.545
44.8,2.540
44.8,2.540
44.8,2.540
44.8,2.540
44.8,2.540
44.8,2.540
44.7,2.540
44.7,2.540
44.7,2.540
44.7,2.540
44.7,2.540
44.7,2.540
44.7,2.535
44.7,2.535
44.7,2.535
44.7,2.535
44.7,2.535
44.7,2.535
44.7,2.535
44.7,2.535
44.7,2.535
44.7,2.535
44.7,2.535
44.7,2.535
44.7,2.530
44.6,2.530
44.6,2.530
44.6,2.530
44.6,2.530
44.6,2.530
44.5,2.530
44.5,2.530
44.5,2.530
44.5,2.530
44.5,2.530
44.5,2.525
44.5,2.525
44.5,2.525
44.5,2.525
44.5,2.525
44.5,2.525
44.5,2.525
44.5,2.525
44.5,2.525
44.5,2.525
44.5,2.525
44.5,2.520
44.5,2.520
44.5,2.520
44.5,2.520
44.5,2.520
44.5,2.520
44.5,2.520
44.5,2.520
44.5,2.520
44.5,2.520
44.5,2.520
44.5,2.515
44.5,2.515
44.5,2.515
44.5,2.515
44.5,2.515
44.5,2.515
44.5,2.515
44.5,2.515
44.5,2.515
44.5,2.515
44.5,2.515
44.4,2.510
44.4,2.510
44.4,2.510
44.4,2.510
44.4,2.510
44.4,2.510
44.4,2.510
44.4,2.510
44.4,2.510
44.4,2.510
44.4,2.510
44.4,2.505
44.4,2.505
44.4,2.505
44.4,2.505
44.4,2.505
44.4,2.505
44.4,2.505
44.3,2.505
44.3,2.505
44.3,2.505
44.3,2.505
44.3,2.500
44.3,2.500
44.3,2.500
44.3,2.500
44.3,2.500
44.3,2.500
44.3,2.500
44.3,2.500
44.3,2.500
44.3,2.500
44.3,2.500
44.3,2.500
44.3,2.495
44.3,2.495
44.3,2.495
44.3,2.495
44.3,2.495
44.3,2.495
44.2,2.495
44.2,2.495
44.2,2.495
44.2,2.495
44.2,2.490
44.2,2.490
44.2,2.490
44.2,2.490
44.2,2.490
44.2,2.490
44.2,2.490
44.2,2.490
44.2,2.490
44.2,2.490
44.2,2.490
44.2,2.490
44.2,2.485
44.2,2.485
44.2,2.485
44.2,2.485
44.2,2.485
44.2,2.485
44.2,2.485
44.2,2.485
44.2,2.485
44.2,2.485
44.1,2.485
44.1,2.485
44.1,2.480
44.1,2.480
44.1,2.480
44.1,2.480
44.1,2.480
44.1,2.480
44.1,2.480
44.1,2.480
44.1,2.480
44.1,2.480
44.1,2.480
44.1,2.480
44.1,2.480
44.1,2.475
44.1,2.475
44.1,2.475
44.1,2.475
44.1,2.475
44.1,2.475
44.1,2.475
44.1,2.475
44.1,2.475
44.1,2.475
44.1,2.475
44.1,2.475
44.1,2.470
44.1,2.470
44.1,2.470
44.0,2.470
44.0,2.470
44.0,2.470
44.0,2.470
44.0,2.470
44.0,2.470
44.0,2.470
44.0,2.470
44.0,2.470
44.0,2.470
44.0,2.465
44.0,2.465
44.0,2.465
44.0,2.465
44.0,2.465
44.0,2.465
44.0,2.465
44.0,2.465
44.0,2.465
44.0,2.465
44.0,2.465
44.0,2.465
44.0,2.465
44.0,2.460
43.9,2.460
43.9,2.460
43.9,2.460
43.9,2.460
43.9,2.460
43.9,2.460
43.9,2.460
43.9,2.460
43.9,2.460
43.9,2.460
43.9,2.460
43.9,2.455
43.9,2.455
43.9,2.455
43.9,2.455
43.9,2.455
43.9,2.455
43.9,2.455
43.9,2.455
43.9,2.455
43.9,2.455
43.9,2.455
43.8,2.455
43.8,2.455
43.8,2.450
43.8,2.450
43.8,2.450
43.8,2.450
43.8,2.450
43.8,2.450
43.8,2.450
43.8,2.450
43.8,2.450
43.8,2.450
43.8,2.450
43.8,2.450
43.8,2.445
43.8,2.445
43.8,2.445
43.8,2.445
43.8,2.445
43.8,2.445
43.8,2.445
43.8,2.445
43.8,2.445
43.8,2.445
43.8,2.445
43.8,2.445
43.8,2.445
43.8,2.440
43.8,2.440
43.8,2.440
43.8,2.440
43.8,2.440
43.8,2.440
43.8,2.440
43.8,2.440
43.8,2.440
43.8,2.440
43.8,2.440
43.8,2.440
43.8,2.435
43.8,2.435
43.8,2.435
43.8,2.435
43.8,2.435
43.7,2.435
43.7,2.435
43.7,2.435
43.7,2.435
43.7,2.435
43.7,2.435
43.7,2.435
43.7,2.430
43.7,2.430
43.7,2.430
43.7,2.430
43.7,2.430
43.7,2.430
43.7,2.430
43.7,2.430
43.7,2.430
43.7,2.430
43.7,2.430
43.7,2.430
43.7,2.425
43.7,2.425
43.7,2.425
43.7,2.425
43.7,2.425
43.7,2.425
43.7,2.425
43.7,2.425
43.7,2.425
43.7,2.425
43.7,2.425
43.7,2.425
43.7,2.425
43.7,2.420
43.7,2.420
43.7,2.420
43.7,2.420
43.7,2.420
43.7,2.420
43.7,2.420
43.7,2.420
43.7,2.420
43.7,2.420
43.7,2.420
43.7,2.420
43.7,2.420
43.7,2.415
43.6,2.415
43.6,2.415
43.6,2.415
43.6,2.415
43.6,2.415
43.6,2.415
43.6,2.415
43.6,2.415
43.6,2.415
43.6,2.415
43.6,2.415
43.6,2.410
43.6,2.410
43.6,2.410
43.6,2.410
43.6,2.410
43.6,2.410
43.6,2.410
43.6,2.410
43.6,2.410
43.6,2.410
43.6,2.410
43.6,2.410
43.6,2.410
43.6,2.410
43.6,2.405
43.6,2.405
43.6,2.405
43.6,2.405
43.6,2.405
43.6,2.405
43.6,2.405
43.6,2.405
43.6,2.405
43.6,2.405
43.6,2.405
43.6,2.405
43.6,2.405
43.6,2.405
43.6,2.405
43.6,2.400
43.6,2.400
43.6,2.400
43.6,2.400
43.6,2.400
43.6,2.400
43.6,2.400
43.6,2.400
43.6,2.400
43.6,2.400
43.6,2.400
43.6,2.400
43.6,2.400
43.6,2.400
43.6,2.400
43.6,2.395
43.6,2.395
43.6,2.395
43.6,2.395
43.6,2.395
43.6,2.395
43.6,2.395
43.6,2.395
43.6,2.395
43.6,2.395
43.6,2.395
43.6,2.395
43.6,2.395
43.6,2.395
43.6,2.395
43.6,2.390
43.6,2.390
43.6,2.390
43.6,2.390
43.6,2.390
43.6,2.390
43.6,2.390
43.6,2.390
43.6,2.390
43.6,2.390
43.6,2.390
43.5,2.390
43.5,2.390
43.5,2.390
43.5,2.390
43.6,2.385
43.6,2.385
43.6,2.385
43.6,2.385
43.6,2.385
43.6,2.385
43.6,2.385
43.6,2.385
43.6,2.385
43.6,2.385
43.5,2.385
43.5,2.385
43.5,2.385
43.5,2.385
43.5,2.385
43.5,2.385
43.5,2.385
43.5,2.380
43.5,2.380
43.5,2.380
43.5,2.380
43.6,2.380
43.6,2.380
43.6,2.380
43.6,2.380
43.6,2.380
43.6,2.380
43.6,2.380
43.6,2.380
43.6,2.380
43.6,2.380
43.6,2.380
43.6,2.380
43.6,2.375
43.6,2.375
43.6,2.375
43.6,2.375
43.6,2.375
43.6,2.375
43.6,2.375
43.6,2.375
43.6,2.375
43.6,2.375
43.6,2.375
43.6,2.375
43.6,2.375
43.6,2.375
43.6,2.375
43.6,2.375
43.6,2.375
43.6,2.375
43.5,2.370
43.5,2.370
43.5,2.370
43.5,2.370
43.5,2.370
43.5,2.370
43.5,2.370
43.5,2.370
43.5,2.370
43.5,2.370
43.5,2.370
43.5,2.370
43.5,2.370
43.5,2.370
43.5,2.370
43.5,2.370
43.5,2.365
43.5,2.365
43.5,2.365
43.5,2.365
43.5,2.365
43.5,2.365
43.5,2.365
43.5,2.365
43.5,2.365
43.5,2.365
43.5,2.365
43.5,2.365
43.5,2.365
43.5,2.365
43.5,2.365
43.5,2.365
43.5,2.365
43.5,2.365
43.5,2.360
43.5,2.360
43.5,2.360
43.5,2.360
43.5,2.360
43.5,2.360
43.5,2.360
43.5,2.360
43.5,2.360
43.5,2.360
43.5,2.360
43.5,2.360
43.5,2.360
43.5,2.360
43.5,2.360
43.5,2.360
43.5,2.360
43.5,2.355
43.5,2.355
43.5,2.355
43.5,2.355
43.5,2.355
43.5,2.355
43.5,2.355
43.5,2.355
43.4,2.355
43.4,2.355
43.4,2.355
43.4,2.355
43.4,2.355
43.4,2.355
43.4,2.355
43.4,2.355
43.4,2.355
43.4,2.350
43.4,2.350
43.4,2.350
43.4,2.350
43.4,2.350
43.4,2.350
43.4,2.350
43.4,2.350
43.4,2.350
43.4,2.350
43.4,2.350
43.4,2.350
43.4,2.350
43.4,2.350
43.4,2.350
43.4,2.350
43.4,2.345
43.4,2.345
43.4,2.345
43.4,2.345
43.4,2.345
43.4,2.345
43.4,2.345
43.4,2.345
43.4,2.345
43.4,2.345
43.4,2.345
43.4,2.345
43.4,2.345
43.4,2.345
43.3,2.345
43.3,2.345
43.3,2.345
43.3,2.340
43.3,2.340
43.3,2.340
43.3,2.340
43.3,2.340
43.3,2.340
43.3,2.340
43.3,2.340
43.3,2.340
43.3,2.340
43.3,2.340
43.3,2.340
43.3,2.340
43.3,2.340
43.3,2.340
43.3,2.340
43.3,2.335
43.3,2.335
43.3,2.335
43.3,2.335
43.3,2.335
43.3,2.335
43.3,2.335
43.3,2.335
43.4,2.335
43.4,2.335
43.4,2.335
43.4,2.335
43.4,2.335
43.4,2.335
43.4,2.330
43.4,2.330
43.4,2.330
43.4,2.330
43.4,2.330
43.4,2.330
43.4,2.330
43.4,2.330
43.4,2.330
43.4,2.330
43.4,2.330
43.4,2.330
43.4,2.330
43.4,2.330
43.4,2.330
43.4,2.330
43.4,2.325
43.4,2.325
43.4,2.325
43.4,2.325
43.4,2.325
43.4,2.325
43.4,2.325
43.4,2.325
43.4,2.325
43.4,2.325
43.4,2.325
43.3,2.325
43.3,2.325
43.3,2.325
43.3,2.325
43.3,2.325
43.3,2.320
43.3,2.320
43.3,2.320
43.3,2.320
43.3,2.320
43.3,2.320
43.3,2.320
43.3,2.320
43.3,2.320
43.3,2.320
43.3,2.320
43.3,2.320
43.3,2.320
43.3,2.320
43.3,2.320
43.3,2.315
43.3,2.315
43.3,2.315
43.3,2.315
43.3,2.315
43.3,2.315
43.3,2.315
43.3,2.315
43.3,2.315
43.3,2.315
43.3,2.315
43.3,2.315
43.3,2.315
43.3,2.315
43.2,2.310
43.2,2.310
43.2,2.310
43.2,2.310
43.2,2.310
43.2,2.310
43.2,2.310
43.2,2.310
43.2,2.310
43.2,2.310
43.2,2.310
43.2,2.310
43.2,2.310
43.2,2.310
43.2,2.310
43.2,2.305
43.2,2.305
43.2,2.305
43.2,2.305
43.2,2.305
43.2,2.305
43.2,2.305
43.2,2.305
43.2,2.305
43.2,2.305
43.2,2.305
43.2,2.305
43.2,2.305
43.1,2.305
43.1,2.300
43.1,2.300
43.1,2.300
43.1,2.300
43.1,2.300
43.1,2.300
43.1,2.300
43.1,2.300
43.1,2.300
43.1,2.300
43.1,2.300
43.1,2.300
43.1,2.300
43.1,2.300
43.1,2.295
43.1,2.295
43.1,2.295
43.1,2.295
43.1,2.295
43.1,2.295
43.1,2.295
43.1,2.295
43.1,2.295
43.1,2.295
43.1,2.295
43.1,2.295
43.1,2.295
43.1,2.295
43.1,2.290
43.0,2.290
43.0,2.290
43.0,2.290
43.0,2.290
43.0,2.290
43.0,2.290
43.0,2.290
43.0,2.290
43.0,2.290
43.0,2.290
43.0,2.290
43.0,2.290
43.0,2.285
43.0,2.285
43.0,2.285
43.0,2.285
43.0,2.285
43.0,2.285
43.0,2.285
43.0,2.285
43.0,2.285
43.0,2.285
43.0,2.285
43.0,2.285
43.0,2.285
43.0,2.285
43.0,2.280
43.0,2.280
43.0,2.280
43.0,2.280
43.0,2.280
43.0,2.280
43.1,2.280
43.1,2.280
43.1,2.280
43.1,2.280
43.1,2.280
43.1,2.280
43.1,2.280
43.1,2.275
43.0,2.275
43.0,2.275
43.0,2.275
43.0,2.275
43.0,2.275
43.0,2.275
43.0,2.275
43.0,2.275
43.0,2.275
43.0,2.275
43.0,2.275
43.0,2.275
43.0,2.275
43.0,2.270
43.0,2.270
43.0,2.270
43.0,2.270
43.0,2.270
43.0,2.270
43.0,2.270
43.0,2.270
43.0,2.270
43.0,2.270
43.0,2.270
43.0,2.270
43.0,2.270
42.9,2.265
42.9,2.265
42.9,2.265
42.9,2.265
42.9,2.265
42.9,2.265
42.9,2.265
42.9,2.265
42.9,2.265
42.9,2.265
42.9,2.265
42.9,2.265
42.9,2.265
42.9,2.265
42.9,2.265
42.9,2.260
42.8,2.260
42.9,2.260
42.9,2.260
42.9,2.260
42.9,2.260
42.9,2.260
42.9,2.260
42.9,2.260
42.9,2.260
42.9,2.260
42.9,2.260
42.9,2.260
42.9,2.260
42.9,2.260
42.9,2.260
42.9,2.255
42.9,2.255
42.9,2.255
42.9,2.255
42.9,2.255
42.8,2.255
42.8,2.255
42.8,2.255
42.8,2.255
42.8,2.255
42.8,2.255
42.8,2.255
42.8,2.255
42.8,2.255
42.8,2.255
42.8,2.250
42.8,2.250
42.8,2.250
42.8,2.250
42.8,2.250
42.8,2.250
42.8,2.250
42.8,2.250
42.8,2.250
42.8,2.250
42.8,2.250
42.8,2.250
42.8,2.250
42.8,2.250
42.8,2.250
42.8,2.250
42.8,2.245
42.8,2.245
42.8,2.245
42.8,2.245
42.8,2.245
42.8,2.245
42.8,2.245
42.8,2.245
42.8,2.245
42.8,2.245
42.8,2.245
42.8,2.245
42.8,2.245
42.8,2.245
42.8,2.245
42.8,2.245
42.8,2.245
42.8,2.245
42.8,2.245
42.8,2.240
42.8,2.240
42.7,2.240
42.7,2.240
42.7,2.240
42.7,2.240
42.7,2.240
42.7,2.240
42.7,2.240
42.7,2.240
42.7,2.240
42.7,2.240
42.7,2.240
42.7,2.240
42.7,2.240
42.7,2.240
42.7,2.240
42.7,2.240
42.7,2.240
42.7,2.235
42.7,2.235
42.7,2.235
42.7,2.235
42.7,2.235
42.7,2.235
42.7,2.235
42.7,2.235
42.7,2.235
42.7,2.235
42.7,2.235
42.7,2.235
42.7,2.235
42.7,2.235
42.7,2.235
42.7,2.235
42.7,2.235
42.7,2.235
42.7,2.235
42.7,2.235
42.7,2.230
42.7,2.230
42.7,2.230
42.7,2.230
42.7,2.230
42.7,2.230
42.7,2.230
42.7,2.230
42.7,2.230
42.7,2.230
42.7,2.230
42.7,2.230
42.7,2.230
42.7,2.230
42.8,2.230
42.8,2.230
42.8,2.230
42.8,2.230
42.7,2.230
42.7,2.230
42.7,2.230
42.6,2.225
42.7,2.225
42.7,2.225
42.7,2.225
42.7,2.225
42.7,2.225
42.7,2.225
42.7,2.225
42.7,2.225
42.7,2.225
42.7,2.225
42.7,2.225
42.7,2.225
42.7,2.225
42.7,2.225
42.7,2.225
42.7,2.225
42.7,2.225
42.7,2.225
42.7,2.225
42.7,2.225
42.7,2.220
42.7,2.220
42.6,2.220
42.6,2.220
42.6,2.220
42.6,2.220
42.6,2.220
42.6,2.220
42.6,2.220
42.6,2.220
42.6,2.220
42.6,2.220
42.6,2.220
42.6,2.220
42.6,2.220
42.6,2.220
42.6,2.220
42.6,2.220
42.6,2.220
42.6,2.220
42.6,2.215
42.6,2.215
42.6,2.215
42.6,2.215
42.6,2.215
42.6,2.215
42.6,2.215
42.6,2.215
42.6,2.215
42.6,2.215
42.6,2.215
42.6,2.215
42.6,2.215
42.6,2.215
42.6,2.215
42.6,2.215
42.6,2.215
42.6,2.215
42.6,2.215
42.6,2.215
42.6,2.210
42.6,2.210
42.6,2.210
42.6,2.210
42.6,2.210
42.6,2.210
42.6,2.210
42.6,2.210
42.6,2.210
42.6,2.210
42.6,2.210
42.6,2.210
42.6,2.210
42.6,2.210
42.6,2.210
42.6,2.210
42.5,2.210
42.5,2.205
42.5,2.205
42.5,2.205
42.5,2.205
42.5,2.205
42.5,2.205
42.5,2.205
42.5,2.205
42.5,2.205
42.5,2.205
42.5,2.205
42.5,2.205
42.5,2.205
42.5,2.205
42.5,2.205
42.5,2.205
42.5,2.205
42.5,2.205
42.5,2.200
42.5,2.200
42.5,2.200
42.5,2.200
42.5,2.200
42.5,2.200
42.5,2.200
42.5,2.200
42.4,2.200
42.4,2.200
42.4,2.200
42.4,2.200
42.4,2.200
42.4,2.200
42.4,2.200
42.4,2.200
42.4,2.195
42.4,2.195
42.4,2.195
42.4,2.195
42.4,2.195
42.4,2.195
42.4,2.195
42.4,2.195
42.4,2.195
42.4,2.195
42.4,2.195
42.4,2.195
42.4,2.195
42.4,2.195
42.4,2.195
42.4,2.190
42.4,2.190
42.4,2.190
42.4,2.190
42.4,2.190
42.4,2.190
42.4,2.190
42.4,2.190
42.4,2.190
42.4,2.190
42.4,2.190
42.4,2.190
42.4,2.190
42.4,2.190
42.3,2.185
42.3,2.185
42.3,2.185
42.3,2.185
42.3,2.185
42.3,2.185
42.3,2.185
42.3,2.185
42.3,2.185
42.3,2.185
42.3,2.185
42.3,2.185
42.3,2.185
42.4,2.180
42.4,2.180
42.4,2.180
42.4,2.180
42.4,2.180
42.4,2.180
42.4,2.180
42.3,2.180
42.3,2.180
42.3,2.180
42.3,2.180
42.3,2.180
42.2,2.180
42.2,2.175
42.2,2.175
42.2,2.175
42.2,2.175
42.2,2.175
42.2,2.175
42.2,2.175
42.2,2.175
42.2,2.175
42.2,2.175
42.2,2.170
42.1,2.170
42.1,2.170
42.1,2.170
42.1,2.170
42.1,2.170
42.0,2.170
42.0,2.170
42.0,2.170
42.0,2.170
42.0,2.170
42.0,2.170
42.0,2.165
42.0,2.165
42.0,2.165
42.0,2.165
42.0,2.165
42.0,2.165
42.0,2.165
42.0,2.165
42.0,2.165
41.9,2.165
41.9,2.165
41.8,2.160
41.8,2.160
41.8,2.160
41.8,2.160
41.8,2.160
41.8,2.160
41.8,2.160
41.8,2.160
41.8,2.160
41.8,2.160
41.8,2.160
41.8,2.155
41.8,2.155
41.7,2.155
41.7,2.155
41.6,2.155
41.6,2.155
41.6,2.155
41.5,2.155
41.5,2.155
41.5,2.155
41.5,2.150
41.5,2.150
41.5,2.150
41.5,2.150
41.5,2.150
41.5,2.150
41.5,2.150
41.5,2.150
41.5,2.150
41.5,2.150
41.5,2.145
41.5,2.145
41.5,2.145
41.3,2.145
41.3,2.145
41.3,2.145
41.3,2.145
41.3,2.145
41.3,2.145
41.2,2.145
41.3,2.145
41.3,2.140
41.3,2.140
41.2,2.140
41.2,2.140
41.2,2.140
41.2,2.140
41.2,2.140
41.2,2.140
41.2,2.140
41.2,2.140
41.2,2.135
41.2,2.135
41.2,2.135
41.2,2.135
41.1,2.135
41.0,2.135
41.0,2.135
41.0,2.135
41.0,2.135
41.0,2.135
41.0,2.135
41.0,2.130
41.0,2.130
41.0,2.130
41.0,2.130
41.0,2.130
40.9,2.130
40.9,2.130
40.9,2.130
40.9,2.130
40.9,2.130
40.9,2.125
40.9,2.125
40.8,2.125
40.8,2.125
40.7,2.125
40.7,2.125
40.8,2.125
40.8,2.125
40.8,2.125
40.7,2.125
40.7,2.120
40.7,2.120
40.7,2.120
40.7,2.120
40.6,2.120
40.5,2.120
40.5,2.120
40.5,2.120
40.5,2.120
40.5,2.120
40.4,2.115
40.5,2.115
40.5,2.115
40.5,2.115
40.5,2.115
40.5,2.115
40.4,2.115
40.4,2.115
40.4,2.115
40.4,2.115
40.4,2.110
40.4,2.110
40.4,2.110
40.3,2.110
40.3,2.110
40.3,2.110
40.3,2.110
40.3,2.110
40.3,2.110
40.3,2.105
40.3,2.105
40.3,2.105
40.3,2.105
40.2,2.105
40.2,2.105
40.2,2.105
40.2,2.105
40.1,2.105
40.1,2.105
40.1,2.100
40.0,2.100
40.0,2.100
40.1,2.100
40.0,2.100
40.0,2.100
40.0,2.100
40.0,2.100
40.0,2.100
40.0,2.095
40.0,2.095
40.0,2.095
39.9,2.095
39.8,2.095
39.8,2.095
39.8,2.095
39.8,2.095
39.7,2.090
39.7,2.090
39.7,2.090
39.7,2.090
39.7,2.090
39.7,2.090
39.7,2.090
39.7,2.090
39.7,2.090
39.7,2.085
39.6,2.085
39.6,2.085
39.6,2.085
39.6,2.085
39.5,2.085
39.5,2.085
39.5,2.085
39.5,2.085
39.5,2.080
39.5,2.080
39.5,2.080
39.5,2.080
39.5,2.080
39.5,2.080
39.5,2.080
39.5,2.080
39.4,2.080
39.4,2.075
39.4,2.075
39.4,2.075
39.4,2.075
39.4,2.075
39.4,2.075
39.4,2.075
39.4,2.075
39.4,2.070
39.4,2.070
39.4,2.070
39.4,2.070
39.5,2.070
39.5,2.070
39.5,2.070
39.5,2.070
39.5,2.070
39.5,2.065
39.5,2.065
39.5,2.065
39.5,2.065
39.4,2.065
39.4,2.065
39.4,2.065
39.4,2.065
39.4,2.065
39.4,2.060
39.3,2.060
39.3,2.060
39.3,2.060
39.3,2.060
39.3,2.060
39.3,2.060
39.3,2.060
39.3,2.055
39.3,2.055
39.3,2.055
39.3,2.055
39.3,2.055
39.3,2.055
39.3,2.055
39.3,2.055
39.3,2.055
39.3,2.050
39.3,2.050
39.3,2.050
39.2,2.050
39.2,2.050
39.1,2.050
39.1,2.050
39.1,2.050
39.1,2.045
39.1,2.045
39.1,2.045
39.1,2.045
39.2,2.045
39.2,2.045
39.3,2.045
39.3,2.045
39.3,2.045
39.3,2.040
39.3,2.040
39.3,2.040
39.3,2.040
39.3,2.040
39.2,2.040
39.2,2.040
39.1,2.040
39.1,2.035
39.1,2.035
39.0,2.035
39.0,2.035
39.0,2.035
39.0,2.035
39.0,2.035
39.0,2.035
39.0,2.035
39.0,2.030
39.1,2.030
39.2,2.030
39.2,2.030
39.2,2.030
39.2,2.030
39.2,2.030
39.2,2.030
39.2,2.025
39.1,2.025
39.1,2.025
39.1,2.025
39.0,2.025
39.0,2.025
39.0,2.025
39.0,2.025
39.0,2.025
39.0,2.020
39.1,2.020
39.1,2.020
39.2,2.020
39.2,2.020
39.3,2.020
39.3,2.020
39.3,2.020
39.3,2.020
39.3,2.015
39.3,2.015
39.2,2.015
39.1,2.015
39.1,2.015
39.0,2.015
39.0,2.015
39.0,2.015
38.9,2.010
38.9,2.010
38.9,2.010
38.9,2.010
38.9,2.010
39.0,2.010
39.1,2.010
39.1,2.010
39.2,2.010
39.2,2.005
39.2,2.005
39.2,2.005
39.2,2.005
39.1,2.005
39.1,2.005
39.1,2.005
39.0,2.005
39.0,2.005
39.0,2.000
38.9,2.000
38.9,2.000
38.9,2.000
38.9,2.000
38.9,2.000
38.9,2.000
38.9,2.000
39.1,2.000
39.1,2.000
39.1,1.995
39.1,1.995
39.1,1.995
39.1,1.995
39.1,1.995
39.0,1.995
39.0,1.995
38.9,1.995
38.9,1.995
38.9,1.990
38.9,1.990
38.9,1.990
38.9,1.990
38.9,1.990
38.9,1.990
39.0,1.990
39.0,1.990
39.0,1.990
39.0,1.990
39.1,1.985
39.1,1.985
39.1,1.985
39.1,1.985
39.1,1.985
39.0,1.985
39.0,1.985
38.9,1.985
38.8,1.985
38.8,1.985
38.8,1.980
38.8,1.980
38.8,1.980
38.8,1.980
38.8,1.980
38.8,1.980
38.8,1.980
38.9,1.980
38.9,1.980
39.0,1.980
39.0,1.980
39.0,1.975
39.0,1.975
39.0,1.975
39.0,1.975
39.0,1.975
39.0,1.975
38.9,1.975
38.9,1.975
38.8,1.975
38.8,1.975
38.8,1.970
38.7,1.970
38.7,1.970
38.7,1.970
38.7,1.970
38.8,1.970
38.8,1.970
38.9,1.970
38.9,1.970
38.9,1.970
39.0,1.965
39.0,1.965
39.0,1.965
39.0,1.965
39.0,1.965
39.0,1.965
39.0,1.965
38.9,1.965
38.9,1.965
38.8,1.965
38.8,1.965
38.8,1.960
38.8,1.960
38.8,1.960
38.8,1.960
38.8,1.960
38.8,1.960
38.9,1.960
38.9,1.960
38.9,1.960
39.0,1.960
39.0,1.955
39.0,1.955
39.0,1.955
39.0,1.955
39.0,1.955
39.0,1.955
39.0,1.955
39.0,1.955
38.9,1.955
38.9,1.955
38.8,1.955
38.8,1.950
38.7,1.950
38.7,1.950
38.7,1.950
38.7,1.950
38.8,1.950
38.9,1.950
38.9,1.950
39.0,1.950
39.0,1.950
39.0,1.945
39.1,1.945
39.1,1.945
39.0,1.945
39.0,1.945
38.9,1.945
38.8,1.945
38.7,1.945
38.6,1.945
38.5,1.945
38.5,1.945
38.4,1.940
38.4,1.940
38.4,1.940
38.4,1.940
38.5,1.940
38.6,1.940
38.6,1.940
38.7,1.940
38.7,1.940
38.8,1.940
38.8,1.940
38.8,1.935
38.8,1.935
38.8,1.935
38.8,1.935
38.8,1.935
38.8,1.935
38.8,1.935
38.7,1.935
38.6,1.935
38.6,1.935
38.6,1.930
38.6,1.930
38.6,1.930
38.6,1.930
38.6,1.930
38.6,1.930
38.6,1.930
38.6,1.930
38.6,1.930
38.6,1.930
38.6,1.925
38.6,1.925
38.6,1.925
38.6,1.925
38.6,1.925
38.6,1.925
38.6,1.925
38.6,1.925
38.6,1.925
38.6,1.925
38.6,1.925
38.6,1.925
38.6,1.920
38.6,1.920
38.6,1.920
38.6,1.920
38.6,1.920
38.6,1.920
38.6,1.920
38.6,1.920
38.6,1.920
38.6,1.920
38.6,1.920
38.6,1.915
38.6,1.915
38.6,1.915
38.6,1.915
38.6,1.915
38.6,1.915
38.6,1.915
38.6,1.915
38.6,1.915
38.6,1.915
38.6,1.915
38.6,1.915
38.6,1.910
38.6,1.910
38.6,1.910
38.6,1.910
38.6,1.910
38.6,1.910
38.6,1.910
38.6,1.910
38.6,1.910
38.6,1.910
38.6,1.910
38.6,1.905
38.6,1.905
38.6,1.905
38.5,1.905
38.5,1.905
38.5,1.905
38.5,1.905
38.5,1.905
38.5,1.905
38.5,1.905
38.5,1.905
38.5,1.905
38.5,1.900
38.5,1.900
38.5,1.900
38.5,1.900
38.5,1.900
38.5,1.900
38.5,1.900
38.5,1.900
38.5,1.900
38.5,1.900
38.5,1.900
38.5,1.900
38.5,1.895
38.5,1.895
38.5,1.895
38.5,1.895
38.5,1.895
38.5,1.895
38.5,1.895
38.5,1.895
38.5,1.895
38.5,1.895
38.5,1.895
38.4,1.895
38.4,1.890
38.3,1.890
38.3,1.890
38.3,1.890
38.3,1.890
38.3,1.890
38.3,1.890
38.3,1.890
38.3,1.890
38.3,1.890
38.3,1.890
38.3,1.885
38.3,1.885
38.3,1.885
38.3,1.885
38.3,1.885
38.3,1.885
38.3,1.885
38.3,1.885
38.3,1.885
38.3,1.885
38.3,1.885
38.3,1.885
38.3,1.880
38.3,1.880
38.3,1.880
38.3,1.880
38.3,1.880
38.4,1.880
38.4,1.880
38.4,1.880
38.4,1.880
38.4,1.880
38.4,1.880
38.4,1.875
38.2,1.875
38.2,1.875
38.2,1.875
38.2,1.875
38.2,1.875
38.2,1.875
38.2,1.875
38.2,1.875
38.2,1.875
38.2,1.875
38.3,1.870
38.3,1.870
38.3,1.870
38.3,1.870
38.4,1.870
38.4,1.870
38.4,1.870
38.4,1.870
38.4,1.870
38.4,1.870
38.4,1.870
38.4,1.865
38.4,1.865
38.4,1.865
38.4,1.865
38.4,1.865
38.4,1.865
38.4,1.865
38.3,1.865
38.3,1.865
38.3,1.865
38.3,1.865
38.3,1.860
38.3,1.860
38.3,1.860
38.3,1.860
38.3,1.860
38.3,1.860
38.3,1.860
38.3,1.860
38.3,1.860
38.3,1.860
38.3,1.860
38.3,1.855
38.3,1.855
38.3,1.855
38.3,1.855
38.3,1.855
38.3,1.855
38.3,1.855
38.3,1.855
38.3,1.855
38.3,1.855
38.3,1.855
38.3,1.850
38.3,1.850
38.3,1.850
38.3,1.850
38.3,1.850
38.3,1.850
38.3,1.850
38.3,1.850
38.3,1.850
38.3,1.850
38.3,1.850
38.3,1.850
38.3,1.845
38.3,1.845
38.3,1.845
38.3,1.845
38.3,1.845
38.3,1.845
38.3,1.845
38.3,1.845
38.3,1.845
38.3,1.845
38.3,1.845
38.3,1.845
38.3,1.845
38.2,1.840
38.2,1.840
38.2,1.840
38.2,1.840
38.2,1.840
38.2,1.840
38.2,1.840
38.2,1.840
38.2,1.840
38.2,1.840
38.2,1.840
38.2,1.840
38.2,1.840
38.3,1.835
38.2,1.835
38.2,1.835
38.2,1.835
38.2,1.835
38.2,1.835
38.2,1.835
38.1,1.835
38.1,1.835
38.0,1.835
37.9,1.835
37.9,1.835
37.9,1.830
37.9,1.830
37.8,1.830
37.8,1.830
37.8,1.830
37.9,1.830
38.0,1.830
38.0,1.830
38.1,1.830
38.1,1.830
38.2,1.830
38.2,1.830
38.2,1.830
38.2,1.825
38.2,1.825
38.2,1.825
38.2,1.825
38.2,1.825
38.1,1.825
38.1,1.825
38.0,1.825
38.0,1.825
37.9,1.825
37.9,1.825
37.9,1.825
37.9,1.825
37.9,1.825
38.0,1.820
38.1,1.820
38.1,1.820
38.1,1.820
38.2,1.820
38.2,1.820
38.2,1.820
38.2,1.820
38.2,1.820
38.2,1.820
38.2,1.820
38.2,1.820
38.1,1.820
38.1,1.820
38.1,1.815
38.1,1.815
38.1,1.815
38.1,1.815
38.1,1.815
38.1,1.815
38.1,1.815
38.1,1.815
38.1,1.815
38.1,1.815
38.1,1.815
38.1,1.815
38.1,1.815
38.1,1.815
38.1,1.810
38.1,1.810
38.1,1.810
38.2,1.810
38.2,1.810
38.2,1.810
38.2,1.810
38.2,1.810
38.1,1.810
38.1,1.810
38.1,1.810
38.1,1.810
38.1,1.810
38.1,1.805
38.1,1.805
38.1,1.805
38.1,1.805
38.0,1.805
38.0,1.805
38.0,1.805
38.0,1.805
38.0,1.805
38.0,1.805
38.0,1.805
38.0,1.805
38.0,1.805
38.0,1.805
38.0,1.805
38.0,1.800
38.0,1.800
38.0,1.800
38.0,1.800
38.0,1.800
38.1,1.800
38.1,1.800
38.1,1.800
38.1,1.800
38.1,1.800
38.1,1.800
38.1,1.800
38.0,1.800
38.0,1.800
38.0,1.800
38.0,1.795
38.0,1.795
38.0,1.795
38.0,1.795
38.0,1.795
38.0,1.795
38.0,1.795
37.9,1.795
37.9,1.795
37.9,1.795
37.9,1.795
37.9,1.795
37.9,1.795
37.9,1.795
37.9,1.795
37.9,1.795
37.9,1.790
37.9,1.790
37.9,1.790
37.9,1.790
37.9,1.790
38.0,1.790
38.0,1.790
38.0,1.790
38.0,1.790
38.0,1.790
38.0,1.790
38.0,1.790
38.0,1.790
38.0,1.790
38.0,1.790
38.0,1.785
38.0,1.785
38.0,1.785
37.9,1.785
37.9,1.785
37.9,1.785
37.8,1.785
37.8,1.785
37.8,1.785
37.8,1.785
37.8,1.785
37.8,1.785
37.8,1.785
38.0,1.785
38.0,1.785
38.0,1.785
38.0,1.780
38.0,1.780
38.0,1.780
38.0,1.780
38.0,1.780
38.0,1.780
38.0,1.780
38.0,1.780
37.9,1.780
37.8,1.780
37.8,1.780
37.8,1.780
37.8,1.780
37.8,1.780
37.8,1.780
37.8,1.780
37.8,1.780
37.8,1.775
37.8,1.775
37.8,1.775
37.8,1.775
37.8,1.775
37.9,1.775
37.9,1.775
37.9,1.775
37.9,1.775
37.9,1.775
37.9,1.775
37.9,1.775
37.8,1.775
37.7,1.775
37.7,1.775
37.7,1.775
37.7,1.770
37.7,1.770
37.7,1.770
37.7,1.770
37.7,1.770
37.7,1.770
37.7,1.770
37.8,1.770
37.8,1.770
37.8,1.770
37.8,1.770
37.8,1.770
37.8,1.770
37.8,1.770
37.8,1.770
37.8,1.770
37.8,1.770
37.8,1.765
37.8,1.765
37.7,1.765
37.7,1.765
37.7,1.765
37.7,1.765
37.7,1.765
37.7,1.765
37.7,1.765
37.7,1.765
37.8,1.765
37.8,1.765
37.8,1.765
37.8,1.765
37.8,1.765
37.9,1.765
37.9,1.765
37.9,1.765
37.9,1.765
37.8,1.760
37.8,1.760
37.8,1.760
37.7,1.760
37.7,1.760
37.7,1.760
37.7,1.760
37.7,1.760
37.7,1.760
37.7,1.760
37.7,1.760
37.7,1.760
37.7,1.760
37.8,1.760
37.8,1.760
37.8,1.760
37.8,1.760
37.8,1.755
37.8,1.755
37.8,1.755
37.8,1.755
37.8,1.755
37.8,1.755
37.8,1.755
37.8,1.755
37.7,1.755
37.7,1.755
37.7,1.755
37.7,1.755
37.7,1.755
37.7,1.755
37.7,1.755
37.7,1.755
37.7,1.755
37.7,1.750
37.7,1.750
37.7,1.750
37.7,1.750
37.7,1.750
37.7,1.750
37.7,1.750
37.7,1.750
37.7,1.750
37.7,1.750
37.7,1.750
37.7,1.750
37.7,1.750
37.7,1.750
37.7,1.750
37.7,1.750
37.6,1.745
37.6,1.745
37.6,1.745
37.6,1.745
37.6,1.745
37.6,1.745
37.6,1.745
37.6,1.745
37.6,1.745
37.6,1.745
37.6,1.745
37.6,1.745
37.7,1.745
37.7,1.745
37.7,1.745
37.7,1.745
37.7,1.745
37.7,1.740
37.6,1.740
37.6,1.740
37.5,1.740
37.5,1.740
37.5,1.740
37.5,1.740
37.5,1.740
37.5,1.740
37.5,1.740
37.5,1.740
37.5,1.740
37.5,1.740
37.5,1.740
37.5,1.740
37.6,1.740
37.6,1.735
37.6,1.735
37.6,1.735
37.6,1.735
37.6,1.735
37.6,1.735
37.5,1.735
37.5,1.735
37.5,1.735
37.5,1.735
37.5,1.735
37.5,1.735
37.5,1.735
37.5,1.735
37.5,1.735
37.5,1.735
37.5,1.730
37.5,1.730
37.5,1.730
37.5,1.730
37.5,1.730
37.5,1.730
37.5,1.730
37.5,1.730
37.5,1.730
37.5,1.730
37.5,1.730
37.5,1.730
37.5,1.730
37.5,1.730
37.5,1.730
37.5,1.725
37.5,1.725
37.5,1.725
37.5,1.725
37.5,1.725
37.5,1.725
37.5,1.725
37.5,1.725
37.5,1.725
37.5,1.725
37.5,1.725
37.5,1.725
37.5,1.725
37.5,1.725
37.5,1.725
37.5,1.720
37.5,1.720
37.5,1.720
37.5,1.720
37.5,1.720
37.5,1.720
37.5,1.720
37.5,1.720
37.5,1.720
37.5,1.720
37.5,1.720
37.5,1.720
37.5,1.720
37.5,1.720
37.5,1.720
37.5,1.715
37.5,1.715
37.5,1.715
37.5,1.715
37.5,1.715
37.5,1.715
37.5,1.715
37.5,1.715
37.5,1.715
37.5,1.715
37.5,1.715
37.5,1.715
37.5,1.715
37.5,1.715
37.5,1.710
37.5,1.710
37.5,1.710
37.5,1.710
37.5,1.710
37.5,1.710
37.5,1.710
37.5,1.710
37.5,1.710
37.5,1.710
37.5,1.710
37.6,1.710
37.6,1.710
37.6,1.710
37.7,1.705
37.6,1.705
37.6,1.705
37.6,1.705
37.6,1.705
37.6,1.705
37.6,1.705
37.6,1.705
37.6,1.705
37.6,1.705
37.6,1.705
37.6,1.705
37.6,1.705
37.6,1.705
37.6,1.705
37.6,1.700
37.6,1.700
37.6,1.700
37.6,1.700
37.6,1.700
37.6,1.700
37.6,1.700
37.6,1.700
37.6,1.700
37.6,1.700
37.5,1.700
37.4,1.700
37.4,1.700
37.5,1.700
37.4,1.700
37.4,1.695
37.4,1.695
37.4,1.695
37.4,1.695
37.4,1.695
37.4,1.695
37.4,1.695
37.4,1.695
37.4,1.695
37.4,1.695
37.4,1.695
37.4,1.695
37.4,1.695
37.4,1.695
37.4,1.690
37.4,1.690
37.4,1.690
37.4,1.690
37.4,1.690
37.4,1.690
37.4,1.690
37.4,1.690
37.4,1.690
37.4,1.690
37.4,1.690
37.4,1.690
37.4,1.690
37.4,1.690
37.4,1.690
37.4,1.690
37.2,1.685
37.2,1.685
37.2,1.685
37.2,1.685
37.1,1.685
37.1,1.685
37.1,1.685
37.1,1.685
37.1,1.685
37.1,1.685
37.1,1.685
37.1,1.685
37.1,1.685
37.1,1.685
37.2,1.685
37.2,1.685
37.2,1.685
37.2,1.680
37.2,1.680
37.2,1.680
37.2,1.680
37.2,1.680
37.2,1.680
37.2,1.680
37.2,1.680
37.2,1.680
37.2,1.680
37.2,1.680
37.2,1.680
37.2,1.680
37.2,1.680
37.2,1.680
37.2,1.680
37.2,1.675
37.3,1.675
37.3,1.675
37.3,1.675
37.3,1.675
37.3,1.675
37.3,1.675
37.1,1.675
37.1,1.675
37.1,1.675
37.1,1.675
37.1,1.675
37.1,1.675
37.1,1.675
37.1,1.675
37.1,1.670
37.1,1.670
37.1,1.670
37.1,1.670
37.1,1.670
37.1,1.670
37.1,1.670
37.1,1.670
37.1,1.670
37.1,1.670
37.1,1.670
37.1,1.670
37.1,1.670
37.1,1.670
37.1,1.670
37.1,1.670
37.1,1.665
37.1,1.665
37.1,1.665
37.1,1.665
37.1,1.665
37.1,1.665
37.1,1.665
37.1,1.665
37.1,1.665
37.1,1.665
37.1,1.665
37.2,1.665
37.2,1.665
37.2,1.665
37.2,1.665
37.2,1.665
37.2,1.665
37.2,1.660
37.2,1.660
37.2,1.660
37.2,1.660
37.2,1.660
37.2,1.660
37.2,1.660
37.2,1.660
37.2,1.660
37.1,1.660
37.1,1.660
37.1,1.660
37.1,1.660
37.1,1.660
37.1,1.660
37.1,1.660
37.1,1.655
37.1,1.655
37.1,1.655
37.1,1.655
37.1,1.655
37.1,1.655
37.1,1.655
37.1,1.655
37.1,1.655
37.1,1.655
37.1,1.655
37.1,1.655
37.1,1.655
37.1,1.655
37.1,1.655
37.1,1.655
37.1,1.655
37.1,1.650
37.1,1.650
37.1,1.650
37.2,1.650
37.2,1.650
37.3,1.650
37.3,1.650
37.3,1.650
37.3,1.650
37.3,1.650
37.3,1.650
37.3,1.650
37.3,1.650
37.2,1.650
37.1,1.650
37.1,1.650
37.1,1.645
37.1,1.645
37.1,1.645
37.0,1.645
37.0,1.645
37.0,1.645
37.0,1.645
37.0,1.645
37.2,1.645
37.2,1.645
37.2,1.645
37.2,1.645
37.2,1.645
37.2,1.645
37.2,1.645
37.2,1.645
37.1,1.645
37.1,1.640
37.0,1.640
37.0,1.640
37.0,1.640
37.0,1.640
37.0,1.640
37.0,1.640
37.0,1.640
37.0,1.640
37.0,1.640
37.0,1.640
37.0,1.640
37.1,1.640
37.0,1.640
37.0,1.640
37.1,1.640
37.1,1.635
37.1,1.635
37.1,1.635
37.0,1.635
37.0,1.635
36.9,1.635
36.9,1.635
36.9,1.635
36.8,1.635
36.8,1.635
36.8,1.635
36.8,1.635
36.8,1.635
36.8,1.635
36.8,1.635
36.8,1.630
36.9,1.630
36.9,1.630
37.0,1.630
37.0,1.630
37.0,1.630
37.0,1.630
37.0,1.630
37.0,1.630
37.0,1.630
36.9,1.630
36.8,1.630
36.8,1.630
36.7,1.630
36.7,1.625
36.7,1.625
36.7,1.625
36.7,1.625
36.7,1.625
36.7,1.625
36.8,1.625
36.8,1.625
36.9,1.625
37.0,1.625
37.0,1.625
37.0,1.625
37.0,1.625
37.0,1.625
36.9,1.625
36.9,1.620
36.8,1.620
36.8,1.620
36.7,1.620
36.6,1.620
36.6,1.620
36.6,1.620
36.6,1.620
36.6,1.620
36.6,1.620
36.7,1.620
36.8,1.620
36.8,1.620
36.9,1.620
36.9,1.615
37.0,1.615
37.0,1.615
37.0,1.615
37.0,1.615
37.0,1.615
36.9,1.615
36.9,1.615
36.8,1.615
36.8,1.615
36.7,1.615
36.6,1.615
36.6,1.610
36.6,1.610
36.6,1.610
36.6,1.610
36.6,1.610
36.6,1.610
36.8,1.610
36.8,1.610
36.9,1.610
36.9,1.610
36.9,1.610
36.9,1.610
36.9,1.610
36.9,1.605
36.9,1.605
36.8,1.605
36.8,1.605
36.7,1.605
36.7,1.605
36.7,1.605
36.7,1.605
36.7,1.605
36.7,1.605
36.7,1.605
36.7,1.605
36.8,1.605
36.9,1.605
36.9,1.600
36.9,1.600
36.9,1.600
36.9,1.600
37.0,1.600
37.0,1.600
37.0,1.600
37.0,1.600
36.9,1.600
36.8,1.600
36.7,1.600
36.7,1.600
36.6,1.600
36.6,1.595
36.6,1.595
36.6,1.595
36.6,1.595
36.6,1.595
36.6,1.595
36.7,1.595
36.7,1.595
36.7,1.595
36.8,1.595
36.8,1.595
36.8,1.595
36.8,1.590
36.7,1.590
36.8,1.590
36.7,1.590
36.6,1.590
36.5,1.590
36.5,1.590
36.5,1.590
36.5,1.590
36.5,1.590
36.5,1.590
36.5,1.590
36.5,1.585
36.5,1.585
36.5,1.585
36.5,1.585
36.5,1.585
36.6,1.585
36.6,1.585
36.6,1.585
36.6,1.585
36.6,1.585
36.6,1.585
36.6,1.585
36.6,1.585
36.5,1.580
36.5,1.580
36.5,1.580
36.5,1.580
36.5,1.580
36.5,1.580
36.5,1.580
36.5,1.580
36.5,1.580
36.5,1.580
36.5,1.580
36.5,1.580
36.5,1.575
36.5,1.575
36.5,1.575
36.5,1.575
36.5,1.575
36.5,1.575
36.5,1.575
36.5,1.575
36.5,1.575
36.5,1.575
36.5,1.575
36.5,1.575
36.5,1.570
36.5,1.570
36.5,1.570
36.5,1.570
36.4,1.570
36.4,1.570
36.4,1.570
36.3,1.570
36.3,1.570
36.3,1.570
36.3,1.570
36.3,1.565
36.3,1.565
36.3,1.565
36.3,1.565
36.3,1.565
36.5,1.565
36.5,1.565
36.5,1.565
36.5,1.565
36.5,1.565
36.5,1.565
36.5,1.565
36.5,1.560
36.5,1.560
36.5,1.560
36.5,1.560
36.5,1.560
36.5,1.560
36.5,1.560
36.5,1.560
36.5,1.560
36.5,1.560
36.5,1.560
36.5,1.555
36.5,1.555
36.5,1.555
36.5,1.555
36.5,1.555
36.5,1.555
36.6,1.555
36.6,1.555
36.6,1.555
36.6,1.555
36.6,1.555
36.6,1.550
36.6,1.550
36.6,1.550
36.6,1.550
36.6,1.550
36.6,1.550
36.6,1.550
36.6,1.550
36.6,1.550
36.6,1.550
36.6,1.550
36.6,1.545
36.6,1.545
36.6,1.545
36.6,1.545
36.5,1.545
36.5,1.545
36.5,1.545
36.5,1.545
36.5,1.545
36.4,1.545
36.4,1.545
36.4,1.540
36.4,1.540
36.4,1.540
36.4,1.540
36.4,1.540
36.4,1.540
36.4,1.540
36.4,1.540
36.4,1.540
36.3,1.540
36.3,1.540
36.3,1.540
36.2,1.535
36.1,1.535
36.1,1.535
36.0,1.535
36.0,1.535
36.0,1.535
36.0,1.535
36.0,1.535
36.0,1.535
36.0,1.535
36.1,1.530
36.2,1.530
36.2,1.530
36.3,1.530
36.3,1.530
36.3,1.530
36.3,1.530
36.3,1.530
36.3,1.530
36.2,1.530
36.2,1.530
36.1,1.525
36.1,1.525
36.0,1.525
36.0,1.525
36.0,1.525
36.0,1.525
36.1,1.525
36.2,1.525
36.2,1.525
36.2,1.525
36.3,1.525
36.3,1.520
36.3,1.520
36.3,1.520
36.3,1.520
36.3,1.520
36.3,1.520
36.3,1.520
36.2,1.520
36.2,1.520
36.1,1.520
36.0,1.520
36.0,1.515
36.0,1.515
36.0,1.515
36.0,1.515
36.1,1.515
36.2,1.515
36.2,1.515
36.3,1.515
36.4,1.515
36.4,1.515
36.4,1.510
36.4,1.510
36.4,1.510
36.3,1.510
36.3,1.510
36.2,1.510
36.1,1.510
36.0,1.510
35.9,1.510
35.9,1.510
35.9,1.505
35.9,1.505
35.9,1.505
35.9,1.505
36.0,1.505
36.1,1.505
36.1,1.505
36.2,1.505
36.3,1.505
36.4,1.505
36.4,1.505
36.4,1.500
36.4,1.500
36.4,1.500
36.4,1.500
36.3,1.500
36.2,1.500
36.1,1.500
36.0,1.500
36.0,1.500
35.9,1.500
35.9,1.495
35.8,1.495
35.8,1.495
35.9,1.495
36.0,1.495
36.0,1.495
36.1,1.495
36.2,1.495
36.3,1.495
36.3,1.495
36.3,1.495
36.3,1.490
36.3,1.490
36.3,1.490
36.2,1.490
36.1,1.490
36.1,1.490
36.0,1.490
36.0,1.490
35.9,1.490
35.9,1.485
35.9,1.485
36.0,1.485
36.0,1.485
36.1,1.485
36.2,1.485
36.2,1.485
36.3,1.485
36.4,1.485
36.4,1.485
36.4,1.480
36.4,1.480
36.4,1.480
36.3,1.480
36.3,1.480
36.2,1.480
36.1,1.480
36.0,1.480
36.0,1.480
35.9,1.480
35.9,1.475
35.9,1.475
35.9,1.475
36.0,1.475
36.1,1.475
36.2,1.475
36.3,1.475
36.3,1.475
36.3,1.475
36.4,1.470
36.4,1.470
36.3,1.470
36.3,1.470
36.2,1.470
36.1,1.470
36.0,1.470
35.9,1.470
35.8,1.470
35.8,1.470
35.7,1.465
35.7,1.465
35.7,1.465
35.8,1.465
35.8,1.465
35.9,1.465
36.1,1.465
36.2,1.465
36.3,1.465
36.4,1.465
36.4,1.460
36.4,1.460
36.4,1.460
36.3,1.460
36.2,1.460
36.1,1.460
35.9,1.460
35.8,1.460
35.7,1.460
35.5,1.455
35.5,1.455
35.5,1.455
35.5,1.455
35.5,1.455
35.6,1.455
35.7,1.455
35.9,1.455
36.0,1.455
36.1,1.450
36.2,1.450
36.3,1.450
36.3,1.450
36.3,1.450
36.3,1.450
36.2,1.450
36.1,1.450
36.0,1.450
35.8,1.450
35.7,1.445
35.6,1.445
35.5,1.445
35.5,1.445
35.5,1.445
35.5,1.445
35.7,1.445
35.8,1.445
35.9,1.445
36.0,1.445
36.1,1.445
36.2,1.440
36.3,1.440
36.3,1.440
36.3,1.440
36.2,1.440
36.1,1.440
36.0,1.440
35.8,1.440
35.7,1.440
35.6,1.440
35.5,1.435
35.4,1.435
35.4,1.435
35.4,1.435
35.5,1.435
35.6,1.435
35.7,1.435
35.8,1.435
35.9,1.435
36.0,1.435
36.1,1.430
36.1,1.430
36.1,1.430
36.1,1.430
36.0,1.430
36.0,1.430
35.9,1.430
35.8,1.430
35.7,1.430
35.5,1.430
35.5,1.425
35.5,1.425
35.4,1.425
35.4,1.425
35.5,1.425
35.5,1.425
35.7,1.425
35.8,1.425
35.9,1.425
36.0,1.425
36.1,1.425
36.2,1.420
36.2,1.420
36.2,1.420
36.2,1.420
36.1,1.420
36.0,1.420
35.9,1.420
35.8,1.420
35.7,1.420
35.7,1.420
35.6,1.420
35.5,1.415
35.5,1.415
35.5,1.415
35.6,1.415
35.6,1.415
35.7,1.415
35.8,1.415
35.9,1.415
35.9,1.415
35.9,1.415
35.9,1.410
35.9,1.410
35.9,1.410
35.9,1.410
35.8,1.410
35.8,1.410
35.7,1.410
35.6,1.410
35.6,1.410
35.5,1.410
35.5,1.405
35.5,1.405
35.5,1.405
35.5,1.405
35.6,1.405
35.7,1.405
35.7,1.405
35.8,1.405
35.8,1.405
35.8,1.405
35.8,1.405
35.8,1.400
35.8,1.400
35.8,1.400
35.8,1.400
35.8,1.400
35.7,1.400
35.7,1.400
35.6,1.400
35.6,1.400
35.6,1.400
35.6,1.400
35.6,1.395
35.6,1.395
35.6,1.395
35.6,1.395
35.6,1.395
35.6,1.395
35.7,1.395
35.7,1.395
35.7,1.395
35.7,1.395
35.7,1.390
35.7,1.390
35.7,1.390
35.7,1.390
35.6,1.390
35.6,1.390
35.5,1.390
35.4,1.390
35.4,1.390
35.4,1.385
35.4,1.385
35.4,1.385
35.4,1.385
35.4,1.385
35.4,1.385
35.4,1.385
35.4,1.385
35.4,1.385
35.4,1.385
35.4,1.380
35.4,1.380
35.4,1.380
35.4,1.380
35.4,1.380
35.4,1.380
35.4,1.380
35.4,1.380
35.4,1.380
35.4,1.380
35.4,1.375
35.4,1.375
35.4,1.375
35.4,1.375
35.4,1.375
35.4,1.375
35.4,1.375
35.4,1.375
35.4,1.375
35.4,1.370
35.4,1.370
35.4,1.370
35.4,1.370
35.4,1.370
35.4,1.370
35.4,1.370
35.4,1.370
35.4,1.370
35.4,1.365
35.3,1.365
35.3,1.365
35.3,1.365
35.4,1.365
35.4,1.365
35.4,1.365
35.4,1.365
35.4,1.365
35.4,1.365
35.4,1.360
35.4,1.360
35.4,1.360
35.3,1.360
35.3,1.360
35.3,1.360
35.3,1.360
35.2,1.360
35.2,1.360
35.2,1.355
35.2,1.355
35.2,1.355
35.2,1.355
35.2,1.355
35.2,1.355
35.2,1.355
35.2,1.355
35.3,1.355
35.3,1.350
35.3,1.350
35.3,1.350
35.3,1.350
35.3,1.350
35.3,1.350
35.3,1.350
35.3,1.350
35.3,1.350
35.3,1.350
35.3,1.345
35.3,1.345
35.3,1.345
35.3,1.345
35.3,1.345
35.3,1.345
35.3,1.345
35.3,1.345
35.3,1.345
35.3,1.340
35.3,1.340
35.3,1.340
35.3,1.340
35.3,1.340
35.3,1.340
35.3,1.340
35.3,1.340
35.3,1.340
35.3,1.340
35.3,1.335
35.3,1.335
35.3,1.335
35.3,1.335
35.3,1.335
35.3,1.335
35.3,1.335
35.3,1.335
35.3,1.335
35.3,1.330
35.3,1.330
35.3,1.330
35.3,1.330
35.3,1.330
35.2,1.330
35.2,1.330
35.2,1.330
35.2,1.330
35.2,1.325
35.2,1.325
35.2,1.325
35.2,1.325
35.3,1.325
35.3,1.325
35.4,1.325
35.4,1.325
35.4,1.325
35.4,1.320
35.4,1.320
35.3,1.320
35.3,1.320
35.3,1.320
35.2,1.320
35.2,1.320
35.1,1.320
35.1,1.320
35.1,1.315
35.1,1.315
35.1,1.315
35.1,1.315
35.1,1.315
35.1,1.315
35.1,1.315
35.1,1.315
35.1,1.310
35.1,1.310
35.1,1.310
35.1,1.310
35.1,1.310
35.1,1.310
35.1,1.310
35.1,1.310
35.1,1.305
35.1,1.305
35.0,1.305
35.0,1.305
34.9,1.305
34.9,1.305
34.9,1.305
34.9,1.305
34.9,1.300
34.9,1.300
34.9,1.300
34.9,1.300
34.9,1.300
35.0,1.300
35.0,1.300
35.0,1.300
35.0,1.295
35.0,1.295
35.0,1.295
35.0,1.295
35.0,1.295
35.0,1.295
35.0,1.295
35.0,1.290
35.0,1.290
35.0,1.290
34.9,1.290
34.9,1.290
34.9,1.290
34.9,1.290
34.9,1.290
34.9,1.285
34.9,1.285
34.9,1.285
34.9,1.285
34.9,1.285
34.9,1.285
34.9,1.285
34.9,1.280
34.9,1.280
34.9,1.280
34.9,1.280
34.9,1.280
34.8,1.280
34.8,1.280
34.8,1.275
34.8,1.275
34.8,1.275
34.8,1.275
34.8,1.275
34.8,1.275
34.8,1.275
34.8,1.275
34.8,1.270
34.8,1.270
34.8,1.270
34.8,1.270
34.9,1.270
34.9,1.270
34.9,1.270
34.8,1.265
34.8,1.265
34.9,1.265
34.9,1.265
34.9,1.265
34.9,1.265
34.9,1.265
34.7,1.260
34.7,1.260
34.7,1.260
34.7,1.260
34.6,1.260
34.6,1.260
34.6,1.260
34.6,1.260
34.7,1.255
34.7,1.255
34.8,1.255
34.8,1.255
34.8,1.255
34.8,1.255
34.8,1.255
34.8,1.250
34.8,1.250
34.8,1.250
34.7,1.250
34.7,1.250
34.6,1.250
34.6,1.250
34.6,1.250
34.5,1.245
34.5,1.245
34.5,1.245
34.6,1.245
34.6,1.245
34.6,1.245
34.6,1.245
34.7,1.240
34.6,1.240
34.6,1.240
34.6,1.240
34.6,1.240
34.6,1.240
34.6,1.240
34.6,1.240
34.5,1.235
34.5,1.235
34.5,1.235
34.5,1.235
34.5,1.235
34.5,1.235
34.5,1.235
34.5,1.230
34.5,1.230
34.6,1.230
34.6,1.230
34.6,1.230
34.6,1.230
34.5,1.230
34.4,1.225
34.4,1.225
34.3,1.225
34.3,1.225
34.2,1.225
34.2,1.225
34.2,1.225
34.2,1.225
34.3,1.220
34.3,1.220
34.4,1.220
34.5,1.220
34.5,1.220
34.6,1.220
34.7,1.220
34.7,1.215
34.7,1.215
34.7,1.215
34.7,1.215
34.6,1.215
34.6,1.215
34.5,1.215
34.4,1.210
34.4,1.210
34.4,1.210
34.3,1.210
34.3,1.210
34.3,1.210
34.3,1.210
34.3,1.210
34.4,1.205
34.4,1.205
34.5,1.205
34.6,1.205
34.6,1.205
34.6,1.205
34.6,1.205
34.6,1.200
34.5,1.200
34.4,1.200
34.3,1.200
34.2,1.200
34.1,1.200
34.1,1.200
34.0,1.200
34.0,1.195
34.0,1.195
34.0,1.195
34.1,1.195
34.2,1.195
34.3,1.195
34.4,1.195
34.5,1.195
34.5,1.190
34.5,1.190
34.6,1.190
34.6,1.190
34.5,1.190
34.4,1.190
34.3,1.190
34.2,1.185
34.1,1.185
34.0,1.185
33.9,1.185
33.9,1.185
33.9,1.185
33.9,1.185
33.9,1.185
34.0,1.180
34.1,1.180
34.2,1.180
34.3,1.180
34.4,1.180
34.5,1.180
34.6,1.180
34.6,1.180
34.5,1.175
34.5,1.175
34.4,1.175
34.2,1.175
34.1,1.175
34.0,1.175
33.9,1.175
33.8,1.175
33.7,1.170
33.7,1.170
33.8,1.170
33.8,1.170
33.9,1.170
34.1,1.170
34.2,1.170
34.3,1.165
34.5,1.165
34.5,1.165
34.6,1.165
34.6,1.165
34.6,1.165
34.5,1.165
34.4,1.165
34.3,1.160
34.2,1.160
34.0,1.160
33.9,1.160
33.8,1.160
33.7,1.160
33.7,1.160
33.7,1.160
33.8,1.155
33.9,1.155
34.0,1.155
34.2,1.155
34.4,1.155
34.5,1.155
34.6,1.155
34.7,1.150
34.7,1.150
34.7,1.150
34.7,1.150
34.5,1.150
34.5,1.150
34.3,1.150
34.2,1.145
34.1,1.145
34.0,1.145
33.9,1.145
33.9,1.145
33.9,1.145
34.0,1.145
34.1,1.145
34.2,1.140
34.4,1.140
34.5,1.140
34.7,1.140
34.7,1.140
34.8,1.140
34.8,1.140
34.8,1.140
34.7,1.135
34.6,1.135
34.5,1.135
34.3,1.135
34.2,1.135
34.0,1.135
33.9,1.135
33.9,1.130
33.9,1.130
33.9,1.130
34.0,1.130
34.1,1.130
34.3,1.130
34.4,1.130
34.6,1.130
34.7,1.130
34.8,1.125
34.8,1.125
34.8,1.125
34.8,1.125
34.7,1.125
34.6,1.125
34.4,1.125
34.3,1.125
34.1,1.120
34.0,1.120
33.9,1.120
33.9,1.120
33.9,1.120
33.9,1.120
34.0,1.120
34.0,1.120
34.1,1.115
34.2,1.115
34.3,1.115
34.4,1.115
34.4,1.115
34.4,1.115
34.4,1.115
34.3,1.115
34.2,1.115
34.1,1.110
34.0,1.110
33.9,1.110
33.8,1.110
33.8,1.110
33.8,1.110
33.7,1.110
33.8,1.110
33.8,1.105
33.9,1.105
33.9,1.105
34.0,1.105
34.1,1.105
34.1,1.105
34.1,1.105
34.1,1.105
34.1,1.105
34.1,1.100
34.0,1.100
33.9,1.100
33.8,1.100
33.8,1.100
33.7,1.100
33.6,1.100
33.6,1.100
33.6,1.100
33.6,1.095
33.6,1.095
33.7,1.095
33.8,1.095
33.8,1.095
33.9,1.095
34.0,1.095
34.0,1.095
34.1,1.090
34.1,1.090
34.2,1.090
34.1,1.090
34.1,1.090
34.0,1.090
34.0,1.090
33.9,1.090
33.8,1.090
33.8,1.085
33.7,1.085
33.7,1.085
33.7,1.085
33.7,1.085
33.8,1.085
33.8,1.085
33.9,1.085
33.9,1.085
34.0,1.080
34.1,1.080
34.1,1.080
34.1,1.080
34.1,1.080
34.1,1.080
34.0,1.080
33.9,1.080
33.8,1.075
33.8,1.075
33.7,1.075
33.6,1.075
33.5,1.075
33.5,1.075
33.5,1.075
33.5,1.075
33.6,1.075
33.7,1.070
33.7,1.070
33.8,1.070
33.9,1.070
33.9,1.070
34.0,1.070
34.0,1.070
34.0,1.070
34.0,1.065
34.0,1.065
33.9,1.065
33.8,1.065
33.8,1.065
33.7,1.065
33.6,1.065
33.5,1.065
33.5,1.065
33.4,1.060
33.4,1.060
33.4,1.060
33.4,1.060
33.4,1.060
33.6,1.060
33.6,1.060
33.7,1.060
33.8,1.060
33.8,1.055
33.8,1.055
33.9,1.055
33.9,1.055
33.9,1.055
33.8,1.055
33.7,1.055
33.7,1.055
33.7,1.055
33.6,1.050
33.6,1.050
33.6,1.050
33.6,1.050
33.6,1.050
33.6,1.050
33.6,1.050
33.6,1.050
33.6,1.050
33.6,1.045
33.6,1.045
33.6,1.045
33.6,1.045
33.6,1.045
33.6,1.045
33.5,1.045
33.4,1.045
33.4,1.045
33.4,1.045
33.3,1.040
33.3,1.040
33.3,1.040
33.3,1.040
33.3,1.040
33.3,1.040
33.4,1.040
33.4,1.040
33.5,1.040
33.5,1.035
33.6,1.035
33.6,1.035
33.6,1.035
33.6,1.035
33.6,1.035
33.6,1.035
33.6,1.035
33.6,1.035
33.5,1.035
33.5,1.030
33.4,1.030
33.4,1.030
33.3,1.030
33.3,1.030
33.2,1.030
33.2,1.030
33.2,1.030
33.2,1.030
33.2,1.030
33.3,1.025
33.3,1.025
33.3,1.025
33.4,1.025
33.4,1.025
33.4,1.025
33.4,1.025
33.4,1.025
33.4,1.025
33.4,1.025
33.3,1.025
33.3,1.020
33.2,1.020
33.2,1.020
33.2,1.020
33.2,1.020
33.2,1.020
33.2,1.020
33.2,1.020
33.3,1.020
33.3,1.020
33.4,1.015
33.4,1.015
33.5,1.015
33.5,1.015
33.5,1.015
33.6,1.015
33.6,1.015
33.5,1.015
33.5,1.015
33.4,1.015
33.4,1.015
33.3,1.010
33.3,1.010
33.2,1.010
33.2,1.010
33.1,1.010
33.1,1.010
33.1,1.010
33.1,1.010
33.1,1.010
33.2,1.010
33.2,1.010
33.3,1.005
33.3,1.005
33.4,1.005
33.4,1.005
33.4,1.005
33.4,1.005
33.4,1.005
33.3,1.005
33.2,1.005
33.2,1.005
33.1,1.005
33.1,1.000
33.0,1.000
33.0,1.000
33.0,1.000
33.0,1.000
33.0,1.000
33.0,1.000
33.0,1.000
33.1,1.000
33.1,1.000
33.1,1.000
33.2,0.995
33.1,0.995
33.1,0.995
33.1,0.995
33.2,0.995
33.2,0.995
33.1,0.995
33.0,0.995
32.9,0.995
32.9,0.995
32.9,0.990
32.8,0.990
32.8,0.990
32.8,0.990
32.9,0.990
32.9,0.990
33.0,0.990
33.0,0.990
33.1,0.990
33.1,0.990
33.1,0.985
33.2,0.985
33.2,0.985
33.2,0.985
33.2,0.985
33.1,0.985
33.1,0.985
33.0,0.985
32.9,0.985
32.9,0.985
32.8,0.985
32.8,0.980
32.8,0.980
32.8,0.980
32.9,0.980
32.9,0.980
33.0,0.980
33.0,0.980
33.1,0.980
33.2,0.980
33.2,0.980
33.2,0.980
33.2,0.975
33.2,0.975
33.2,0.975
33.2,0.975
33.2,0.975
33.1,0.975
33.1,0.975
33.0,0.975
33.0,0.975
32.9,0.970
32.9,0.970
32.8,0.970
32.8,0.970
32.8,0.970
32.8,0.970
32.8,0.970
33.0,0.970
33.0,0.970
33.1,0.970
33.1,0.970
33.1,0.965
33.1,0.965
33.1,0.965
33.1,0.965
33.1,0.965
33.0,0.965
33.0,0.965
32.9,0.965
32.9,0.965
32.9,0.965
32.9,0.965
32.9,0.960
32.9,0.960
32.9,0.960
33.0,0.960
33.0,0.960
33.1,0.960
33.1,0.960
33.2,0.960
33.3,0.960
33.3,0.960
33.3,0.960
33.3,0.960
33.3,0.955
33.3,0.955
33.2,0.955
33.1,0.955
33.0,0.955
33.0,0.955
33.0,0.955
33.0,0.955
32.9,0.955
32.9,0.955
33.0,0.955
33.0,0.950
33.1,0.950
33.2,0.950
33.2,0.950
33.3,0.950
33.3,0.950
33.3,0.950
33.3,0.950
33.3,0.950
33.3,0.950
33.3,0.950
33.2,0.950
33.2,0.945
33.1,0.945
33.1,0.945
33.1,0.945
33.1,0.945
33.0,0.945
33.0,0.945
33.0,0.945
33.0,0.945
33.0,0.945
33.0,0.945
33.0,0.945
33.0,0.940
33.1,0.940
33.2,0.940
33.2,0.940
33.2,0.940
33.2,0.940
33.1,0.940
33.1,0.940
33.0,0.940
33.0,0.940
32.9,0.940
32.9,0.940
32.9,0.940
32.9,0.935
32.9,0.935
32.9,0.935
32.9,0.935
33.0,0.935
33.0,0.935
33.1,0.935
33.1,0.935
33.1,0.935
33.1,0.935
33.2,0.935
33.2,0.935
33.2,0.935
33.2,0.935
33.2,0.930
33.2,0.930
33.2,0.930
33.2,0.930
33.2,0.930
33.1,0.930
33.1,0.930
33.0,0.930
33.1,0.930
33.1,0.930
33.1,0.930
33.1,0.930
33.0,0.930
33.0,0.925
33.0,0.925
33.0,0.925
33.0,0.925
33.0,0.925
33.0,0.925
33.0,0.925
32.9,0.925
32.9,0.925
32.8,0.925
32.8,0.925
32.7,0.925
32.7,0.925
32.7,0.925
32.7,0.920
32.8,0.920
32.8,0.920
32.9,0.920
32.9,0.920
32.9,0.920
33.0,0.920
33.0,0.920
33.0,0.920
33.0,0.920
33.0,0.920
33.0,0.920
33.0,0.920
33.0,0.920
32.9,0.920
33.0,0.920
32.9,0.915
32.9,0.915
32.9,0.915
32.8,0.915
32.8,0.915
32.8,0.915
32.8,0.915
32.8,0.915
32.8,0.915
32.8,0.915
32.9,0.915
32.9,0.915
33.0,0.915
33.0,0.915
33.0,0.915
33.0,0.915
33.0,0.915
33.0,0.910
33.0,0.910
32.8,0.910
32.8,0.910
32.8,0.910
32.8,0.910
32.8,0.910
32.8,0.910
32.8,0.910
32.8,0.910
32.8,0.910
32.8,0.910
32.8,0.910
32.8,0.910
32.8,0.910
32.8,0.910
32.8,0.910
32.8,0.905
32.8,0.905
32.7,0.905
32.6,0.905
32.6,0.905
32.6,0.905
32.6,0.905
32.6,0.905
32.6,0.905
32.6,0.905
32.7,0.905
32.7,0.905
32.8,0.905
32.8,0.905
32.8,0.905
32.9,0.905
32.9,0.905
32.9,0.905
32.9,0.900
32.9,0.900
32.9,0.900
32.8,0.900
32.7,0.900
32.7,0.900
32.6,0.900
32.6,0.900
32.6,0.900
32.6,0.900
32.6,0.900
32.6,0.900
32.6,0.900
32.6,0.900
32.6,0.900
32.7,0.900
32.7,0.900
32.7,0.900
32.7,0.900
32.7,0.895
32.7,0.895
32.7,0.895
32.7,0.895
32.7,0.895
32.7,0.895
32.7,0.895
32.7,0.895
32.7,0.895
32.7,0.895
32.7,0.895
32.7,0.895
32.7,0.895
32.7,0.895
32.7,0.895
32.7,0.895
32.6,0.890
32.6,0.890
32.6,0.890
32.6,0.890
32.6,0.890
32.6,0.890
32.6,0.890
32.6,0.890
32.6,0.890
32.6,0.890
32.6,0.890
32.6,0.890
32.6,0.890
32.6,0.890
32.6,0.890
32.6,0.890
32.6,0.890
32.6,0.890
32.6,0.885
32.6,0.885
32.6,0.885
32.6,0.885
32.6,0.885
32.6,0.885
32.6,0.885
32.6,0.885
32.5,0.885
32.6,0.885
32.5,0.885
32.5,0.885
32.5,0.885
32.5,0.885
32.5,0.885
32.5,0.885
32.5,0.885
32.5,0.880
32.5,0.880
32.4,0.880
32.4,0.880
32.4,0.880
32.4,0.880
32.4,0.880
32.4,0.880
32.4,0.880
32.4,0.880
32.4,0.880
32.4,0.880
32.4,0.880
32.4,0.880
32.4,0.880
32.4,0.880
32.3,0.880
32.3,0.875
32.3,0.875
32.3,0.875
32.3,0.875
32.3,0.875
32.3,0.875
32.3,0.875
32.3,0.875
32.3,0.875
32.3,0.875
32.3,0.875
32.3,0.875
32.4,0.875
32.4,0.875
32.4,0.875
32.4,0.875
32.4,0.870
32.4,0.870
32.4,0.870
32.3,0.870
32.3,0.870
32.3,0.870
32.2,0.870
32.3,0.870
32.3,0.870
32.2,0.870
32.2,0.870
32.2,0.870
32.2,0.870
32.2,0.870
32.2,0.870
32.2,0.865
32.2,0.865
32.2,0.865
32.4,0.865
32.4,0.865
32.4,0.865
32.3,0.865
32.3,0.865
32.3,0.865
32.3,0.865
32.4,0.865
32.4,0.865
32.3,0.865
32.3,0.865
32.3,0.865
32.3,0.865
32.3,0.860
32.3,0.860
32.3,0.860
32.3,0.860
32.4,0.860
32.4,0.860
32.4,0.860
32.4,0.860
32.4,0.860
32.4,0.860
32.4,0.860
32.4,0.860
32.4,0.860
32.3,0.860
32.3,0.860
32.3,0.860
32.3,0.855
32.3,0.855
32.3,0.855
32.3,0.855
32.3,0.855
32.3,0.855
32.4,0.855
32.4,0.855
32.4,0.855
32.4,0.855
32.4,0.855
32.4,0.855
32.4,0.855
32.3,0.855
32.4,0.855
32.3,0.850
32.3,0.850
32.3,0.850
32.3,0.850
32.3,0.850
32.3,0.850
32.3,0.850
32.3,0.850
32.3,0.850
32.3,0.850
32.3,0.850
32.4,0.850
32.4,0.850
32.4,0.850
32.4,0.845
32.4,0.845
32.4,0.845
32.4,0.845
32.4,0.845
32.3,0.845
32.3,0.845
32.3,0.845
32.2,0.845
32.2,0.845
32.2,0.845
32.2,0.845
32.2,0.845
32.2,0.845
32.2,0.845
32.2,0.840
32.2,0.840
32.2,0.840
32.2,0.840
32.2,0.840
32.2,0.840
32.3,0.840
32.3,0.840
32.3,0.840
32.3,0.840
32.3,0.840
32.2,0.840
32.1,0.840
32.2,0.840
32.2,0.835
32.2,0.835
32.2,0.835
32.2,0.835
32.2,0.835
32.2,0.835
32.3,0.835
32.3,0.835
32.3,0.835
32.3,0.835
32.3,0.835
32.3,0.835
32.3,0.835
32.2,0.835
32.2,0.830
32.1,0.830
32.1,0.830
32.1,0.830
32.1,0.830
32.0,0.830
32.0,0.830
32.0,0.830
32.0,0.830
32.0,0.830
32.0,0.830
32.1,0.830
32.2,0.830
32.2,0.825
32.3,0.825
32.3,0.825
32.3,0.825
32.3,0.825
32.3,0.825
32.3,0.825
32.3,0.825
32.3,0.825
32.3,0.825
32.2,0.825
32.2,0.825
32.2,0.825
32.2,0.820
32.2,0.820
32.1,0.820
32.1,0.820
32.0,0.820
32.0,0.820
32.0,0.820
32.0,0.820
32.0,0.820
32.0,0.820
32.0,0.820
32.0,0.820
32.1,0.820
32.2,0.815
32.2,0.815
32.2,0.815
32.3,0.815
32.3,0.815
32.3,0.815
32.3,0.815
32.3,0.815
32.3,0.815
32.3,0.815
32.3,0.815
32.2,0.815
32.1,0.810
32.1,0.810
32.1,0.810
32.1,0.810
32.1,0.810
32.1,0.810
32.1,0.810
32.1,0.810
32.1,0.810
32.1,0.810
32.1,0.810
32.1,0.810
32.1,0.805
32.1,0.805
32.1,0.805
32.1,0.805
32.1,0.805
32.0,0.805
32.0,0.805
31.9,0.805
31.9,0.805
31.9,0.805
31.8,0.805
31.8,0.805
31.8,0.800
31.8,0.800
31.9,0.800
32.0,0.800
32.1,0.800
32.1,0.800
32.1,0.800
32.2,0.800
32.2,0.800
32.2,0.800
32.1,0.800
32.1,0.800
32.0,0.795
32.0,0.795
32.0,0.795
31.9,0.795
31.9,0.795
31.9,0.795
31.9,0.795
31.9,0.795
31.9,0.795
31.9,0.795
31.9,0.795
31.9,0.790
32.0,0.790
32.1,0.790
32.1,0.790
32.1,0.790
32.2,0.790
32.2,0.790
32.2,0.790
32.2,0.790
32.1,0.790
32.0,0.790
32.0,0.790
31.9,0.785
31.9,0.785
31.9,0.785
31.9,0.785
31.9,0.785
31.9,0.785
31.9,0.785
31.9,0.785
32.0,0.785
32.0,0.785
32.0,0.785
32.1,0.785
32.2,0.780
32.2,0.780
32.2,0.780
32.2,0.780
32.2,0.780
32.2,0.780
32.2,0.780
32.1,0.780
32.1,0.780
32.0,0.780
32.0,0.780
32.0,0.775
31.9,0.775
31.9,0.775
31.9,0.775
31.9,0.775
31.9,0.775
31.9,0.775
31.9,0.775
31.9,0.775
32.1,0.775
32.1,0.775
32.1,0.775
32.1,0.770
32.1,0.770
32.1,0.770
32.1,0.770
32.1,0.770
32.1,0.770
32.0,0.770
31.9,0.770
31.9,0.770
31.8,0.770
31.8,0.770
31.8,0.765
31.8,0.765
31.8,0.765
32.0,0.765
32.0,0.765
32.0,0.765
32.1,0.765
32.1,0.765
32.1,0.765
32.1,0.765
32.1,0.765
32.0,0.760
32.0,0.760
31.9,0.760
31.8,0.760
31.8,0.760
31.7,0.760
31.7,0.760
31.7,0.760
31.7,0.760
31.7,0.760
31.7,0.760
31.7,0.755
31.8,0.755
31.9,0.755
31.9,0.755
32.0,0.755
32.1,0.755
32.1,0.755
32.1,0.755
32.1,0.755
32.1,0.755
32.1,0.755
32.0,0.750
31.9,0.750
31.8,0.750
31.8,0.750
31.8,0.750
31.7,0.750
31.7,0.750
31.7,0.750
31.7,0.750
31.8,0.750
31.8,0.750
31.9,0.745
31.9,0.745
32.0,0.745
32.0,0.745
32.1,0.745
32.0,0.745
32.0,0.745
32.0,0.745
32.0,0.745
31.9,0.745
31.9,0.745
31.8,0.740
31.8,0.740
31.7,0.740
31.7,0.740
31.6,0.740
31.6,0.740
31.6,0.740
31.6,0.740
31.6,0.740
31.6,0.740
31.7,0.740
31.8,0.735
31.8,0.735
31.8,0.735
31.8,0.735
31.8,0.735
31.8,0.735
31.8,0.735
31.7,0.735
31.7,0.735
31.6,0.735
31.6,0.730
31.6,0.730
31.6,0.730
31.6,0.730
31.6,0.730
31.6,0.730
31.6,0.730
31.8,0.730
31.8,0.730
31.8,0.730
31.8,0.730
31.8,0.725
31.8,0.725
31.8,0.725
31.8,0.725
31.8,0.725
31.8,0.725
31.8,0.725
31.8,0.725
31.8,0.725
31.8,0.725
31.7,0.725
31.7,0.725
31.7,0.720
31.7,0.720
31.7,0.720
31.7,0.720
31.7,0.720
31.8,0.720
31.8,0.720
31.8,0.720
31.8,0.720
31.8,0.720
31.8,0.720
31.7,0.715
31.7,0.715
31.7,0.715
31.7,0.715
31.6,0.715
31.6,0.715
31.6,0.715
31.6,0.715
31.6,0.715
31.6,0.715
31.6,0.715
31.6,0.715
31.6,0.710
31.7,0.710
31.7,0.710
31.7,0.710
31.8,0.710
31.7,0.710
31.7,0.710
31.7,0.710
31.7,0.710
31.7,0.710
31.6,0.710
31.6,0.710
31.5,0.705
31.5,0.705
31.5,0.705
31.5,0.705
31.5,0.705
31.5,0.705
31.6,0.705
31.7,0.705
31.7,0.705
31.8,0.705
31.8,0.705
31.9,0.705
31.9,0.700
31.9,0.700
31.9,0.700
31.9,0.700
31.9,0.700
31.8,0.700
31.7,0.700
31.7,0.700
31.6,0.700
31.5,0.700
31.4,0.700
31.4,0.695
31.4,0.695
31.4,0.695
31.4,0.695
31.5,0.695
31.5,0.695
31.6,0.695
31.7,0.695
31.7,0.695
31.8,0.695
31.8,0.695
31.8,0.690
31.8,0.690
31.8,0.690
31.8,0.690
31.8,0.690
31.6,0.690
31.6,0.690
31.5,0.690
31.5,0.690
31.5,0.690
31.5,0.690
31.5,0.685
31.5,0.685
31.5,0.685
31.5,0.685
31.5,0.685
31.5,0.685
31.5,0.685
31.5,0.685
31.5,0.685
31.5,0.685
31.5,0.680
31.4,0.680
31.4,0.680
31.3,0.680
31.3,0.680
31.2,0.680
31.2,0.680
31.2,0.680
31.2,0.680
31.3,0.680
31.3,0.680
31.4,0.675
31.5,0.675
31.5,0.675
31.6,0.675
31.6,0.675
31.6,0.675
31.6,0.675
31.6,0.675
31.6,0.675
31.6,0.675
31.5,0.670
31.5,0.670
31.4,0.670
31.4,0.670
31.3,0.670
31.3,0.670
31.3,0.670
31.3,0.670
31.3,0.670
31.4,0.670
31.4,0.665
31.5,0.665
31.5,0.665
31.6,0.665
31.6,0.665
31.6,0.665
31.6,0.665
31.6,0.665
31.6,0.665
31.5,0.665
31.5,0.665
31.4,0.660
31.4,0.660
31.3,0.660
31.3,0.660
31.3,0.660
31.3,0.660
31.3,0.660
31.3,0.660
31.3,0.660
31.3,0.660
31.3,0.660
31.3,0.655
31.4,0.655
31.4,0.655
31.5,0.655
31.5,0.655
31.6,0.655
31.6,0.655
31.6,0.655
31.6,0.655
31.5,0.655
31.5,0.655
31.5,0.650
31.5,0.650
31.4,0.650
31.4,0.650
31.5,0.650
31.5,0.650
31.4,0.650
31.4,0.650
31.4,0.650
31.4,0.650
31.4,0.650
31.4,0.645
31.4,0.645
31.4,0.645
31.4,0.645
31.4,0.645
31.4,0.645
31.4,0.645
31.4,0.645
31.3,0.645
31.3,0.645
31.3,0.645
31.2,0.645
31.2,0.640
31.2,0.640
31.2,0.640
31.2,0.640
31.2,0.640
31.2,0.640
31.2,0.640
31.2,0.640
31.2,0.640
31.3,0.640
31.3,0.640
31.3,0.640
31.4,0.635
31.3,0.635
31.3,0.635
31.3,0.635
31.3,0.635
31.3,0.635
31.2,0.635
31.2,0.635
31.2,0.635
31.2,0.635
31.2,0.635
31.2,0.635
31.2,0.630
31.2,0.630
31.2,0.630
31.3,0.630
31.3,0.630
31.3,0.630
31.4,0.630
31.4,0.630
31.4,0.630
31.4,0.630
31.4,0.630
31.4,0.630
31.4,0.630
31.4,0.625
31.4,0.625
31.4,0.625
31.3,0.625
31.3,0.625
31.2,0.625
31.2,0.625
31.2,0.625
31.2,0.625
31.2,0.625
31.2,0.625
31.3,0.625
31.2,0.620
31.3,0.620
31.3,0.620
31.4,0.620
31.4,0.620
31.4,0.620
31.4,0.620
31.4,0.620
31.4,0.620
31.4,0.620
31.4,0.620
31.4,0.620
31.4,0.620
31.4,0.615
31.4,0.615
31.4,0.615
31.4,0.615
31.4,0.615
31.4,0.615
31.4,0.615
31.4,0.615
31.5,0.615
31.4,0.615
31.4,0.615
31.4,0.615
31.4,0.615
31.4,0.615
31.4,0.610
31.4,0.610
31.4,0.610
31.4,0.610
31.5,0.610
31.5,0.610
31.5,0.610
31.5,0.610
31.5,0.610
31.5,0.610
31.4,0.610
31.4,0.610
31.5,0.610
31.5,0.605
31.6,0.605
31.6,0.605
31.6,0.605
31.6,0.605
31.6,0.605
31.6,0.605
31.6,0.605
31.6,0.605
31.6,0.605
31.6,0.605
31.6,0.605
31.6,0.605
31.6,0.605
31.6,0.605
31.6,0.600
31.6,0.600
31.6,0.600
31.6,0.600
31.6,0.600
31.6,0.600
31.6,0.600
31.6,0.600
31.6,0.600
31.6,0.600
31.6,0.600
31.6,0.600
31.6,0.600
31.6,0.600
31.6,0.595
31.6,0.595
31.5,0.595
31.5,0.595
31.5,0.595
31.5,0.595
31.5,0.595
31.5,0.595
31.5,0.595
31.5,0.595
31.5,0.595
31.5,0.595
31.6,0.595
31.6,0.595
31.6,0.595
31.7,0.590
31.7,0.590
31.7,0.590
31.7,0.590
31.7,0.590
31.7,0.590
31.7,0.590
31.7,0.590
31.7,0.590
31.7,0.590
31.7,0.590
31.7,0.590
31.5,0.590
31.5,0.590
31.5,0.590
31.5,0.585
31.5,0.585
31.5,0.585
31.5,0.585
31.5,0.585
31.5,0.585
31.5,0.585
31.5,0.585
31.6,0.585
31.6,0.585
31.6,0.585
31.6,0.585
31.6,0.585
31.6,0.585
31.6,0.585
31.6,0.585
31.6,0.580
31.6,0.580
31.6,0.580
31.6,0.580
31.6,0.580
31.6,0.580
31.6,0.580
31.6,0.580
31.6,0.580
31.6,0.580
31.6,0.580
31.6,0.580
31.6,0.580
31.6,0.580
31.6,0.580
31.6,0.580
31.7,0.580
31.7,0.575
31.7,0.575
31.7,0.575
31.6,0.575
31.5,0.575
31.5,0.575
31.5,0.575
31.5,0.575
31.4,0.575
31.4,0.575
31.3,0.575
31.3,0.575
31.3,0.575
31.3,0.575
31.3,0.575
31.3,0.575
31.3,0.575
31.3,0.570
31.3,0.570
31.3,0.570
31.4,0.570
31.4,0.570
31.4,0.570
31.4,0.570
31.4,0.570
31.4,0.570
31.4,0.570
31.4,0.570
31.4,0.570
31.4,0.570
31.4,0.570
31.4,0.570
31.4,0.570
31.4,0.570
31.4,0.570
31.4,0.565
31.4,0.565
31.4,0.565
31.4,0.565
31.4,0.565
31.4,0.565
31.4,0.565
31.4,0.565
31.4,0.565
31.4,0.565
31.3,0.565
31.3,0.565
31.2,0.565
31.2,0.565
31.1,0.565
31.1,0.565
31.1,0.565
31.1,0.565
31.1,0.565
31.1,0.560
31.1,0.560
31.1,0.560
31.1,0.560
31.1,0.560
31.1,0.560
31.1,0.560
31.1,0.560
31.1,0.560
31.1,0.560
31.1,0.560
31.1,0.560
31.1,0.560
31.1,0.560
31.1,0.560
31.1,0.560
31.1,0.560
31.1,0.560
31.0,0.560
31.0,0.555
31.0,0.555
31.0,0.555
31.1,0.555
31.2,0.555
31.1,0.555
31.2,0.555
31.2,0.555
31.2,0.555
31.2,0.555
31.2,0.555
31.2,0.555
31.2,0.555
31.2,0.555
31.2,0.555
31.2,0.555
31.2,0.555
31.1,0.555
31.1,0.555
31.1,0.550
31.1,0.550
31.1,0.550
31.1,0.550
31.1,0.550
31.1,0.550
31.1,0.550
31.1,0.550
31.1,0.550
31.1,0.550
31.1,0.550
31.1,0.550
31.1,0.550
31.1,0.550
31.1,0.550
31.1,0.550
31.1,0.550
31.1,0.550
31.2,0.550
31.2,0.545
31.2,0.545
31.2,0.545
31.2,0.545
31.2,0.545
31.2,0.545
31.2,0.545
31.2,0.545
31.2,0.545
31.2,0.545
31.2,0.545
31.2,0.545
31.2,0.545
31.2,0.545
31.2,0.545
31.2,0.545
31.2,0.545
31.2,0.545
31.2,0.545
31.2,0.545
31.2,0.540
31.2,0.540
31.2,0.540
31.2,0.540
31.2,0.540
31.2,0.540
31.2,0.540
31.2,0.540
31.2,0.540
31.2,0.540
31.1,0.540
31.1,0.540
31.1,0.540
31.1,0.540
31.1,0.540
31.1,0.540
31.1,0.540
31.1,0.540
31.0,0.540
31.0,0.540
31.0,0.540
31.0,0.535
31.0,0.535
31.0,0.535
31.0,0.535
31.0,0.535
31.0,0.535
31.0,0.535
31.0,0.535
31.1,0.535
31.1,0.535
31.1,0.535
31.1,0.535
31.1,0.535
31.1,0.535
31.1,0.535
31.0,0.535
31.1,0.535
31.0,0.535
31.0,0.535
31.0,0.535
31.0,0.535
31.0,0.535
31.0,0.530
31.0,0.530
31.0,0.530
31.0,0.530
31.0,0.530
31.0,0.530
31.1,0.530
31.1,0.530
31.1,0.530
31.1,0.530
31.1,0.530
31.1,0.530
31.1,0.530
31.1,0.530
31.1,0.530
31.1,0.530
31.0,0.530
31.0,0.530
31.0,0.530
31.0,0.530
31.0,0.525
31.0,0.525
31.0,0.525
31.0,0.525
31.0,0.525
31.0,0.525
31.0,0.525
31.1,0.525
31.1,0.525
31.1,0.525
31.1,0.525
31.1,0.525
31.1,0.525
31.1,0.525
31.1,0.525
31.1,0.525
31.0,0.525
31.0,0.525
30.9,0.525
31.0,0.525
30.9,0.525
30.9,0.520
30.9,0.520
30.9,0.520
30.9,0.520
30.9,0.520
30.9,0.520
30.9,0.520
30.9,0.520
30.9,0.520
30.9,0.520
30.9,0.520
30.9,0.520
30.9,0.520
30.9,0.520
30.9,0.520
30.9,0.520
30.9,0.520
30.9,0.520
30.9,0.515
30.9,0.515
30.9,0.515
30.9,0.515
30.9,0.515
30.9,0.515
30.9,0.515
30.9,0.515
31.0,0.515
31.0,0.515
31.0,0.515
31.0,0.515
31.0,0.515
31.0,0.515
31.0,0.515
31.0,0.515
31.0,0.515
31.0,0.510
30.9,0.510
30.9,0.510
30.8,0.510
30.8,0.510
30.8,0.510
30.8,0.510
30.8,0.510
30.8,0.510
30.8,0.510
30.8,0.510
30.8,0.510
30.8,0.510
30.8,0.510
30.8,0.510
30.8,0.510
30.8,0.510
30.8,0.505
30.8,0.505
30.8,0.505
30.8,0.505
30.8,0.505
30.8,0.505
30.8,0.505
30.8,0.505
30.8,0.505
30.8,0.505
30.8,0.505
30.7,0.505
30.7,0.505
30.7,0.505
30.7,0.505
30.7,0.505
30.7,0.505
30.7,0.500
30.7,0.500
30.7,0.500
30.8,0.500
30.8,0.500
30.8,0.500
30.8,0.500
30.8,0.500
30.8,0.500
30.8,0.500
30.8,0.500
30.8,0.500
30.8,0.500
30.8,0.500
30.8,0.500
30.8,0.500
30.8,0.500
30.8,0.495
30.8,0.495
30.8,0.495
30.8,0.495
30.8,0.495
30.8,0.495
30.8,0.495
30.8,0.495
30.8,0.495
30.8,0.495
30.8,0.495
30.8,0.495
30.8,0.495
30.8,0.495
30.8,0.495
30.8,0.495
30.8,0.490
30.8,0.490
30.8,0.490
30.8,0.490
30.8,0.490
30.8,0.490
30.8,0.490
30.8,0.490
30.8,0.490
30.8,0.490
30.8,0.490
30.8,0.490
30.8,0.490
30.8,0.490
30.8,0.490
30.8,0.490
30.8,0.490
30.7,0.490
30.6,0.485
30.6,0.485
30.6,0.485
30.6,0.485
30.6,0.485
30.6,0.485
30.6,0.485
30.6,0.485
30.6,0.485
30.6,0.485
30.6,0.485
30.6,0.485
30.6,0.485
30.6,0.485
30.6,0.485
30.6,0.485
30.6,0.485
30.6,0.480
30.6,0.480
30.6,0.480
30.6,0.480
30.6,0.480
30.6,0.480
30.6,0.480
30.6,0.480
30.6,0.480
30.6,0.480
30.6,0.480
30.6,0.480
30.6,0.480
30.6,0.480
30.6,0.480
30.6,0.480
30.6,0.480
30.7,0.475
30.7,0.475
30.8,0.475
30.8,0.475
30.8,0.475
30.8,0.475
30.8,0.475
30.8,0.475
30.8,0.475
30.8,0.475
30.8,0.475
30.8,0.475
30.8,0.475
30.7,0.475
30.7,0.475
30.7,0.475
30.7,0.470
30.7,0.470
30.7,0.470
30.7,0.470
30.7,0.470
30.7,0.470
30.9,0.470
30.9,0.470
30.9,0.470
30.9,0.470
30.9,0.470
30.9,0.470
30.9,0.470
30.9,0.470
30.9,0.470
30.9,0.470
30.9,0.470
30.9,0.465
30.8,0.465
30.8,0.465
30.8,0.465
30.8,0.465
30.8,0.465
30.8,0.465
30.8,0.465
30.8,0.465
30.8,0.465
30.8,0.465
30.8,0.465
30.8,0.465
30.8,0.465
30.8,0.465
30.8,0.465
30.8,0.465
30.8,0.465
30.8,0.460
30.8,0.460
30.8,0.460
30.8,0.460
30.8,0.460
30.8,0.460
30.8,0.460
30.8,0.460
30.8,0.460
30.8,0.460
30.8,0.460
30.8,0.460
30.8,0.460
30.8,0.460
30.8,0.460
30.8,0.460
30.8,0.455
30.8,0.455
30.8,0.455
30.8,0.455
30.8,0.455
30.8,0.455
30.8,0.455
30.8,0.455
30.8,0.455
30.8,0.455
30.8,0.455
30.8,0.455
30.8,0.455
30.8,0.455
30.8,0.455
30.8,0.455
30.8,0.455
30.8,0.450
30.8,0.450
30.9,0.450
30.9,0.450
30.9,0.450
30.9,0.450
30.9,0.450
30.9,0.450
30.9,0.450
30.9,0.450
30.9,0.450
30.9,0.450
30.9,0.450
30.9,0.450
30.9,0.450
30.9,0.450
30.9,0.445
30.9,0.445
30.9,0.445
30.9,0.445
30.9,0.445
30.9,0.445
30.8,0.445
30.8,0.445
30.8,0.445
30.8,0.445
30.8,0.445
30.8,0.445
30.8,0.445
30.8,0.445
30.8,0.445
30.8,0.445
30.8,0.445
30.8,0.440
30.8,0.440
30.8,0.440
30.7,0.440
30.7,0.440
30.6,0.440
30.6,0.440
30.6,0.440
30.6,0.440
30.6,0.440
30.6,0.440
30.7,0.440
30.6,0.440
30.7,0.440
30.7,0.440
30.8,0.440
30.8,0.435
30.8,0.435
30.8,0.435
30.9,0.435
30.8,0.435
30.8,0.435
30.8,0.435
30.8,0.435
30.8,0.435
30.8,0.435
30.8,0.435
30.8,0.435
30.8,0.435
30.8,0.435
30.8,0.435
30.8,0.435
30.8,0.435
30.8,0.430
30.8,0.430
30.8,0.430
30.8,0.430
30.8,0.430
30.8,0.430
30.8,0.430
30.7,0.430
30.7,0.430
30.7,0.430
30.7,0.430
30.7,0.430
30.7,0.430
30.7,0.430
30.7,0.430
30.7,0.430
30.7,0.425
30.7,0.425
30.7,0.425
30.7,0.425
30.7,0.425
30.7,0.425
30.7,0.425
30.7,0.425
30.7,0.425
30.7,0.425
30.7,0.425
30.7,0.425
30.7,0.425
30.7,0.425
30.7,0.425
30.7,0.425
30.7,0.425
30.7,0.425
30.7,0.420
30.7,0.420
30.7,0.420
30.7,0.420
30.7,0.420
30.7,0.420
30.7,0.420
30.7,0.420
30.7,0.420
30.7,0.420
30.7,0.420
30.7,0.420
30.7,0.420
30.6,0.420
30.6,0.420
30.5,0.420
30.5,0.420
30.5,0.415
30.5,0.415
30.5,0.415
30.5,0.415
30.5,0.415
30.5,0.415
30.5,0.415
30.6,0.415
30.6,0.415
30.6,0.415
30.7,0.415
30.7,0.415
30.7,0.415
30.7,0.415
30.7,0.415
30.7,0.415
30.7,0.410
30.7,0.410
30.7,0.410
30.7,0.410
30.7,0.410
30.7,0.410
30.6,0.410
30.6,0.410
30.6,0.410
30.6,0.410
30.6,0.410
30.6,0.410
30.6,0.410
30.6,0.410
30.6,0.410
30.6,0.410
30.6,0.405
30.6,0.405
30.6,0.405
30.6,0.405
30.6,0.405
30.6,0.405
30.6,0.405
30.6,0.405
30.6,0.405
30.6,0.405
30.6,0.405
30.6,0.405
30.6,0.405
30.6,0.405
30.6,0.405
30.6,0.405
30.6,0.405
30.7,0.400
30.7,0.400
30.7,0.400
30.7,0.400
30.7,0.400
30.7,0.400
30.7,0.400
30.7,0.400
30.7,0.400
30.7,0.400
30.7,0.400
30.7,0.400
30.7,0.400
30.7,0.400
30.7,0.400
30.7,0.400
30.7,0.395
30.7,0.395
30.7,0.395
30.7,0.395
30.7,0.395
30.7,0.395
30.7,0.395
30.7,0.395
30.7,0.395
30.7,0.395
30.7,0.395
30.7,0.395
30.7,0.395
30.7,0.395
30.7,0.395
30.7,0.390
30.7,0.390
30.7,0.390
30.7,0.390
30.7,0.390
30.7,0.390
30.7,0.390
30.7,0.390
30.6,0.390
30.6,0.390
30.6,0.390
30.6,0.390
30.6,0.390
30.6,0.390
30.6,0.390
30.6,0.385
30.6,0.385
30.6,0.385
30.6,0.385
30.6,0.385
30.6,0.385
30.6,0.385
30.6,0.385
30.6,0.385
30.6,0.385
30.6,0.385
30.6,0.385
30.6,0.385
30.6,0.385
30.6,0.385
30.6,0.380
30.6,0.380
30.6,0.380
30.6,0.380
30.6,0.380
30.6,0.380
30.6,0.380
30.6,0.380
30.6,0.380
30.6,0.380
30.6,0.380
30.6,0.380
30.6,0.380
30.6,0.380
30.6,0.380
30.6,0.375
30.6,0.375
30.6,0.375
30.6,0.375
30.6,0.375
30.6,0.375
30.6,0.375
30.6,0.375
30.6,0.375
30.6,0.375
30.6,0.375
30.6,0.375
30.6,0.375
30.6,0.375
30.6,0.370
30.6,0.370
30.6,0.370
30.6,0.370
30.6,0.370
30.6,0.370
30.6,0.370
30.6,0.370
30.6,0.370
30.6,0.370
30.6,0.370
30.6,0.370
30.6,0.370
30.6,0.365
30.6,0.365
30.6,0.365
30.6,0.365
30.6,0.365
30.6,0.365
30.5,0.365
30.6,0.365
30.5,0.365
30.5,0.365
30.5,0.365
30.5,0.365
30.5,0.365
30.5,0.365
30.5,0.360
30.5,0.360
30.4,0.360
30.4,0.360
30.4,0.360
30.4,0.360
30.4,0.360
30.4,0.360
30.6,0.360
30.6,0.360
30.6,0.360
30.6,0.360
30.6,0.360
30.6,0.355
30.6,0.355
30.6,0.355
30.6,0.355
30.5,0.355
30.5,0.355
30.5,0.355
30.5,0.355
30.5,0.355
30.5,0.355
30.5,0.355
30.5,0.355
30.5,0.355
30.5,0.350
30.5,0.350
30.5,0.350
30.5,0.350
30.5,0.350
30.5,0.350
30.5,0.350
30.6,0.350
30.6,0.350
30.6,0.350
30.6,0.350
30.6,0.350
30.6,0.350
30.6,0.350
30.6,0.345
30.6,0.345
30.6,0.345
30.5,0.345
30.5,0.345
30.5,0.345
30.5,0.345
30.5,0.345
30.5,0.345
30.5,0.345
30.5,0.345
30.5,0.345
30.5,0.345
30.5,0.345
30.6,0.340
30.6,0.340
30.6,0.340
30.6,0.340
30.6,0.340
30.6,0.340
30.6,0.340
30.6,0.340
30.6,0.340
30.5,0.340
30.5,0.340
30.5,0.340
30.5,0.340
30.5,0.340
30.5,0.335
30.5,0.335
30.5,0.335
30.5,0.335
30.5,0.335
30.5,0.335
30.5,0.335
30.6,0.335
30.6,0.335
30.6,0.335
30.6,0.335
30.6,0.335
30.5,0.335
30.5,0.335
30.5,0.335
30.5,0.330
30.5,0.330
30.5,0.330
30.5,0.330
30.5,0.330
30.5,0.330
30.5,0.330
30.5,0.330
30.5,0.330
30.5,0.330
30.5,0.330
30.5,0.330
30.5,0.330
30.5,0.330
30.5,0.330
30.5,0.330
30.5,0.325
30.5,0.325
30.5,0.325
30.5,0.325
30.5,0.325
30.5,0.325
30.5,0.325
30.5,0.325
30.5,0.325
30.5,0.325
30.5,0.325
30.4,0.325
30.4,0.325
30.4,0.325
30.4,0.325
30.4,0.325
30.4,0.325
30.4,0.320
30.4,0.320
30.4,0.320
30.4,0.320
30.4,0.320
30.4,0.320
30.4,0.320
30.4,0.320
30.4,0.320
30.4,0.320
30.4,0.320
30.4,0.320
30.4,0.320
30.4,0.320
30.4,0.320
30.4,0.320
30.4,0.320
30.4,0.315
30.4,0.315
30.4,0.315
30.4,0.315
30.4,0.315
30.4,0.315
30.4,0.315
30.4,0.315
30.3,0.315
30.3,0.315
30.3,0.315
30.3,0.315
30.3,0.315
30.3,0.315
30.3,0.315
30.3,0.315
30.3,0.310
30.3,0.310
30.3,0.310
30.3,0.310
30.3,0.310
30.3,0.310
30.3,0.310
30.3,0.310
30.3,0.310
30.4,0.310
30.4,0.310
30.4,0.310
30.4,0.310
30.4,0.310
30.4,0.310
30.4,0.310
30.4,0.310
30.4,0.305
30.4,0.305
30.4,0.305
30.4,0.305
30.4,0.305
30.4,0.305
30.4,0.305
30.4,0.305
30.4,0.305
30.4,0.305
30.4,0.305
30.4,0.305
30.4,0.305
30.4,0.305
30.4,0.305
30.4,0.305
30.4,0.300
30.4,0.300
30.4,0.300
30.4,0.300
30.4,0.300
30.4,0.300
30.4,0.300
30.4,0.300
30.4,0.300
30.4,0.300
30.4,0.300
30.4,0.300
30.4,0.300
30.4,0.300
30.3,0.300
30.3,0.295
30.3,0.295
30.3,0.295
30.3,0.295
30.3,0.295
30.3,0.295
30.3,0.295
30.3,0.295
30.3,0.295
30.3,0.295
30.3,0.295
30.3,0.295
30.3,0.295
30.3,0.295
30.3,0.295
30.3,0.290
30.3,0.290
30.3,0.290
30.3,0.290
30.3,0.290
30.3,0.290
30.3,0.290
30.3,0.290
30.3,0.290
30.3,0.290
30.3,0.290
30.4,0.290
30.4,0.290
30.4,0.290
30.4,0.285
30.4,0.285
30.4,0.285
30.4,0.285
30.4,0.285
30.4,0.285
30.4,0.285
30.4,0.285
30.4,0.285
30.4,0.285
30.4,0.285
30.4,0.285
30.4,0.285
30.3,0.285
30.3,0.285
30.3,0.280
30.3,0.280
30.3,0.280
30.3,0.280
30.3,0.280
30.3,0.280
30.3,0.280
30.3,0.280
30.4,0.280
30.4,0.280
30.4,0.280
30.4,0.280
30.4,0.280
30.4,0.280
30.4,0.280
30.4,0.275
30.4,0.275
30.4,0.275
30.4,0.275
30.4,0.275
30.4,0.275
30.4,0.275
30.4,0.275
30.4,0.275
30.4,0.275
30.3,0.275
30.3,0.275
30.3,0.275
30.3,0.275
30.3,0.275
30.3,0.270
30.3,0.270
30.3,0.270
30.3,0.270
30.3,0.270
30.3,0.270
30.3,0.270
30.3,0.270
30.3,0.270
30.3,0.270
30.3,0.270
30.3,0.270
30.3,0.270
30.3,0.270
30.3,0.270
30.3,0.265
30.3,0.265
30.3,0.265
30.3,0.265
30.3,0.265
30.3,0.265
30.3,0.265
30.3,0.265
30.3,0.265
30.3,0.265
30.3,0.265
30.3,0.265
30.3,0.265
30.3,0.265
30.2,0.265
30.2,0.265
30.2,0.265
30.2,0.260
30.2,0.260
30.2,0.260
30.2,0.260
30.2,0.260
30.2,0.260
30.2,0.260
30.2,0.260
30.2,0.260
30.2,0.260
30.1,0.260
30.1,0.260
30.1,0.260
30.1,0.260
30.1,0.260
30.1,0.260
30.1,0.260
30.1,0.260
30.1,0.255
30.1,0.255
30.1,0.255
30.1,0.255
30.1,0.255
30.1,0.255
30.1,0.255
30.1,0.255
30.1,0.255
30.1,0.255
30.1,0.255
30.1,0.255
30.1,0.255
30.1,0.255
30.1,0.255
30.1,0.255
30.1,0.255
30.1,0.250
30.1,0.250
30.1,0.250
30.1,0.250
30.1,0.250
30.1,0.250
30.1,0.250
30.1,0.250
30.1,0.250
30.1,0.250
30.1,0.250
30.1,0.250
30.1,0.250
30.1,0.250
30.1,0.250
30.1,0.250
30.1,0.250
30.1,0.250
30.1,0.250
30.1,0.245
30.1,0.245
30.1,0.245
30.1,0.245
30.1,0.245
30.1,0.245
30.1,0.245
30.1,0.245
30.1,0.245
30.1,0.245
30.1,0.245
30.1,0.245
30.1,0.245
30.1,0.245
30.1,0.245
30.1,0.245
30.1,0.245
30.1,0.245
30.1,0.245
30.1,0.245
30.1,0.245
30.1,0.240
30.1,0.240
30.1,0.240
30.0,0.240
30.0,0.240
30.0,0.240
30.0,0.240
30.0,0.240
30.0,0.240
30.0,0.240
30.0,0.240
30.0,0.240
30.0,0.240
30.0,0.240
30.0,0.240
30.0,0.240
30.0,0.240
30.0,0.240
30.0,0.240
30.0,0.240
30.0,0.240
30.0,0.240
30.0,0.235
30.0,0.235
30.0,0.235
30.0,0.235
30.0,0.235
30.0,0.235
30.0,0.235
30.0,0.235
30.0,0.235
30.0,0.235
30.0,0.235
30.0,0.235
30.0,0.235
30.0,0.235
30.0,0.235
30.0,0.235
30.0,0.235
30.0,0.235
30.0,0.235
30.0,0.235
30.0,0.230
30.0,0.230
30.0,0.230
30.0,0.230
30.0,0.230
30.0,0.230
30.0,0.230
30.0,0.230
30.0,0.230
30.0,0.230
30.0,0.230
30.0,0.230
30.0,0.230
30.0,0.230
30.0,0.230
30.0,0.230
30.0,0.230
30.0,0.230
30.0,0.230
30.0,0.230
30.0,0.225
30.0,0.225
30.0,0.225
30.0,0.225
30.0,0.225
30.0,0.225
30.0,0.225
30.0,0.225
30.0,0.225
30.0,0.225
30.0,0.225
30.0,0.225
30.0,0.225
29.9,0.225
29.9,0.225
29.9,0.225
29.9,0.225
30.0,0.225
30.0,0.225
30.0,0.225
30.0,0.225
30.0,0.220
30.0,0.220
30.0,0.220
30.0,0.220
30.0,0.220
30.0,0.220
30.0,0.220
30.0,0.220
30.0,0.220
30.0,0.220
30.0,0.220
30.0,0.220
30.0,0.220
30.0,0.220
30.0,0.220
30.0,0.220
30.0,0.220
30.0,0.220
30.0,0.220
30.0,0.220
30.0,0.220
30.0,0.215
30.1,0.215
30.1,0.215
30.1,0.215
30.1,0.215
30.1,0.215
30.1,0.215
30.1,0.215
30.1,0.215
30.1,0.215
30.1,0.215
30.1,0.215
30.1,0.215
30.1,0.215
30.2,0.215
30.2,0.215
30.2,0.215
30.2,0.215
30.2,0.215
30.2,0.215
30.2,0.210
30.2,0.210
30.2,0.210
30.2,0.210
30.2,0.210
30.2,0.210
30.2,0.210
30.2,0.210
30.2,0.210
30.2,0.210
30.2,0.210
30.2,0.210
30.2,0.210
30.2,0.210
30.2,0.210
30.1,0.210
30.1,0.210
30.2,0.210
30.2,0.210
30.2,0.210
30.2,0.210
30.2,0.205
30.2,0.205
30.2,0.205
30.2,0.205
30.2,0.205
30.2,0.205
30.2,0.205
30.2,0.205
30.2,0.205
30.2,0.205
30.2,0.205
30.2,0.205
30.2,0.205
30.2,0.205
30.2,0.205
30.2,0.205
30.2,0.205
30.2,0.205
30.2,0.205
30.2,0.205
30.2,0.205
30.2,0.205
30.3,0.205
30.3,0.205
30.3,0.200
30.3,0.200
30.2,0.200
30.2,0.200
30.2,0.200
30.2,0.200
30.2,0.200
30.2,0.200
30.2,0.200
30.2,0.200
30.2,0.200
30.2,0.200
30.1,0.200
30.1,0.200
30.1,0.200
30.1,0.200
30.1,0.200
30.1,0.200
30.1,0.200
30.1,0.200
30.1,0.200
30.1,0.200
30.1,0.200
30.1,0.200
30.1,0.200
30.1,0.195
30.1,0.195
30.1,0.195
30.1,0.195
30.1,0.195
30.1,0.195
30.1,0.195
30.1,0.195
30.1,0.195
30.1,0.195
30.1,0.195
30.1,0.195
30.1,0.195
30.1,0.195
30.1,0.195
30.1,0.195
30.1,0.195
30.1,0.195
30.1,0.195
30.1,0.195
30.1,0.195
30.0,0.195
30.0,0.195
30.0,0.195
30.0,0.195
30.0,0.195
30.0,0.195
30.0,0.195
30.0,0.195
30.0,0.190
30.0,0.190
30.0,0.190
30.0,0.190
30.0,0.190
29.9,0.190
29.9,0.190
29.9,0.190
29.9,0.190
29.9,0.190
29.9,0.190
29.9,0.190
29.9,0.190
29.9,0.190
29.9,0.190
29.9,0.190
29.9,0.190
29.9,0.190
29.9,0.190
29.8,0.190
29.8,0.190
29.8,0.190
29.8,0.190
29.8,0.190
29.8,0.190
29.8,0.190
29.8,0.190
29.8,0.190
29.8,0.190
29.7,0.185
29.7,0.185
29.7,0.185
29.7,0.185
29.7,0.185
29.7,0.185
29.7,0.185
29.7,0.185
29.7,0.185
29.7,0.185
29.7,0.185
29.7,0.185
29.7,0.185
29.7,0.185
29.7,0.185
29.7,0.185
29.7,0.185
29.7,0.185
29.7,0.185
29.7,0.185
29.7,0.185
29.7,0.185
29.7,0.185
29.7,0.185
29.7,0.185
29.7,0.185
29.7,0.185
29.7,0.185
29.7,0.185
29.7,0.185
29.7,0.185
29.7,0.180
29.7,0.180
29.7,0.180
29.7,0.180
29.7,0.180
29.7,0.180
29.7,0.180
29.7,0.180
29.7,0.180
29.7,0.180
29.7,0.180
29.7,0.180
29.7,0.180
29.7,0.180
29.7,0.180
29.7,0.180
29.7,0.180
29.7,0.180
29.7,0.180
29.7,0.180
29.7,0.180
29.7,0.180
29.7,0.180
29.7,0.180
29.7,0.180
29.6,0.180
29.6,0.180
29.6,0.180
29.6,0.180
29.6,0.180
29.6,0.175
29.6,0.175
29.6,0.175
29.6,0.175
29.6,0.175
29.6,0.175
29.6,0.175
29.6,0.175
29.6,0.175
29.6,0.175
29.6,0.175
29.6,0.175
29.6,0.175
29.6,0.175
29.6,0.175
29.6,0.175
29.6,0.175
29.6,0.175
29.6,0.175
29.6,0.175
29.6,0.175
29.6,0.175
29.6,0.175
29.6,0.175
29.6,0.175
29.6,0.175
29.6,0.175
29.6,0.170
29.6,0.170
29.6,0.170
29.6,0.170
29.6,0.170
29.6,0.170
29.6,0.170
29.6,0.170
29.6,0.170
29.6,0.170
29.6,0.170
29.6,0.170
29.6,0.170
29.6,0.170
29.6,0.170
29.6,0.170
29.6,0.170
29.6,0.170
29.6,0.170
29.6,0.170
29.6,0.170
29.6,0.170
29.6,0.170
29.6,0.170
29.6,0.170
29.7,0.170
29.7,0.170
29.7,0.170
29.7,0.170
29.7,0.170
29.7,0.165
29.7,0.165
29.7,0.165
29.7,0.165
29.7,0.165
29.7,0.165
29.7,0.165
29.7,0.165
29.7,0.165
29.7,0.165
29.7,0.165
29.6,0.165
29.6,0.165
29.6,0.165
29.6,0.165
29.6,0.165
29.6,0.165
29.6,0.165
29.6,0.165
29.6,0.165
29.6,0.165
29.6,0.165
29.6,0.165
29.6,0.165
29.6,0.165
29.6,0.165
29.6,0.165
29.6,0.165
29.6,0.165
29.6,0.165
29.6,0.165
29.6,0.165
29.6,0.165
29.6,0.165
29.6,0.160
29.6,0.160
29.6,0.160
29.6,0.160
29.6,0.160
29.6,0.160
29.6,0.160
29.6,0.160
29.6,0.160
29.6,0.160
29.6,0.160
29.6,0.160
29.6,0.160
29.6,0.160
29.6,0.160
29.6,0.160
29.6,0.160
29.6,0.160
29.6,0.160
29.6,0.160
29.6,0.160
29.6,0.160
29.6,0.160
29.6,0.160
29.6,0.160
29.6,0.160
29.6,0.160
29.6,0.160
29.6,0.160
29.6,0.160
29.6,0.160
29.6,0.160
29.6,0.160
29.6,0.160
29.6,0.160
29.6,0.160
29.6,0.160
29.6,0.160
29.6,0.155
29.6,0.155
29.6,0.155
29.6,0.155
29.6,0.155
29.6,0.155
29.6,0.155
29.6,0.155
29.5,0.155
29.6,0.155
29.6,0.155
29.6,0.155
29.6,0.155
29.6,0.155
29.6,0.155
29.6,0.155
29.6,0.155
29.6,0.155
29.6,0.155
29.6,0.155
29.5,0.155
29.5,0.155
29.5,0.155
29.5,0.155
29.5,0.155
29.5,0.155
29.5,0.155
29.5,0.155
29.5,0.155
29.5,0.155
29.5,0.155
29.5,0.155
29.5,0.155
29.5,0.155
29.5,0.155
29.5,0.155
29.5,0.155
29.5,0.155
29.5,0.155
29.5,0.155
29.5,0.155
29.5,0.155
29.5,0.155
29.5,0.155
29.5,0.155
29.5,0.155
29.5,0.155
29.5,0.155
29.5,0.155
29.5,0.155
29.5,0.150
29.5,0.150
29.5,0.150
29.5,0.150
29.5,0.150
29.5,0.150
29.5,0.150
29.5,0.150
29.5,0.150
29.5,0.150
29.5,0.150
29.5,0.150
29.5,0.150
29.5,0.150
29.5,0.150
29.5,0.150
29.5,0.150
29.5,0.150
29.5,0.150
29.5,0.150
29.5,0.150
29.5,0.150
29.5,0.150
29.5,0.150
29.5,0.150
29.5,0.150
29.5,0.150
29.5,0.150
29.5,0.150
29.5,0.150
29.5,0.150
29.5,0.150
29.5,0.150
29.5,0.150
29.5,0.150
29.5,0.150
29.5,0.150
29.5,0.150
29.5,0.150
29.5,0.150
29.5,0.150
29.5,0.150
29.5,0.150
29.5,0.150
29.5,0.150
29.5,0.150
29.5,0.150
29.5,0.150
29.5,0.150
29.5,0.150
29.5,0.150
29.5,0.150
29.5,0.150
29.5,0.150
29.5,0.150
29.4,0.150
29.4,0.145
29.4,0.145
29.5,0.145
29.5,0.145
29.5,0.145
29.5,0.145
29.4,0.145
29.4,0.145
29.4,0.145
29.4,0.145
29.4,0.145
29.4,0.145
29.4,0.145
29.4,0.145
29.4,0.145
29.4,0.145
29.4,0.145
29.4,0.145
29.4,0.145
29.4,0.145
29.4,0.145
29.4,0.145
29.4,0.145
29.4,0.145
29.4,0.145
29.4,0.145
29.4,0.145
29.4,0.145
29.4,0.145
29.4,0.145
29.4,0.145
29.4,0.145
29.4,0.145
29.4,0.145
29.4,0.145
29.3,0.145
29.3,0.145
29.3,0.145
29.3,0.145
29.3,0.145
29.3,0.145
29.3,0.145
29.3,0.145
29.3,0.145
29.3,0.145
29.3,0.145
29.3,0.145
29.3,0.145
29.3,0.145
29.3,0.145
29.3,0.145
29.3,0.145
29.3,0.145
29.3,0.145
29.3,0.145
29.3,0.145
29.3,0.145
29.3,0.145
29.2,0.145
29.2,0.145
29.2,0.145
29.2,0.145
29.2,0.145
29.2,0.140
29.2,0.140
29.2,0.140
29.2,0.140
29.2,0.140
29.2,0.140
29.2,0.140
29.2,0.140
29.2,0.140
29.2,0.140
29.2,0.140
29.2,0.140
29.2,0.140
29.2,0.140
29.2,0.140
29.2,0.140
29.2,0.140
29.2,0.140
29.2,0.140
29.2,0.140
29.2,0.140
29.2,0.140
29.2,0.140
29.2,0.140
29.2,0.140
29.2,0.140
29.2,0.140
29.2,0.140
29.2,0.140
29.2,0.140
29.2,0.140
29.2,0.140
29.2,0.140
29.2,0.140
29.2,0.140
29.2,0.140
29.2,0.140
29.2,0.140
29.2,0.140
29.2,0.140
29.2,0.140
29.2,0.140
29.2,0.140
29.2,0.140
29.2,0.140
29.2,0.140
29.2,0.140
29.2,0.140
29.2,0.140
29.2,0.140
29.2,0.140
29.2,0.140
29.2,0.140
29.2,0.140
29.2,0.140
29.2,0.140
29.1,0.140
29.1,0.140
29.1,0.140
29.1,0.140
29.1,0.140
29.1,0.140
29.1,0.140
29.1,0.140
29.1,0.140
29.1,0.140
29.1,0.140
29.1,0.140
29.1,0.140
29.1,0.140
29.1,0.135
29.1,0.135
29.1,0.135
29.1,0.135
29.1,0.135
29.1,0.135
29.1,0.135
29.1,0.135
29.1,0.135
29.1,0.135
29.1,0.135
29.1,0.135
29.1,0.135
29.1,0.135
29.1,0.135
29.1,0.135
29.1,0.135
29.1,0.135
29.1,0.135
29.1,0.135
29.1,0.135
29.1,0.135
29.1,0.135
29.1,0.135
29.1,0.135
29.1,0.135
29.1,0.135
29.1,0.135
29.1,0.135
29.1,0.135
29.1,0.135
29.1,0.135
29.1,0.135
29.1,0.135
29.1,0.135
29.1,0.135
29.1,0.135
29.1,0.135
29.1,0.135
29.0,0.135
29.0,0.135
29.0,0.135
29.0,0.135
29.0,0.135
29.0,0.135
29.0,0.135
29.0,0.135
29.0,0.135
29.0,0.135
29.0,0.135
29.0,0.135
29.0,0.135
29.0,0.135
29.0,0.135
29.0,0.135
29.0,0.135
29.0,0.135
29.0,0.135
29.0,0.135
29.0,0.135
29.0,0.135
29.0,0.135
29.0,0.135
29.0,0.135
29.0,0.135
29.0,0.135
29.0,0.135
29.0,0.135
29.0,0.135
29.0,0.135
29.0,0.135
29.0,0.130
29.0,0.130
29.0,0.130
29.0,0.130
29.0,0.130
29.0,0.130
29.0,0.130
29.0,0.130
29.0,0.130
29.0,0.130
29.0,0.130
29.0,0.130
29.0,0.130
29.0,0.130
29.0,0.130
29.0,0.130
29.0,0.130
29.0,0.130
29.0,0.130
29.0,0.130
29.0,0.130
29.0,0.130
29.0,0.130
29.0,0.130
29.0,0.130
29.0,0.130
29.0,0.130
29.0,0.130
29.0,0.130
29.0,0.130
29.0,0.130
29.0,0.130
29.0,0.130
29.0,0.130
29.0,0.130
29.0,0.130
29.0,0.130
29.0,0.130
29.0,0.130
29.0,0.130
29.0,0.130
29.0,0.130
29.0,0.130
29.0,0.130
29.0,0.130
29.0,0.130
29.0,0.130
29.0,0.130
29.0,0.130
29.0,0.130
29.0,0.130
29.0,0.130
29.0,0.130
29.0,0.130
29.0,0.130
29.0,0.130
29.0,0.130
29.0,0.130
29.0,0.130
29.0,0.130
29.0,0.130
29.0,0.130
29.0,0.130
29.0,0.130
29.0,0.130
29.0,0.130
28.9,0.130
28.9,0.130
28.9,0.130
28.9,0.130
28.9,0.130
28.9,0.130
28.9,0.130
28.9,0.130
28.9,0.125
29.0,0.125
29.0,0.125
29.0,0.125
29.0,0.125
29.0,0.125
28.9,0.125
28.9,0.125
28.9,0.125
28.9,0.125
28.9,0.125
28.9,0.125
28.9,0.125
28.9,0.125
28.9,0.125
28.9,0.125
28.9,0.125
28.9,0.125
28.9,0.125
28.9,0.125
28.9,0.125
28.9,0.125
28.9,0.125
28.9,0.125
28.9,0.125
28.9,0.125
28.9,0.125
28.9,0.125
28.9,0.125
28.9,0.125
28.9,0.125
28.9,0.125
28.9,0.125
28.9,0.125
28.9,0.125
28.9,0.125
28.9,0.125
28.9,0.125
28.9,0.125
28.9,0.125
28.9,0.125
28.9,0.125
28.9,0.125
28.9,0.125
28.9,0.125
28.9,0.125
28.9,0.125
28.9,0.125
28.9,0.125
28.9,0.125
28.9,0.125
28.9,0.125
28.9,0.125
28.9,0.125
28.9,0.125
28.9,0.125
28.9,0.125
28.9,0.125
28.9,0.125
28.9,0.125
28.9,0.125
28.9,0.125
28.9,0.125
28.9,0.125
28.9,0.125
28.9,0.125
28.9,0.125
28.9,0.125
28.9,0.125
28.9,0.125
28.9,0.125
28.9,0.125
28.9,0.125
28.9,0.125
28.9,0.125
28.9,0.125
28.9,0.125
28.9,0.125
28.9,0.120
28.9,0.120
28.9,0.120
28.9,0.120
28.9,0.120
28.9,0.120
28.9,0.120
28.8,0.120
28.8,0.120
28.8,0.120
28.8,0.120
28.8,0.120
28.8,0.120
28.8,0.120
28.8,0.120
28.8,0.120
28.8,0.120
28.8,0.120
28.8,0.120
28.8,0.120
28.8,0.120
28.8,0.120
28.8,0.120
28.8,0.120
28.8,0.120
28.8,0.120
28.8,0.120
28.8,0.120
28.8,0.120
28.8,0.120
28.8,0.120
28.8,0.120
28.8,0.120
28.8,0.120
28.8,0.120
28.8,0.120
28.8,0.120
28.8,0.120
28.8,0.120
28.8,0.120
28.8,0.120
28.8,0.120
28.8,0.120
28.8,0.120
28.8,0.120
28.8,0.120
28.8,0.120
28.8,0.120
28.8,0.120
28.8,0.120
28.8,0.120
28.8,0.120
28.8,0.120
28.8,0.120
28.8,0.120
28.8,0.120
28.8,0.120
28.8,0.120
28.8,0.120
28.8,0.120
28.8,0.120
28.8,0.120
28.8,0.120
28.8,0.120
28.8,0.120
28.8,0.120
28.8,0.120
28.8,0.120
28.8,0.120
28.8,0.120
28.8,0.120
28.8,0.120
28.8,0.120
28.8,0.120
28.8,0.120
28.8,0.120
28.8,0.120
28.8,0.120
28.8,0.120
28.8,0.120
28.8,0.120
28.8,0.120
28.8,0.120
28.8,0.120
28.8,0.120
28.8,0.120
28.8,0.120
28.8,0.120
28.8,0.120
28.8,0.115
28.8,0.115
28.8,0.115
28.8,0.115
28.8,0.115
28.8,0.115
28.8,0.115
28.8,0.115
28.8,0.115
28.8,0.115
28.8,0.115
28.8,0.115
28.8,0.115
28.8,0.115
28.8,0.115
28.8,0.115
28.8,0.115
28.8,0.115
28.8,0.115
28.8,0.115
28.8,0.115
28.8,0.115
28.8,0.115
28.8,0.115
28.8,0.115
28.8,0.115
28.8,0.115
28.8,0.115
28.8,0.115
28.8,0.115
28.8,0.115
28.8,0.115
28.8,0.115
28.8,0.115
28.8,0.115
28.8,0.115
28.8,0.115
28.8,0.115
28.8,0.115
28.8,0.115
28.8,0.115
28.7,0.115
28.7,0.115
28.7,0.115
28.7,0.115
28.7,0.115
28.7,0.115
28.7,0.115
28.7,0.115
28.7,0.115
28.7,0.115
28.7,0.115
28.7,0.115
28.7,0.115
28.7,0.115
28.7,0.115
28.7,0.115
28.7,0.115
28.7,0.115
28.7,0.115
28.7,0.115
28.7,0.115
28.7,0.115
28.7,0.115
28.7,0.115
28.7,0.115
28.7,0.115
28.7,0.115
28.7,0.115
28.7,0.115
28.7,0.115
28.7,0.115
28.6,0.115
28.6,0.115
28.6,0.115
28.6,0.115
28.6,0.115
28.6,0.115
28.6,0.115
28.6,0.115
28.6,0.115
28.6,0.115
28.6,0.115
28.6,0.115
28.6,0.115
28.6,0.115
28.6,0.115
28.6,0.115
28.6,0.115
28.6,0.115
28.6,0.115
28.6,0.115
28.6,0.115
28.6,0.115
28.6,0.115
28.6,0.115
28.6,0.115
28.6,0.115
28.6,0.115
28.6,0.115
28.6,0.115
28.6,0.115
28.6,0.115
28.6,0.115
28.6,0.115
28.6,0.115
28.6,0.115
28.6,0.115
28.6,0.115
28.6,0.115
28.6,0.115
28.6,0.115
28.6,0.115
28.6,0.115
28.6,0.115
28.5,0.115
28.5,0.115
28.5,0.115
28.5,0.115
28.5,0.115
28.5,0.115
28.5,0.115
28.5,0.115
28.5,0.115
28.5,0.115
28.5,0.115
28.4,0.115
28.4,0.115
28.4,0.115
28.4,0.115
28.4,0.115
28.4,0.115
28.4,0.115
28.4,0.115
28.4,0.115
28.4,0.115
28.4,0.115
28.4,0.115
28.4,0.115
28.4,0.115
28.4,0.115
28.4,0.115
28.4,0.115
28.4,0.115
28.4,0.115
28.4,0.115
28.4,0.115
28.3,0.115
28.3,0.115
28.3,0.110
28.3,0.110
28.3,0.110
28.3,0.110
28.3,0.110
28.3,0.110
28.3,0.110
28.3,0.110
28.3,0.110
28.3,0.110
28.3,0.110
28.3,0.110
28.3,0.110
28.3,0.110
28.3,0.110
28.3,0.110
28.3,0.110
28.3,0.110
28.3,0.110
28.3,0.110
28.3,0.110
28.3,0.110
28.3,0.110
28.3,0.110
28.3,0.110
28.3,0.110
28.3,0.110
28.3,0.110
28.3,0.110
28.3,0.110
28.3,0.110
28.3,0.110
28.3,0.110
28.3,0.110
28.3,0.110
28.3,0.110
28.3,0.110
28.3,0.110
28.3,0.110
28.3,0.110
28.3,0.110
28.3,0.110
28.3,0.110
28.3,0.110
28.3,0.110
28.3,0.110
28.3,0.110
28.3,0.110
28.3,0.110
28.3,0.110
28.3,0.110
28.3,0.110
28.3,0.110
28.3,0.110
28.3,0.110
28.3,0.110
28.3,0.110
28.3,0.110
28.3,0.110
28.3,0.110
28.2,0.110
28.2,0.110
28.2,0.110
28.2,0.110
28.2,0.110
28.2,0.110
28.2,0.110
28.2,0.110
28.2,0.110
28.2,0.110
28.2,0.110
28.2,0.110
28.2,0.110
28.2,0.110
28.2,0.110
28.2,0.110
28.2,0.110
28.2,0.110
28.2,0.110
28.2,0.110
28.2,0.110
28.2,0.110
28.2,0.110
28.1,0.110
28.1,0.110
28.1,0.110
28.1,0.110
28.1,0.110
28.1,0.110
28.1,0.105
28.1,0.105
28.1,0.105
28.1,0.105
28.1,0.105
28.1,0.105
28.1,0.105
28.1,0.105
28.1,0.105
28.1,0.105
28.1,0.105
28.1,0.105
28.1,0.105
28.1,0.105
28.1,0.105
28.1,0.105
28.1,0.105
28.1,0.105
28.1,0.105
28.1,0.105
28.1,0.105
28.1,0.105
28.1,0.105
28.1,0.105
28.1,0.105
28.1,0.105
28.1,0.105
28.1,0.105
28.1,0.105
28.1,0.105
28.1,0.105
28.1,0.105
28.0,0.105
28.0,0.105
28.0,0.105
28.0,0.105
28.0,0.105
28.0,0.105
28.0,0.105
28.0,0.105
28.0,0.105
28.0,0.105
28.0,0.105
27.9,0.105
27.9,0.105
27.9,0.105
27.9,0.105
27.9,0.105
27.9,0.105
27.9,0.105
27.9,0.105
27.9,0.105
27.9,0.105
27.9,0.105
27.8,0.105
27.7,0.105
27.6,0.105
27.6,0.105
27.6,0.105
27.5,0.105
27.5,0.105
27.5,0.105
27.5,0.105
27.4,0.105
27.4,0.105
27.3,0.105
27.3,0.105
27.2,0.105
27.2,0.105
27.1,0.105
27.1,0.105
27.0,0.105
27.0,0.105
27.0,0.105
26.9,0.105
26.9,0.105
26.9,0.105
26.8,0.105
26.8,0.105
26.7,0.105
26.7,0.105
26.6,0.105
26.5,0.105
26.5,0.105
26.5,0.105
26.4,0.105
26.4,0.105
26.4,0.105
26.3,0.105
26.3,0.100
26.2,0.100
26.2,0.100
26.1,0.100
26.0,0.100
26.0,0.100
25.9,0.100
25.9,0.100
25.9,0.100
25.8,0.100
25.7,0.100
25.7,0.100
25.6,0.100
25.6,0.100
25.5,0.100
25.5,0.100
25.4,0.100
25.4,0.100
25.3,0.100
25.3,0.100
25.2,0.100
25.2,0.100
25.1,0.100
25.1,0.100
25.0,0.100
25.0,0.100
24.9,0.100
24.9,0.100
24.9,0.100
24.8,0.100
24.7,0.100
24.7,0.100
24.6,0.100
24.6,0.100
24.5,0.100
24.4,0.100
24.4,0.100
24.4,0.100
24.3,0.100
24.3,0.100
24.2,0.100
24.2,0.100
24.1,0.100
24.0,0.100
24.0,0.100
23.9,0.100
23.8,0.100
23.8,0.100
23.7,0.100
23.6,0.100
23.6,0.100
23.6,0.100
23.5,0.100
23.4,0.100
23.4,0.100
23.3,0.100
23.3,0.100
23.3,0.100
23.2,0.100
23.1,0.100
23.1,0.100
23.1,0.100
23.0,0.100
22.9,0.100
22.9,0.100
22.8,0.100
22.8,0.100
22.8,0.100
22.7,0.100
22.6,0.095
22.6,0.095
22.5,0.095
22.5,0.095
22.4,0.095
22.4,0.095
22.3,0.095
22.3,0.095
22.2,0.095
22.2,0.095
22.1,0.095
22.1,0.095
22.0,0.095
22.0,0.095
21.9,0.095
21.9,0.095
21.8,0.095
21.8,0.095
21.7,0.095
21.7,0.095
21.6,0.095
21.6,0.095
21.5,0.095
21.5,0.095
21.5,0.095
21.4,0.095
21.4,0.095
21.3,0.095
21.2,0.095
21.2,0.095
21.2,0.095
21.1,0.095
21.1,0.095
21.1,0.095
21.0,0.095
21.0,0.095
20.9,0.095
20.9,0.095
20.8,0.095
20.7,0.095
20.6,0.095
20.6,0.095
20.5,0.095
20.4,0.095
20.4,0.095
20.3,0.095
20.2,0.095
20.2,0.095
20.1,0.095
20.0,0.095
20.0,0.095
19.9,0.095
19.9,0.095
19.9,0.095
19.8,0.095
19.7,0.095
19.7,0.095
19.6,0.095
19.5,0.095
19.5,0.095
19.4,0.095
19.3,0.095
19.3,0.095
19.2,0.095
19.2,0.090
19.1,0.090
19.1,0.090
19.0,0.090
19.0,0.090
18.9,0.090
18.8,0.090
18.8,0.090
18.7,0.090
18.6,0.090
18.6,0.090
18.5,0.090
18.5,0.090
18.4,0.090
18.3,0.090
18.3,0.090
18.2,0.090
18.2,0.090
18.1,0.090
18.1,0.090
18.0,0.090
18.0,0.090
17.9,0.090
17.8,0.090
17.8,0.090
17.7,0.090
17.7,0.090
17.6,0.090
17.5,0.090
17.5,0.090
17.5,0.090
17.4,0.090
17.4,0.090
17.3,0.090
17.3,0.090
17.3,0.090
17.2,0.090
17.1,0.090
17.0,0.090
17.0,0.090
16.9,0.090
16.8,0.090
16.8,0.090
16.7,0.090
16.6,0.090
16.6,0.090
16.6,0.090
16.5,0.090
16.5,0.090
16.4,0.090
16.4,0.090
16.4,0.090
16.3,0.090
16.2,0.090
16.2,0.090
16.1,0.090
16.1,0.090
16.1,0.090
16.0,0.090
15.9,0.090
15.9,0.090
15.8,0.090
15.8,0.090
15.7,0.090
15.6,0.090
15.6,0.090
15.6,0.090
15.5,0.090
15.5,0.090
15.4,0.090
15.4,0.090
15.3,0.090
15.2,0.090
15.2,0.090
15.1,0.090
15.1,0.090
15.0,0.090
15.0,0.090
14.9,0.090
14.9,0.090
14.8,0.090
14.8,0.090
14.7,0.090
14.7,0.090
14.6,0.090
14.6,0.090
14.5,0.090
14.5,0.090
14.4,0.090
14.4,0.085
14.4,0.085
14.3,0.085
14.3,0.085
14.2,0.085
14.1,0.085
14.1,0.085
14.1,0.085
14.0,0.085
14.0,0.085
13.9,0.085
13.9,0.085
13.8,0.085
13.8,0.085
13.7,0.085
13.7,0.085
13.6,0.085
13.5,0.085
13.5,0.085
13.5,0.085
13.4,0.085
13.4,0.085
13.4,0.085
13.3,0.085
13.3,0.085
13.2,0.085
13.2,0.085
13.1,0.085
13.1,0.085
13.0,0.085
13.0,0.085
12.9,0.085
12.9,0.085
12.8,0.085
12.8,0.085
12.7,0.085
12.7,0.085
12.6,0.085
12.6,0.085
12.5,0.085
12.5,0.085
12.4,0.085
12.4,0.085
12.4,0.085
12.3,0.085
12.2,0.085
12.2,0.085
12.1,0.085
12.1,0.085
12.0,0.085
12.0,0.085
12.0,0.085
12.0,0.085
11.9,0.085
11.8,0.085
11.8,0.085
11.7,0.085
11.6,0.085
11.6,0.085
11.5,0.085
11.4,0.085
11.4,0.085
11.3,0.085
11.3,0.085
11.3,0.085
11.2,0.085
11.1,0.085
11.1,0.085
11.1,0.085
11.0,0.085
10.9,0.085
10.9,0.085
10.9,0.085
10.8,0.085
10.8,0.085
10.7,0.085
10.7,0.085
10.7,0.085
10.6,0.085
10.5,0.085
10.4,0.085
10.3,0.085
10.3,0.085
10.2,0.085
10.2,0.085
10.1,0.085
10.1,0.085
10.0,0.085
10.0,0.085
9.9,0.085
9.8,0.085
9.8,0.085
9.7,0.085
9.6,0.085
9.6,0.080
9.5,0.080
9.5,0.080
9.4,0.080
9.4,0.080
9.3,0.080
9.2,0.080
9.2,0.080
9.1,0.080
9.0,0.080
9.0,0.080
8.9,0.080
8.9,0.080
8.8,0.080
8.8,0.080
8.7,0.080
8.7,0.080
8.6,0.080
8.5,0.080
8.4,0.080
8.4,0.080
8.3,0.080
8.2,0.080
8.2,0.080
8.1,0.080
8.0,0.080
8.0,0.080
7.9,0.080
7.9,0.080
7.8,0.080
7.8,0.080
7.7,0.080
7.7,0.080
7.6,0.080
7.5,0.080
7.5,0.080
7.4,0.080
7.4,0.080
7.3,0.080
7.2,0.080
7.2,0.080
7.1,0.080
7.0,0.080
7.0,0.080
6.9,0.080
6.9,0.080
6.8,0.080
6.7,0.080
6.7,0.080
6.6,0.080
6.6,0.080
6.5,0.080
6.4,0.080
6.4,0.080
6.3,0.080
6.3,0.080
6.2,0.080
6.1,0.080
6.0,0.080
6.0,0.080
5.9,0.080
5.9,0.080
5.8,0.080
5.7,0.080
5.7,0.080
5.6,0.080
5.6,0.080
5.5,0.080
5.5,0.080
5.4,0.080
5.3,0.080
5.3,0.080
5.2,0.080
5.1,0.080
5.1,0.080
5.0,0.075
4.9,0.075
4.9,0.075
4.8,0.075
4.7,0.075
4.7,0.075
4.6,0.075
4.5,0.075
4.5,0.075
4.4,0.075
4.4,0.075
4.3,0.075
4.2,0.075
4.2,0.075
4.1,0.075
4.0,0.075
4.0,0.075
3.9,0.075
3.8,0.075
3.8,0.075
3.7,0.075
3.6,0.075
3.6,0.075
3.5,0.075
3.4,0.075
3.4,0.075
3.3,0.075
3.3,0.075
3.2,0.075
3.1,0.075
3.1,0.075
3.0,0.075
3.0,0.075
2.9,0.075
2.8,0.075
2.8,0.075
2.7,0.075
2.6,0.075
2.6,0.075
2.6,0.075
2.5,0.075
2.5,0.075
2.4,0.075
2.4,0.075
2.3,0.075
2.2,0.075
2.2,0.075
2.1,0.075
2.0,0.075
2.0,0.075
1.9,0.075
1.9,0.075
1.8,0.075
1.8,0.075
1.7,0.075
1.7,0.075
1.6,0.075
1.6,0.075
1.5,0.075
1.5,0.075
1.4,0.075
1.4,0.075
1.3,0.075
1.2,0.075
1.2,0.075
1.2,0.075
1.1,0.075
1.1,0.070
1.0,0.070
1.0,0.070
0.9,0.070
0.9,0.070
0.8,0.070
0.8,0.070
0.7,0.070
0.7,0.070
0.7,0.070
0.7,0.070
0.6,0.070
0.6,0.070
0.5,0.070
0.5,0.070
0.4,0.070
0.4,0.070
0.3,0.070
0.3,0.070
0.3,0.070
0.3,0.070
0.2,0.070
0.2,0.070
0.2,0.070
0.2,0.070
0.1,0.070
0.1,0.070
0.1,0.070
0.1,0.070
0.0,0.070
0.0,0.070
0.0,0.070
0.0,0.070
0.0,0.070
0.0,0.070
0.0,0.070
0.0,0.070
0.0,0.070
0.0,0.070
0.0,0.070
0.0,0.070
0.0,0.070
0.1,0.070
0.1,0.070
0.1,0.070
0.1,0.070
0.1,0.070
0.1,0.070
0.1,0.070
0.1,0.070
0.1,0.070
0.1,0.070
0.1,0.070
0.1,0.070
0.1,0.070
0.1,0.070
0.1,0.070
0.0,0.070
0.0,0.070
0.0,0.070
0.0,0.070
0.0,0.070
0.0,0.070
0.0,0.070
0.0,0.070
0.0,0.070
0.0,0.070
0.0,0.070
0.0,0.070
0.0,0.070
0.0,0.070
0.0,0.065
0.0,0.065
0.1,0.065
0.1,0.065
0.1,0.065
0.1,0.065
0.1,0.065
0.1,0.065
0.1,0.065
0.1,0.065
0.1,0.065
0.1,0.065
0.1,0.065
0.1,0.065
0.1,0.065
0.1,0.065
0.1,0.065
0.1,0.065
0.1,0.065
0.1,0.065
0.1,0.065
0.1,0.065
0.1,0.065
0.1,0.065
0.0,0.065
0.0,0.065
0.0,0.065
0.0,0.065
0.0,0.065
0.0,0.065
0.0,0.065
0.0,0.065
0.0,0.065
0.0,0.065
0.0,0.065
0.0,0.065
0.0,0.065
0.0,0.065
0.0,0.065
0.0,0.065
0.0,0.065
0.0,0.065
0.0,0.065
0.0,0.065
0.0,0.065
0.0,0.065
0.0,0.065
0.0,0.065
0.0,0.065
0.0,0.065
0.0,0.065
0.0,0.065
0.0,0.065
0.0,0.065
0.0,0.065
0.0,0.065
0.0,0.065
0.0,0.065
0.0,0.065
0.0,0.065
0.0,0.065
0.0,0.065
0.0,0.065
0.0,0.065
0.0,0.065
0.0,0.065
0.0,0.065
0.0,0.065
0.0,0.065
0.0,0.065
0.0,0.065
0.0,0.065
0.0,0.065
0.0,0.060
0.0,0.060
0.0,0.060
0.0,0.060
0.0,0.060
0.0,0.060
0.0,0.060
0.0,0.060
0.0,0.060
0.0,0.060
0.0,0.060
0.0,0.060
0.0,0.060
0.0,0.060
0.0,0.060
0.1,0.060
0.1,0.060
0.1,0.060
0.1,0.060
0.1,0.060
0.0,0.060
0.0,0.060
0.0,0.060
0.0,0.060
0.0,0.060
0.0,0.060
0.0,0.060
0.0,0.060
0.0,0.060
0.0,0.060
0.0,0.060
0.0,0.060
0.0,0.060
0.1,0.060
0.1,0.060
0.1,0.060
0.1,0.060
0.1,0.060
0.1,0.060
0.1,0.060
0.0,0.060
0.0,0.060
0.0,0.060
0.0,0.060
0.0,0.060
0.1,0.060
0.1,0.060
0.1,0.060
0.1,0.060
0.1,0.060
0.1,0.060
0.1,0.060
0.1,0.060
0.1,0.060
0.1,0.060
0.1,0.060
0.1,0.060
0.1,0.060
0.1,0.060
0.1,0.060
0.1,0.060
0.1,0.060
0.1,0.060
0.1,0.060
0.1,0.060
0.1,0.060
0.1,0.060
0.1,0.060
0.1,0.060
0.1,0.060
0.1,0.060
0.1,0.060
0.1,0.060
0.1,0.055
0.0,0.055
0.0,0.055
0.0,0.055
0.0,0.055
0.0,0.055
0.0,0.055
0.0,0.055
0.0,0.055
0.0,0.055
0.0,0.055
0.1,0.055
0.1,0.055
0.1,0.055
0.1,0.055
0.1,0.055
0.1,0.055
0.1,0.055
0.1,0.055
0.1,0.055
0.1,0.055
0.1,0.055
0.1,0.055
0.1,0.055
0.0,0.055
0.0,0.055
0.0,0.055
0.0,0.055
0.0,0.055
0.0,0.055
0.0,0.055
0.0,0.055
0.1,0.055
0.1,0.055
0.2,0.055
0.2,0.055
0.1,0.055
0.1,0.055
0.1,0.055
0.0,0.055
0.0,0.055
0.0,0.055
0.0,0.055
0.0,0.055
0.0,0.055
0.0,0.055
0.0,0.055
0.0,0.055
0.0,0.055
0.0,0.055
0.0,0.055
0.1,0.055
0.1,0.055
0.1,0.055
0.1,0.055
0.1,0.055
0.1,0.055
0.1,0.055
0.1,0.055
0.1,0.055
0.1,0.055
0.1,0.055
0.1,0.055
0.1,0.055
0.1,0.055
0.0,0.055
0.0,0.055
0.0,0.055
0.0,0.055
0.0,0.055
0.0,0.055
0.0,0.055
0.0,0.055
0.0,0.055
0.1,0.055
0.1,0.055
0.1,0.055
0.1,0.055
0.1,0.055
0.1,0.055
0.1,0.055
0.1,0.055
0.1,0.055
0.0,0.050
0.0,0.050
0.0,0.050
0.0,0.050
0.0,0.050
0.0,0.050
0.0,0.050
0.0,0.050
0.0,0.050
0.0,0.050
0.1,0.050
0.1,0.050
0.1,0.050
0.1,0.050
0.1,0.050
0.1,0.050
0.1,0.050
0.1,0.050
0.1,0.050
0.1,0.050
0.1,0.050
0.1,0.050
0.1,0.050
0.0,0.050
0.0,0.050
0.0,0.050
0.0,0.050
0.0,0.050
0.0,0.050
0.0,0.050
0.0,0.050
0.0,0.050
0.0,0.050
0.0,0.050
0.0,0.050
0.0,0.050
0.0,0.050
0.0,0.050
0.0,0.050
0.0,0.050
0.0,0.050
0.0,0.050
0.0,0.050
0.0,0.050
0.0,0.050
0.0,0.050
0.0,0.050
0.0,0.050
0.0,0.050
0.0,0.050
0.0,0.050
0.0,0.050
0.0,0.050
0.0,0.050
0.0,0.050
0.1,0.050
0.1,0.050
0.1,0.050
0.1,0.050
0.1,0.050
0.1,0.050
0.1,0.050
0.1,0.050
0.1,0.050
0.1,0.050
0.0,0.050
0.0,0.050
0.0,0.050
0.0,0.050
0.0,0.050
0.0,0.050
0.0,0.050
0.0,0.050
0.0,0.050
0.0,0.050
0.0,0.050
0.1,0.050
0.1,0.050
0.1,0.050
0.1,0.050
0.1,0.050
0.1,0.050
0.1,0.045
0.1,0.045
0.1,0.045
0.0,0.045
0.0,0.045
0.0,0.045
0.0,0.045
0.0,0.045
0.0,0.045
0.0,0.045
0.0,0.045
0.0,0.045
0.0,0.045
0.1,0.045
0.1,0.045
0.1,0.045
0.1,0.045
0.1,0.045
0.1,0.045
0.1,0.045
0.1,0.045
0.1,0.045
0.1,0.045
0.1,0.045
0.1,0.045
0.1,0.045
0.1,0.045
0.1,0.045
0.1,0.045
0.1,0.045
0.1,0.045
0.1,0.045
0.1,0.045
0.1,0.045
0.1,0.045
0.1,0.045
0.1,0.045
0.1,0.045
0.1,0.045
0.1,0.045
0.1,0.045
0.1,0.045
0.1,0.045
0.1,0.045
0.1,0.045
0.1,0.045
0.1,0.045
0.1,0.045
0.1,0.045
0.1,0.045
0.1,0.045
0.1,0.045
0.1,0.045
0.1,0.045
0.1,0.045
0.1,0.045
0.1,0.045
0.1,0.045
0.1,0.045
0.1,0.045
0.1,0.045
0.1,0.045
0.1,0.045
0.1,0.045
0.1,0.045
0.1,0.045
0.1,0.045
0.1,0.045
0.0,0.045
0.0,0.045
0.0,0.045
0.0,0.045
0.0,0.045
0.0,0.045
0.0,0.045
0.0,0.045
0.0,0.045
0.0,0.045
0.0,0.045
0.0,0.045
0.0,0.045
0.0,0.045
0.0,0.045
0.0,0.045
0.0,0.045
0.0,0.045
0.0,0.045
0.0,0.045
0.0,0.040
0.0,0.040
0.0,0.040
0.0,0.040
0.0,0.040
0.0,0.040
0.0,0.040
0.0,0.040
0.0,0.040
0.0,0.040
0.0,0.040
0.0,0.040
0.0,0.040
0.0,0.040
0.0,0.040
0.0,0.040
0.0,0.040
0.0,0.040
0.0,0.040
0.0,0.040
0.0,0.040
0.0,0.040
0.0,0.040
0.0,0.040
0.0,0.040
0.0,0.040
0.1,0.040
0.1,0.040
0.1,0.040
0.1,0.040
0.1,0.040
0.1,0.040
0.1,0.040
0.1,0.040
0.1,0.040
0.1,0.040
0.1,0.040
0.1,0.040
0.1,0.040
0.1,0.040
0.1,0.040
0.1,0.040
0.1,0.040
0.1,0.040
0.1,0.040
0.1,0.040
0.1,0.040
0.1,0.040
0.1,0.040
0.1,0.040
0.1,0.040
0.1,0.040
0.1,0.040
0.1,0.040
0.1,0.040
0.1,0.040
0.1,0.040
0.1,0.040
0.1,0.040
0.1,0.040
0.1,0.040
0.0,0.040
0.0,0.040
0.0,0.040
0.0,0.040
0.0,0.040
0.0,0.040
0.0,0.040
0.0,0.040
0.0,0.040
0.0,0.040
0.0,0.040
0.0,0.040
0.1,0.040
0.1,0.040
0.1,0.040
0.1,0.040
0.1,0.040
0.1,0.040
0.1,0.040
0.1,0.040
0.0,0.040
0.0,0.040
0.0,0.035
0.0,0.035
0.0,0.035
0.0,0.035
0.0,0.035
0.0,0.035
0.0,0.035
0.0,0.035
0.0,0.035
0.0,0.035
0.0,0.035
0.0,0.035
0.0,0.035
0.0,0.035
0.0,0.035
0.1,0.035
0.1,0.035
0.1,0.035
0.1,0.035
0.1,0.035
0.1,0.035
0.1,0.035
0.0,0.035
0.0,0.035
0.0,0.035
0.0,0.035
0.0,0.035
0.0,0.035
0.0,0.035
0.0,0.035
0.0,0.035
0.0,0.035
0.0,0.035
0.0,0.035
0.0,0.035
0.1,0.035
0.1,0.035
0.1,0.035
0.1,0.035
0.1,0.035
0.1,0.035
0.1,0.035
0.1,0.035
0.0,0.035
0.0,0.035
0.0,0.035
0.0,0.035
0.0,0.035
0.0,0.035
0.0,0.035
0.0,0.035
0.0,0.035
0.0,0.035
0.0,0.035
0.0,0.035
0.0,0.035
0.0,0.035
0.0,0.035
0.1,0.035
0.1,0.035
0.0,0.035
0.0,0.030
0.0,0.030
0.0,0.030
0.0,0.030
0.0,0.030
0.0,0.030
0.0,0.030
0.0,0.030
0.0,0.030
0.1,0.030
0.1,0.030
0.1,0.030
0.1,0.030
0.1,0.030
0.1,0.030
0.1,0.030
0.1,0.030
0.1,0.030
0.1,0.030
0.1,0.030
0.1,0.030
0.0,0.030
0.0,0.030
0.0,0.030
0.0,0.030
0.0,0.030
0.0,0.030
0.0,0.030
0.0,0.030
0.0,0.030
0.0,0.030
0.0,0.030
0.1,0.030
0.1,0.030
0.1,0.030
0.1,0.030
0.1,0.030
0.1,0.030
0.1,0.030
0.1,0.030
0.1,0.030
0.1,0.030
0.1,0.030
0.1,0.030
0.1,0.030
0.0,0.030
0.0,0.030
0.0,0.030
0.0,0.030
0.0,0.030
0.0,0.030
0.0,0.030
0.0,0.030
0.0,0.030
0.0,0.030
0.0,0.030
0.0,0.030
0.0,0.030
0.0,0.030
0.0,0.025
0.0,0.025
0.0,0.025
0.0,0.025
0.0,0.025
0.0,0.025
0.0,0.025
0.0,0.025
0.0,0.025
0.0,0.025
0.0,0.025
0.0,0.025
0.1,0.025
0.1,0.025
0.1,0.025
0.1,0.025
0.1,0.025
0.1,0.025
0.1,0.025
0.1,0.025
0.1,0.025
0.1,0.025
0.0,0.025
0.1,0.025
0.0,0.025
0.0,0.025
0.0,0.025
0.0,0.025
0.0,0.025
0.0,0.025
0.0,0.025
0.0,0.025
0.0,0.025
0.0,0.025
0.0,0.025
0.0,0.025
0.1,0.025
0.1,0.025
0.1,0.025
0.1,0.025
0.1,0.025
0.1,0.025
0.1,0.025
0.0,0.025
0.0,0.025
0.0,0.025
0.0,0.025
0.0,0.025
0.0,0.025
0.0,0.025
0.0,0.025
0.0,0.025
0.0,0.025
0.0,0.025
0.0,0.025
0.1,0.025
0.1,0.025
0.1,0.025
0.1,0.025
0.1,0.025
0.1,0.025
0.1,0.025
0.1,0.020
0.1,0.020
0.1,0.020
0.1,0.020
0.0,0.020
0.0,0.020
0.0,0.020
0.0,0.020
0.0,0.020
0.0,0.020
0.0,0.020
0.0,0.020
0.0,0.020
0.0,0.020
0.1,0.020
0.1,0.020
0.1,0.020
0.1,0.020
0.1,0.020
0.1,0.020
0.1,0.020
0.1,0.020
0.0,0.020
0.0,0.020
0.0,0.020
0.0,0.020
0.0,0.020
0.0,0.020
0.0,0.020
0.0,0.020
0.0,0.020
0.0,0.020
0.0,0.020
0.0,0.020
0.0,0.020
0.0,0.020
0.0,0.020
0.0,0.020
0.0,0.020
0.0,0.020
0.0,0.020
0.0,0.020
0.0,0.020
0.0,0.020
0.0,0.020
0.0,0.020
0.0,0.020
0.0,0.020
0.0,0.020
0.0,0.020
0.0,0.020
0.1,0.020
0.1,0.020
0.1,0.020
0.1,0.020
0.1,0.020
0.1,0.020
0.1,0.020
0.1,0.020
0.1,0.020
0.1,0.020
0.1,0.020
0.1,0.020
0.1,0.020
0.0,0.020
0.0,0.020
0.0,0.015
0.0,0.015
0.1,0.015
0.1,0.015
0.1,0.015
0.1,0.015
0.1,0.015
0.2,0.015
0.2,0.015
0.2,0.015
0.2,0.015
0.2,0.015
0.1,0.015
0.1,0.015
0.1,0.015
0.1,0.015
0.1,0.015
0.1,0.015
0.1,0.015
0.1,0.015
0.1,0.015
0.1,0.015
0.1,0.015
0.1,0.015
0.1,0.015
0.1,0.015
0.1,0.015
0.1,0.015
0.1,0.015
0.1,0.015
0.1,0.015
0.1,0.015
0.1,0.015
0.1,0.015
0.1,0.015
0.1,0.015
0.0,0.015
0.0,0.015
0.0,0.015
0.0,0.015
0.0,0.015
0.0,0.015
0.0,0.015
0.0,0.015
0.0,0.015
0.0,0.015
0.0,0.015
0.0,0.015
0.0,0.015
0.0,0.015
0.0,0.015
0.0,0.015
0.0,0.015
0.0,0.015
0.0,0.015
0.0,0.015
0.0,0.015
0.0,0.015
0.0,0.015
0.0,0.015
0.0,0.015
0.0,0.015
0.0,0.015
0.0,0.015
0.0,0.015
0.0,0.015
0.0,0.015
0.0,0.015
0.0,0.010
0.0,0.010
0.0,0.010
0.0,0.010
0.0,0.010
0.0,0.010
0.0,0.010
0.0,0.010
0.0,0.010
0.0,0.010
0.0,0.010
0.0,0.010
0.0,0.010
0.0,0.010
0.0,0.010
0.0,0.010
0.0,0.010
0.0,0.010
0.0,0.010
0.0,0.010
0.0,0.010
0.0,0.010
0.0,0.010
0.1,0.010
0.1,0.010
0.1,0.010
0.1,0.010
0.1,0.010
0.1,0.010
0.1,0.010
0.1,0.010
0.0,0.010
0.0,0.010
0.0,0.010
0.0,0.010
0.0,0.010
0.0,0.010
0.0,0.010
0.0,0.010
0.0,0.010
0.0,0.010
0.0,0.010
0.0,0.010
0.0,0.010
0.0,0.010
0.0,0.010
0.0,0.010
0.0,0.010
0.0,0.010
0.0,0.010
0.0,0.010
0.0,0.010
0.0,0.010
0.0,0.010
0.0,0.010
0.0,0.010
0.0,0.010
0.0,0.010
0.0,0.010
0.0,0.010
0.0,0.010
0.0,0.010
0.0,0.010
0.0,0.010
0.1,0.010
0.1,0.010
0.1,0.010
0.1,0.010
0.0,0.010
0.0,0.010
0.0,0.010
0.0,0.010
0.0,0.010
0.0,0.010
0.0,0.010
0.0,0.005
0.0,0.005
0.0,0.005
0.0,0.005
0.0,0.005
0.0,0.005
0.0,0.005
0.0,0.005
0.0,0.005
0.0,0.005
0.0,0.005
0.0,0.005
0.0,0.005
0.0,0.005
0.0,0.005
0.0,0.005
0.0,0.005
0.0,0.005
0.0,0.005
0.0,0.005
0.0,0.005
0.0,0.005
0.0,0.005
0.0,0.005
0.0,0.005
0.0,0.005
0.0,0.005
0.0,0.005
0.0,0.005
0.1,0.005
0.1,0.005
0.1,0.005
0.1,0.005
0.1,0.005
0.1,0.005
0.1,0.005
0.1,0.005
0.1,0.005
0.1,0.005
0.1,0.005
0.1,0.005
0.1,0.005
0.1,0.005
0.0,0.005
0.0,0.005
0.0,0.005
0.0,0.005
0.0,0.005
0.0,0.005
0.0,0.005
0.0,0.005
0.0,0.005
0.0,0.005
0.0,0.005
0.0,0.005
0.0,0.005
0.0,0.005
0.0,0.005
0.0,0.005
0.0,0.005
0.0,0.005
0.0,0.005
0.0,0.005
0.0,0.005
0.0,0.005
0.0,0.005
0.0,0.005
0.0,0.005
0.0,0.005
0.0,0.005
0.0,0.005
0.0,0.005
0.0,0.000
0.0,0.000
0.0,0.000
0.0,0.000
0.0,0.000
0.0,0.000
0.0,0.000
0.0,0.000
0.0,0.000
0.0,0.000
0.0,0.000
0.0,0.000
0.0,0.000
0.0,0.000
0.0,0.000
0.0,0.000
0.1,0.000
0.1,0.000
0.1,0.000
0.1,0.000
0.1,0.000
0.1,0.000
0.1,0.000
0.1,0.000
0.1,0.000
0.1,0.000
0.1,0.000
0.1,0.000
0.1,0.000
0.1,0.000
0.1,0.000
0.1,0.000
0.1,0.000
0.1,0.000
0.1,0.000
0.1,0.000
0.1,0.000
0.1,0.000
0.1,0.000
0.1,0.000
0.1,0.000
0.1,0.000
0.1,0.000
0.1,0.000
0.1,0.000
0.0,0.000
0.0,0.000
0.0,0.000
0.0,0.000
0.0,0.000
0.0,0.000
0.0,0.000
0.0,0.000
0.0,0.000
0.0,0.000
0.0,0.000
0.0,0.000
0.1,0.000
0.0,0.000
0.0,0.000
0.0,0.000
0.0,0.000
0.0,0.000
0.0,0.000
0.0,-0.005
0.0,-0.005
0.0,-0.005
0.0,-0.005
0.0,-0.005
0.0,-0.005
0.0,-0.005
0.0,-0.005
0.0,-0.005
0.0,-0.005
0.0,-0.005
0.0,-0.005
0.1,-0.005
0.1,-0.005
0.1,-0.005
0.1,-0.005
0.1,-0.005
0.1,-0.005
0.1,-0.005
0.1,-0.005
0.1,-0.005
0.1,-0.005
0.0,-0.005
0.0,-0.005
0.0,-0.005
0.0,-0.005
0.0,-0.005
0.0,-0.005
0.0,-0.005
0.0,-0.005
0.0,-0.005
0.0,-0.005
0.0,-0.005
0.0,-0.005
0.0,-0.005
0.0,-0.005
0.0,-0.005
0.0,-0.005
0.0,-0.005
0.0,-0.005
0.0,-0.005
0.0,-0.005
0.0,-0.005
0.0,-0.010
0.0,-0.010
0.0,-0.010
0.0,-0.010
0.0,-0.010
0.0,-0.010
0.0,-0.010
0.0,-0.010
0.0,-0.010
0.0,-0.010
0.0,-0.010
0.0,-0.010
0.0,-0.010
0.0,-0.010
0.0,-0.010
0.0,-0.010
0.0,-0.010
0.0,-0.010
0.0,-0.010
0.0,-0.010
0.0,-0.010
0.0,-0.010
0.0,-0.010
0.0,-0.010
0.0,-0.010
0.0,-0.010
0.0,-0.010
0.0,-0.010
0.0,-0.010
0.0,-0.010
0.0,-0.010
0.0,-0.010
0.0,-0.010
0.0,-0.010
0.0,-0.010
0.0,-0.010
0.0,-0.010
0.0,-0.010
0.0,-0.010
0.0,-0.010
0.0,-0.010
0.0,-0.010
0.0,-0.015
0.0,-0.015
0.0,-0.015
0.1,-0.015
0.1,-0.015
0.1,-0.015
0.1,-0.015
0.1,-0.015
0.1,-0.015
0.1,-0.015
0.1,-0.015
0.1,-0.015
0.0,-0.015
0.0,-0.015
0.0,-0.015
0.0,-0.015
0.0,-0.015
0.0,-0.015
0.0,-0.015
0.0,-0.015
0.0,-0.015
0.0,-0.015
0.0,-0.015
0.0,-0.015
0.0,-0.015
0.0,-0.015
0.0,-0.015
0.0,-0.015
0.0,-0.015
0.0,-0.015
0.0,-0.015
0.0,-0.015
0.0,-0.015
0.0,-0.015
0.0,-0.015
0.0,-0.015
0.0,-0.015
0.0,-0.015
0.0,-0.015
0.0,-0.015
0.0,-0.015
0.0,-0.015
0.0,-0.015
0.0,-0.015
0.0,-0.015
0.0,-0.015
0.0,-0.015
0.0,-0.015
0.0,-0.015
0.0,-0.020
0.0,-0.020
0.0,-0.020
0.0,-0.020
0.0,-0.020
0.0,-0.020
0.0,-0.020
0.0,-0.020
0.0,-0.020
0.0,-0.020
0.0,-0.020
0.0,-0.020
0.0,-0.020
0.0,-0.020
0.1,-0.020
0.1,-0.020
0.1,-0.020
0.1,-0.020
0.1,-0.020
0.1,-0.020
0.1,-0.020
0.1,-0.020
0.1,-0.020
0.1,-0.020
0.1,-0.020
0.1,-0.020
0.1,-0.020
0.1,-0.020
0.1,-0.020
0.1,-0.020
0.1,-0.020
0.1,-0.020
0.0,-0.020
0.0,-0.020
0.0,-0.020
0.0,-0.020
0.0,-0.020
0.0,-0.020
0.0,-0.020
0.0,-0.020
0.0,-0.020
0.0,-0.020
0.0,-0.020
0.1,-0.020
0.1,-0.020
0.1,-0.020
0.1,-0.020
0.1,-0.020
0.1,-0.020
0.1,-0.020
0.1,-0.020
0.0,-0.020
0.0,-0.020
0.0,-0.020
0.0,-0.020
0.0,-0.020
0.0,-0.020
0.0,-0.020
0.0,-0.020
0.0,-0.020
0.0,-0.025
0.0,-0.025
0.0,-0.025
0.0,-0.025
0.0,-0.025
0.0,-0.025
0.0,-0.025
0.0,-0.025
0.0,-0.025
0.0,-0.025
0.0,-0.025
0.0,-0.025
0.0,-0.025
0.0,-0.025
0.0,-0.025
0.0,-0.025
0.0,-0.025
0.0,-0.025
0.0,-0.025
0.0,-0.025
0.0,-0.025
0.0,-0.025
0.0,-0.025
0.0,-0.025
0.0,-0.025
0.0,-0.025
0.0,-0.025
0.0,-0.025
0.0,-0.025
0.0,-0.025
0.0,-0.025
0.0,-0.025
0.0,-0.025
0.0,-0.025
0.0,-0.025
0.0,-0.025
0.0,-0.025
0.0,-0.025
0.0,-0.025
0.0,-0.025
0.0,-0.025
0.0,-0.025
0.0,-0.025
0.0,-0.025
0.0,-0.025
0.0,-0.025
0.0,-0.025
0.0,-0.025
0.0,-0.025
0.0,-0.025
0.0,-0.025
0.0,-0.025
0.0,-0.025
0.0,-0.025
0.0,-0.025
0.0,-0.025
0.0,-0.025
0.0,-0.025
0.0,-0.025
0.0,-0.025
0.0,-0.025
0.0,-0.025
0.0,-0.025
0.0,-0.025
0.0,-0.025
0.0,-0.025
0.1,-0.025
0.1,-0.025
0.1,-0.025
0.1,-0.025
0.1,-0.025
0.1,-0.025
0.1,-0.025
0.1,-0.025
0.1,-0.025
0.1,-0.025
0.1,-0.025
0.1,-0.025
0.1,-0.025
0.0,-0.025
0.0,-0.025
0.0,-0.025
0.0,-0.025
0.0,-0.025
0.0,-0.025
0.0,-0.025
0.0,-0.025
0.1,-0.030
0.1,-0.030
0.1,-0.030
0.1,-0.030
0.1,-0.030
0.1,-0.030
0.1,-0.030
0.1,-0.030
0.1,-0.030
0.1,-0.030
0.1,-0.030
0.1,-0.030
0.1,-0.030
0.0,-0.030
0.0,-0.030
0.0,-0.030
0.0,-0.030
0.0,-0.030
0.0,-0.030
0.0,-0.030
0.0,-0.030
0.0,-0.030
0.0,-0.030
0.1,-0.030
0.1,-0.030
0.1,-0.030
0.1,-0.030
0.1,-0.030
0.1,-0.030
0.1,-0.030
0.1,-0.030
0.1,-0.030
0.1,-0.030
0.1,-0.030
0.1,-0.030
0.1,-0.030
0.1,-0.030
0.0,-0.030
0.0,-0.030
0.0,-0.030
0.0,-0.030
0.0,-0.030
0.0,-0.030
0.0,-0.030
0.0,-0.030
0.0,-0.030
0.0,-0.030
0.0,-0.030
0.0,-0.030
0.0,-0.030
0.0,-0.030
0.0,-0.030
0.0,-0.030
0.0,-0.030
0.0,-0.030
0.0,-0.030
0.0,-0.030
0.0,-0.030
0.0,-0.030
0.0,-0.030
0.0,-0.030
0.0,-0.030
0.0,-0.030
0.0,-0.030
0.1,-0.030
0.1,-0.030
0.1,-0.030
0.1,-0.030
0.1,-0.030
0.1,-0.030
0.1,-0.030
0.1,-0.030
0.0,-0.030
0.0,-0.030
0.0,-0.030
0.0,-0.030
0.0,-0.030
0.0,-0.030
0.1,-0.030
0.1,-0.030
0.1,-0.030
0.1,-0.030
0.1,-0.030
0.1,-0.030
0.1,-0.030
0.1,-0.030
0.1,-0.030
0.1,-0.030
0.1,-0.030
0.0,-0.030
0.0,-0.030
0.0,-0.030
0.0,-0.030
0.0,-0.030
0.0,-0.030
0.0,-0.030
0.0,-0.030
0.0,-0.030
0.0,-0.030
0.0,-0.030
0.0,-0.030
0.0,-0.030
0.0,-0.030
0.1,-0.030
0.1,-0.030
0.1,-0.030
0.1,-0.030
0.1,-0.030
0.1,-0.030
0.1,-0.030
0.1,-0.030
0.1,-0.030
0.1,-0.030
0.1,-0.030
0.1,-0.030
0.1,-0.030
0.1,-0.030
0.0,-0.030
0.0,-0.030
0.0,-0.030
0.0,-0.030
0.0,-0.030
0.0,-0.030
0.0,-0.030
0.0,-0.035
0.0,-0.035
0.0,-0.035
0.0,-0.035
0.0,-0.035
0.0,-0.035
0.0,-0.035
0.0,-0.035
0.0,-0.035
0.0,-0.035
0.0,-0.035
0.0,-0.035
0.0,-0.035
0.0,-0.035
0.0,-0.035
0.0,-0.035
0.0,-0.035
0.0,-0.035
0.0,-0.035
0.0,-0.035
0.0,-0.035
0.0,-0.035
0.0,-0.035
0.0,-0.035
0.0,-0.035
0.0,-0.035
0.0,-0.035
0.0,-0.035
0.0,-0.035
0.0,-0.035
0.0,-0.035
0.0,-0.035
0.0,-0.035
0.0,-0.035
0.0,-0.035
0.0,-0.035
0.0,-0.035
0.0,-0.035
0.0,-0.035
0.0,-0.035
0.1,-0.035
0.1,-0.035
0.1,-0.035
0.1,-0.035
0.1,-0.035
0.1,-0.035
0.1,-0.035
0.1,-0.035
0.1,-0.035
0.1,-0.035
0.0,-0.035
0.0,-0.035
0.0,-0.035
0.0,-0.035
0.0,-0.035
0.0,-0.035
0.0,-0.035
0.1,-0.035
0.1,-0.035
0.1,-0.035
0.1,-0.035
0.1,-0.035
0.1,-0.035
0.1,-0.035
0.1,-0.035
0.1,-0.035
0.1,-0.035
0.1,-0.035
0.1,-0.035
0.0,-0.035
0.0,-0.035
0.0,-0.035
0.0,-0.035
-0.1,-0.035
-0.1,-0.035
0.0,-0.035
0.0,-0.035
0.0,-0.035
0.0,-0.035
0.1,-0.035
0.1,-0.035
0.2,-0.035
0.2,-0.035
0.2,-0.035
0.2,-0.035
0.2,-0.035
0.2,-0.035
0.1,-0.035
0.1,-0.035
0.0,-0.035
0.0,-0.035
0.0,-0.035
-0.1,-0.035
-0.1,-0.035
-0.1,-0.035
-0.1,-0.035
-0.1,-0.035
0.0,-0.035
0.0,-0.035
0.1,-0.035
0.1,-0.035
0.1,-0.035
0.2,-0.035
0.2,-0.035
0.2,-0.035
0.2,-0.035
0.2,-0.035
0.2,-0.035
0.0,-0.035
0.0,-0.035
0.0,-0.035
0.0,-0.035
-0.1,-0.035
-0.1,-0.035
-0.1,-0.035
-0.1,-0.035
-0.1,-0.035
0.0,-0.035
0.0,-0.035
0.1,-0.035
0.1,-0.035
0.1,-0.035
0.2,-0.035
0.2,-0.035
0.2,-0.035
0.2,-0.035
0.1,-0.035
0.1,-0.035
0.0,-0.035
0.0,-0.035
0.0,-0.035
-0.1,-0.035
-0.1,-0.035
-0.1,-0.035
-0.1,-0.035
0.0,-0.035
-0.1,-0.035
0.0,-0.035
0.1,-0.035
0.1,-0.035
0.1,-0.035
0.1,-0.035
0.1,-0.035
0.1,-0.035
0.1,-0.035
0.1,-0.035
0.1,-0.035
0.1,-0.035
0.0,-0.035
0.0,-0.035
0.0,-0.035
-0.1,-0.035
-0.1,-0.035
-0.1,-0.035
-0.1,-0.035
-0.1,-0.035
0.0,-0.035
0.1,-0.035
0.1,-0.035
0.1,-0.035
0.2,-0.035
0.2,-0.035
0.2,-0.035
0.2,-0.035
0.1,-0.035
0.1,-0.035
0.0,-0.035
0.0,-0.035
0.0,-0.035
0.0,-0.035
-0.1,-0.035
-0.1,-0.035
0.0,-0.035
0.0,-0.035
0.0,-0.035
0.0,-0.035
0.0,-0.035
0.0,-0.035
0.1,-0.035
0.1,-0.035
0.1,-0.035
0.1,-0.035
0.1,-0.035
0.1,-0.035
0.1,-0.035
0.1,-0.035
0.1,-0.035
0.1,-0.035
0.1,-0.035
0.0,-0.035
0.0,-0.035
0.0,-0.035
0.0,-0.035
0.0,-0.035
0.0,-0.035
0.0,-0.035
0.0,-0.035
0.0,-0.035
0.0,-0.035
0.1,-0.035
0.0,-0.035
0.0,-0.035
0.0,-0.035
0.1,-0.035
0.1,-0.035
0.1,-0.035
0.1,-0.035
0.1,-0.035
0.1,-0.035
0.1,-0.035
0.1,-0.035
0.0,-0.035
0.0,-0.035
0.0,-0.035
0.0,-0.035
0.0,-0.035
0.0,-0.035
0.1,-0.035
0.0,-0.035
0.1,-0.035
0.1,-0.035
0.1,-0.035
0.1,-0.035
0.1,-0.035
0.1,-0.035
0.1,-0.035
0.1,-0.035
0.1,-0.035
0.1,-0.035
0.1,-0.035
0.1,-0.035
0.1,-0.035
0.1,-0.035
0.1,-0.035
0.1,-0.035
0.1,-0.035
0.1,-0.035
0.1,-0.035
0.1,-0.035
0.1,-0.035
0.1,-0.035
0.1,-0.035
0.1,-0.035
0.1,-0.035
0.1,-0.035
0.1,-0.035
0.1,-0.035
0.0,-0.035
0.0,-0.035
0.0,-0.035
0.0,-0.035
0.0,-0.035
0.0,-0.035
0.0,-0.035
0.0,-0.035
0.0,-0.035
0.0,-0.035
0.0,-0.035
0.0,-0.035
0.0,-0.035
0.0,-0.035
0.0,-0.035
0.0,-0.035
0.1,-0.035
0.1,-0.035
0.1,-0.035
0.1,-0.035
0.0,-0.035
0.1,-0.035
0.1,-0.035
0.0,-0.035
0.0,-0.035
0.0,-0.035
0.0,-0.035
0.0,-0.035
0.0,-0.035
0.0,-0.035
0.0,-0.035
0.1,-0.035
0.1,-0.035
0.1,-0.035
0.1,-0.035
0.1,-0.035
0.1,-0.035
0.1,-0.035
0.1,-0.035
0.0,-0.035
0.0,-0.035
0.0,-0.035
0.0,-0.035
0.0,-0.035
0.0,-0.035
0.0,-0.035
0.0,-0.035
0.0,-0.035
0.0,-0.035
0.0,-0.035
0.0,-0.035
0.1,-0.035
0.1,-0.035
0.1,-0.035
0.1,-0.035
0.1,-0.035
0.1,-0.035
0.1,-0.035
0.1,-0.035
0.0,-0.035
0.0,-0.035
0.0,-0.035
0.0,-0.035
0.0,-0.035
0.0,-0.035
0.0,-0.035
0.0,-0.035
0.0,-0.035
0.0,-0.035
0.0,-0.035
0.1,-0.035
0.1,-0.035
0.1,-0.035
0.1,-0.035
0.1,-0.035
0.1,-0.035
0.1,-0.035
0.1,-0.035
0.1,-0.035
0.1,-0.035
0.1,-0.035
0.0,-0.035
0.0,-0.035
0.0,-0.035
0.0,-0.035
0.0,-0.035
0.0,-0.035
0.0,-0.035
0.0,-0.035
0.0,-0.035
0.1,-0.035
0.1,-0.035
0.1,-0.035
0.1,-0.035
0.1,-0.035
0.1,-0.035
0.1,-0.035
0.1,-0.035
0.0,-0.035
0.0,-0.035
0.0,-0.035
0.0,-0.035
0.0,-0.035
0.0,-0.035
0.0,-0.035
0.0,-0.035
0.0,-0.035
0.1,-0.035
0.1,-0.035
0.1,-0.035
0.1,-0.035
0.1,-0.035
0.1,-0.035
0.1,-0.035
0.1,-0.035
0.1,-0.035
0.1,-0.035
0.0,-0.035
0.0,-0.035
0.0,-0.035
0.0,-0.035
0.0,-0.035
0.0,-0.035
0.0,-0.035
0.0,-0.035
0.0,-0.035
0.1,-0.035
0.1,-0.035
0.1,-0.035
0.1,-0.035
0.1,-0.035
0.1,-0.035
0.1,-0.035
0.1,-0.035
0.1,-0.035
0.1,-0.035
0.1,-0.035
0.1,-0.035
0.0,-0.035
0.0,-0.035
0.0,-0.035
0.0,-0.035
0.0,-0.035
0.0,-0.035
0.0,-0.035
0.0,-0.035
0.1,-0.035
0.1,-0.035
0.1,-0.035
0.1,-0.035
0.1,-0.035
0.1,-0.035
0.1,-0.035
0.0,-0.035
0.0,-0.035
0.0,-0.035
0.0,-0.035
0.0,-0.035
0.0,-0.035
0.0,-0.035
0.0,-0.035
0.0,-0.035
0.0,-0.035
0.0,-0.035
0.0,-0.035
0.0,-0.035
0.0,-0.035
0.1,-0.035
0.1,-0.035
0.1,-0.035
0.1,-0.035
0.1,-0.035
0.1,-0.035
0.1,-0.035
0.1,-0.035
0.1,-0.035
0.1,-0.035
0.0,-0.035
0.0,-0.035
0.0,-0.035
0.0,-0.035
0.0,-0.035
0.0,-0.035
0.0,-0.035
0.0,-0.035
0.0,-0.035
0.1,-0.035
0.1,-0.035
0.1,-0.035
0.1,-0.035
0.1,-0.035
0.1,-0.035
0.1,-0.035
0.1,-0.035
0.0,-0.035
0.1,-0.035
0.1,-0.035
0.0,-0.035
0.0,-0.035
0.0,-0.035
0.0,-0.035
0.0,-0.035
0.0,-0.035
0.0,-0.035
0.0,-0.035
0.0,-0.035
0.0,-0.035
0.0,-0.035
0.1,-0.035
0.1,-0.035
0.1,-0.035
0.1,-0.035
0.1,-0.035
0.1,-0.035
0.1,-0.035
0.1,-0.035
0.1,-0.035
0.1,-0.035
0.1,-0.035
0.0,-0.035
0.0,-0.035
0.0,-0.035
0.0,-0.035
0.0,-0.035
0.0,-0.035
0.0,-0.035
0.0,-0.035
0.0,-0.035
0.0,-0.035
0.1,-0.035
0.1,-0.035
0.1,-0.035
0.1,-0.035
0.1,-0.035
0.1,-0.035
0.1,-0.035
0.1,-0.035
0.0,-0.035
0.0,-0.035
0.0,-0.035
0.0,-0.035
0.0,-0.035
0.0,-0.035
0.0,-0.035
0.0,-0.035
0.0,-0.035
0.0,-0.035
0.0,-0.035
0.0,-0.035
0.0,-0.035
0.0,-0.035
0.0,-0.035
0.0,-0.035
0.0,-0.035
0.0,-0.035
0.0,-0.035
0.0,-0.035
0.0,-0.035
0.0,-0.035
0.0,-0.035
0.0,-0.035
0.0,-0.035
0.0,-0.035
0.0,-0.035
0.0,-0.035
0.0,-0.035
0.0,-0.035
0.0,-0.035
0.0,-0.035
0.0,-0.035
0.0,-0.035
0.0,-0.035
0.1,-0.035
0.1,-0.035
0.1,-0.035
0.1,-0.035
0.1,-0.035
0.1,-0.035
0.1,-0.035
0.1,-0.035
0.1,-0.035
0.0,-0.035
0.0,-0.035
0.0,-0.035
0.0,-0.035
0.0,-0.035
0.0,-0.035
0.0,-0.035
0.1,-0.035
0.1,-0.035
0.1,-0.035
0.1,-0.035
0.1,-0.035
0.1,-0.035
0.1,-0.035
0.1,-0.035
0.0,-0.035
0.0,-0.035
0.0,-0.035
0.0,-0.035
0.0,-0.035
0.0,-0.035
0.0,-0.035
0.0,-0.035
0.0,-0.035
0.0,-0.035
0.0,-0.035
0.0,-0.035
0.0,-0.035
0.0,-0.035
0.0,-0.035
0.0,-0.035
0.0,-0.035
0.0,-0.035
0.0,-0.035
0.0,-0.035
0.0,-0.035
0.0,-0.035
0.0,-0.035
0.0,-0.035
0.0,-0.035
0.0,-0.035
0.0,-0.035
0.0,-0.035
0.0,-0.035
0.0,-0.035
0.0,-0.035
0.0,-0.035
0.0,-0.035
0.1,-0.035
0.1,-0.035
0.1,-0.035
0.1,-0.035
0.1,-0.035
0.1,-0.035
0.1,-0.035
0.1,-0.035
0.1,-0.035
0.1,-0.035
0.1,-0.035
0.0,-0.035
0.0,-0.035
0.0,-0.035
0.0,-0.035
0.0,-0.035
0.0,-0.035
0.1,-0.035
0.1,-0.035
0.1,-0.035
0.1,-0.035
0.1,-0.035
0.1,-0.035
0.1,-0.035
0.1,-0.035
0.1,-0.035
0.1,-0.035
0.1,-0.035
0.1,-0.035
0.1,-0.035
0.1,-0.035
0.0,-0.035
0.0,-0.035
0.0,-0.035
0.0,-0.035
0.0,-0.035
0.0,-0.035
0.0,-0.035
0.1,-0.035
0.0,-0.035
0.1,-0.035
0.1,-0.035
0.1,-0.035
0.1,-0.035
0.1,-0.035
0.0,-0.035
0.1,-0.035
0.0,-0.035
0.0,-0.035
0.0,-0.035
0.0,-0.035
0.0,-0.035
0.0,-0.035
0.0,-0.035
0.0,-0.035
0.0,-0.035
0.0,-0.035
0.0,-0.035
0.0,-0.035
0.0,-0.035
0.0,-0.035
0.1,-0.035
0.1,-0.035
0.1,-0.035
0.1,-0.035
0.1,-0.035
0.1,-0.035
0.1,-0.035
0.0,-0.035
0.0,-0.035
0.0,-0.035
0.0,-0.035
0.0,-0.035
0.0,-0.035
0.0,-0.035
0.0,-0.035
0.1,-0.035
0.1,-0.035
0.1,-0.035
0.1,-0.035
0.1,-0.035
0.1,-0.035
0.1,-0.035
0.1,-0.035
0.1,-0.035
0.1,-0.035
0.1,-0.035
0.1,-0.035
0.1,-0.035
0.1,-0.035
0.1,-0.035
0.1,-0.035
0.1,-0.035
0.1,-0.035
0.1,-0.035
0.1,-0.035
0.1,-0.035
0.1,-0.035
0.1,-0.035
0.1,-0.035
0.1,-0.035
0.1,-0.035
0.1,-0.035
0.1,-0.035
0.1,-0.035
0.1,-0.035
0.1,-0.035
0.1,-0.035
0.1,-0.035
0.1,-0.035
0.1,-0.035
0.0,-0.035
0.0,-0.035
0.0,-0.035
0.0,-0.035
0.0,-0.035
0.0,-0.035
0.0,-0.035
0.0,-0.035
0.1,-0.035
0.1,-0.035
0.1,-0.035
0.1,-0.035
0.1,-0.035
0.1,-0.035
0.1,-0.035
0.1,-0.035
0.1,-0.035
0.1,-0.035
0.0,-0.035
0.0,-0.035
0.0,-0.035
0.0,-0.035
0.0,-0.035
0.0,-0.035
0.0,-0.035
0.0,-0.035
0.0,-0.035
0.0,-0.035
0.0,-0.035
0.0,-0.035
0.0,-0.035
0.0,-0.035
0.0,-0.035
0.0,-0.035
0.0,-0.035
0.0,-0.035
0.0,-0.035
0.0,-0.035
0.0,-0.035
0.0,-0.035
0.0,-0.035
0.0,-0.035
0.0,-0.035
0.0,-0.035
0.0,-0.035
0.0,-0.035
0.0,-0.035
0.0,-0.035
0.0,-0.035
0.0,-0.035
0.0,-0.035
0.0,-0.035
0.0,-0.035
0.0,-0.035
0.0,-0.035
0.0,-0.035
0.0,-0.035
0.0,-0.035
0.0,-0.035
0.0,-0.035
0.0,-0.035
0.0,-0.035
0.0,-0.035
0.0,-0.035
0.0,-0.035
0.0,-0.035
0.0,-0.035
0.0,-0.035
0.0,-0.035
0.0,-0.035
0.0,-0.035
0.0,-0.035
0.0,-0.035
0.0,-0.035
0.0,-0.035
0.1,-0.035
0.1,-0.035
0.1,-0.035
0.1,-0.035
0.1,-0.035
0.0,-0.035
0.0,-0.035
0.0,-0.035
0.0,-0.035
0.0,-0.035
0.0,-0.035
0.0,-0.035
0.0,-0.035
0.0,-0.035
0.0,-0.035
0.0,-0.035
0.0,-0.035
0.0,-0.035
0.0,-0.035
0.0,-0.035
0.0,-0.035
0.0,-0.035
0.0,-0.035
0.0,-0.035
0.0,-0.035
0.0,-0.035
0.0,-0.035
0.0,-0.035
0.0,-0.035
0.0,-0.035
0.0,-0.035
0.0,-0.035
0.0,-0.035
0.0,-0.035
0.0,-0.035
0.0,-0.035
0.0,-0.035
0.0,-0.035
0.0,-0.035
0.0,-0.035
0.0,-0.035
0.0,-0.035
0.0,-0.035
0.0,-0.035
0.0,-0.035
0.0,-0.035
0.0,-0.035
0.0,-0.035
0.0,-0.035
0.0,-0.035
0.0,-0.035
0.0,-0.035
0.0,-0.035
0.0,-0.035
0.0,-0.035
0.0,-0.035
0.0,-0.035
0.0,-0.035
0.0,-0.035
0.0,-0.035
0.0,-0.035
0.0,-0.035
0.0,-0.035
0.0,-0.035
0.0,-0.035
0.0,-0.035
0.0,-0.035
0.0,-0.035
0.0,-0.035
0.1,-0.035
0.1,-0.035
0.1,-0.035
0.1,-0.035
0.1,-0.035
0.1,-0.035
0.1,-0.035
0.1,-0.035
0.1,-0.035
0.1,-0.035
0.0,-0.035
0.0,-0.035
0.0,-0.035
0.0,-0.035
0.0,-0.035
0.0,-0.035
0.0,-0.035
0.0,-0.035
0.0,-0.035
0.0,-0.035
0.0,-0.035
0.0,-0.035
0.0,-0.035
0.0,-0.035
0.0,-0.035
0.0,-0.035
0.0,-0.035
0.0,-0.035
0.0,-0.035
0.0,-0.035
0.0,-0.035
0.0,-0.035
0.0,-0.035
0.0,-0.035
0.0,-0.035
0.0,-0.035
0.0,-0.035
0.0,-0.035
0.0,-0.035
0.0,-0.035
0.0,-0.035
0.0,-0.035
0.0,-0.035
0.0,-0.035
0.0,-0.035
0.0,-0.035
0.0,-0.035
0.0,-0.035
0.0,-0.035
0.0,-0.035
0.0,-0.035
0.0,-0.035
0.0,-0.035
0.0,-0.035
0.0,-0.035
0.0,-0.035
0.0,-0.035
0.0,-0.035
0.0,-0.035
0.0,-0.035
0.0,-0.035
0.0,-0.035
0.0,-0.035
0.1,-0.035
0.1,-0.035
0.1,-0.035
0.1,-0.035
0.1,-0.035
0.1,-0.035
0.1,-0.035
0.1,-0.035
0.1,-0.035
0.1,-0.035
0.1,-0.035
0.1,-0.035
0.1,-0.035
0.1,-0.035
0.1,-0.035
0.0,-0.035
0.0,-0.035
0.0,-0.035
0.0,-0.035
0.0,-0.035
0.0,-0.035
0.0,-0.035
0.0,-0.035
0.0,-0.035
0.0,-0.035
0.1,-0.035
0.1,-0.035
0.1,-0.035
0.1,-0.035
0.1,-0.035
0.1,-0.035
0.1,-0.035
0.1,-0.035
0.1,-0.035
0.1,-0.035
0.1,-0.035
0.0,-0.035
0.0,-0.035
0.0,-0.035
0.0,-0.035
0.0,-0.035
0.0,-0.035
0.0,-0.035
0.0,-0.035
0.0,-0.035
0.0,-0.035
0.0,-0.035
0.0,-0.035
0.0,-0.035
0.0,-0.035
0.0,-0.035
0.0,-0.035
0.0,-0.035
0.0,-0.035
0.0,-0.035
0.0,-0.035
0.0,-0.035
0.0,-0.035
0.0,-0.035
0.0,-0.035
0.0,-0.035
0.0,-0.035
0.0,-0.035
0.0,-0.035
0.0,-0.035
0.0,-0.035
0.0,-0.035
0.0,-0.035
0.0,-0.035
0.0,-0.035
0.0,-0.035
0.0,-0.035
0.0,-0.035
0.0,-0.035
0.0,-0.035
0.0,-0.035
0.0,-0.035
0.0,-0.035
0.0,-0.035
0.0,-0.035
0.0,-0.035
0.0,-0.035
0.0,-0.035
0.0,-0.035
0.0,-0.035
0.0,-0.035
0.0,-0.035
0.0,-0.035
0.0,-0.035
0.0,-0.035
0.0,-0.035
0.0,-0.035
0.0,-0.035
0.0,-0.035
0.0,-0.035
0.0,-0.035
0.0,-0.035
0.0,-0.035
0.0,-0.035
0.0,-0.035
0.0,-0.035
0.0,-0.035
0.0,-0.035
0.0,-0.035
0.0,-0.035
0.0,-0.035
0.0,-0.035
0.0,-0.035
0.0,-0.035
0.0,-0.035
0.0,-0.035
0.0,-0.035
0.0,-0.035
0.0,-0.035
0.0,-0.035
0.0,-0.035
0.0,-0.035
0.0,-0.035
0.0,-0.035
0.0,-0.035
0.0,-0.035
0.0,-0.035
0.0,-0.035
0.0,-0.035
0.0,-0.035
0.0,-0.035
0.0,-0.035
0.0,-0.035
0.0,-0.035
0.0,-0.035
0.0,-0.035
0.0,-0.035
0.0,-0.035
0.0,-0.035
0.0,-0.035
0.0,-0.035
0.0,-0.035
0.0,-0.035
0.0,-0.035
0.0,-0.035
0.0,-0.035
0.0,-0.035
0.0,-0.035
0.0,-0.035
0.0,-0.035
0.0,-0.035
0.0,-0.035
0.0,-0.035
0.0,-0.035
0.0,-0.035
0.0,-0.035
0.0,-0.035
0.0,-0.035
0.0,-0.035
0.0,-0.035
0.0,-0.035
0.0,-0.035
0.0,-0.035
0.0,-0.035
0.0,-0.035
0.0,-0.035
0.0,-0.035
0.0,-0.035
0.0,-0.035
0.0,-0.035
0.0,-0.035
0.0,-0.035
0.0,-0.035
0.0,-0.035
0.0,-0.035
0.0,-0.035
0.0,-0.035
0.0,-0.035
0.0,-0.035
0.0,-0.035
0.0,-0.035
0.0,-0.035
0.0,-0.035
0.0,-0.035
0.0,-0.035
0.0,-0.035
0.0,-0.035
0.0,-0.035
0.0,-0.035
0.0,-0.035
0.0,-0.035
0.0,-0.035
0.0,-0.035
0.0,-0.035
0.0,-0.035
0.0,-0.035
0.0,-0.035
0.0,-0.035
0.0,-0.035
0.0,-0.035
0.0,-0.035
0.0,-0.035
0.0,-0.035
0.0,-0.035
0.0,-0.035
0.0,-0.035
0.0,-0.035
0.0,-0.035
0.0,-0.035
0.0,-0.035
0.0,-0.035
0.0,-0.035
0.0,-0.035
0.0,-0.035
0.0,-0.035
0.0,-0.035
0.0,-0.035
0.0,-0.035
0.0,-0.035
0.0,-0.035
0.0,-0.035
0.0,-0.035
0.0,-0.035
0.0,-0.035
0.0,-0.035
0.0,-0.035
0.0,-0.035
0.0,-0.035
0.0,-0.035
0.0,-0.035
0.0,-0.035
0.0,-0.035
0.0,-0.035
0.0,-0.035
0.0,-0.035
0.0,-0.035
0.0,-0.035
0.0,-0.035
0.0,-0.035
0.0,-0.035
0.0,-0.035
0.0,-0.035
0.0,-0.035
0.0,-0.035
0.0,-0.035
0.0,-0.035
0.0,-0.035
0.0,-0.035
0.0,-0.035
0.0,-0.035
0.0,-0.035
0.0,-0.035
0.0,-0.035
0.0,-0.035
0.0,-0.035
0.0,-0.035
0.0,-0.035
0.0,-0.035
0.0,-0.035
0.0,-0.035
0.0,-0.035
0.0,-0.035
0.0,-0.035
0.0,-0.035
0.0,-0.035
0.0,-0.035
0.0,-0.035
0.0,-0.035
0.0,-0.035
0.0,-0.035
0.0,-0.035
0.0,-0.035
0.0,-0.035
0.0,-0.035
0.0,-0.035
0.0,-0.035
0.0,-0.035
0.0,-0.035
0.0,-0.035
0.0,-0.035
0.0,-0.035
0.0,-0.035
0.0,-0.035
0.0,-0.035
0.0,-0.035
0.0,-0.035
0.0,-0.035
0.0,-0.035
0.0,-0.035
0.0,-0.035
0.0,-0.035
0.0,-0.035
0.0,-0.035
0.0,-0.035
0.0,-0.035
0.0,-0.035
0.0,-0.035
0.0,-0.035
0.0,-0.035
0.0,-0.035
0.0,-0.035
0.0,-0.035
0.0,-0.035
0.0,-0.035
0.0,-0.035
0.0,-0.035
0.0,-0.035
0.0,-0.035
-0.1,-0.035
-0.1,-0.035
-0.1,-0.035
-0.1,-0.035
-0.1,-0.035
-0.1,-0.035
-0.1,-0.035
0.0,-0.035
0.1,-0.035
0.1,-0.035
0.2,-0.035
0.3,-0.035
0.4,-0.035
0.4,-0.035
0.4,-0.035
0.3,-0.035
0.3,-0.035
0.1,-0.035
0.0,-0.035
-0.1,-0.035
-0.2,-0.035
-0.3,-0.035
-0.4,-0.035
-0.4,-0.035
-0.4,-0.035
-0.3,-0.035
-0.2,-0.035
0.0,-0.035
0.1,-0.035
0.3,-0.035
0.5,-0.035
0.6,-0.035
0.7,-0.035
0.7,-0.035
0.6,-0.035
0.5,-0.035
0.3,-0.035
0.1,-0.035
-0.1,-0.035
-0.4,-0.035
-0.5,-0.035
-0.7,-0.035
-0.8,-0.035
-0.8,-0.035
-0.7,-0.035
-0.5,-0.035
-0.3,-0.035
0.0,-0.035
0.3,-0.035
0.5,-0.035
0.7,-0.035
0.9,-0.035
1.0,-0.035
1.0,-0.035
0.9,-0.035
0.7,-0.035
0.4,-0.035
0.1,-0.035
-0.2,-0.035
-0.6,-0.035
-0.8,-0.035
-1.0,-0.035
-1.1,-0.035
-1.1,-0.035
-0.9,-0.035
-0.7,-0.035
-0.4,-0.035
-0.1,-0.035
0.3,-0.035
0.6,-0.035
0.9,-0.035
1.1,-0.035
1.2,-0.035
1.2,-0.035
1.0,-0.035
0.8,-0.035
0.5,-0.035
0.2,-0.035
-0.2,-0.035
-0.5,-0.035
-0.8,-0.035
-1.0,-0.035
-1.1,-0.035
-1.1,-0.035
-1.0,-0.035
-0.8,-0.035
-0.5,-0.035
-0.1,-0.035
0.2,-0.035
0.6,-0.035
0.9,-0.035
1.1,-0.035
1.2,-0.035
1.2,-0.035
1.1,-0.035
0.9,-0.035
0.6,-0.035
0.2,-0.035
-0.1,-0.035
-0.5,-0.035
-0.7,-0.035
-0.9,-0.035
-1.1,-0.035
-1.0,-0.035
-0.9,-0.035
-0.7,-0.035
-0.4,-0.035
-0.1,-0.035
0.3,-0.035
0.6,-0.035
0.9,-0.035
1.1,-0.035
1.2,-0.035
1.2,-0.035
1.0,-0.035
0.8,-0.035
0.5,-0.035
0.2,-0.035
-0.2,-0.035
-0.5,-0.035
-0.7,-0.035
-0.9,-0.035
-1.0,-0.035
-1.0,-0.035
-0.8,-0.035
-0.6,-0.035
-0.4,-0.035
-0.1,-0.035
0.3,-0.035
0.5,-0.035
0.8,-0.035
0.9,-0.035
1.0,-0.035
0.9,-0.035
0.8,-0.035
0.6,-0.035
0.4,-0.035
0.1,-0.035
-0.2,-0.035
-0.4,-0.035
-0.6,-0.035
-0.8,-0.035
-0.8,-0.035
-0.8,-0.035
-0.7,-0.035
-0.5,-0.035
-0.2,-0.035
0.0,-0.035
0.3,-0.035
0.5,-0.035
0.7,-0.035
0.8,-0.035
0.8,-0.035
0.7,-0.035
0.6,-0.035
0.4,-0.035
0.2,-0.035
-0.1,-0.035
-0.3,-0.035
-0.5,-0.035
-0.6,-0.035
-0.7,-0.035
-0.7,-0.035
-0.6,-0.035
-0.5,-0.035
-0.3,-0.035
-0.1,-0.035
0.1,-0.035
0.4,-0.035
0.5,-0.035
0.7,-0.035
0.7,-0.035
0.7,-0.035
0.6,-0.035
0.4,-0.035
0.3,-0.035
0.0,-0.035
-0.1,-0.035
-0.3,-0.035
-0.5,-0.035
-0.6,-0.035
-0.6,-0.035
-0.6,-0.035
-0.5,-0.035
-0.4,-0.035
-0.2,-0.035
0.0,-0.035
0.2,-0.035
0.4,-0.035
0.6,-0.035
0.7,-0.035
0.7,-0.035
0.7,-0.035
0.6,-0.035
0.4,-0.035
0.2,-0.035
0.0,-0.035
-0.2,-0.035
-0.3,-0.035
-0.5,-0.035
-0.5,-0.035
-0.5,-0.035
-0.5,-0.035
-0.4,-0.035
-0.3,-0.035
-0.1,-0.035
0.1,-0.035
0.3,-0.035
0.4,-0.035
0.5,-0.035
0.6,-0.035
0.6,-0.035
0.5,-0.035
0.4,-0.035
0.3,-0.035
0.1,-0.035
0.0,-0.035
-0.2,-0.035
-0.3,-0.035
-0.4,-0.035
-0.4,-0.035
-0.4,-0.035
-0.4,-0.035
-0.3,-0.035
-0.2,-0.035
0.0,-0.035
0.1,-0.035
0.3,-0.035
0.4,-0.035
0.5,-0.035
0.5,-0.035
0.5,-0.035
0.4,-0.035
0.3,-0.035
0.2,-0.035
0.1,-0.035
-0.1,-0.035
-0.2,-0.035
-0.3,-0.035
-0.4,-0.035
-0.4,-0.035
-0.4,-0.035
-0.3,-0.035
-0.2,-0.035
-0.1,-0.035
0.0,-0.035
0.2,-0.035
0.3,-0.035
0.3,-0.035
0.4,-0.035
0.4,-0.035
0.4,-0.035
0.4,-0.035
0.3,-0.035
0.2,-0.035
0.1,-0.035
-0.1,-0.035
-0.2,-0.035
-0.3,-0.035
-0.3,-0.035
-0.4,-0.035
-0.4,-0.035
-0.3,-0.035
-0.2,-0.035
-0.1,-0.035
0.0,-0.035
0.1,-0.035
0.2,-0.035
0.3,-0.035
0.3,-0.035
0.4,-0.035
0.4,-0.035
0.3,-0.035
0.2,-0.035
0.2,-0.035
0.1,-0.035
0.0,-0.035
-0.2,-0.035
-0.2,-0.035
-0.2,-0.035
-0.2,-0.035
-0.2,-0.035
-0.2,-0.035
-0.1,-0.035
0.0,-0.035
0.1,-0.035
0.2,-0.035
0.3,-0.035
0.3,-0.035
0.3,-0.035
0.3,-0.035
0.3,-0.035
0.2,-0.035
0.1,-0.035
0.1,-0.035
0.0,-0.035
-0.1,-0.035
-0.2,-0.035
-0.2,-0.035
-0.2,-0.035
-0.2,-0.035
-0.2,-0.035
-0.1,-0.035
0.0,-0.035
0.1,-0.035
0.2,-0.035
0.3,-0.035
0.3,-0.035
0.3,-0.035
0.3,-0.035
0.3,-0.035
0.3,-0.030
0.2,-0.030
0.1,-0.030
0.0,-0.030
-0.1,-0.030
-0.1,-0.030
-0.2,-0.030
-0.2,-0.030
-0.2,-0.030
-0.2,-0.030
-0.1,-0.030
0.0,-0.030
0.0,-0.030
0.1,-0.030
0.2,-0.030
0.2,-0.030
0.3,-0.030
0.3,-0.030
0.3,-0.030
0.3,-0.030
0.2,-0.030
0.1,-0.030
0.0,-0.030
0.0,-0.030
-0.1,-0.030
-0.2,-0.030
-0.2,-0.030
-0.2,-0.030
-0.2,-0.030
-0.2,-0.030
-0.1,-0.030
0.0,-0.030
0.0,-0.030
0.1,-0.030
0.2,-0.030
0.2,-0.030
0.2,-0.030
0.2,-0.030
0.2,-0.030
0.2,-0.030
0.1,-0.030
0.0,-0.030
0.0,-0.030
-0.1,-0.030
-0.2,-0.030
-0.2,-0.030
-0.2,-0.030
-0.2,-0.030
-0.1,-0.030
-0.1,-0.030
0.0,-0.030
0.0,-0.030
0.1,-0.030
0.1,-0.030
0.1,-0.030
0.1,-0.030
0.2,-0.030
0.2,-0.030
0.2,-0.030
0.1,-0.030
0.1,-0.030
0.1,-0.030
0.0,-0.030
0.0,-0.030
-0.1,-0.030
-0.1,-0.030
-0.1,-0.030
-0.1,-0.030
-0.1,-0.030
-0.1,-0.030
-0.1,-0.030
0.0,-0.030
0.1,-0.030
0.1,-0.030
0.1,-0.030
0.2,-0.030
0.2,-0.030
0.2,-0.030
0.2,-0.030
0.1,-0.030
0.1,-0.030
0.0,-0.030
-0.1,-0.030
-0.1,-0.030
-0.1,-0.030
-0.2,-0.030
-0.2,-0.030
-0.2,-0.030
-0.2,-0.030
-0.1,-0.030
0.0,-0.030
0.0,-0.030
0.1,-0.030
0.1,-0.030
0.2,-0.030
0.2,-0.030
0.2,-0.030
0.2,-0.030
0.2,-0.030
0.1,-0.030
0.0,-0.030
0.0,-0.030
-0.1,-0.030
-0.1,-0.030
-0.1,-0.030
-0.2,-0.030
-0.2,-0.030
-0.2,-0.030
-0.2,-0.030
-0.1,-0.030
0.0,-0.030
0.0,-0.030
0.1,-0.030
0.1,-0.030
0.2,-0.030
0.2,-0.030
0.2,-0.030
0.2,-0.030
0.2,-0.030
0.2,-0.030
0.1,-0.030
0.0,-0.030
0.0,-0.030
-0.1,-0.030
-0.1,-0.030
-0.1,-0.030
-0.1,-0.030
-0.1,-0.030
-0.1,-0.030
-0.1,-0.030
0.0,-0.030
0.1,-0.030
0.1,-0.030
0.2,-0.030
0.2,-0.030
0.2,-0.030
0.2,-0.030
0.2,-0.030
0.1,-0.030
0.1,-0.030
0.1,-0.030
0.0,-0.030
0.0,-0.030
-0.1,-0.030
-0.1,-0.030
-0.1,-0.030
-0.1,-0.030
-0.1,-0.030
-0.1,-0.030
0.0,-0.030
0.1,-0.030
0.1,-0.030
0.1,-0.030
0.1,-0.030
0.2,-0.030
0.2,-0.030
0.2,-0.030
0.1,-0.030
0.2,-0.030
0.2,-0.030
0.1,-0.030
0.0,-0.030
0.0,-0.030
0.0,-0.030
0.0,-0.030
0.0,-0.030
0.0,-0.030
0.0,-0.030
0.0,-0.030
0.0,-0.030
0.0,-0.030
0.0,-0.030
0.1,-0.030
0.1,-0.030
0.1,-0.030
0.1,-0.025
0.1,-0.025
0.1,-0.025
0.1,-0.025
0.0,-0.025
-0.1,-0.025
-0.1,-0.025
-0.1,-0.025
-0.1,-0.025
-0.1,-0.025
-0.1,-0.025
-0.1,-0.025
-0.1,-0.025
-0.1,-0.025
-0.1,-0.025
0.1,-0.025
0.1,-0.025
0.1,-0.025
0.1,-0.025
0.1,-0.025
0.1,-0.025
0.1,-0.025
0.1,-0.025
0.0,-0.025
0.0,-0.025
0.0,-0.025
0.0,-0.025
0.0,-0.025
0.0,-0.025
0.0,-0.025
0.0,-0.025
0.0,-0.025
0.0,-0.025
0.0,-0.025
0.0,-0.025
0.1,-0.025
0.1,-0.025
0.1,-0.025
0.1,-0.025
0.2,-0.025
0.1,-0.025
0.1,-0.025
0.1,-0.025
0.1,-0.025
0.1,-0.025
0.0,-0.025
0.0,-0.025
0.0,-0.025
0.0,-0.025
0.0,-0.025
0.0,-0.025
0.0,-0.025
0.0,-0.025
0.0,-0.025
0.0,-0.025
0.0,-0.025
0.0,-0.025
0.0,-0.025
0.0,-0.025
0.1,-0.025
0.1,-0.025
0.1,-0.025
0.1,-0.025
0.1,-0.025
0.1,-0.025
0.1,-0.025
0.1,-0.025
0.1,-0.025
0.0,-0.025
0.0,-0.025
0.0,-0.025
0.0,-0.025
0.0,-0.025
0.0,-0.025
0.0,-0.025
0.0,-0.025
0.0,-0.025
0.0,-0.025
0.0,-0.025
0.1,-0.025
0.1,-0.025
0.1,-0.025
0.1,-0.025
0.1,-0.025
0.1,-0.025
0.1,-0.025
0.0,-0.025
0.0,-0.025
0.0,-0.025
0.0,-0.025
0.0,-0.025
0.0,-0.025
0.0,-0.025
0.0,-0.025
0.0,-0.025
0.1,-0.025
0.1,-0.025
0.1,-0.025
0.1,-0.025
0.1,-0.025
0.1,-0.025
0.1,-0.025
0.1,-0.025
0.1,-0.025
0.0,-0.025
0.0,-0.025
0.0,-0.025
0.0,-0.025
0.0,-0.025
0.0,-0.025
0.0,-0.025
0.0,-0.025
0.1,-0.025
0.1,-0.025
0.1,-0.025
0.1,-0.025
0.1,-0.025
0.1,-0.025
0.1,-0.025
0.1,-0.025
0.1,-0.025
0.1,-0.025
0.1,-0.025
0.1,-0.025
0.1,-0.025
0.1,-0.025
0.1,-0.025
0.1,-0.025
0.1,-0.025
0.1,-0.025
0.1,-0.025
0.0,-0.025
0.0,-0.025
0.0,-0.025
0.0,-0.025
0.0,-0.025
0.0,-0.025
0.0,-0.025
0.0,-0.025
0.0,-0.025
0.0,-0.025
0.0,-0.025
0.0,-0.025
0.0,-0.025
0.0,-0.025
0.0,-0.025
0.0,-0.025
0.0,-0.025
0.0,-0.025
0.0,-0.025
0.1,-0.025
0.1,-0.025
0.1,-0.025
0.1,-0.025
0.1,-0.025
0.1,-0.025
0.1,-0.025
0.1,-0.025
0.1,-0.025
0.0,-0.025
0.0,-0.025
0.0,-0.025
0.0,-0.025
0.0,-0.025
0.0,-0.025
0.0,-0.025
0.0,-0.025
0.0,-0.025
0.0,-0.025
0.0,-0.025
0.0,-0.025
0.0,-0.025
0.0,-0.025
0.0,-0.025
0.0,-0.025
0.0,-0.025
0.0,-0.025
0.0,-0.025
0.0,-0.025
0.0,-0.025
0.0,-0.025
0.0,-0.025
0.0,-0.025
0.0,-0.025
0.0,-0.025
0.0,-0.025
0.0,-0.025
0.0,-0.025
0.0,-0.025
0.0,-0.025
0.0,-0.025
0.0,-0.025
0.0,-0.025
0.1,-0.025
0.1,-0.025
0.1,-0.025
0.1,-0.025
0.1,-0.025
0.1,-0.025
0.1,-0.025
0.1,-0.025
0.1,-0.025
0.0,-0.025
0.0,-0.025
0.0,-0.025
0.0,-0.025
0.0,-0.025
0.0,-0.025
0.0,-0.025
0.0,-0.025
0.0,-0.025
0.0,-0.025
0.0,-0.025
0.0,-0.025
0.0,-0.025
0.1,-0.025
0.1,-0.025
0.1,-0.020
0.1,-0.020
0.1,-0.020
0.0,-0.020
0.0,-0.020
0.0,-0.020
0.0,-0.020
0.0,-0.020
0.0,-0.020
0.0,-0.020
0.0,-0.020
0.0,-0.020
0.0,-0.020
0.0,-0.020
0.0,-0.020
0.0,-0.020
0.0,-0.020
0.0,-0.020
0.0,-0.020
0.0,-0.020
0.0,-0.020
0.0,-0.020
0.0,-0.020
-0.1,-0.020
0.0,-0.020
0.0,-0.020
0.0,-0.020
0.0,-0.020
0.0,-0.020
0.0,-0.020
0.0,-0.020
0.0,-0.020
0.0,-0.020
0.0,-0.020
0.0,-0.020
0.0,-0.020
0.0,-0.020
0.0,-0.020
0.0,-0.020
0.0,-0.020
0.0,-0.020
0.0,-0.020
-0.1,-0.020
0.0,-0.020
0.0,-0.020
0.0,-0.020
0.0,-0.020
0.0,-0.020
0.0,-0.020
0.1,-0.020
0.1,-0.020
0.1,-0.020
0.1,-0.020
0.1,-0.020
0.1,-0.020
0.1,-0.020
0.1,-0.020
0.1,-0.020
0.1,-0.020
0.1,-0.020
0.0,-0.020
0.0,-0.020
-0.1,-0.020
-0.1,-0.020
-0.1,-0.020
-0.2,-0.020
-0.2,-0.020
-0.2,-0.020
-0.1,-0.020
0.0,-0.020
0.1,-0.020
0.2,-0.020
0.3,-0.020
0.4,-0.020
0.5,-0.020
0.6,-0.020
0.6,-0.020
0.6,-0.020
0.5,-0.020
0.3,-0.020
0.1,-0.020
0.0,-0.020
-0.2,-0.020
-0.4,-0.020
-0.5,-0.020
-0.6,-0.020
-0.7,-0.020
-0.7,-0.020
-0.6,-0.020
-0.4,-0.020
-0.2,-0.020
0.0,-0.020
0.2,-0.020
0.4,-0.020
0.5,-0.020
0.6,-0.020
0.6,-0.020
0.6,-0.020
0.5,-0.020
0.3,-0.020
0.2,-0.020
0.0,-0.020
-0.2,-0.020
-0.3,-0.020
-0.4,-0.020
-0.5,-0.020
-0.5,-0.020
-0.5,-0.020
-0.4,-0.020
-0.3,-0.020
-0.1,-0.020
0.1,-0.020
0.2,-0.020
0.4,-0.020
0.5,-0.020
0.5,-0.020
0.5,-0.020
0.5,-0.020
0.4,-0.020
0.2,-0.020
0.1,-0.020
-0.1,-0.020
-0.2,-0.020
-0.3,-0.020
-0.4,-0.020
-0.4,-0.020
-0.4,-0.020
-0.3,-0.020
-0.2,-0.020
-0.1,-0.020
0.1,-0.020
0.2,-0.020
0.3,-0.020
0.5,-0.020
0.5,-0.020
0.5,-0.020
0.5,-0.020
0.5,-0.020
0.4,-0.020
0.2,-0.020
0.1,-0.020
-0.1,-0.020
-0.2,-0.020
-0.3,-0.020
-0.4,-0.020
-0.4,-0.020
-0.4,-0.020
-0.3,-0.020
-0.3,-0.020
-0.1,-0.020
0.0,-0.020
0.2,-0.020
0.3,-0.020
0.4,-0.020
0.5,-0.020
0.6,-0.020
0.5,-0.020
0.5,-0.020
0.3,-0.020
0.2,-0.020
0.0,-0.020
-0.1,-0.020
-0.3,-0.020
-0.4,-0.020
-0.5,-0.020
-0.5,-0.020
-0.5,-0.020
-0.3,-0.020
-0.2,-0.020
0.0,-0.020
0.1,-0.020
0.3,-0.020
0.4,-0.020
0.5,-0.020
0.5,-0.020
0.5,-0.020
0.3,-0.020
0.2,-0.020
0.1,-0.020
-0.1,-0.020
-0.3,-0.020
-0.4,-0.020
-0.5,-0.020
-0.5,-0.020
-0.5,-0.020
-0.5,-0.020
-0.4,-0.020
-0.2,-0.020
-0.1,-0.020
0.1,-0.020
0.3,-0.020
0.4,-0.020
0.5,-0.020
0.6,-0.020
0.6,-0.020
0.5,-0.020
0.4,-0.020
0.2,-0.020
0.0,-0.020
-0.1,-0.020
-0.3,-0.020
-0.4,-0.020
-0.5,-0.020
-0.5,-0.020
-0.5,-0.020
-0.4,-0.020
-0.3,-0.020
-0.1,-0.020
0.0,-0.020
0.2,-0.020
0.3,-0.020
0.5,-0.020
0.5,-0.020
0.5,-0.020
0.5,-0.020
0.4,-0.020
0.3,-0.020
0.1,-0.020
0.0,-0.020
-0.2,-0.020
-0.3,-0.020
-0.4,-0.020
-0.4,-0.020
-0.4,-0.020
-0.3,-0.020
-0.3,-0.020
-0.1,-0.020
0.0,-0.020
0.1,-0.020
0.3,-0.020
0.4,-0.020
0.5,-0.020
0.5,-0.020
0.5,-0.020
0.4,-0.020
0.3,-0.020
0.2,-0.020
0.1,-0.020
-0.1,-0.020
-0.2,-0.020
-0.3,-0.020
-0.4,-0.020
-0.4,-0.020
-0.4,-0.020
-0.3,-0.020
-0.2,-0.020
-0.1,-0.020
0.0,-0.015
0.1,-0.015
0.2,-0.015
0.3,-0.015
0.4,-0.015
0.4,-0.015
0.4,-0.015
0.4,-0.015
0.2,-0.015
0.2,-0.015
0.0,-0.015
-0.1,-0.015
-0.2,-0.015
-0.3,-0.015
-0.4,-0.015
-0.4,-0.015
-0.4,-0.015
-0.3,-0.015
-0.2,-0.015
-0.1,-0.015
0.1,-0.015
0.2,-0.015
0.3,-0.015
0.3,-0.015
0.3,-0.015
0.3,-0.015
0.3,-0.015
0.2,-0.015
0.2,-0.015
0.1,-0.015
0.0,-0.015
-0.1,-0.015
-0.2,-0.015
-0.3,-0.015
-0.3,-0.015
-0.3,-0.015
-0.2,-0.015
-0.2,-0.015
-0.1,-0.015
0.0,-0.015
0.1,-0.015
0.2,-0.015
0.2,-0.015
0.2,-0.015
0.3,-0.015
0.3,-0.015
0.2,-0.015
0.2,-0.015
0.1,-0.015
0.0,-0.015
-0.1,-0.015
-0.1,-0.015
-0.2,-0.015
-0.2,-0.015
-0.2,-0.015
-0.2,-0.015
-0.1,-0.015
-0.1,-0.015
0.0,-0.015
0.1,-0.015
0.2,-0.015
0.2,-0.015
0.3,-0.015
0.3,-0.015
0.3,-0.015
0.3,-0.015
0.2,-0.015
0.1,-0.015
0.0,-0.015
0.0,-0.015
-0.1,-0.015
-0.2,-0.015
-0.2,-0.015
-0.2,-0.015
-0.2,-0.015
-0.2,-0.015
-0.1,-0.015
0.0,-0.015
0.0,-0.015
0.1,-0.015
0.1,-0.015
0.1,-0.015
0.2,-0.015
0.2,-0.015
0.2,-0.015
0.2,-0.015
0.1,-0.015
0.1,-0.015
0.0,-0.015
-0.1,-0.015
-0.1,-0.015
-0.1,-0.015
-0.2,-0.015
-0.2,-0.015
-0.2,-0.015
-0.1,-0.015
-0.1,-0.015
0.0,-0.015
0.1,-0.015
0.1,-0.015
0.2,-0.015
0.2,-0.015
0.2,-0.015
0.2,-0.015
0.2,-0.015
0.2,-0.015
0.2,-0.015
0.1,-0.015
0.1,-0.015
0.0,-0.015
-0.1,-0.015
-0.1,-0.015
-0.1,-0.015
-0.1,-0.015
-0.1,-0.015
-0.1,-0.015
0.0,-0.015
0.1,-0.015
0.1,-0.015
0.1,-0.015
0.2,-0.015
0.2,-0.015
0.2,-0.015
0.2,-0.015
0.2,-0.015
0.1,-0.015
0.1,-0.015
0.0,-0.015
0.0,-0.015
0.0,-0.015
0.0,-0.015
0.0,-0.015
-0.1,-0.015
-0.1,-0.015
-0.1,-0.015
-0.1,-0.015
-0.1,-0.015
0.0,-0.015
0.0,-0.015
0.1,-0.015
0.1,-0.015
0.1,-0.015
0.1,-0.015
0.1,-0.015
0.1,-0.015
0.1,-0.015
0.1,-0.015
0.1,-0.015
0.0,-0.015
0.0,-0.015
-0.1,-0.015
-0.1,-0.015
-0.1,-0.015
-0.1,-0.015
-0.1,-0.015
0.0,-0.015
-0.1,-0.015
0.0,-0.015
0.0,-0.015
0.0,-0.015
0.1,-0.015
0.1,-0.015
0.1,-0.015
0.1,-0.015
0.1,-0.015
0.1,-0.015
0.1,-0.015
0.1,-0.015
0.0,-0.015
0.0,-0.015
0.0,-0.015
-0.1,-0.015
-0.1,-0.015
-0.1,-0.015
-0.1,-0.015
-0.1,-0.015
-0.1,-0.015
-0.1,-0.015
0.1,-0.015
0.1,-0.015
0.1,-0.015
0.1,-0.015
0.1,-0.015
0.1,-0.015
0.1,-0.015
0.1,-0.015
0.1,-0.015
0.1,-0.015
0.0,-0.015
0.0,-0.015
0.0,-0.015
0.0,-0.015
0.0,-0.015
0.0,-0.015
0.0,-0.015
0.0,-0.015
0.0,-0.015
0.0,-0.015
0.0,-0.015
0.0,-0.015
0.0,-0.015
0.0,-0.015
0.0,-0.015
0.0,-0.015
0.1,-0.015
0.1,-0.015
0.1,-0.015
0.0,-0.015
0.0,-0.015
0.0,-0.015
0.0,-0.015
0.0,-0.015
0.0,-0.015
0.0,-0.015
0.0,-0.015
0.0,-0.015
0.0,-0.015
0.0,-0.015
0.1,-0.015
0.1,-0.015
0.1,-0.015
0.1,-0.015
0.1,-0.015
0.1,-0.015
0.1,-0.015
0.1,-0.015
0.1,-0.015
0.1,-0.015
0.0,-0.015
0.0,-0.015
0.0,-0.015
0.0,-0.015
0.0,-0.015
0.0,-0.015
0.0,-0.015
0.0,-0.015
0.0,-0.015
0.0,-0.015
0.0,-0.015
0.1,-0.015
0.1,-0.015
0.1,-0.015
0.1,-0.015
0.1,-0.015
0.1,-0.015
0.1,-0.015
0.1,-0.015
0.1,-0.015
0.0,-0.015
0.0,-0.015
-0.1,-0.015
-0.1,-0.015
-0.1,-0.015
-0.1,-0.015
-0.1,-0.015
0.0,-0.015
0.0,-0.015
0.1,-0.015
0.1,-0.015
0.1,-0.015
0.1,-0.015
0.1,-0.015
0.1,-0.015
0.1,-0.015
0.1,-0.015
0.1,-0.015
0.0,-0.015
-0.1,-0.015
-0.1,-0.015
-0.1,-0.015
-0.1,-0.015
0.0,-0.015
-0.1,-0.015
-0.1,-0.015
-0.1,-0.015
-0.1,-0.015
-0.1,-0.015
0.0,-0.015
0.0,-0.015
0.1,-0.015
0.1,-0.015
0.1,-0.015
0.1,-0.015
0.1,-0.015
0.1,-0.015
0.1,-0.015
0.1,-0.015
0.1,-0.015
0.0,-0.015
0.0,-0.015
0.0,-0.015
0.0,-0.015
0.0,-0.015
0.0,-0.015
0.0,-0.015
0.0,-0.010
0.1,-0.010
0.0,-0.010
0.1,-0.010
0.1,-0.010
0.1,-0.010
0.1,-0.010
0.1,-0.010
0.1,-0.010
0.1,-0.010
0.1,-0.010
0.0,-0.010
0.0,-0.010
0.0,-0.010
0.0,-0.010
0.0,-0.010
0.0,-0.010
0.0,-0.010
0.0,-0.010
0.0,-0.010
0.0,-0.010
0.0,-0.010
0.0,-0.010
0.0,-0.010
0.0,-0.010
0.0,-0.010
0.0,-0.010
0.0,-0.010
0.1,-0.010
0.1,-0.010
0.1,-0.010
0.0,-0.010
0.0,-0.010
-0.1,-0.010
-0.1,-0.010
-0.1,-0.010
-0.1,-0.010
-0.1,-0.010
-0.1,-0.010
-0.1,-0.010
0.0,-0.010
0.0,-0.010
0.1,-0.010
0.1,-0.010
0.1,-0.010
0.1,-0.010
0.1,-0.010
0.1,-0.010
0.1,-0.010
0.0,-0.010
0.0,-0.010
0.0,-0.010
0.0,-0.010
-0.1,-0.010
-0.1,-0.010
-0.1,-0.010
-0.1,-0.010
-0.1,-0.010
-0.1,-0.010
-0.1,-0.010
0.0,-0.010
0.0,-0.010
0.0,-0.010
0.0,-0.010
0.0,-0.010
0.0,-0.010
0.0,-0.010
0.0,-0.010
0.0,-0.010
0.0,-0.010
0.0,-0.010
0.0,-0.010
-0.1,-0.010
-0.1,-0.010
-0.1,-0.010
-0.1,-0.010
-0.1,-0.010
-0.1,-0.010
-0.1,-0.010
-0.1,-0.010
0.0,-0.010
0.0,-0.010
0.0,-0.010
0.0,-0.010
0.0,-0.010
0.0,-0.010
0.0,-0.010
0.0,-0.010
0.0,-0.010
0.0,-0.010
0.0,-0.010
0.0,-0.010
0.0,-0.010
0.0,-0.010
0.0,-0.010
0.0,-0.010
0.0,-0.010
0.0,-0.010
0.0,-0.010
0.0,-0.010
0.0,-0.010
0.0,-0.010
0.0,-0.010
0.0,-0.010
0.1,-0.010
0.1,-0.010
0.1,-0.010
0.1,-0.010
0.1,-0.010
0.1,-0.010
0.1,-0.010
0.0,-0.010
0.0,-0.010
0.0,-0.010
0.0,-0.010
0.0,-0.010
0.0,-0.010
0.0,-0.010
0.0,-0.010
0.0,-0.010
0.1,-0.010
0.0,-0.010
0.0,-0.010
0.0,-0.010
0.0,-0.010
0.0,-0.010
0.0,-0.010
0.0,-0.010
0.0,-0.010
0.0,-0.010
0.0,-0.010
0.0,-0.010
0.0,-0.010
0.0,-0.010
0.0,-0.010
0.0,-0.010
0.0,-0.010
0.0,-0.010
0.0,-0.010
0.0,-0.010
0.0,-0.010
0.0,-0.010
0.0,-0.010
0.0,-0.010
0.0,-0.010
0.0,-0.010
0.0,-0.010
0.0,-0.010
0.0,-0.010
0.0,-0.010
0.1,-0.010
0.1,-0.010
0.1,-0.010
0.1,-0.010
0.1,-0.010
0.1,-0.010
0.1,-0.010
0.0,-0.010
0.0,-0.010
0.0,-0.010
0.0,-0.010
0.0,-0.010
0.0,-0.010
0.0,-0.010
0.0,-0.010
0.0,-0.010
0.0,-0.010
0.0,-0.010
0.0,-0.010
0.1,-0.010
0.1,-0.010
0.1,-0.010
0.1,-0.010
0.1,-0.010
0.1,-0.010
0.1,-0.010
0.1,-0.010
0.1,-0.010
0.1,-0.010
0.0,-0.010
0.0,-0.010
0.0,-0.010
0.0,-0.010
0.0,-0.010
0.0,-0.010
0.0,-0.010
0.1,-0.010
0.1,-0.010
0.1,-0.010
0.1,-0.010
0.1,-0.010
0.1,-0.010
0.1,-0.010
0.1,-0.010
0.1,-0.010
0.1,-0.010
0.0,-0.010
0.0,-0.010
0.0,-0.010
0.0,-0.010
0.0,-0.010
0.0,-0.010
0.0,-0.010
0.0,-0.010
0.0,-0.010
0.0,-0.010
0.0,-0.010
0.0,-0.010
0.0,-0.010
0.1,-0.010
0.1,-0.010
0.1,-0.010
0.1,-0.010
0.1,-0.010
0.1,-0.010
0.1,-0.010
0.1,-0.010
0.1,-0.010
0.1,-0.010
0.0,-0.010
0.0,-0.010
0.0,-0.010
0.0,-0.010
0.0,-0.010
0.0,-0.010
0.0,-0.010
0.0,-0.010
0.0,-0.010
0.0,-0.010
0.0,-0.010
0.0,-0.010
0.0,-0.010
0.0,-0.010
0.0,-0.010
0.0,-0.010
0.0,-0.010
0.0,-0.010
0.0,-0.010
0.0,-0.010
0.0,-0.010
0.0,-0.010
0.0,-0.010
0.0,-0.010
0.0,-0.010
0.0,-0.010
0.0,-0.010
0.0,-0.010
0.0,-0.010
0.0,-0.010
0.0,-0.010
0.0,-0.010
0.0,-0.010
0.0,-0.010
0.0,-0.010
-0.1,-0.010
-0.1,-0.010
0.0,-0.010
0.0,-0.010
0.0,-0.010
0.0,-0.010
0.0,-0.010
0.0,-0.010
0.0,-0.010
0.0,-0.010
0.0,-0.010
0.0,-0.010
0.0,-0.010
0.0,-0.010
0.0,-0.010
0.0,-0.010
0.0,-0.010
0.0,-0.010
0.0,-0.010
0.0,-0.010
0.0,-0.010
0.0,-0.010
0.0,-0.010
0.0,-0.010
0.0,-0.010
0.0,-0.010
0.0,-0.010
0.0,-0.010
0.0,-0.010
0.0,-0.010
0.0,-0.010
0.0,-0.010
0.0,-0.010
0.0,-0.010
0.0,-0.010
0.0,-0.010
0.0,-0.010
0.0,-0.010
0.0,-0.010
0.0,-0.010
0.0,-0.010
0.0,-0.010
0.0,-0.010
0.0,-0.010
0.0,-0.010
0.0,-0.010
0.0,-0.010
0.0,-0.010
0.0,-0.010
0.0,-0.010
0.0,-0.010
0.0,-0.010
0.0,-0.010
0.1,-0.010
0.1,-0.010
0.1,-0.010
0.1,-0.010
0.1,-0.010
0.1,-0.010
0.1,-0.010
0.1,-0.010
0.0,-0.010
0.0,-0.010
0.0,-0.010
0.0,-0.010
0.0,-0.010
0.0,-0.010
0.0,-0.010
0.0,-0.005
0.0,-0.005
0.0,-0.005
0.0,-0.005
0.0,-0.005
0.0,-0.005
0.0,-0.005
0.0,-0.005
0.0,-0.005
0.0,-0.005
0.0,-0.005
0.0,-0.005
0.0,-0.005
0.0,-0.005
0.0,-0.005
0.0,-0.005
0.0,-0.005
0.0,-0.005
0.0,-0.005
0.0,-0.005
0.0,-0.005
0.0,-0.005
0.0,-0.005
0.0,-0.005
0.0,-0.005
0.0,-0.005
0.0,-0.005
0.0,-0.005
0.0,-0.005
0.0,-0.005
0.0,-0.005
0.0,-0.005
0.0,-0.005
0.0,-0.005
0.0,-0.005
0.0,-0.005
0.0,-0.005
0.0,-0.005
0.0,-0.005
0.0,-0.005
0.0,-0.005
0.0,-0.005
0.0,-0.005
0.0,-0.005
0.0,-0.005
0.0,-0.005
0.0,-0.005
0.0,-0.005
0.0,-0.005
0.0,-0.005
0.0,-0.005
0.0,-0.005
0.0,-0.005
0.0,-0.005
0.0,-0.005
0.0,-0.005
0.0,-0.005
0.0,-0.005
0.0,-0.005
0.0,-0.005
0.0,-0.005
0.0,-0.005
0.1,-0.005
0.1,-0.005
0.1,-0.005
0.1,-0.005
0.1,-0.005
0.1,-0.005
0.1,-0.005
0.1,-0.005
0.1,-0.005
0.1,-0.005
0.1,-0.005
0.1,-0.005
0.1,-0.005
0.0,-0.005
0.0,-0.005
0.0,-0.005
0.0,-0.005
0.0,-0.005
0.0,-0.005
0.0,-0.005
0.0,-0.005
0.0,-0.005
0.0,-0.005
0.0,-0.005
0.0,-0.005
0.0,-0.005
0.0,-0.005
0.0,-0.005
0.0,-0.005
0.0,-0.005
0.0,-0.005
0.0,-0.005
0.0,-0.005
0.0,-0.005
0.0,-0.005
0.0,-0.005
0.0,-0.005
0.0,-0.005
0.0,-0.005
0.0,-0.005
0.0,-0.005
0.0,-0.005
0.0,-0.005
0.0,-0.005
0.0,-0.005
0.0,-0.005
0.0,-0.005
0.0,-0.005
0.0,-0.005
0.0,-0.005
0.0,-0.005
0.0,-0.005
0.0,-0.005
0.0,-0.005
0.0,-0.005
0.0,-0.005
0.0,-0.005
0.0,-0.005
0.0,-0.005
0.0,-0.005
0.0,-0.005
0.0,-0.005
0.0,-0.005
0.0,-0.005
0.0,-0.005
0.0,-0.005
0.0,-0.005
0.0,-0.005
0.0,-0.005
0.0,-0.005
0.0,-0.005
0.0,-0.005
0.0,-0.005
0.0,-0.005
0.0,-0.005
0.0,-0.005
0.0,-0.005
0.0,-0.005
0.0,-0.005
0.0,-0.005
0.0,-0.005
0.0,-0.005
0.0,-0.005
0.1,-0.005
0.1,-0.005
0.1,-0.005
0.1,-0.005
0.1,-0.005
0.1,-0.005
0.1,-0.005
0.0,-0.005
0.0,-0.005
0.0,-0.005
0.0,-0.005
0.0,-0.005
0.0,-0.005
0.0,-0.005
0.0,-0.005
0.0,-0.005
0.0,-0.005
0.0,-0.005
0.0,-0.005
0.0,-0.005
0.0,-0.005
0.0,-0.005
0.0,-0.005
0.0,-0.005
0.1,-0.005
0.1,-0.005
0.1,-0.005
0.1,-0.005
0.1,-0.005
0.1,-0.005
0.1,-0.005
0.1,-0.005
0.0,-0.005
0.0,-0.005
0.0,-0.005
0.0,-0.005
0.0,-0.005
0.0,-0.005
0.0,-0.005
0.0,-0.005
0.0,-0.005
0.0,-0.005
0.0,-0.005
0.0,-0.005
0.0,-0.005
0.0,-0.005
0.0,-0.005
0.0,-0.005
0.0,-0.005
0.0,-0.005
0.0,-0.005
0.0,-0.005
0.0,-0.005
0.0,-0.005
0.0,-0.005
0.0,-0.005
0.0,-0.005
0.0,-0.005
0.0,-0.005
0.0,-0.005
0.0,-0.005
0.0,-0.005
0.0,-0.005
0.0,-0.005
0.0,-0.005
0.0,-0.005
0.0,-0.005
0.0,-0.005
0.0,-0.005
0.0,-0.005
0.0,-0.005
0.0,-0.005
0.0,-0.005
0.0,-0.005
0.0,-0.005
0.0,-0.005
0.1,-0.005
0.1,-0.005
0.1,-0.005
0.1,-0.005
0.1,-0.005
0.1,-0.005
0.1,-0.005
0.1,-0.005
0.1,-0.005
0.1,-0.005
0.0,-0.005
0.0,-0.005
0.0,-0.005
-0.1,-0.005
0.0,-0.005
0.0,-0.005
0.0,-0.005
0.0,-0.005
0.1,-0.005
0.1,-0.005
0.1,-0.005
0.1,-0.005
0.1,-0.005
0.1,-0.005
0.1,-0.005
0.1,-0.005
0.1,-0.005
0.0,-0.005
0.0,-0.005
-0.1,-0.005
-0.1,-0.005
-0.1,-0.005
-0.1,-0.005
-0.1,-0.005
0.0,-0.005
0.0,-0.005
0.0,-0.005
0.1,-0.005
0.1,-0.005
0.1,-0.005
0.1,-0.005
0.1,-0.005
0.1,-0.005
0.1,-0.005
0.1,-0.005
0.1,-0.005
0.1,-0.005
0.1,-0.005
0.0,-0.005
0.0,-0.005
-0.1,-0.005
-0.1,-0.005
-0.1,-0.005
-0.1,-0.005
-0.1,-0.005
-0.1,-0.005
-0.1,-0.005
-0.1,-0.005
-0.1,-0.005
0.1,-0.005
0.1,-0.005
0.1,-0.005
0.1,-0.005
0.1,-0.005
0.1,-0.005
0.1,-0.005
0.1,-0.005
0.0,-0.005
0.1,-0.005
0.0,-0.005
0.0,-0.005
0.0,-0.005
0.0,-0.005
0.0,-0.005
0.0,-0.005
0.0,-0.005
0.0,-0.005
0.1,-0.005
0.1,-0.005
0.2,-0.005
0.2,-0.005
0.2,-0.005
0.2,-0.005
0.2,-0.005
0.2,-0.005
0.2,-0.005
0.2,-0.005
0.1,-0.005
0.0,-0.005
0.0,-0.005
0.0,-0.005
0.0,-0.005
0.0,-0.005
0.0,-0.005
0.0,-0.005
0.0,-0.005
0.0,-0.005
0.0,-0.005
0.1,-0.005
0.1,-0.005
0.1,-0.005
0.2,-0.005
0.2,-0.005
0.2,-0.005
0.2,-0.005
0.2,-0.005
0.1,-0.005
0.0,-0.005
0.0,-0.005
-0.1,-0.005
-0.1,-0.005
-0.1,-0.005
-0.1,-0.005
-0.1,-0.005
-0.1,-0.005
0.0,-0.005
0.1,-0.005
0.1,0.000
0.1,0.000
0.2,0.000
0.2,0.000
0.2,0.000
0.2,0.000
0.2,0.000
0.1,0.000
0.1,0.000
0.0,0.000
0.0,0.000
0.0,0.000
0.0,0.000
0.0,0.000
0.0,0.000
0.0,0.000
0.0,0.000
0.0,0.000
0.0,0.000
0.0,0.000
0.0,0.000
0.1,0.000
0.1,0.000
0.1,0.000
0.1,0.000
0.1,0.000
0.1,0.000
0.1,0.000
0.1,0.000
0.0,0.000
-0.1,0.000
-0.1,0.000
-0.1,0.000
-0.1,0.000
-0.1,0.000
-0.1,0.000
-0.1,0.000
-0.1,0.000
-0.1,0.000
-0.1,0.000
0.0,0.000
0.0,0.000
0.0,0.000
0.1,0.000
0.1,0.000
0.1,0.000
0.1,0.000
0.1,0.000
0.1,0.000
0.1,0.000
0.0,0.000
0.0,0.000
0.0,0.000
0.0,0.000
-0.1,0.000
-0.1,0.000
0.0,0.000
0.0,0.000
0.0,0.000
0.0,0.000
0.0,0.000
0.1,0.000
0.1,0.000
0.1,0.000
0.1,0.000
0.1,0.000
0.0,0.000
0.1,0.000
0.1,0.000
0.1,0.000
0.0,0.000
0.0,0.000
0.0,0.000
0.0,0.000
0.0,0.000
0.0,0.000
0.0,0.000
0.0,0.000
0.0,0.000
0.0,0.000
0.0,0.000
0.0,0.000
0.0,0.000
0.0,0.000
0.0,0.000
0.0,0.000
0.0,0.000
0.0,0.000
0.0,0.000
0.0,0.000
0.0,0.000
0.0,0.000
0.0,0.000
0.0,0.000
0.0,0.000
0.0,0.000
0.0,0.000
0.0,0.000
0.0,0.000
0.0,0.000
0.0,0.000
0.0,0.000
0.0,0.000
0.0,0.000
0.0,0.000
0.0,0.000
0.0,0.000
0.0,0.000
0.0,0.000
0.0,0.000
0.0,0.000
0.0,0.000
0.0,0.000
0.0,0.000
0.0,0.000
0.0,0.000
0.0,0.000
0.0,0.000
0.0,0.000
0.0,0.000
0.0,0.000
0.0,0.000
0.0,0.000
0.0,0.000
0.0,0.000
0.0,0.000
0.0,0.000
0.0,0.000
0.0,0.000
0.0,0.000
0.0,0.000
0.0,0.000
0.0,0.000
0.0,0.000
0.0,0.000
0.0,0.000
0.0,0.000
0.0,0.000
0.0,0.000
0.0,0.000
0.0,0.000
0.0,0.000
0.0,0.000
0.0,0.000
0.0,0.000
0.0,0.000
0.0,0.000
0.0,0.000
0.0,0.000
0.0,0.000
0.0,0.000
0.0,0.000
0.0,0.000
0.0,0.000
0.0,0.000
0.0,0.000
0.0,0.000
0.0,0.000
0.0,0.000
0.0,0.000
0.0,0.000
0.0,0.000
0.1,0.000
0.1,0.000
0.1,0.000
0.1,0.000
0.1,0.000
0.1,0.000
0.1,0.000
0.1,0.000
0.1,0.000
0.1,0.000
0.1,0.000
0.0,0.000
0.0,0.000
0.0,0.000
0.0,0.000
0.0,0.000
0.0,0.000
0.0,0.000
0.0,0.000
0.0,0.000
0.0,0.000
0.0,0.000
0.0,0.000
0.0,0.000
0.0,0.000
0.0,0.000
0.0,0.000
0.0,0.000
0.0,0.000
0.1,0.000
0.1,0.000
0.1,0.000
0.0,0.000
0.0,0.000
0.0,0.000
0.0,0.000
0.0,0.000
0.0,0.000
0.0,0.000
0.0,0.000
0.0,0.000
0.0,0.000
0.0,0.000
0.0,0.000
0.0,0.000
0.0,0.000
0.0,0.000
0.0,0.000
0.1,0.000
0.1,0.000
0.0,0.000
0.0,0.000
0.0,0.000
0.0,0.000
0.0,0.000
0.0,0.000
0.0,0.000
0.0,0.000
0.0,0.000
0.0,0.000
0.0,0.000
0.0,0.000
0.1,0.000
0.1,0.000
0.1,0.000
0.1,0.000
0.1,0.000
0.1,0.000
0.1,0.000
0.0,0.000
0.0,0.000
-0.1,0.000
-0.1,0.000
-0.1,0.000
-0.1,0.000
-0.1,0.000
-0.1,0.000
-0.1,0.000
0.1,0.000
0.1,0.000
0.1,0.000
0.1,0.000
0.1,0.000
0.1,0.000
0.1,0.000
0.1,0.000
0.1,0.000
0.1,0.000
0.0,0.000
0.0,0.000
0.0,0.000
0.0,0.000
0.0,0.000
0.0,0.000
0.0,0.000
0.0,0.000
0.0,0.000
0.0,0.000
0.0,0.000
0.1,0.000
0.1,0.000
0.1,0.000
0.1,0.000
0.1,0.000
0.1,0.000
0.1,0.000
0.0,0.000
0.0,0.000
0.0,0.000
-0.1,0.000
-0.1,0.000
-0.1,0.000
-0.1,0.000
-0.1,0.000
-0.1,0.000
-0.1,0.000
0.0,0.000
0.0,0.000
0.0,0.000
0.1,0.000
0.1,0.000
0.1,0.000
0.1,0.000
0.2,0.000
0.2,0.000
0.2,0.000
0.2,0.000
0.2,0.000
0.2,0.000
0.0,0.000
0.0,0.000
0.0,0.000
0.0,0.000
0.0,0.000
0.0,0.000
0.0,0.000
0.0,0.000
0.0,0.000
0.0,0.000
0.0,0.000
0.0,0.000
0.0,0.000
0.0,0.000
0.0,0.000
0.0,0.000
0.0,0.000
0.0,0.000
0.1,0.000
0.1,0.000
0.1,0.000
0.1,0.000
0.1,0.000
0.1,0.000
0.0,0.000
0.0,0.000
0.0,0.000
0.0,0.000
0.0,0.000
0.0,0.000
0.0,0.000
0.0,0.000
0.0,0.000
0.0,0.000
0.0,0.000
0.0,0.000
0.0,0.000
0.0,0.000
0.0,0.000
0.0,0.000
0.0,0.000
0.0,0.000
0.0,0.000
0.0,0.000
0.0,0.000
0.0,0.000
0.0,0.000
0.0,0.000
0.0,0.000
0.1,0.000
0.1,0.000
0.1,0.000
0.1,0.000
0.1,0.000
0.1,0.000
0.1,0.000
0.1,0.000
0.1,0.000
0.1,0.000
0.0,0.000
0.0,0.000
0.0,0.000
0.0,0.000
0.0,0.000
0.0,0.000
0.0,0.000
0.0,0.000
0.0,0.000
0.0,0.000
0.0,0.000
0.0,0.000
0.0,0.000
0.0,0.000
0.0,0.000
0.0,0.000
0.1,0.000
0.1,0.000
0.0,0.000
0.0,0.000
0.0,0.000
-0.1,0.000
-0.1,0.000
-0.1,0.000
-0.1,0.000
-0.1,0.000
-0.1,0.000
0.0,0.000
-0.1,0.000
0.0,0.000
0.0,0.000
0.1,0.000
0.1,0.000
0.1,0.000
0.1,0.000
0.1,0.000
0.1,0.000
0.1,0.000
0.1,0.000
0.0,0.000
0.0,0.000
-0.1,0.000
-0.1,0.000
-0.1,0.000
-0.1,0.000
-0.1,0.000
-0.1,0.000
0.0,0.000
0.1,0.000
0.1,0.000
0.1,0.000
0.2,0.000
0.2,0.005
0.2,0.005
0.2,0.005
0.2,0.005
0.2,0.005
0.1,0.005
0.0,0.005
0.0,0.005
-0.1,0.005
-0.1,0.005
-0.1,0.005
-0.1,0.005
-0.1,0.005
-0.1,0.005
-0.1,0.005
0.0,0.005
0.1,0.005
0.1,0.005
0.1,0.005
0.2,0.005
0.2,0.005
0.2,0.005
0.1,0.005
0.1,0.005
0.0,0.005
0.0,0.005
-0.1,0.005
-0.1,0.005
-0.1,0.005
-0.1,0.005
-0.1,0.005
-0.1,0.005
-0.1,0.005
0.0,0.005
0.0,0.005
0.1,0.005
0.1,0.005
0.1,0.005
0.2,0.005
0.2,0.005
0.1,0.005
0.1,0.005
0.1,0.005
0.1,0.005
0.0,0.005
0.0,0.005
0.0,0.005
0.0,0.005
-0.1,0.005
-0.1,0.005
-0.1,0.005
-0.1,0.005
-0.2,0.005
-0.1,0.005
-0.1,0.005
-0.1,0.005
0.0,0.005
0.0,0.005
0.1,0.005
0.1,0.005
0.1,0.005
0.2,0.005
0.2,0.005
0.2,0.005
0.2,0.005
0.2,0.005
0.2,0.005
0.1,0.005
0.0,0.005
0.0,0.005
-0.1,0.005
-0.1,0.005
-0.1,0.005
-0.1,0.005
-0.1,0.005
-0.1,0.005
0.0,0.005
0.0,0.005
0.0,0.005
0.1,0.005
0.1,0.005
0.2,0.005
0.2,0.005
0.2,0.005
0.2,0.005
0.2,0.005
0.2,0.005
0.1,0.005
0.1,0.005
0.0,0.005
0.0,0.005
-0.1,0.005
-0.1,0.005
-0.1,0.005
-0.1,0.005
-0.1,0.005
-0.1,0.005
-0.1,0.005
0.0,0.005
0.0,0.005
0.0,0.005
0.0,0.005
0.0,0.005
0.0,0.005
0.0,0.005
0.0,0.005
0.0,0.005
0.0,0.005
0.0,0.005
0.0,0.005
0.0,0.005
0.0,0.005
0.0,0.005
0.0,0.005
0.0,0.005
0.0,0.005
0.0,0.005
0.0,0.005
0.0,0.005
0.1,0.005
0.1,0.005
0.1,0.005
0.1,0.005
0.1,0.005
0.1,0.005
0.1,0.005
0.1,0.005
0.1,0.005
0.0,0.005
0.0,0.005
0.0,0.005
0.0,0.005
0.0,0.005
0.0,0.005
0.0,0.005
0.0,0.005
0.0,0.005
0.0,0.005
0.1,0.005
0.1,0.005
0.1,0.005
0.1,0.005
0.1,0.005
0.1,0.005
0.1,0.005
0.1,0.005
0.0,0.005
0.1,0.005
0.0,0.005
0.0,0.005
0.0,0.005
0.0,0.005
0.0,0.005
0.0,0.005
0.0,0.005
0.0,0.005
0.0,0.005
0.1,0.005
0.1,0.005
0.1,0.005
0.1,0.005
0.1,0.005
0.1,0.005
0.1,0.005
0.1,0.005
0.0,0.005
0.0,0.005
0.0,0.005
0.0,0.005
0.0,0.005
0.0,0.005
0.0,0.005
0.0,0.005
0.0,0.005
0.0,0.005
0.0,0.005
0.0,0.005
0.0,0.005
0.1,0.005
0.1,0.005
0.1,0.005
0.1,0.005
0.1,0.005
0.1,0.005
0.1,0.005
0.0,0.005
0.0,0.005
-0.1,0.005
-0.1,0.005
-0.1,0.005
-0.2,0.005
-0.2,0.005
-0.2,0.005
-0.2,0.005
-0.2,0.005
0.0,0.005
0.0,0.005
0.1,0.005
0.1,0.005
0.1,0.005
0.1,0.005
0.2,0.005
0.2,0.005
0.1,0.005
0.1,0.005
0.0,0.005
0.0,0.005
0.0,0.005
-0.1,0.005
-0.1,0.005
-0.1,0.005
-0.1,0.005
-0.1,0.005
-0.1,0.005
0.0,0.005
0.0,0.005
0.1,0.005
0.1,0.005
0.1,0.005
0.1,0.005
0.1,0.005
0.1,0.005
0.1,0.005
0.1,0.005
0.1,0.005
0.0,0.005
0.0,0.005
0.0,0.005
0.0,0.005
0.0,0.005
-0.1,0.005
-0.1,0.005
-0.1,0.005
-0.1,0.005
0.0,0.005
0.0,0.005
0.0,0.005
0.0,0.005
0.1,0.005
0.1,0.005
0.1,0.005
0.1,0.005
0.1,0.005
0.1,0.005
0.1,0.005
0.0,0.005
0.0,0.005
-0.1,0.005
-0.1,0.005
-0.1,0.005
-0.1,0.005
-0.1,0.005
-0.1,0.005
0.0,0.005
0.1,0.005
0.1,0.005
0.1,0.005
0.1,0.005
0.1,0.005
0.1,0.005
0.1,0.005
0.1,0.005
0.1,0.005
0.1,0.005
0.0,0.005
0.0,0.005
0.0,0.005
0.0,0.005
0.0,0.005
0.0,0.005
0.0,0.005
0.0,0.005
0.0,0.005
0.0,0.005
0.1,0.005
0.1,0.005
0.1,0.005
0.1,0.005
0.1,0.005
0.1,0.005
0.1,0.005
0.1,0.005
0.1,0.005
0.1,0.005
0.1,0.005
0.1,0.005
0.1,0.005
0.0,0.005
0.0,0.005
0.0,0.005
0.0,0.005
0.0,0.005
0.0,0.005
0.0,0.005
0.0,0.005
0.0,0.005
0.0,0.005
0.1,0.005
0.1,0.005
0.1,0.005
0.1,0.005
0.1,0.005
0.1,0.005
0.1,0.005
0.1,0.005
0.1,0.005
0.0,0.005
0.0,0.005
0.0,0.005
0.0,0.005
0.0,0.005
0.0,0.005
0.0,0.005
0.0,0.005
0.0,0.005
0.0,0.005
0.0,0.005
0.1,0.005
0.1,0.005
0.1,0.005
0.1,0.005
0.1,0.005
0.1,0.005
0.1,0.005
0.0,0.005
0.0,0.005
-0.1,0.005
-0.1,0.005
0.0,0.005
0.0,0.005
0.0,0.005
0.0,0.005
0.0,0.005
0.0,0.005
0.0,0.005
0.0,0.005
0.0,0.005
0.0,0.005
0.0,0.005
0.0,0.005
0.0,0.005
0.0,0.005
0.0,0.005
0.0,0.005
0.0,0.005
0.0,0.005
0.0,0.005
-0.1,0.005
0.0,0.005
0.0,0.005
0.0,0.005
0.0,0.005
0.0,0.005
0.0,0.005
0.0,0.005
0.0,0.005
0.0,0.005
0.1,0.005
0.1,0.005
0.1,0.005
0.1,0.005
0.1,0.005
0.1,0.005
0.1,0.005
0.1,0.005
0.0,0.005
0.0,0.005
0.0,0.005
0.0,0.005
0.0,0.005
0.0,0.005
0.0,0.005
0.0,0.005
0.0,0.005
0.0,0.005
0.0,0.005
0.0,0.005
0.0,0.005
0.0,0.005
0.0,0.005
0.0,0.005
0.0,0.005
0.0,0.005
0.0,0.005
0.0,0.005
0.0,0.005
0.0,0.005
0.0,0.005
0.0,0.005
0.0,0.005
0.0,0.005
0.0,0.005
0.0,0.005
0.0,0.005
0.0,0.005
0.0,0.005
0.0,0.005
0.0,0.005
0.0,0.005
0.0,0.005
0.1,0.005
0.1,0.005
0.1,0.005
0.1,0.005
0.1,0.005
0.1,0.005
0.1,0.005
0.0,0.005
0.0,0.005
0.0,0.005
0.0,0.005
0.0,0.005
0.0,0.005
0.0,0.005
0.0,0.005
0.0,0.005
0.0,0.005
0.0,0.005
0.0,0.005
0.0,0.005
0.0,0.005
0.0,0.005
0.0,0.005
0.0,0.005
0.0,0.005
0.0,0.005
-0.1,0.005
-0.1,0.005
-0.1,0.005
-0.1,0.005
-0.1,0.005
-0.1,0.005
-0.1,0.005
-0.1,0.005
0.0,0.005
0.1,0.005
0.1,0.005
0.1,0.010
0.1,0.010
0.1,0.010
0.1,0.010
0.1,0.010
0.1,0.010
0.1,0.010
0.1,0.010
0.1,0.010
0.1,0.010
0.1,0.010
0.1,0.010
0.1,0.010
0.0,0.010
0.0,0.010
0.0,0.010
0.0,0.010
0.0,0.010
0.0,0.010
0.0,0.010
0.0,0.010
0.0,0.010
0.0,0.010
0.0,0.010
0.1,0.010
0.1,0.010
0.1,0.010
0.1,0.010
0.1,0.010
0.1,0.010
0.1,0.010
0.0,0.010
0.0,0.010
0.0,0.010
0.0,0.010
0.0,0.010
0.0,0.010
0.0,0.010
0.0,0.010
0.0,0.010
0.0,0.010
0.0,0.010
0.0,0.010
0.0,0.010
0.0,0.010
0.0,0.010
0.0,0.010
0.0,0.010
0.0,0.010
0.0,0.010
0.0,0.010
0.0,0.010
0.0,0.010
0.0,0.010
0.0,0.010
0.0,0.010
0.0,0.010
0.0,0.010
0.0,0.010
0.0,0.010
0.0,0.010
0.0,0.010
0.0,0.010
0.0,0.010
0.0,0.010
0.0,0.010
0.0,0.010
0.0,0.010
0.0,0.010
0.0,0.010
0.0,0.010
0.0,0.010
0.0,0.010
0.0,0.010
0.0,0.010
0.0,0.010
0.0,0.010
0.0,0.010
0.0,0.010
0.0,0.010
0.0,0.010
0.0,0.010
0.0,0.010
0.0,0.010
0.0,0.010
0.0,0.010
0.0,0.010
0.0,0.010
0.0,0.010
0.0,0.010
0.0,0.010
0.0,0.010
0.0,0.010
0.0,0.010
0.0,0.010
0.0,0.010
0.0,0.010
0.0,0.010
0.0,0.010
0.0,0.010
0.0,0.010
0.0,0.010
0.0,0.010
0.0,0.010
0.0,0.010
0.0,0.010
0.0,0.010
0.0,0.010
0.0,0.010
0.0,0.010
0.0,0.010
0.0,0.010
0.0,0.010
0.0,0.010
0.0,0.010
0.0,0.010
0.0,0.010
0.0,0.010
0.0,0.010
0.0,0.010
0.0,0.010
0.0,0.010
0.0,0.010
0.0,0.010
0.0,0.010
0.0,0.010
0.0,0.010
0.0,0.010
0.0,0.010
0.0,0.010
0.0,0.010
0.0,0.010
0.0,0.010
0.0,0.010
0.0,0.010
0.0,0.010
0.0,0.010
0.0,0.010
0.0,0.010
0.0,0.010
0.0,0.010
0.0,0.010
0.0,0.010
0.1,0.010
0.1,0.010
0.1,0.010
0.1,0.010
0.0,0.010
0.0,0.010
0.0,0.010
0.0,0.010
0.0,0.010
0.0,0.010
0.0,0.010
0.0,0.010
0.0,0.010
0.0,0.010
0.0,0.010
0.0,0.010
0.0,0.010
0.0,0.010
0.0,0.010
0.0,0.010
0.0,0.010
0.0,0.010
0.0,0.010
0.0,0.010
0.0,0.010
0.0,0.010
0.0,0.010
0.0,0.010
0.0,0.010
0.0,0.010
0.0,0.010
0.0,0.010
0.0,0.010
0.0,0.010
0.0,0.010
0.0,0.010
0.0,0.010
0.0,0.010
0.0,0.010
0.0,0.010
0.0,0.010
0.0,0.010
0.0,0.010
0.0,0.010
0.0,0.010
0.0,0.010
0.0,0.010
0.0,0.010
0.0,0.010
0.0,0.010
0.0,0.010
0.0,0.010
0.0,0.010
0.0,0.010
0.0,0.010
0.0,0.010
0.0,0.010
0.0,0.010
0.0,0.010
0.0,0.010
0.0,0.010
0.0,0.010
0.0,0.010
0.0,0.010
0.0,0.010
0.0,0.010
0.0,0.010
0.0,0.010
0.0,0.010
0.0,0.010
0.0,0.010
0.0,0.010
0.0,0.010
0.0,0.010
0.0,0.010
0.0,0.010
0.0,0.010
0.0,0.010
0.0,0.010
0.0,0.010
0.0,0.010
0.0,0.010
0.0,0.010
0.0,0.010
0.0,0.010
0.0,0.010
0.0,0.010
0.0,0.010
0.0,0.010
0.0,0.010
0.0,0.010
0.0,0.010
0.0,0.010
0.0,0.010
0.0,0.010
0.0,0.010
0.0,0.010
0.0,0.010
0.0,0.010
0.0,0.010
0.0,0.010
0.0,0.010
0.0,0.010
0.0,0.010
0.0,0.010
0.0,0.010
0.0,0.010
0.0,0.010
0.0,0.010
0.0,0.010
0.0,0.010
0.0,0.010
0.0,0.010
0.0,0.010
0.0,0.010
0.0,0.010
0.0,0.010
0.0,0.010
0.0,0.010
0.0,0.010
0.0,0.010
0.0,0.010
0.0,0.010
0.0,0.010
0.0,0.010
0.0,0.010
0.0,0.010
0.0,0.010
0.0,0.010
0.0,0.010
0.0,0.010
0.0,0.010
0.0,0.010
0.0,0.010
0.0,0.010
0.0,0.010
0.0,0.010
0.0,0.010
0.0,0.010
0.0,0.010
0.0,0.010
0.0,0.010
0.0,0.010
0.0,0.010
0.0,0.010
0.0,0.010
-0.1,0.010
0.0,0.010
0.0,0.010
0.0,0.010
0.0,0.010
0.0,0.010
0.0,0.010
0.0,0.010
0.0,0.010
0.0,0.010
0.0,0.010
0.0,0.010
0.0,0.010
0.0,0.010
0.0,0.010
0.0,0.010
0.0,0.010
0.0,0.010
0.0,0.010
0.0,0.010
0.0,0.010
0.0,0.010
0.0,0.010
0.0,0.010
0.0,0.010
0.0,0.010
0.0,0.010
0.1,0.010
0.1,0.010
0.1,0.010
0.1,0.010
0.1,0.010
0.1,0.010
0.1,0.010
0.1,0.010
0.1,0.010
0.1,0.010
0.1,0.010
0.1,0.010
0.0,0.010
0.0,0.010
0.0,0.010
0.0,0.010
0.0,0.010
0.0,0.010
0.0,0.010
0.1,0.010
0.1,0.010
0.1,0.010
0.1,0.010
0.1,0.010
0.1,0.010
0.1,0.010
0.1,0.010
0.1,0.010
0.0,0.010
0.0,0.010
-0.1,0.010
-0.1,0.010
-0.1,0.010
-0.1,0.010
-0.1,0.010
-0.1,0.010
-0.1,0.010
-0.1,0.010
0.0,0.010
0.0,0.010
0.0,0.010
0.1,0.010
0.1,0.010
0.1,0.010
0.1,0.010
0.1,0.010
0.1,0.010
0.0,0.010
0.0,0.010
-0.1,0.010
-0.1,0.010
-0.1,0.010
-0.1,0.010
-0.1,0.010
-0.1,0.010
-0.1,0.010
-0.1,0.010
-0.1,0.010
0.0,0.010
0.0,0.010
0.0,0.010
0.0,0.010
0.1,0.010
0.1,0.010
0.1,0.010
0.1,0.010
0.1,0.010
0.1,0.010
0.1,0.010
0.1,0.010
0.1,0.010
0.0,0.010
0.0,0.010
0.0,0.010
0.0,0.010
0.0,0.010
0.0,0.010
0.0,0.010
0.0,0.010
0.1,0.010
0.1,0.010
0.1,0.010
0.1,0.010
0.1,0.010
0.1,0.010
0.1,0.010
0.1,0.010
0.1,0.010
0.1,0.010
0.0,0.010
0.0,0.010
0.0,0.010
-0.1,0.010
-0.1,0.010
-0.1,0.010
-0.1,0.010
-0.1,0.010
-0.1,0.010
-0.1,0.010
-0.1,0.010
0.1,0.010
0.1,0.010
0.1,0.010
0.1,0.010
0.1,0.010
0.1,0.010
0.1,0.010
0.1,0.010
0.1,0.010
0.0,0.010
0.0,0.010
0.0,0.010
0.0,0.010
0.0,0.010
0.0,0.010
0.0,0.010
0.0,0.010
0.0,0.010
0.0,0.010
0.0,0.010
0.1,0.010
0.1,0.010
0.1,0.010
0.1,0.010
0.1,0.010
0.1,0.010
0.1,0.010
0.1,0.010
0.1,0.010
0.1,0.010
0.1,0.010
0.1,0.010
0.0,0.010
0.0,0.010
0.0,0.010
0.0,0.010
0.0,0.010
0.0,0.010
0.0,0.010
0.0,0.010
0.0,0.010
0.0,0.010
0.1,0.010
0.1,0.010
0.1,0.010
0.1,0.010
0.1,0.010
0.1,0.010
0.1,0.010
0.1,0.010
0.1,0.010
0.1,0.010
0.0,0.015
0.0,0.015
0.0,0.015
0.0,0.015
0.0,0.015
0.0,0.015
0.0,0.015
0.0,0.015
0.0,0.015
0.1,0.015
0.0,0.015
0.0,0.015
0.0,0.015
0.0,0.015
0.0,0.015
0.0,0.015
0.0,0.015
0.0,0.015
0.0,0.015
0.0,0.015
-0.1,0.015
0.0,0.015
0.0,0.015
0.0,0.015
0.0,0.015
0.0,0.015
0.0,0.015
0.1,0.015
0.1,0.015
0.1,0.015
0.1,0.015
0.1,0.015
0.1,0.015
0.1,0.015
0.0,0.015
0.0,0.015
0.0,0.015
0.0,0.015
0.0,0.015
-0.1,0.015
-0.1,0.015
-0.1,0.015
-0.1,0.015
-0.1,0.015
-0.1,0.015
-0.1,0.015
0.0,0.015
0.1,0.015
0.1,0.015
0.1,0.015
0.2,0.015
0.2,0.015
0.2,0.015
0.2,0.015
0.1,0.015
0.1,0.015
0.1,0.015
0.0,0.015
0.0,0.015
0.0,0.015
-0.1,0.015
-0.1,0.015
-0.1,0.015
