MAX FORCE = 195.4,3.560
MIN FORCE = -1.0,0.000
AVERAGE FORCE = 58.59,
UNIT = gf,mm
DATA COUNT = 57888,
RECORDING RATE = 0.0005,
FILE DATE = 9/18/2024 7:58:20 PM,
COMMENT = ,
MARK POINT ON = ---,---
MARK POINT OFF = ---,---
THRESHOLD = ---,
1ST PEAK FORCE = ---,---
2ND PEAK FORCE = ---,---
0.0,0.000
0.0,0.000
0.0,0.000
0.0,0.000
0.0,0.000
0.1,0.000
0.1,0.000
0.1,0.000
0.1,0.000
0.1,0.000
0.1,0.000
0.1,0.000
0.1,0.000
0.1,0.000
0.1,0.000
0.0,0.000
0.0,0.000
-0.1,0.000
-0.1,0.000
-0.1,0.000
-0.1,0.000
-0.1,0.000
0.0,0.000
0.0,0.000
0.0,0.000
0.1,0.000
0.1,0.000
0.1,0.000
0.1,0.000
0.1,0.000
0.1,0.000
0.1,0.000
0.1,0.000
0.1,0.000
0.1,0.000
0.1,0.000
0.0,0.000
0.0,0.000
0.0,0.000
0.0,0.000
0.0,0.000
0.0,0.000
0.0,0.000
0.0,0.000
0.0,0.000
0.0,0.000
0.0,0.000
0.0,0.000
0.0,0.000
0.0,0.000
0.0,0.000
0.0,0.000
0.0,0.000
0.0,0.000
0.0,0.000
-0.1,0.000
-0.1,0.000
-0.1,0.000
-0.1,0.000
-0.1,0.000
-0.1,0.000
-0.1,0.000
-0.1,0.000
-0.1,0.000
0.0,0.000
0.0,0.000
0.0,0.000
0.0,0.000
0.0,0.000
0.0,0.000
0.0,0.000
0.0,0.000
0.0,0.000
0.0,0.000
0.0,0.000
0.0,0.000
0.0,0.000
0.0,0.000
0.0,0.000
0.0,0.000
-0.1,0.000
-0.1,0.000
-0.1,0.000
-0.1,0.000
-0.1,0.000
0.0,0.000
0.0,0.000
0.0,0.000
0.0,0.000
0.0,0.000
0.0,0.000
0.0,0.000
0.0,0.000
0.0,0.000
0.0,0.000
0.0,0.000
0.0,0.000
0.0,0.000
0.0,0.000
-0.1,0.000
-0.1,0.000
-0.1,0.000
-0.1,0.000
-0.1,0.000
0.0,0.000
-0.1,0.000
0.0,0.000
0.0,0.000
0.0,0.000
0.0,0.000
0.0,0.000
0.0,0.000
0.0,0.000
0.0,0.000
0.0,0.000
0.0,0.000
0.0,0.000
0.0,0.000
0.0,0.000
0.0,0.000
0.0,0.000
0.0,0.000
0.0,0.000
0.0,0.000
0.0,0.000
0.0,0.000
0.0,0.000
0.0,0.000
0.0,0.000
0.0,0.000
0.0,0.000
0.0,0.000
0.0,0.000
0.0,0.000
0.0,0.000
0.0,0.000
0.0,0.000
0.0,0.000
0.0,0.000
0.0,0.000
0.0,0.000
0.0,0.000
0.0,0.000
0.0,0.000
0.0,0.000
0.0,0.000
0.0,0.000
0.0,0.000
0.0,0.000
0.0,0.000
0.0,0.000
0.0,0.000
0.0,0.000
0.0,0.000
0.0,0.000
-0.1,0.000
-0.1,0.000
-0.1,0.000
-0.1,0.000
-0.1,0.000
-0.1,0.000
-0.1,0.000
-0.1,0.000
-0.1,0.000
0.0,0.000
0.0,0.000
0.0,0.000
0.1,0.000
0.1,0.000
0.1,0.000
0.1,0.000
0.1,0.000
0.1,0.000
0.0,0.000
-0.1,0.000
0.0,0.000
0.0,0.000
0.0,0.000
0.0,0.000
0.0,0.000
0.0,0.000
0.0,0.000
0.0,0.000
0.0,0.000
0.0,0.000
0.0,0.000
0.0,0.000
0.0,0.000
0.0,0.000
0.0,0.000
0.0,0.000
0.0,0.000
0.0,0.000
0.0,0.000
0.0,0.000
0.0,0.000
0.0,0.000
0.0,0.000
0.0,0.000
0.0,0.000
0.0,0.000
0.0,0.000
0.0,0.000
0.0,0.000
0.0,0.000
0.1,0.000
0.1,0.000
0.1,0.000
0.1,0.000
0.1,0.000
0.1,0.000
0.0,0.000
0.0,0.000
0.0,0.000
0.0,0.000
0.0,0.000
-0.1,0.000
-0.1,0.000
-0.1,0.000
-0.1,0.000
-0.1,0.000
0.0,0.000
0.0,0.000
0.0,0.000
0.0,0.000
0.0,0.000
0.0,0.000
0.0,0.000
0.0,0.000
0.0,0.000
0.0,0.000
0.0,0.000
0.0,0.000
0.0,0.000
0.0,0.000
0.0,0.000
0.0,0.000
0.0,0.000
0.0,0.000
0.0,0.000
0.0,0.000
0.0,0.000
0.0,0.000
0.0,0.000
0.0,0.000
0.0,0.000
0.0,0.000
0.0,0.000
0.0,0.000
0.0,0.000
0.0,0.000
0.0,0.000
0.0,0.000
0.0,0.000
0.0,0.000
0.0,0.000
0.0,0.000
0.0,0.000
0.0,0.000
-0.1,0.000
-0.1,0.000
-0.1,0.000
-0.1,0.000
-0.1,0.000
-0.1,0.000
0.0,0.000
0.0,0.000
0.0,0.000
0.0,0.000
0.0,0.000
0.0,0.000
0.0,0.000
0.0,0.000
0.0,0.000
0.0,0.000
0.0,0.000
0.0,0.000
0.0,0.000
0.0,0.000
0.0,0.000
0.0,0.000
0.0,0.000
0.0,0.000
0.0,0.000
0.0,0.000
0.0,0.000
0.0,0.000
0.0,0.000
0.0,0.000
0.0,0.000
0.0,0.000
0.0,0.000
0.0,0.000
0.0,0.000
0.0,0.000
0.0,0.000
0.0,0.000
0.0,0.000
0.0,0.000
0.0,0.000
0.0,0.000
0.0,0.000
0.1,0.000
0.1,0.000
0.1,0.000
0.1,0.000
0.1,0.000
0.1,0.000
0.1,0.000
0.1,0.000
0.0,0.000
0.0,0.000
0.0,0.000
0.0,0.000
0.0,0.000
-0.1,0.000
-0.1,0.000
-0.1,0.000
-0.1,0.000
0.0,0.000
0.1,0.000
0.1,0.000
0.1,0.000
0.1,0.000
0.1,0.000
0.1,0.000
0.1,0.000
0.1,0.000
0.0,0.000
0.0,0.000
0.0,0.000
0.0,0.000
0.0,0.000
0.0,0.000
0.0,0.000
0.0,0.000
0.0,0.000
0.0,0.000
0.0,0.000
0.0,0.000
0.0,0.000
0.0,0.000
0.0,0.000
0.0,0.000
0.0,0.000
0.0,0.000
0.0,0.000
0.0,0.000
0.0,0.000
0.0,0.000
0.0,0.000
0.0,0.000
0.0,0.000
0.0,0.000
0.0,0.000
0.0,0.000
0.0,0.000
0.0,0.000
0.0,0.000
0.0,0.000
0.0,0.000
0.0,0.000
0.0,0.000
0.0,0.000
0.0,0.000
0.0,0.000
0.0,0.000
-0.1,0.000
0.0,0.000
0.0,0.000
0.0,0.000
0.0,0.000
0.0,0.000
0.0,0.000
0.0,0.000
0.0,0.000
0.0,0.000
0.0,0.000
0.0,0.000
0.0,0.000
0.0,0.000
0.0,0.000
0.0,0.000
0.0,0.000
0.0,0.000
0.0,0.000
0.0,0.000
0.0,0.000
0.0,0.000
0.0,0.000
0.0,0.000
0.0,0.000
-0.1,0.000
-0.1,0.000
-0.1,0.000
-0.1,0.000
-0.1,0.000
-0.1,0.000
0.0,0.000
0.0,0.000
0.0,0.000
0.0,0.000
0.0,0.000
0.0,0.000
0.0,0.000
0.0,0.000
0.0,0.000
0.0,0.000
0.0,0.000
0.0,0.000
0.0,0.000
0.0,0.000
0.0,0.000
0.0,0.000
0.0,0.000
0.0,0.000
0.0,0.000
0.0,0.000
0.0,0.000
0.0,0.000
0.0,0.000
0.0,0.000
0.0,0.000
0.0,0.000
0.0,0.000
0.0,0.000
0.0,0.000
0.0,0.000
0.0,0.000
0.0,0.000
0.0,0.000
0.0,0.000
0.0,0.000
0.0,0.000
0.0,0.000
0.0,0.000
0.0,0.000
0.0,0.000
0.0,0.000
0.0,0.000
0.0,0.000
0.0,0.000
0.1,0.000
0.1,0.000
0.1,0.000
0.1,0.000
0.1,0.000
0.1,0.000
0.1,0.000
0.0,0.000
0.0,0.000
0.0,0.000
0.0,0.000
0.0,0.000
0.0,0.000
0.0,0.000
0.0,0.000
0.0,0.000
0.0,0.000
0.0,0.000
0.0,0.000
0.0,0.000
0.0,0.000
0.0,0.000
0.0,0.000
0.0,0.000
0.0,0.000
0.0,0.000
0.0,0.000
0.0,0.000
0.0,0.000
0.0,0.000
0.0,0.000
0.0,0.000
0.0,0.000
0.0,0.000
0.0,0.000
0.0,0.000
0.0,0.000
0.0,0.000
0.0,0.000
0.0,0.000
0.0,0.000
0.0,0.000
0.0,0.000
0.0,0.000
0.0,0.000
0.0,0.000
0.0,0.000
0.0,0.000
0.0,0.000
0.0,0.000
0.0,0.000
0.0,0.000
0.0,0.000
0.0,0.000
0.0,0.000
0.0,0.000
0.0,0.000
0.0,0.000
0.0,0.000
0.0,0.000
0.0,0.000
0.0,0.000
0.0,0.000
0.0,0.000
0.0,0.000
0.0,0.000
0.0,0.000
0.0,0.000
0.0,0.000
0.0,0.000
0.0,0.000
0.0,0.000
0.0,0.000
0.0,0.000
0.0,0.000
0.0,0.000
0.0,0.000
0.0,0.000
0.0,0.000
0.0,0.000
0.0,0.000
0.0,0.000
0.0,0.000
0.0,0.000
0.0,0.000
0.0,0.000
0.0,0.000
0.0,0.000
0.0,0.000
0.0,0.000
0.0,0.000
0.0,0.000
0.0,0.000
0.0,0.000
0.0,0.000
0.0,0.000
0.0,0.000
0.0,0.000
0.0,0.000
0.0,0.000
0.0,0.000
0.0,0.000
0.1,0.000
0.1,0.000
0.1,0.000
0.0,0.000
0.0,0.000
0.0,0.000
0.0,0.000
0.0,0.000
0.0,0.000
0.0,0.000
0.0,0.000
0.0,0.000
0.0,0.000
0.0,0.000
0.0,0.000
0.0,0.000
0.0,0.000
0.0,0.000
0.0,0.000
0.0,0.000
0.0,0.000
0.0,0.000
0.0,0.000
0.0,0.000
0.0,0.000
0.0,0.000
0.0,0.000
0.0,0.000
0.0,0.000
0.0,0.000
0.0,0.000
0.0,0.000
0.0,0.000
0.0,0.000
0.0,0.000
0.0,0.000
0.0,0.000
0.0,0.000
0.0,0.000
0.0,0.000
0.0,0.000
0.0,0.000
0.0,0.000
0.0,0.000
-0.1,0.000
-0.1,0.000
-0.1,0.000
-0.1,0.000
0.0,0.000
0.0,0.000
0.0,0.000
0.0,0.000
0.0,0.000
0.0,0.000
0.0,0.000
0.0,0.000
0.0,0.000
0.0,0.000
0.0,0.000
0.0,0.000
0.0,0.000
-0.1,0.000
-0.1,0.000
-0.1,0.000
-0.1,0.000
-0.1,0.000
-0.1,0.000
-0.1,0.000
0.0,0.000
0.0,0.000
0.1,0.000
0.1,0.000
0.1,0.000
0.1,0.000
0.1,0.000
0.1,0.000
0.1,0.000
0.1,0.000
0.0,0.000
0.0,0.000
0.0,0.000
0.0,0.000
0.0,0.000
0.0,0.000
0.0,0.000
0.0,0.000
0.0,0.000
0.0,0.000
0.0,0.000
0.0,0.000
0.0,0.000
0.0,0.000
0.0,0.000
0.0,0.000
0.0,0.000
0.0,0.000
0.0,0.000
0.0,0.000
0.0,0.000
0.0,0.000
0.0,0.000
0.0,0.000
0.0,0.000
0.0,0.000
0.0,0.000
0.0,0.000
0.0,0.000
0.0,0.000
0.0,0.000
0.0,0.000
0.0,0.000
0.0,0.000
0.1,0.000
0.1,0.000
0.1,0.000
0.1,0.000
0.1,0.000
0.0,0.000
0.0,0.000
0.0,0.000
0.0,0.000
0.0,0.000
0.0,0.000
0.0,0.000
0.0,0.000
0.0,0.000
0.0,0.000
0.0,0.000
0.0,0.000
0.0,0.000
0.0,0.000
0.0,0.000
0.0,0.000
0.0,0.000
0.0,0.000
0.0,0.000
0.0,0.000
0.0,0.000
0.0,0.000
0.0,0.000
0.0,0.000
0.0,0.000
0.0,0.000
0.0,0.000
0.0,0.000
0.0,0.000
0.0,0.000
0.0,0.000
0.0,0.000
0.0,0.000
0.0,0.000
0.0,0.000
0.0,0.000
0.0,0.000
0.0,0.000
0.0,0.000
0.0,0.000
-0.1,0.000
-0.1,0.000
-0.1,0.000
-0.1,0.000
-0.1,0.000
-0.1,0.000
-0.1,0.000
-0.1,0.000
0.0,0.000
0.0,0.000
0.0,0.000
0.0,0.000
0.0,0.000
0.0,0.000
0.0,0.000
0.0,0.000
0.0,0.000
0.0,0.000
0.0,0.000
0.0,0.000
0.0,0.000
0.0,0.000
0.0,0.000
0.0,0.000
0.0,0.000
0.0,0.000
0.0,0.000
0.0,0.000
0.0,0.000
0.0,0.000
0.0,0.000
0.1,0.000
0.1,0.000
0.1,0.000
0.1,0.000
0.1,0.000
0.1,0.000
0.0,0.000
0.0,0.000
0.0,0.000
0.0,0.000
0.0,0.000
0.0,0.000
0.0,0.000
0.0,0.000
0.0,0.000
0.0,0.000
0.0,0.000
0.0,0.000
0.0,0.000
0.0,0.000
0.0,0.000
0.0,0.000
0.0,0.000
0.0,0.000
0.0,0.000
0.0,0.000
0.0,0.000
0.0,0.000
0.0,0.000
0.0,0.000
0.0,0.000
0.0,0.000
0.0,0.000
0.0,0.000
0.0,0.000
-0.1,0.000
-0.1,0.000
-0.1,0.000
-0.1,0.000
-0.1,0.000
-0.1,0.000
-0.1,0.000
0.0,0.000
0.0,0.000
0.0,0.000
0.0,0.000
0.0,0.000
0.0,0.000
0.0,0.000
0.0,0.000
0.0,0.000
0.0,0.000
0.0,0.000
0.0,0.000
0.0,0.000
0.0,0.000
0.0,0.000
0.0,0.000
0.0,0.000
0.0,0.000
0.0,0.000
0.0,0.000
0.0,0.000
0.0,0.000
0.0,0.000
0.0,0.000
0.0,0.000
0.0,0.000
0.0,0.000
0.0,0.000
0.0,0.000
0.0,0.000
0.0,0.000
0.0,0.000
0.0,0.000
0.0,0.000
0.0,0.000
0.0,0.000
0.0,0.000
0.0,0.000
0.0,0.000
0.0,0.000
0.0,0.000
0.0,0.000
0.0,0.000
0.0,0.000
0.0,0.000
0.0,0.000
0.0,0.000
0.0,0.000
0.0,0.000
0.0,0.000
0.0,0.000
0.0,0.000
0.0,0.000
0.0,0.000
0.0,0.000
0.0,0.000
0.0,0.000
0.0,0.000
0.1,0.000
0.1,0.000
0.0,0.000
0.0,0.000
0.0,0.000
0.0,0.000
0.0,0.000
0.0,0.000
0.0,0.000
0.0,0.000
0.0,0.000
0.0,0.000
0.0,0.000
0.0,0.000
0.0,0.000
0.0,0.000
0.0,0.000
0.0,0.000
0.0,0.000
0.0,0.000
0.0,0.000
0.0,0.000
0.0,0.000
0.0,0.000
0.0,0.000
0.0,0.000
0.0,0.000
0.0,0.000
0.0,0.000
0.0,0.000
0.0,0.000
0.0,0.000
0.0,0.000
0.0,0.000
0.0,0.000
0.0,0.000
0.0,0.000
0.0,0.000
0.0,0.000
0.0,0.000
0.0,0.000
0.0,0.000
0.0,0.000
0.0,0.000
0.0,0.000
0.0,0.000
0.0,0.000
0.0,0.000
0.0,0.000
0.0,0.000
0.0,0.000
0.0,0.000
0.0,0.000
0.0,0.000
0.0,0.000
0.0,0.000
0.0,0.000
0.0,0.000
0.0,0.000
0.0,0.000
0.0,0.000
0.0,0.000
0.0,0.000
0.0,0.000
0.0,0.000
0.0,0.000
0.0,0.000
0.0,0.000
0.0,0.000
0.0,0.000
0.0,0.000
0.0,0.000
0.0,0.000
0.0,0.000
0.0,0.000
0.0,0.000
0.0,0.000
0.0,0.000
0.0,0.000
0.0,0.000
0.0,0.000
0.0,0.000
0.0,0.000
0.0,0.000
0.0,0.000
0.0,0.000
-0.1,0.000
-0.1,0.000
0.0,0.000
0.0,0.000
0.0,0.000
0.0,0.000
0.0,0.000
0.0,0.000
0.0,0.000
0.0,0.000
0.0,0.000
0.0,0.000
0.0,0.000
0.0,0.000
0.0,0.000
0.0,0.000
0.0,0.000
0.0,0.000
0.0,0.000
0.0,0.000
0.0,0.000
0.0,0.000
0.0,0.000
0.0,0.000
0.0,0.000
0.0,0.000
0.0,0.000
0.0,0.000
0.0,0.000
0.0,0.000
0.0,0.000
0.0,0.000
0.0,0.000
0.0,0.000
0.0,0.000
0.0,0.000
0.0,0.000
0.0,0.000
0.0,0.000
0.0,0.000
0.0,0.000
0.0,0.000
0.0,0.000
0.0,0.000
0.0,0.000
0.0,0.000
0.0,0.000
0.0,0.000
0.0,0.000
0.0,0.000
0.0,0.000
0.0,0.000
0.0,0.000
0.0,0.000
0.0,0.000
0.0,0.000
0.0,0.000
0.0,0.000
0.0,0.000
0.0,0.000
0.0,0.000
0.0,0.000
0.0,0.000
0.0,0.000
0.0,0.000
0.0,0.000
0.0,0.000
0.0,0.000
0.0,0.000
0.0,0.000
0.0,0.000
0.0,0.000
0.0,0.000
0.0,0.000
0.0,0.000
0.0,0.000
0.0,0.000
0.0,0.000
0.0,0.000
0.0,0.000
0.0,0.000
0.0,0.000
0.0,0.000
0.0,0.000
0.0,0.000
0.0,0.000
0.0,0.000
0.0,0.000
0.0,0.000
0.0,0.000
0.0,0.000
0.0,0.000
0.0,0.000
0.0,0.000
0.0,0.000
0.0,0.000
0.0,0.000
0.0,0.000
0.0,0.000
0.0,0.000
0.0,0.000
0.0,0.000
0.0,0.000
0.0,0.000
0.0,0.000
0.0,0.000
0.0,0.000
0.0,0.000
0.0,0.000
0.0,0.000
0.1,0.000
0.1,0.000
0.1,0.000
0.0,0.000
0.0,0.000
0.0,0.000
0.0,0.000
0.0,0.000
0.0,0.000
0.0,0.000
0.0,0.000
0.0,0.000
0.0,0.000
0.0,0.000
0.0,0.000
0.0,0.000
0.0,0.000
0.0,0.000
0.0,0.000
0.0,0.000
0.0,0.000
0.0,0.000
0.0,0.000
0.0,0.000
0.0,0.000
0.0,0.000
0.0,0.000
0.0,0.000
0.0,0.000
0.0,0.000
0.0,0.000
0.0,0.000
0.0,0.000
0.0,0.000
0.0,0.000
0.0,0.000
0.0,0.000
0.0,0.000
0.0,0.000
0.0,0.000
0.0,0.000
0.0,0.000
0.0,0.000
0.0,0.000
0.0,0.000
0.0,0.000
0.0,0.000
0.0,0.000
0.0,0.000
0.0,0.000
0.0,0.000
0.0,0.000
0.0,0.000
0.0,0.000
0.0,0.000
0.0,0.000
0.0,0.000
0.0,0.000
0.0,0.000
0.0,0.000
0.0,0.000
0.0,0.000
0.0,0.000
0.0,0.000
0.0,0.000
0.0,0.000
0.0,0.000
0.0,0.000
0.0,0.000
0.0,0.000
0.0,0.000
0.0,0.000
0.0,0.000
0.0,0.000
0.0,0.000
0.0,0.000
0.0,0.000
0.0,0.000
0.0,0.000
0.0,0.000
0.0,0.000
0.0,0.000
0.0,0.000
0.0,0.000
0.0,0.000
0.0,0.000
0.0,0.000
0.0,0.000
0.0,0.000
0.0,0.000
0.0,0.000
0.0,0.000
0.0,0.000
0.0,0.000
0.0,0.000
0.0,0.000
0.0,0.000
0.0,0.000
0.0,0.000
0.0,0.000
0.0,0.000
0.0,0.000
0.0,0.000
0.0,0.000
0.0,0.000
0.0,0.000
0.0,0.000
0.0,0.000
0.0,0.000
0.0,0.000
0.0,0.000
0.0,0.000
0.0,0.000
0.0,0.000
0.0,0.000
0.0,0.000
0.0,0.000
0.0,0.000
0.0,0.000
0.0,0.000
0.0,0.000
0.0,0.000
0.0,0.000
0.0,0.000
0.0,0.000
0.0,0.000
0.0,0.000
0.0,0.000
0.0,0.000
0.0,0.000
0.0,0.000
0.0,0.000
0.0,0.000
0.0,0.000
0.0,0.000
0.0,0.000
0.0,0.000
0.0,0.000
0.0,0.000
0.0,0.000
0.0,0.000
0.0,0.000
0.0,0.000
0.0,0.000
0.0,0.000
0.0,0.000
0.0,0.000
0.0,0.000
0.0,0.000
0.0,0.000
0.0,0.000
0.0,0.000
0.0,0.000
0.0,0.000
0.0,0.000
0.0,0.000
0.0,0.000
0.0,0.000
0.0,0.000
0.0,0.000
0.0,0.000
0.0,0.000
0.0,0.000
0.0,0.000
0.0,0.000
0.0,0.000
0.0,0.000
0.0,0.000
0.0,0.000
0.0,0.000
0.0,0.000
0.0,0.000
0.0,0.000
0.0,0.000
0.0,0.000
0.0,0.000
0.0,0.000
0.0,0.000
0.0,0.000
0.0,0.000
0.0,0.000
0.0,0.000
0.0,0.000
0.0,0.000
0.0,0.000
0.0,0.000
0.0,0.000
0.0,0.000
0.0,0.000
0.0,0.000
0.0,0.000
0.0,0.000
0.0,0.000
0.0,0.000
0.0,0.000
0.0,0.000
0.0,0.000
0.0,0.000
0.0,0.000
0.0,0.000
0.0,0.000
0.0,0.000
0.0,0.000
0.0,0.000
0.0,0.000
0.0,0.000
0.0,0.000
0.0,0.000
0.0,0.000
0.0,0.000
0.0,0.000
0.0,0.000
0.0,0.000
0.0,0.000
0.0,0.000
0.0,0.000
0.0,0.000
0.0,0.000
0.0,0.000
0.0,0.000
0.0,0.000
0.0,0.000
0.0,0.000
0.0,0.000
0.0,0.000
0.0,0.000
0.0,0.000
0.0,0.000
0.0,0.000
0.0,0.000
0.0,0.000
0.0,0.000
0.0,0.000
0.0,0.000
0.0,0.000
0.0,0.000
0.0,0.000
0.0,0.000
0.0,0.000
0.0,0.000
0.0,0.000
0.0,0.000
0.0,0.000
0.0,0.000
0.0,0.000
0.0,0.000
0.0,0.000
0.0,0.000
0.0,0.000
0.0,0.000
0.0,0.000
0.0,0.000
0.0,0.000
0.0,0.000
0.0,0.000
0.0,0.000
0.0,0.000
0.0,0.000
0.0,0.000
0.0,0.000
0.0,0.000
0.0,0.000
0.0,0.000
0.0,0.000
0.0,0.000
0.0,0.000
0.0,0.000
0.0,0.000
0.0,0.000
0.0,0.000
0.0,0.000
0.0,0.000
0.0,0.000
0.0,0.000
0.0,0.000
0.0,0.000
0.0,0.000
0.0,0.000
0.0,0.000
0.0,0.000
0.0,0.000
0.0,0.000
0.0,0.000
0.0,0.000
0.0,0.000
0.0,0.000
0.0,0.000
0.0,0.000
0.0,0.000
0.0,0.000
0.0,0.000
0.0,0.000
0.0,0.000
0.0,0.000
0.0,0.000
0.0,0.000
0.0,0.000
0.0,0.000
0.0,0.000
0.0,0.000
0.0,0.000
0.0,0.000
0.0,0.000
0.0,0.000
0.0,0.000
0.0,0.000
0.0,0.000
0.0,0.000
0.0,0.000
0.0,0.000
0.0,0.000
0.0,0.000
0.0,0.000
0.0,0.000
0.0,0.000
0.0,0.000
0.0,0.000
0.0,0.000
0.0,0.000
0.0,0.000
0.0,0.000
0.0,0.000
0.0,0.000
0.0,0.000
0.0,0.000
0.0,0.000
0.0,0.000
0.0,0.000
0.0,0.000
0.0,0.000
0.0,0.000
0.0,0.000
0.0,0.000
0.0,0.000
0.0,0.000
0.0,0.000
0.0,0.000
0.0,0.000
0.0,0.000
0.0,0.000
0.0,0.000
0.0,0.000
0.0,0.000
0.0,0.000
0.0,0.000
0.0,0.000
0.0,0.000
0.0,0.000
0.0,0.000
0.0,0.000
0.0,0.000
0.0,0.000
0.0,0.000
0.0,0.000
0.0,0.000
0.0,0.000
0.0,0.000
0.0,0.000
0.0,0.000
0.0,0.000
0.0,0.000
0.0,0.000
0.0,0.000
0.0,0.000
0.0,0.000
0.0,0.000
0.0,0.000
0.0,0.000
0.0,0.000
0.0,0.000
0.0,0.000
0.0,0.000
0.0,0.000
0.0,0.000
0.0,0.000
0.0,0.000
0.0,0.000
0.0,0.000
0.0,0.000
0.0,0.000
0.0,0.000
0.0,0.000
0.0,0.000
0.0,0.000
0.0,0.000
0.0,0.000
0.0,0.000
0.0,0.000
0.0,0.000
0.0,0.000
0.0,0.000
0.0,0.000
0.0,0.000
0.0,0.000
0.0,0.000
0.0,0.000
0.0,0.000
0.0,0.000
0.0,0.000
0.0,0.000
0.0,0.000
0.0,0.000
0.0,0.000
0.0,0.000
0.0,0.000
0.0,0.000
0.0,0.000
0.0,0.000
0.0,0.000
0.0,0.000
0.0,0.000
0.0,0.000
0.0,0.000
0.0,0.000
0.0,0.000
0.0,0.000
0.0,0.000
0.0,0.000
0.0,0.000
0.0,0.000
0.0,0.000
0.0,0.000
0.0,0.000
0.0,0.000
0.0,0.000
0.0,0.000
0.0,0.000
0.0,0.000
0.0,0.000
0.0,0.000
0.0,0.000
0.0,0.000
0.0,0.000
0.0,0.000
0.0,0.000
0.0,0.000
0.0,0.000
0.0,0.000
0.0,0.000
0.0,0.000
0.0,0.000
0.0,0.000
0.0,0.000
0.0,0.000
0.0,0.000
0.0,0.000
0.0,0.000
0.0,0.000
0.0,0.000
0.0,0.000
0.0,0.000
0.0,0.000
0.0,0.000
0.0,0.000
0.0,0.000
0.0,0.000
0.0,0.000
0.0,0.000
0.0,0.000
0.0,0.000
0.0,0.000
0.0,0.000
0.0,0.000
0.0,0.000
0.0,0.000
0.0,0.000
0.0,0.000
0.0,0.000
0.0,0.000
0.0,0.000
0.0,0.000
0.0,0.000
0.0,0.000
0.0,0.000
0.0,0.000
0.0,0.000
0.0,0.000
0.0,0.000
0.0,0.000
0.0,0.000
0.0,0.000
0.0,0.000
0.0,0.000
0.0,0.000
0.0,0.000
0.0,0.000
0.0,0.000
0.0,0.000
0.0,0.000
0.0,0.000
0.0,0.000
0.0,0.000
0.0,0.000
0.0,0.000
0.0,0.000
0.0,0.000
0.0,0.000
0.0,0.000
0.0,0.000
0.0,0.000
0.0,0.000
0.0,0.000
0.0,0.000
0.0,0.000
0.0,0.000
0.0,0.000
0.0,0.000
0.0,0.000
0.0,0.000
0.0,0.000
0.0,0.000
0.0,0.000
0.0,0.000
0.0,0.000
0.0,0.000
0.0,0.000
0.0,0.000
0.0,0.000
0.0,0.000
0.0,0.000
0.0,0.000
0.0,0.000
0.0,0.000
0.0,0.000
0.0,0.000
0.0,0.000
0.0,0.000
0.0,0.000
0.0,0.000
0.0,0.000
0.0,0.000
0.0,0.000
0.0,0.000
0.0,0.000
0.0,0.000
0.0,0.000
0.0,0.000
0.0,0.000
0.0,0.000
0.0,0.000
0.0,0.000
0.0,0.000
0.0,0.000
0.0,0.000
0.0,0.000
0.0,0.000
0.0,0.000
0.0,0.000
0.0,0.000
0.0,0.000
0.0,0.000
0.0,0.000
0.0,0.000
0.0,0.000
0.0,0.000
0.0,0.000
0.0,0.000
0.0,0.000
0.0,0.000
0.0,0.000
0.0,0.000
0.0,0.000
0.0,0.000
0.0,0.000
0.0,0.000
0.0,0.000
0.0,0.000
0.0,0.000
0.0,0.000
0.0,0.000
0.0,0.000
0.0,0.000
0.0,0.000
0.0,0.000
0.0,0.000
0.0,0.000
0.0,0.000
0.0,0.000
0.0,0.000
0.0,0.000
0.0,0.000
0.0,0.000
0.0,0.000
0.0,0.000
0.0,0.000
0.0,0.000
0.0,0.000
0.0,0.000
0.0,0.000
0.0,0.000
0.0,0.000
0.0,0.000
0.0,0.000
0.0,0.000
0.0,0.000
0.0,0.000
0.0,0.000
0.0,0.000
0.0,0.000
0.0,0.000
0.0,0.000
0.0,0.000
0.0,0.000
0.0,0.000
0.0,0.000
0.0,0.000
0.0,0.000
0.0,0.000
0.0,0.000
0.0,0.000
0.0,0.000
0.0,0.000
0.0,0.000
0.0,0.000
0.0,0.000
0.0,0.000
0.0,0.000
0.0,0.000
0.0,0.000
0.0,0.000
0.0,0.000
0.0,0.000
0.0,0.000
0.0,0.000
0.0,0.000
0.0,0.000
0.0,0.000
0.0,0.000
0.0,0.000
0.0,0.000
0.0,0.000
0.0,0.000
0.0,0.000
0.0,0.000
0.0,0.000
0.0,0.000
0.0,0.000
0.0,0.000
0.0,0.000
0.0,0.000
0.0,0.000
0.0,0.000
0.0,0.000
0.0,0.000
0.0,0.000
0.0,0.000
0.0,0.000
0.0,0.000
0.0,0.000
0.0,0.000
0.0,0.000
0.0,0.000
0.0,0.000
0.0,0.000
0.0,0.000
0.0,0.000
0.0,0.000
0.0,0.000
0.0,0.000
0.0,0.000
0.0,0.000
0.0,0.000
0.0,0.000
0.0,0.000
0.0,0.000
0.0,0.000
0.0,0.000
0.0,0.000
0.0,0.000
0.0,0.000
0.0,0.000
0.0,0.000
0.0,0.000
0.0,0.000
0.0,0.000
0.0,0.000
0.0,0.000
0.0,0.000
0.0,0.000
0.0,0.000
0.0,0.000
0.0,0.000
0.0,0.000
0.0,0.000
0.0,0.000
0.0,0.000
0.0,0.000
0.0,0.000
0.0,0.000
0.0,0.000
0.0,0.000
0.0,0.000
0.0,0.000
0.0,0.000
0.0,0.000
0.0,0.000
0.0,0.000
0.0,0.000
0.0,0.000
0.0,0.000
0.0,0.000
0.0,0.000
0.0,0.000
0.0,0.000
0.0,0.000
0.0,0.000
0.0,0.000
0.0,0.000
0.0,0.000
0.0,0.000
0.0,0.000
0.0,0.000
0.0,0.000
0.0,0.000
0.0,0.000
0.0,0.000
0.0,0.000
0.0,0.000
0.0,0.000
0.0,0.000
0.0,0.000
0.0,0.000
0.0,0.000
0.0,0.000
0.0,0.000
0.0,0.000
0.0,0.000
0.0,0.000
0.0,0.000
0.0,0.000
0.0,0.000
0.0,0.000
0.0,0.000
0.0,0.000
0.0,0.000
0.0,0.000
0.0,0.000
0.0,0.000
0.0,0.000
0.0,0.000
0.0,0.000
0.0,0.000
0.0,0.000
0.0,0.000
0.0,0.000
0.0,0.000
0.0,0.000
0.0,0.000
0.0,0.000
0.0,0.000
0.0,0.000
0.0,0.000
0.0,0.000
0.0,0.000
0.0,0.000
0.0,0.000
0.0,0.000
0.0,0.000
0.0,0.000
0.0,0.000
0.0,0.000
0.0,0.000
0.0,0.000
0.0,0.000
0.0,0.000
0.0,0.000
0.0,0.000
0.0,0.000
0.0,0.000
0.0,0.000
0.0,0.000
0.0,0.000
0.0,0.000
0.0,0.000
0.0,0.000
0.0,0.000
0.0,0.000
0.0,0.000
0.0,0.000
0.0,0.000
0.0,0.000
0.0,0.000
0.0,0.000
0.0,0.000
0.0,0.000
0.0,0.000
0.0,0.000
0.0,0.000
0.0,0.000
0.0,0.000
0.0,0.000
0.0,0.000
0.0,0.000
0.0,0.000
0.0,0.000
0.0,0.000
0.0,0.000
0.0,0.000
0.0,0.000
0.0,0.000
0.0,0.000
0.0,0.000
0.0,0.000
0.0,0.000
0.0,0.000
0.0,0.000
0.0,0.000
0.0,0.000
0.0,0.000
0.0,0.000
0.0,0.000
0.0,0.000
0.0,0.000
0.0,0.000
0.0,0.000
0.0,0.000
0.0,0.000
0.0,0.000
0.0,0.000
0.0,0.000
0.0,0.000
0.0,0.000
0.0,0.000
0.0,0.000
0.0,0.000
0.0,0.000
0.0,0.000
0.0,0.000
0.0,0.000
0.0,0.000
0.0,0.000
0.0,0.000
0.0,0.000
0.0,0.000
0.0,0.000
0.0,0.000
0.0,0.000
0.0,0.000
0.0,0.000
0.0,0.000
0.0,0.000
0.0,0.000
0.0,0.000
0.0,0.000
0.0,0.000
0.0,0.000
0.0,0.000
0.0,0.000
0.0,0.000
0.0,0.000
0.0,0.000
0.0,0.000
0.0,0.000
0.0,0.000
0.0,0.000
0.0,0.000
0.0,0.000
0.0,0.000
0.0,0.000
0.0,0.000
0.0,0.000
0.0,0.000
0.0,0.000
0.0,0.000
0.0,0.000
0.0,0.000
0.0,0.000
0.0,0.000
0.0,0.000
0.0,0.000
0.0,0.000
0.0,0.000
0.0,0.000
0.0,0.000
0.0,0.000
0.0,0.000
0.0,0.000
0.0,0.000
0.0,0.000
0.0,0.000
0.0,0.000
0.0,0.000
0.0,0.000
0.0,0.000
0.0,0.000
0.0,0.000
0.0,0.000
0.0,0.000
0.0,0.000
0.0,0.000
0.0,0.000
0.0,0.000
0.0,0.000
0.0,0.000
0.0,0.000
0.0,0.000
0.0,0.000
0.0,0.000
0.0,0.000
0.0,0.000
0.0,0.000
0.0,0.000
0.0,0.000
0.0,0.000
0.0,0.000
0.0,0.000
0.0,0.000
0.0,0.000
0.0,0.000
0.0,0.000
0.0,0.000
0.0,0.000
0.0,0.000
0.0,0.000
0.0,0.000
0.0,0.000
0.0,0.000
0.0,0.000
0.0,0.000
0.0,0.000
0.0,0.000
0.0,0.000
0.0,0.000
0.0,0.000
0.0,0.000
0.0,0.000
0.0,0.000
0.0,0.000
0.0,0.000
0.0,0.000
0.0,0.000
0.0,0.000
0.0,0.000
0.0,0.000
0.0,0.000
0.0,0.000
0.0,0.000
0.0,0.000
0.0,0.000
0.0,0.000
0.0,0.000
0.0,0.000
0.0,0.000
0.0,0.000
0.0,0.000
0.0,0.000
0.0,0.000
0.0,0.000
0.0,0.000
0.0,0.000
0.0,0.000
0.0,0.000
0.0,0.000
0.0,0.000
0.0,0.000
0.0,0.000
0.0,0.000
0.0,0.000
0.0,0.000
0.0,0.000
0.0,0.000
0.0,0.000
0.0,0.000
0.0,0.000
0.0,0.000
0.0,0.000
0.0,0.000
0.0,0.000
0.0,0.000
0.0,0.000
0.0,0.000
0.0,0.000
0.0,0.000
0.0,0.000
0.0,0.000
0.0,0.000
0.0,0.000
0.0,0.000
0.0,0.000
0.0,0.000
0.0,0.000
0.0,0.000
0.0,0.000
0.0,0.000
0.0,0.000
0.0,0.000
0.0,0.000
0.0,0.000
0.0,0.000
0.0,0.000
0.0,0.000
0.0,0.000
0.0,0.000
0.0,0.000
0.0,0.000
0.0,0.000
0.0,0.000
0.0,0.000
0.0,0.000
0.0,0.000
0.0,0.000
0.0,0.000
0.0,0.000
0.0,0.000
0.0,0.000
0.0,0.000
0.0,0.000
0.0,0.000
0.0,0.000
0.0,0.000
0.0,0.000
0.0,0.000
0.0,0.000
0.0,0.000
0.0,0.000
0.0,0.000
0.0,0.000
0.0,0.000
0.0,0.000
0.0,0.000
0.0,0.000
0.0,0.000
0.0,0.000
0.0,0.000
0.0,0.000
0.0,0.000
0.0,0.000
0.0,0.000
0.0,0.000
0.0,0.000
0.0,0.000
0.0,0.000
0.0,0.000
0.0,0.000
0.0,0.000
0.0,0.000
0.0,0.000
0.0,0.000
0.0,0.000
0.0,0.000
0.0,0.000
0.0,0.000
0.0,0.000
0.0,0.000
0.0,0.000
0.0,0.000
0.0,0.000
0.0,0.000
0.0,0.000
0.0,0.000
0.0,0.000
0.0,0.000
0.0,0.000
0.0,0.000
0.0,0.000
0.0,0.000
0.0,0.000
0.0,0.000
0.0,0.000
0.0,0.000
0.0,0.000
0.0,0.000
0.0,0.000
0.0,0.000
0.0,0.000
0.0,0.000
0.0,0.000
0.0,0.000
0.0,0.000
0.0,0.000
0.0,0.000
0.0,0.000
0.0,0.000
0.0,0.000
0.0,0.000
0.0,0.000
0.0,0.000
0.0,0.000
0.0,0.000
0.0,0.000
0.0,0.000
0.0,0.000
0.0,0.000
0.0,0.000
0.0,0.000
0.0,0.000
0.0,0.000
0.0,0.000
0.0,0.000
0.0,0.000
0.0,0.000
0.0,0.000
0.0,0.000
0.0,0.000
0.0,0.000
0.0,0.000
0.0,0.000
0.0,0.000
0.0,0.000
0.0,0.000
0.0,0.000
0.0,0.000
0.0,0.000
0.0,0.000
0.0,0.000
0.0,0.000
0.0,0.000
0.0,0.000
0.0,0.000
0.0,0.000
0.0,0.000
0.0,0.000
0.0,0.000
0.0,0.000
0.0,0.000
0.0,0.000
0.0,0.000
0.0,0.000
0.0,0.000
0.0,0.000
0.0,0.000
0.0,0.000
0.0,0.000
0.0,0.000
0.0,0.000
0.0,0.000
0.0,0.000
0.0,0.000
0.0,0.000
0.0,0.000
0.0,0.000
0.0,0.000
0.0,0.000
0.0,0.000
0.0,0.000
0.0,0.000
0.0,0.000
0.0,0.000
0.0,0.000
0.0,0.000
0.0,0.000
0.0,0.000
0.0,0.000
0.0,0.000
0.0,0.000
0.0,0.000
0.0,0.000
0.0,0.000
0.0,0.000
0.0,0.000
0.0,0.000
0.0,0.000
0.0,0.000
0.0,0.000
0.0,0.000
0.0,0.000
0.0,0.000
0.0,0.000
0.0,0.000
0.0,0.000
0.0,0.000
0.0,0.000
0.0,0.000
0.0,0.000
0.0,0.000
0.0,0.000
0.0,0.000
0.0,0.000
0.0,0.000
0.0,0.000
0.0,0.000
0.0,0.000
0.0,0.000
0.0,0.000
0.0,0.000
0.0,0.000
0.0,0.000
0.0,0.000
0.0,0.000
0.0,0.000
0.0,0.000
0.0,0.000
0.0,0.000
0.0,0.000
0.0,0.000
0.0,0.000
0.0,0.000
0.0,0.000
0.0,0.000
0.0,0.000
0.0,0.000
0.0,0.000
0.0,0.000
0.0,0.000
0.0,0.000
0.0,0.000
0.0,0.000
0.0,0.000
0.0,0.000
0.0,0.000
0.0,0.000
0.0,0.000
0.0,0.000
0.0,0.000
0.0,0.000
0.0,0.000
0.0,0.000
0.0,0.000
0.0,0.000
0.0,0.000
0.0,0.000
0.0,0.000
0.0,0.000
0.0,0.000
0.0,0.000
0.0,0.000
0.0,0.000
0.0,0.000
0.0,0.000
0.0,0.000
0.0,0.000
0.0,0.000
0.0,0.000
0.0,0.000
0.0,0.000
0.0,0.000
0.0,0.000
0.0,0.000
0.0,0.000
0.0,0.000
0.0,0.000
0.0,0.000
0.0,0.000
0.0,0.000
0.0,0.000
0.0,0.000
0.0,0.000
0.0,0.000
0.0,0.000
0.0,0.000
0.0,0.000
0.0,0.000
0.0,0.000
0.0,0.000
0.0,0.000
0.0,0.000
0.0,0.000
0.0,0.000
0.0,0.000
0.0,0.000
0.0,0.000
0.0,0.000
0.0,0.000
0.0,0.000
0.0,0.000
0.0,0.000
0.0,0.000
0.0,0.000
0.0,0.000
0.0,0.000
0.0,0.000
0.0,0.000
0.0,0.000
0.0,0.000
0.0,0.000
0.0,0.000
0.0,0.000
0.0,0.000
0.0,0.000
0.0,0.000
0.0,0.000
0.0,0.000
0.0,0.000
0.0,0.000
0.0,0.000
0.0,0.000
0.0,0.000
0.0,0.000
0.0,0.000
0.0,0.000
0.0,0.000
0.0,0.000
0.0,0.000
0.0,0.000
0.0,0.000
0.0,0.000
0.0,0.000
0.0,0.000
0.0,0.000
0.0,0.000
0.0,0.000
0.0,0.000
0.0,0.000
0.0,0.000
0.0,0.000
0.0,0.000
0.0,0.000
0.0,0.000
0.0,0.000
0.0,0.000
0.0,0.000
0.0,0.000
0.0,0.000
0.0,0.000
0.0,0.000
0.0,0.000
0.0,0.000
0.0,0.000
0.0,0.000
0.0,0.000
0.0,0.000
0.0,0.000
0.0,0.000
0.0,0.000
0.0,0.000
0.0,0.000
0.0,0.000
0.0,0.000
0.0,0.000
0.0,0.000
0.0,0.000
0.0,0.000
0.0,0.000
0.0,0.000
0.0,0.000
0.0,0.000
0.0,0.000
0.0,0.000
0.0,0.000
0.0,0.000
0.0,0.000
0.0,0.000
0.0,0.000
0.0,0.000
0.0,0.000
0.0,0.000
0.0,0.000
0.0,0.000
0.0,0.000
0.0,0.000
0.0,0.000
0.0,0.000
0.0,0.000
0.0,0.000
0.0,0.000
0.0,0.000
0.0,0.000
0.0,0.000
0.0,0.000
0.0,0.000
0.0,0.000
0.0,0.000
0.0,0.000
0.0,0.000
0.0,0.000
0.0,0.000
0.0,0.000
0.0,0.000
0.0,0.000
0.0,0.000
0.0,0.000
0.0,0.000
0.0,0.000
0.0,0.000
0.0,0.000
0.0,0.000
0.0,0.000
0.0,0.000
0.0,0.000
0.0,0.000
0.0,0.000
0.0,0.000
0.0,0.000
0.0,0.000
0.0,0.000
0.0,0.000
0.0,0.000
0.0,0.000
0.0,0.000
0.0,0.000
0.0,0.000
0.0,0.000
0.0,0.000
0.0,0.000
0.0,0.000
0.0,0.000
0.0,0.000
0.0,0.000
0.0,0.000
0.0,0.000
0.0,0.000
0.0,0.000
0.0,0.000
0.0,0.000
0.0,0.000
0.0,0.000
0.0,0.000
0.0,0.000
0.0,0.000
0.0,0.000
0.0,0.000
0.0,0.000
0.0,0.000
0.0,0.000
0.0,0.000
0.0,0.000
0.0,0.000
0.0,0.000
0.0,0.000
0.0,0.000
0.0,0.000
-0.1,0.000
-0.1,0.000
-0.1,0.000
-0.1,0.000
-0.1,0.000
-0.1,0.000
-0.1,0.000
-0.1,0.000
0.0,0.000
0.0,0.000
0.0,0.000
0.1,0.000
0.1,0.000
0.1,0.000
0.1,0.000
0.1,0.000
0.1,0.000
0.1,0.000
0.0,0.000
0.0,0.000
-0.1,0.000
-0.1,0.000
-0.1,0.000
-0.1,0.000
-0.1,0.000
-0.1,0.000
-0.1,0.000
-0.1,0.000
-0.1,0.000
0.0,0.000
0.1,0.000
0.1,0.000
0.2,0.000
0.2,0.000
0.2,0.000
0.2,0.000
0.2,0.000
0.1,0.000
0.1,0.000
0.0,0.000
-0.1,0.000
-0.1,0.000
-0.2,0.000
-0.2,0.000
-0.2,0.000
-0.2,0.000
-0.2,0.000
-0.1,0.000
0.0,0.000
0.0,0.000
0.1,0.000
0.2,0.000
0.2,0.000
0.3,0.000
0.3,0.000
0.3,0.000
0.2,0.000
0.2,0.000
0.1,0.000
0.0,0.000
-0.1,0.000
-0.1,0.000
-0.2,0.000
-0.3,0.000
-0.3,0.000
-0.3,0.000
-0.2,0.000
-0.2,0.000
-0.1,0.000
0.0,0.000
0.1,0.000
0.2,0.000
0.2,0.000
0.2,0.000
0.3,0.000
0.3,0.000
0.3,0.000
0.2,0.000
0.1,0.000
0.0,0.000
-0.1,0.000
-0.2,0.000
-0.2,0.000
-0.3,0.000
-0.3,0.000
-0.3,0.000
-0.3,0.000
-0.2,0.000
-0.1,0.000
0.0,0.000
0.0,0.000
0.1,0.000
0.2,0.000
0.2,0.000
0.2,0.000
0.2,0.000
0.2,0.000
0.2,0.000
0.1,0.000
0.0,0.000
0.0,0.000
-0.1,0.000
-0.2,0.000
-0.2,0.000
-0.3,0.000
-0.3,0.000
-0.3,0.000
-0.2,0.000
-0.1,0.000
0.0,0.000
0.0,0.000
0.1,0.000
0.2,0.000
0.2,0.000
0.3,0.000
0.3,0.000
0.3,0.000
0.2,0.000
0.2,0.000
0.1,0.000
0.0,0.000
-0.1,0.000
-0.1,0.000
-0.2,0.000
-0.2,0.000
-0.2,0.000
-0.2,0.000
-0.1,0.000
-0.1,0.000
0.0,0.000
0.0,0.000
0.1,0.000
0.1,0.000
0.1,0.000
0.2,0.000
0.2,0.000
0.2,0.000
0.2,0.000
0.2,0.000
0.1,0.000
0.1,0.000
0.0,0.000
0.0,0.000
-0.1,0.000
-0.1,0.000
-0.1,0.000
-0.1,0.000
-0.1,0.000
-0.1,0.000
-0.1,0.000
0.0,0.000
0.1,0.000
0.1,0.000
0.1,0.000
0.2,0.000
0.2,0.000
0.2,0.000
0.1,0.000
0.1,0.000
0.1,0.000
0.0,0.000
0.0,0.000
0.0,0.000
-0.1,0.000
-0.1,0.000
-0.1,0.000
-0.1,0.000
-0.1,0.000
0.0,0.000
0.0,0.000
0.1,0.000
0.1,0.000
0.1,0.000
0.1,0.000
0.1,0.000
0.1,0.000
0.1,0.000
0.1,0.000
0.1,0.000
0.1,0.000
0.0,0.000
0.0,0.000
-0.1,0.000
-0.1,0.000
-0.1,0.000
-0.1,0.000
-0.1,0.000
-0.1,0.000
0.0,0.000
-0.1,0.000
0.1,0.000
0.1,0.000
0.1,0.000
0.1,0.000
0.1,0.000
0.1,0.000
0.1,0.000
0.1,0.000
0.0,0.000
0.0,0.000
0.0,0.000
0.0,0.000
-0.1,0.000
-0.1,0.000
-0.1,0.000
-0.1,0.000
-0.1,0.000
-0.1,0.000
-0.1,0.000
-0.1,0.000
0.0,0.000
0.0,0.000
0.0,0.000
0.1,0.000
0.0,0.000
0.0,0.000
0.0,0.000
0.0,0.000
-0.1,0.000
-0.1,0.000
-0.1,0.000
-0.1,0.000
-0.1,0.000
-0.1,0.000
-0.1,0.000
-0.1,0.000
0.0,0.000
0.0,0.000
0.0,0.000
0.0,0.000
0.0,0.000
0.1,0.000
0.1,0.000
0.1,0.000
0.1,0.000
0.1,0.000
0.1,0.000
0.1,0.000
0.1,0.000
0.1,0.000
0.0,0.000
0.0,0.000
0.0,0.000
0.0,0.000
0.0,0.000
0.0,0.000
0.0,0.000
0.0,0.000
0.0,0.000
0.0,0.000
0.1,0.000
0.1,0.000
0.2,0.000
0.2,0.000
0.1,0.000
0.1,0.000
0.1,0.000
0.0,0.000
0.0,0.000
0.0,0.000
0.0,0.000
-0.1,0.000
-0.1,0.000
-0.1,0.000
-0.1,0.000
-0.1,0.000
-0.1,0.000
-0.1,0.000
-0.1,0.000
-0.1,0.000
0.0,0.000
0.0,0.000
0.1,0.000
0.1,0.000
0.1,0.000
0.1,0.000
0.1,0.000
0.1,0.000
0.1,0.000
0.0,0.000
0.0,0.000
0.0,0.000
-0.1,0.000
-0.1,0.000
-0.1,0.000
-0.1,0.000
-0.1,0.000
-0.1,0.000
0.1,0.000
0.1,0.000
0.1,0.000
0.1,0.000
0.1,0.000
0.1,0.000
0.1,0.000
0.1,0.000
0.1,0.000
0.1,0.000
0.0,0.000
0.0,0.000
-0.1,0.000
0.0,0.000
0.0,0.000
-0.1,0.000
-0.1,0.000
-0.1,0.000
-0.1,0.000
-0.1,0.000
0.0,0.000
0.1,0.000
0.1,0.000
0.1,0.000
0.1,0.000
0.1,0.000
0.1,0.000
0.1,0.000
0.1,0.000
0.1,0.000
0.1,0.000
0.0,0.000
0.0,0.000
-0.1,0.000
-0.1,0.000
-0.1,0.000
-0.1,0.000
-0.1,0.000
-0.1,0.000
-0.1,0.000
-0.1,0.000
-0.1,0.000
-0.1,0.000
-0.1,0.000
0.0,0.000
0.0,0.000
0.0,0.000
0.0,0.000
0.0,0.000
0.0,0.000
0.0,0.000
0.0,0.000
0.0,0.000
0.0,0.000
0.0,0.000
0.0,0.000
0.0,0.000
0.0,0.000
0.0,0.000
0.0,0.000
0.0,0.000
0.1,0.000
0.1,0.000
0.1,0.000
0.1,0.000
0.1,0.000
0.1,0.000
0.1,0.000
0.0,0.000
0.0,0.000
0.0,0.000
0.0,0.000
0.0,0.000
0.0,0.000
0.0,0.000
0.0,0.000
0.0,0.000
0.0,0.000
0.0,0.000
0.0,0.000
0.0,0.000
0.0,0.000
0.0,0.000
0.0,0.000
0.0,0.000
0.0,0.000
0.0,0.000
0.0,0.000
0.0,0.000
0.0,0.000
0.0,0.000
0.0,0.000
0.0,0.000
0.0,0.000
0.0,0.000
0.0,0.000
0.0,0.000
0.0,0.000
0.0,0.000
0.0,0.000
0.0,0.000
0.0,0.000
0.0,0.000
0.0,0.000
0.0,0.000
0.0,0.000
0.0,0.000
0.0,0.000
0.0,0.000
0.0,0.000
0.0,0.000
0.0,0.000
0.0,0.000
0.0,0.000
0.0,0.000
0.0,0.000
0.0,0.000
0.0,0.000
0.0,0.000
0.1,0.000
0.0,0.000
0.0,0.000
0.0,0.000
0.0,0.000
0.0,0.000
0.0,0.000
0.0,0.000
0.0,0.000
0.0,0.000
0.0,0.000
0.0,0.000
0.0,0.000
0.0,0.000
0.0,0.000
0.0,0.000
0.0,0.000
0.0,0.000
0.0,0.000
0.0,0.000
0.0,0.000
0.0,0.000
0.0,0.000
0.0,0.000
0.0,0.000
0.0,0.000
0.0,0.000
0.0,0.000
0.0,0.000
0.0,0.000
0.0,0.000
0.0,0.000
0.0,0.000
0.0,0.000
0.0,0.000
0.0,0.000
0.0,0.000
0.0,0.000
0.0,0.000
0.0,0.000
0.0,0.000
0.0,0.000
0.0,0.000
0.0,0.000
0.0,0.000
0.0,0.000
0.0,0.000
0.0,0.000
0.0,0.000
0.0,0.000
0.0,0.000
0.0,0.000
0.0,0.000
0.0,0.000
0.0,0.000
0.0,0.000
0.0,0.000
0.0,0.000
0.0,0.000
0.0,0.000
0.0,0.000
0.0,0.000
0.0,0.000
0.0,0.000
0.0,0.000
0.0,0.000
0.0,0.000
0.0,0.000
0.0,0.000
0.0,0.000
0.0,0.000
0.0,0.000
0.0,0.000
0.0,0.000
0.0,0.000
0.0,0.000
0.0,0.000
0.0,0.000
0.0,0.000
0.0,0.000
0.0,0.000
0.0,0.000
0.0,0.000
0.0,0.000
0.0,0.000
0.0,0.000
0.0,0.000
0.0,0.000
0.0,0.000
0.0,0.000
0.0,0.000
0.0,0.000
0.0,0.000
0.0,0.000
0.0,0.000
0.0,0.000
0.0,0.000
0.0,0.000
0.0,0.000
0.0,0.000
0.0,0.000
0.0,0.000
0.0,0.000
0.0,0.000
0.0,0.000
0.0,0.000
0.0,0.000
0.0,0.000
0.0,0.000
0.0,0.000
0.0,0.000
0.0,0.000
0.0,0.000
0.0,0.000
0.0,0.000
0.0,0.000
0.0,0.000
0.0,0.000
0.0,0.000
0.0,0.000
0.0,0.000
0.0,0.000
0.0,0.000
0.0,0.000
0.0,0.000
0.0,0.000
0.0,0.000
0.0,0.000
0.0,0.000
0.0,0.000
0.0,0.000
0.0,0.000
0.0,0.000
0.0,0.000
0.0,0.000
0.0,0.000
0.0,0.000
0.0,0.000
0.0,0.000
0.0,0.000
0.0,0.000
0.0,0.000
0.0,0.000
0.0,0.000
0.0,0.000
0.0,0.000
0.0,0.000
0.0,0.000
0.0,0.000
0.0,0.000
0.0,0.000
0.0,0.000
0.0,0.000
0.0,0.000
0.0,0.000
0.0,0.000
0.0,0.000
0.0,0.000
0.0,0.000
0.0,0.000
0.0,0.000
0.0,0.000
0.0,0.000
0.0,0.000
0.0,0.000
0.0,0.000
0.0,0.000
0.0,0.000
0.0,0.000
0.0,0.000
0.0,0.000
0.0,0.000
0.0,0.000
0.0,0.000
0.0,0.000
0.0,0.000
0.0,0.000
0.0,0.000
0.0,0.000
0.0,0.000
0.0,0.000
0.0,0.000
0.0,0.000
0.0,0.000
0.0,0.000
0.0,0.000
0.0,0.000
0.0,0.000
0.0,0.000
0.0,0.000
0.0,0.000
0.0,0.000
0.0,0.000
0.0,0.000
0.0,0.000
0.0,0.000
0.0,0.000
0.0,0.000
0.0,0.000
0.0,0.000
0.0,0.000
0.0,0.000
0.0,0.000
0.0,0.000
0.0,0.000
0.0,0.000
0.0,0.000
0.0,0.000
0.0,0.000
0.0,0.000
0.0,0.000
0.0,0.000
0.0,0.000
0.0,0.000
0.0,0.000
0.0,0.000
0.0,0.000
0.0,0.000
0.0,0.000
0.0,0.000
0.0,0.000
0.0,0.000
0.0,0.000
0.0,0.000
0.0,0.000
0.0,0.000
0.0,0.000
0.0,0.000
0.0,0.000
0.0,0.000
0.0,0.000
0.0,0.000
0.0,0.000
0.0,0.000
0.0,0.000
0.0,0.000
0.0,0.000
0.0,0.000
0.0,0.000
0.0,0.000
0.0,0.000
0.0,0.000
0.1,0.000
0.1,0.000
0.1,0.000
0.1,0.000
0.1,0.000
0.0,0.000
0.0,0.000
0.0,0.000
0.0,0.000
0.0,0.000
0.0,0.000
0.0,0.000
0.0,0.000
0.0,0.000
0.0,0.000
0.0,0.000
0.0,0.000
0.0,0.000
0.0,0.000
0.0,0.000
0.0,0.000
0.0,0.000
0.0,0.000
0.0,0.000
0.0,0.000
0.0,0.000
0.0,0.000
0.0,0.000
0.0,0.000
0.0,0.000
0.0,0.000
0.0,0.000
0.0,0.000
0.0,0.000
0.0,0.000
0.0,0.000
0.0,0.000
0.0,0.000
0.0,0.000
0.0,0.000
0.0,0.000
0.0,0.000
0.0,0.000
0.0,0.000
0.0,0.000
0.0,0.000
0.0,0.000
0.0,0.000
0.0,0.000
0.0,0.000
0.0,0.000
0.0,0.000
0.0,0.000
0.0,0.000
0.0,0.000
0.0,0.000
0.0,0.000
0.0,0.000
0.0,0.000
0.0,0.000
0.0,0.000
0.0,0.000
0.0,0.000
0.0,0.000
0.0,0.000
0.0,0.000
0.0,0.000
0.0,0.000
0.0,0.000
0.0,0.000
0.0,0.000
0.0,0.000
0.0,0.000
0.0,0.000
0.0,0.000
0.0,0.000
0.0,0.000
0.0,0.000
0.0,0.000
0.0,0.000
0.0,0.000
0.0,0.000
0.0,0.000
0.0,0.000
0.0,0.000
0.0,0.000
0.0,0.000
0.0,0.000
0.0,0.000
0.0,0.000
0.0,0.000
0.0,0.000
0.0,0.000
0.0,0.000
0.0,0.000
0.0,0.000
0.0,0.000
0.0,0.000
0.0,0.000
0.0,0.000
0.0,0.000
0.0,0.000
0.0,0.000
0.0,0.000
0.0,0.000
0.0,0.000
0.0,0.000
0.0,0.000
0.0,0.000
0.0,0.000
0.0,0.000
0.0,0.000
0.0,0.000
0.0,0.000
0.0,0.000
0.0,0.000
0.0,0.000
0.0,0.000
0.0,0.000
0.0,0.000
0.0,0.000
0.0,0.000
0.0,0.000
0.0,0.000
0.0,0.000
0.0,0.005
0.0,0.005
0.0,0.005
0.0,0.005
0.0,0.005
0.0,0.005
0.0,0.005
0.0,0.005
0.0,0.005
0.0,0.005
0.0,0.005
0.0,0.005
0.0,0.005
0.0,0.005
0.0,0.005
0.0,0.005
0.0,0.005
0.0,0.005
0.0,0.005
0.0,0.005
0.0,0.005
0.0,0.005
0.0,0.005
0.0,0.005
0.0,0.005
0.0,0.005
0.0,0.005
0.0,0.005
0.0,0.005
0.0,0.005
0.0,0.005
0.0,0.005
0.0,0.005
0.0,0.005
0.0,0.005
0.0,0.005
0.0,0.005
0.0,0.005
0.0,0.005
0.0,0.005
0.0,0.005
0.0,0.005
0.0,0.005
0.0,0.005
0.0,0.005
0.0,0.005
0.0,0.005
0.0,0.005
0.0,0.005
0.0,0.005
0.0,0.005
0.0,0.005
0.0,0.005
0.0,0.005
0.0,0.005
0.0,0.005
0.0,0.005
0.0,0.005
0.0,0.005
0.0,0.005
0.0,0.005
0.0,0.005
0.0,0.005
0.0,0.005
0.0,0.005
0.0,0.005
0.0,0.005
0.0,0.005
0.0,0.005
0.0,0.005
0.0,0.005
0.0,0.005
0.0,0.005
0.0,0.005
0.0,0.005
0.0,0.005
0.0,0.005
0.0,0.005
0.0,0.005
0.0,0.005
0.0,0.005
0.0,0.005
0.0,0.005
0.0,0.005
0.0,0.005
0.0,0.005
0.0,0.005
0.0,0.005
0.0,0.005
0.0,0.005
0.0,0.005
0.0,0.005
0.0,0.005
0.0,0.005
0.0,0.005
0.0,0.005
0.0,0.005
0.0,0.005
0.0,0.005
0.0,0.005
0.0,0.005
0.0,0.005
0.0,0.005
0.0,0.005
0.0,0.005
0.0,0.005
0.0,0.005
0.0,0.005
0.0,0.005
0.0,0.005
0.0,0.005
0.0,0.005
0.0,0.005
0.0,0.005
0.0,0.005
0.0,0.005
0.0,0.005
0.0,0.005
0.0,0.005
0.0,0.005
0.0,0.005
0.0,0.005
0.0,0.005
0.0,0.005
0.0,0.005
0.0,0.005
0.0,0.005
0.0,0.005
0.0,0.005
0.0,0.005
0.0,0.005
0.0,0.005
0.0,0.005
0.0,0.005
0.0,0.005
0.0,0.005
0.0,0.005
0.0,0.005
0.0,0.005
0.0,0.005
0.0,0.005
0.0,0.005
0.0,0.005
0.0,0.005
0.0,0.005
0.0,0.005
0.0,0.005
0.0,0.005
0.0,0.005
0.0,0.005
0.0,0.005
0.0,0.005
0.0,0.005
0.0,0.005
0.0,0.005
0.0,0.005
0.0,0.005
0.0,0.005
0.0,0.005
0.0,0.005
0.0,0.005
0.0,0.005
0.0,0.005
0.0,0.005
0.0,0.005
0.0,0.005
0.0,0.005
0.0,0.005
0.0,0.005
0.0,0.005
0.0,0.005
0.0,0.005
0.0,0.005
0.0,0.005
0.0,0.005
0.0,0.005
0.0,0.005
0.0,0.005
0.0,0.005
0.0,0.005
0.0,0.005
0.0,0.005
0.0,0.005
0.0,0.005
0.0,0.005
0.0,0.005
0.0,0.005
0.0,0.005
0.0,0.005
0.0,0.005
0.0,0.005
0.0,0.005
0.0,0.005
0.0,0.005
0.0,0.005
0.0,0.005
0.0,0.005
0.0,0.005
0.0,0.005
0.0,0.005
0.0,0.005
0.0,0.005
0.0,0.005
0.0,0.005
0.0,0.005
0.0,0.005
0.0,0.005
0.0,0.005
0.0,0.005
0.0,0.005
0.0,0.005
0.0,0.005
0.0,0.005
0.0,0.005
0.0,0.005
0.0,0.005
0.0,0.005
0.0,0.005
0.0,0.005
0.0,0.005
0.0,0.005
0.0,0.005
0.0,0.005
0.0,0.005
0.0,0.005
0.0,0.005
0.0,0.005
0.0,0.005
0.0,0.005
0.0,0.005
0.0,0.005
0.0,0.005
0.0,0.005
0.0,0.005
0.0,0.005
0.0,0.005
0.0,0.005
0.0,0.005
0.0,0.005
0.0,0.005
0.0,0.005
0.0,0.005
0.0,0.005
0.0,0.005
0.0,0.005
0.0,0.005
0.0,0.005
0.0,0.005
0.0,0.005
0.0,0.005
0.0,0.005
0.0,0.005
0.0,0.005
0.0,0.005
0.0,0.005
0.0,0.005
0.0,0.005
0.0,0.005
0.0,0.005
0.0,0.005
0.0,0.005
0.0,0.005
0.0,0.005
0.0,0.005
0.0,0.005
0.0,0.005
0.0,0.005
0.0,0.005
0.0,0.005
0.0,0.005
0.0,0.005
0.0,0.005
0.0,0.005
0.0,0.005
0.0,0.005
0.0,0.005
0.0,0.005
0.0,0.005
0.0,0.005
0.0,0.005
0.0,0.005
0.0,0.005
0.0,0.005
0.0,0.005
0.0,0.005
0.0,0.005
0.0,0.005
0.0,0.005
0.0,0.005
0.0,0.005
0.0,0.005
0.0,0.005
0.0,0.005
0.0,0.005
0.0,0.005
0.0,0.005
0.0,0.005
0.0,0.005
0.0,0.005
0.0,0.005
0.0,0.005
0.0,0.005
0.0,0.005
0.0,0.005
0.0,0.005
0.0,0.005
0.0,0.005
0.0,0.005
0.0,0.005
0.0,0.005
0.0,0.005
0.0,0.005
0.0,0.005
0.0,0.005
0.0,0.005
0.0,0.005
0.0,0.005
0.0,0.005
0.0,0.005
0.0,0.005
0.0,0.005
0.0,0.005
0.0,0.005
0.0,0.005
0.0,0.005
0.0,0.005
0.0,0.005
0.0,0.005
0.0,0.005
0.0,0.005
0.0,0.005
0.0,0.005
0.0,0.005
0.0,0.005
0.0,0.005
0.0,0.005
0.0,0.005
0.0,0.005
0.0,0.005
0.0,0.005
0.0,0.005
0.0,0.005
0.0,0.005
0.0,0.005
0.0,0.005
0.0,0.005
0.0,0.005
0.0,0.005
0.0,0.005
0.0,0.005
0.0,0.005
0.0,0.005
0.0,0.005
0.0,0.005
0.0,0.005
0.0,0.005
0.0,0.005
0.0,0.005
0.0,0.005
0.0,0.005
0.0,0.005
0.0,0.005
0.0,0.005
0.0,0.005
0.0,0.005
0.0,0.005
0.0,0.005
0.0,0.005
0.0,0.005
0.0,0.005
0.0,0.005
0.0,0.005
0.0,0.005
0.0,0.005
0.0,0.005
0.0,0.005
0.0,0.005
0.0,0.005
0.0,0.005
0.0,0.005
0.0,0.005
0.0,0.005
0.0,0.005
0.0,0.005
0.0,0.005
0.0,0.005
0.0,0.005
0.0,0.005
0.0,0.005
0.0,0.005
0.0,0.005
0.0,0.005
0.0,0.005
0.0,0.005
0.0,0.005
0.0,0.005
0.0,0.005
0.0,0.005
0.0,0.005
0.0,0.005
0.0,0.005
0.0,0.005
0.0,0.005
0.0,0.005
0.0,0.005
0.0,0.005
0.0,0.005
0.0,0.005
0.0,0.005
0.0,0.005
0.0,0.005
0.0,0.005
0.0,0.005
0.0,0.005
0.0,0.005
0.0,0.005
0.0,0.005
0.0,0.005
0.0,0.005
0.0,0.005
0.0,0.005
0.0,0.005
0.0,0.005
0.0,0.005
0.0,0.005
0.0,0.005
0.0,0.005
0.0,0.005
0.0,0.005
0.0,0.005
0.0,0.005
0.0,0.005
0.0,0.005
0.0,0.005
0.0,0.005
0.0,0.005
0.0,0.005
0.0,0.005
0.0,0.005
0.0,0.005
0.0,0.005
0.0,0.005
0.0,0.005
0.0,0.005
0.0,0.005
0.0,0.005
0.0,0.005
0.0,0.005
0.0,0.005
0.0,0.005
0.0,0.005
0.0,0.005
0.0,0.005
0.0,0.005
0.0,0.005
0.0,0.005
0.0,0.005
0.0,0.005
0.0,0.005
0.0,0.005
0.0,0.005
0.0,0.005
0.0,0.005
0.0,0.005
0.0,0.005
0.0,0.005
0.0,0.005
0.0,0.005
0.0,0.005
0.0,0.005
0.0,0.005
0.0,0.005
0.0,0.005
0.0,0.005
0.0,0.005
0.0,0.005
0.0,0.005
0.0,0.005
0.0,0.005
0.0,0.005
0.0,0.005
0.0,0.005
0.0,0.005
0.0,0.005
0.0,0.005
0.0,0.005
0.0,0.005
0.0,0.005
0.0,0.005
0.0,0.005
0.0,0.005
0.0,0.005
0.0,0.005
0.0,0.005
0.0,0.005
0.0,0.005
0.0,0.005
0.0,0.005
0.0,0.005
0.0,0.005
0.0,0.005
0.0,0.005
0.0,0.005
0.0,0.005
0.0,0.005
0.0,0.005
0.0,0.005
0.0,0.005
0.0,0.005
0.0,0.005
0.0,0.005
0.0,0.005
0.0,0.005
-0.1,0.005
-0.1,0.005
-0.1,0.005
-0.1,0.005
-0.1,0.005
-0.1,0.005
-0.1,0.005
0.0,0.005
0.0,0.005
0.0,0.005
0.0,0.005
0.0,0.005
0.0,0.005
0.0,0.005
0.0,0.005
0.0,0.005
0.0,0.005
0.0,0.005
0.0,0.005
0.0,0.005
0.0,0.005
0.0,0.005
0.0,0.005
0.0,0.005
0.0,0.005
0.0,0.005
0.0,0.005
0.0,0.005
0.0,0.005
0.0,0.005
0.0,0.005
0.0,0.005
0.0,0.005
0.0,0.005
0.0,0.005
0.0,0.005
0.0,0.005
0.0,0.005
0.0,0.005
0.0,0.005
0.0,0.005
0.0,0.005
0.0,0.005
0.0,0.005
0.0,0.005
0.0,0.005
0.0,0.005
0.0,0.005
0.0,0.005
0.0,0.005
0.0,0.005
0.0,0.005
0.0,0.005
0.0,0.005
0.0,0.005
0.0,0.005
0.0,0.005
0.0,0.005
0.0,0.005
0.0,0.005
0.0,0.005
0.0,0.005
0.0,0.005
0.0,0.005
0.0,0.005
0.0,0.005
0.0,0.005
0.0,0.005
0.0,0.005
0.0,0.005
0.0,0.005
0.0,0.005
0.0,0.005
0.0,0.005
0.0,0.005
0.0,0.005
0.0,0.005
0.0,0.005
0.0,0.005
0.0,0.005
0.0,0.005
0.0,0.005
0.0,0.005
0.0,0.005
0.0,0.005
0.0,0.005
0.0,0.005
0.0,0.005
0.0,0.005
0.0,0.005
0.0,0.005
0.0,0.005
0.0,0.005
0.0,0.005
0.0,0.005
0.0,0.005
0.0,0.005
0.0,0.005
0.0,0.005
0.0,0.005
0.0,0.005
0.0,0.005
0.0,0.005
0.0,0.005
0.0,0.005
0.0,0.005
0.0,0.005
0.0,0.005
0.0,0.005
0.0,0.005
0.0,0.005
0.0,0.005
0.0,0.005
0.0,0.005
0.0,0.005
0.0,0.005
0.0,0.005
0.0,0.005
0.0,0.005
0.0,0.005
0.0,0.005
0.0,0.005
0.0,0.005
0.0,0.005
0.0,0.005
0.0,0.005
0.0,0.005
0.0,0.005
0.0,0.005
0.0,0.005
0.0,0.005
0.0,0.005
0.0,0.005
0.0,0.005
0.0,0.005
0.0,0.005
0.0,0.005
0.0,0.005
0.0,0.005
0.0,0.005
0.0,0.005
0.0,0.005
0.0,0.005
0.0,0.005
0.0,0.005
0.0,0.005
0.0,0.005
0.0,0.005
0.0,0.005
0.0,0.005
0.0,0.005
0.0,0.005
0.0,0.005
0.0,0.005
0.0,0.005
0.0,0.005
0.0,0.005
0.0,0.005
0.0,0.005
0.0,0.005
0.0,0.005
0.0,0.005
0.0,0.005
0.0,0.005
0.0,0.005
0.0,0.005
0.0,0.005
0.0,0.005
0.0,0.005
0.0,0.005
0.0,0.005
0.0,0.005
0.0,0.005
0.0,0.005
0.0,0.005
0.0,0.005
0.0,0.005
0.0,0.005
0.0,0.005
0.0,0.005
0.0,0.005
0.0,0.005
0.0,0.005
0.0,0.005
0.0,0.005
0.0,0.005
0.0,0.005
0.0,0.005
0.0,0.005
0.0,0.005
0.0,0.005
0.0,0.005
0.0,0.005
0.0,0.005
0.0,0.005
0.0,0.005
0.0,0.005
0.0,0.005
0.0,0.005
0.0,0.005
0.0,0.005
0.0,0.005
0.0,0.005
0.0,0.005
0.0,0.005
0.0,0.005
0.0,0.005
0.0,0.005
0.0,0.005
0.0,0.005
0.0,0.005
0.0,0.005
0.0,0.005
0.0,0.005
0.0,0.005
0.0,0.005
0.0,0.005
0.0,0.005
0.0,0.005
0.0,0.005
0.0,0.005
0.0,0.005
0.0,0.005
0.0,0.005
0.0,0.005
0.0,0.005
0.0,0.005
0.0,0.005
0.0,0.005
0.0,0.005
0.0,0.005
0.0,0.005
0.0,0.005
0.0,0.005
0.0,0.005
0.0,0.005
0.0,0.005
0.0,0.005
0.0,0.005
0.0,0.005
0.0,0.005
0.0,0.005
0.0,0.005
0.0,0.005
0.0,0.005
0.0,0.005
0.0,0.005
0.0,0.005
0.0,0.005
0.0,0.005
0.0,0.005
0.0,0.005
0.0,0.005
0.0,0.005
0.0,0.005
0.0,0.005
0.0,0.005
0.0,0.005
0.0,0.005
0.0,0.005
0.0,0.005
0.0,0.005
0.0,0.005
0.0,0.005
0.0,0.005
0.0,0.005
0.0,0.005
0.0,0.005
-0.1,0.005
-0.1,0.005
-0.1,0.005
-0.1,0.005
-0.1,0.005
-0.1,0.005
-0.1,0.005
0.0,0.005
0.0,0.005
0.0,0.005
0.0,0.005
0.0,0.005
0.0,0.005
0.0,0.005
0.0,0.005
0.0,0.005
0.0,0.005
0.0,0.005
0.0,0.005
0.0,0.005
0.0,0.005
0.0,0.005
0.0,0.005
0.0,0.005
0.0,0.005
0.0,0.005
0.0,0.005
0.0,0.005
0.0,0.005
0.0,0.005
0.0,0.005
0.0,0.005
0.0,0.005
0.0,0.005
0.0,0.005
0.0,0.005
-0.1,0.005
-0.1,0.005
-0.1,0.005
-0.1,0.005
-0.1,0.005
0.0,0.005
0.0,0.005
0.0,0.005
0.0,0.005
0.0,0.005
0.0,0.005
0.0,0.005
0.0,0.005
0.0,0.005
0.0,0.005
0.0,0.005
0.0,0.005
0.0,0.005
0.0,0.005
0.0,0.005
0.0,0.005
0.0,0.005
0.0,0.005
0.0,0.005
0.0,0.005
0.0,0.005
0.0,0.005
0.0,0.005
0.0,0.005
0.0,0.005
0.0,0.005
0.0,0.005
0.0,0.005
0.0,0.005
0.0,0.005
0.0,0.005
0.0,0.005
0.0,0.005
0.0,0.005
0.0,0.005
0.0,0.005
0.0,0.005
0.0,0.005
0.0,0.005
0.0,0.005
0.0,0.005
0.0,0.005
0.0,0.005
0.0,0.005
0.0,0.005
0.0,0.005
0.0,0.005
0.0,0.005
0.0,0.005
0.0,0.005
0.0,0.005
0.0,0.005
0.0,0.005
0.0,0.005
0.0,0.005
0.0,0.005
0.0,0.005
0.0,0.005
0.0,0.005
0.0,0.005
0.0,0.005
0.0,0.005
0.0,0.005
0.0,0.005
0.0,0.005
0.0,0.005
0.0,0.005
0.0,0.005
0.0,0.005
0.0,0.005
0.0,0.005
0.0,0.005
0.0,0.005
0.0,0.005
0.0,0.005
0.0,0.005
0.0,0.005
0.0,0.005
0.0,0.005
0.0,0.005
0.0,0.005
0.0,0.005
0.0,0.005
0.0,0.005
0.0,0.005
0.0,0.005
0.0,0.005
0.0,0.005
0.0,0.005
0.0,0.005
0.0,0.005
0.0,0.005
0.0,0.005
0.0,0.005
0.0,0.005
0.0,0.005
0.0,0.005
0.0,0.005
0.0,0.005
0.0,0.005
0.0,0.005
0.0,0.005
0.0,0.005
0.0,0.005
0.0,0.005
0.0,0.005
0.0,0.005
0.0,0.005
0.0,0.005
0.0,0.005
0.0,0.005
0.0,0.005
0.0,0.005
0.0,0.005
0.0,0.005
0.0,0.005
0.0,0.005
0.0,0.005
0.0,0.005
0.0,0.005
0.0,0.005
0.0,0.005
0.0,0.005
0.0,0.005
0.0,0.005
0.0,0.005
0.0,0.005
0.0,0.005
0.0,0.005
0.0,0.005
-0.1,0.005
-0.1,0.005
-0.1,0.005
0.0,0.005
0.0,0.005
0.0,0.005
0.0,0.005
0.0,0.005
0.0,0.005
0.0,0.005
0.0,0.005
0.0,0.005
0.0,0.005
0.0,0.005
0.0,0.005
0.0,0.005
0.0,0.005
0.0,0.005
0.0,0.005
0.0,0.005
0.0,0.005
0.0,0.005
0.0,0.005
0.0,0.005
0.0,0.005
0.0,0.005
0.0,0.005
0.0,0.005
0.0,0.005
0.0,0.005
0.0,0.005
0.0,0.005
0.0,0.005
0.0,0.005
0.0,0.005
0.0,0.005
0.0,0.005
0.0,0.005
0.0,0.005
0.0,0.005
0.0,0.005
0.0,0.005
0.0,0.005
0.0,0.005
0.0,0.005
0.0,0.005
0.0,0.005
0.0,0.005
0.0,0.005
0.0,0.005
0.0,0.005
0.0,0.005
0.0,0.005
0.0,0.005
0.0,0.005
0.0,0.005
0.0,0.005
0.0,0.005
0.0,0.005
-0.1,0.005
-0.1,0.005
-0.1,0.005
-0.1,0.005
-0.1,0.005
-0.1,0.005
-0.1,0.005
-0.1,0.005
-0.1,0.005
-0.1,0.005
-0.1,0.005
-0.1,0.005
-0.1,0.005
-0.1,0.005
-0.1,0.005
-0.1,0.005
0.0,0.005
0.0,0.005
0.0,0.005
0.0,0.005
0.0,0.005
0.0,0.005
0.0,0.005
0.0,0.005
0.0,0.005
0.0,0.005
0.0,0.005
0.0,0.005
0.0,0.005
0.0,0.005
0.0,0.005
0.0,0.005
0.0,0.005
0.0,0.005
0.0,0.005
0.0,0.005
0.0,0.005
0.0,0.005
0.0,0.005
0.0,0.005
0.0,0.005
0.0,0.005
0.0,0.005
0.0,0.005
0.0,0.005
0.0,0.005
0.0,0.005
0.0,0.005
0.0,0.005
0.0,0.005
0.0,0.005
0.0,0.005
0.0,0.005
0.0,0.005
0.0,0.005
0.0,0.005
0.0,0.005
0.0,0.005
0.0,0.005
0.0,0.005
0.0,0.005
0.0,0.005
0.0,0.005
0.0,0.005
0.0,0.005
0.0,0.005
0.0,0.005
0.0,0.005
0.0,0.005
0.0,0.005
0.0,0.005
0.0,0.005
0.0,0.005
0.0,0.005
0.0,0.005
0.0,0.005
0.0,0.005
0.0,0.005
0.0,0.005
0.0,0.005
0.0,0.005
0.0,0.005
0.0,0.005
0.0,0.005
0.0,0.005
0.0,0.005
0.0,0.005
0.0,0.005
0.0,0.005
0.0,0.005
0.0,0.005
0.0,0.005
0.0,0.005
0.0,0.005
0.0,0.005
0.0,0.005
0.0,0.005
0.0,0.005
0.0,0.005
0.0,0.005
0.0,0.005
0.0,0.005
0.0,0.005
0.0,0.005
0.0,0.005
0.0,0.005
0.0,0.005
0.0,0.005
0.0,0.005
0.0,0.005
0.0,0.010
0.0,0.010
0.0,0.010
0.0,0.010
0.0,0.010
0.0,0.010
0.0,0.010
0.0,0.010
0.0,0.010
0.0,0.010
0.0,0.010
0.0,0.010
0.0,0.010
0.0,0.010
0.0,0.010
0.0,0.010
0.0,0.010
0.0,0.010
0.0,0.010
0.0,0.010
0.0,0.010
0.0,0.010
0.0,0.010
0.0,0.010
0.0,0.010
0.0,0.010
0.0,0.010
0.0,0.010
0.0,0.010
0.0,0.010
0.0,0.010
0.0,0.010
0.0,0.010
0.0,0.010
0.0,0.010
0.0,0.010
0.0,0.010
0.0,0.010
0.0,0.010
0.0,0.010
0.0,0.010
0.0,0.010
0.0,0.010
0.0,0.010
0.0,0.010
0.0,0.010
0.0,0.010
0.0,0.010
0.0,0.010
0.0,0.010
0.0,0.010
0.0,0.010
0.0,0.010
0.0,0.010
0.0,0.010
0.0,0.010
0.0,0.010
0.0,0.010
0.0,0.010
0.0,0.010
0.0,0.010
0.0,0.010
0.0,0.010
0.0,0.010
0.0,0.010
0.0,0.010
0.0,0.010
0.0,0.010
0.0,0.010
0.0,0.010
0.0,0.010
0.0,0.010
0.0,0.010
0.0,0.010
0.0,0.010
0.0,0.010
0.0,0.010
0.0,0.010
0.0,0.010
0.0,0.010
0.0,0.010
0.0,0.010
0.0,0.010
0.0,0.010
0.0,0.010
0.0,0.010
0.0,0.010
0.0,0.010
0.0,0.010
0.0,0.010
0.0,0.010
0.0,0.010
0.0,0.010
0.0,0.010
0.0,0.010
0.0,0.010
0.0,0.010
0.0,0.010
0.0,0.010
0.0,0.010
0.0,0.010
0.0,0.010
0.0,0.010
0.0,0.010
0.0,0.010
0.0,0.010
0.0,0.010
0.0,0.010
0.0,0.010
0.0,0.010
0.0,0.010
0.0,0.010
0.0,0.010
0.0,0.010
0.0,0.010
0.0,0.010
0.0,0.010
0.0,0.010
0.0,0.010
0.0,0.010
0.0,0.010
0.0,0.010
0.0,0.010
0.0,0.010
0.0,0.010
0.0,0.010
0.0,0.010
0.0,0.010
0.0,0.010
0.0,0.010
0.0,0.010
0.0,0.010
0.0,0.010
0.0,0.010
0.0,0.010
0.0,0.010
0.0,0.010
0.0,0.010
0.0,0.010
0.0,0.010
0.0,0.010
0.0,0.010
0.0,0.010
0.0,0.010
0.0,0.010
0.0,0.010
0.0,0.010
0.0,0.010
0.0,0.010
0.0,0.010
0.0,0.010
0.0,0.010
0.0,0.010
0.0,0.010
0.0,0.010
0.0,0.010
0.0,0.010
0.0,0.010
0.0,0.010
0.0,0.010
0.0,0.010
0.0,0.010
0.0,0.010
0.0,0.010
0.0,0.010
0.0,0.010
0.0,0.010
0.0,0.010
0.0,0.010
0.0,0.010
0.0,0.010
0.0,0.010
0.0,0.010
0.0,0.010
0.0,0.010
0.0,0.010
0.0,0.010
0.0,0.010
0.0,0.010
0.0,0.010
0.0,0.010
0.0,0.010
0.0,0.010
0.0,0.010
0.0,0.010
0.0,0.010
0.0,0.010
0.0,0.010
0.0,0.010
0.0,0.010
0.0,0.010
0.0,0.010
0.0,0.010
0.0,0.010
0.0,0.010
0.0,0.010
0.0,0.010
0.0,0.010
0.0,0.010
0.0,0.010
0.0,0.010
0.0,0.010
0.0,0.010
0.0,0.010
0.0,0.010
0.0,0.010
0.0,0.010
0.0,0.010
0.0,0.010
0.0,0.010
0.0,0.010
0.0,0.010
0.0,0.010
0.0,0.010
0.0,0.010
0.0,0.010
0.0,0.010
0.0,0.010
0.0,0.010
0.0,0.010
0.0,0.010
0.0,0.010
0.0,0.010
0.0,0.010
0.0,0.010
0.0,0.010
0.0,0.010
0.0,0.010
0.0,0.010
0.0,0.010
0.0,0.010
0.0,0.010
0.0,0.010
0.0,0.010
0.0,0.010
0.0,0.010
0.0,0.010
0.0,0.010
0.0,0.010
0.0,0.010
0.0,0.010
0.0,0.010
0.0,0.010
0.0,0.010
0.0,0.010
0.0,0.010
0.0,0.010
0.0,0.010
0.0,0.010
0.0,0.010
0.0,0.010
0.0,0.010
0.0,0.010
0.0,0.010
0.0,0.010
0.0,0.010
0.0,0.010
0.0,0.010
0.0,0.010
0.0,0.010
0.0,0.010
0.0,0.010
0.0,0.010
0.0,0.010
0.0,0.010
0.0,0.010
0.0,0.010
0.0,0.010
0.0,0.010
0.0,0.010
0.0,0.010
0.0,0.010
0.0,0.010
0.0,0.010
0.0,0.010
0.0,0.010
0.0,0.010
0.0,0.010
0.0,0.010
0.0,0.010
0.0,0.010
0.0,0.010
0.0,0.010
0.0,0.010
0.0,0.010
0.0,0.010
0.0,0.010
0.0,0.010
0.0,0.010
0.0,0.010
0.0,0.010
0.0,0.010
0.0,0.010
0.0,0.010
0.0,0.010
0.0,0.010
0.0,0.010
0.0,0.010
0.0,0.010
0.0,0.010
0.0,0.010
0.0,0.010
0.0,0.010
0.0,0.010
0.0,0.010
0.0,0.010
0.0,0.010
0.0,0.010
0.0,0.010
0.0,0.010
0.0,0.010
0.0,0.010
0.0,0.010
0.0,0.010
0.0,0.010
0.0,0.010
0.0,0.010
0.0,0.010
0.0,0.010
0.0,0.010
0.0,0.010
0.0,0.010
0.0,0.010
0.0,0.010
0.0,0.010
0.0,0.010
0.0,0.010
0.0,0.010
0.0,0.010
0.0,0.010
0.0,0.010
0.0,0.010
0.0,0.010
0.0,0.010
0.0,0.010
0.0,0.010
0.0,0.010
0.0,0.010
0.0,0.010
0.0,0.010
0.0,0.010
0.0,0.010
0.0,0.010
0.0,0.010
0.0,0.010
0.0,0.010
0.0,0.010
0.0,0.010
0.0,0.010
0.0,0.010
0.0,0.010
0.0,0.010
0.0,0.010
0.0,0.010
0.0,0.010
0.0,0.010
0.0,0.010
0.0,0.010
0.0,0.010
0.0,0.010
0.0,0.010
0.0,0.010
0.0,0.010
0.0,0.010
0.0,0.010
0.0,0.010
0.0,0.010
0.0,0.010
0.0,0.010
0.0,0.010
0.0,0.010
0.0,0.010
0.0,0.010
0.0,0.010
0.0,0.010
0.0,0.010
0.0,0.010
0.0,0.010
0.0,0.010
0.0,0.010
0.0,0.010
0.0,0.010
0.0,0.010
0.0,0.010
0.0,0.010
0.0,0.010
0.0,0.010
0.0,0.010
0.0,0.010
0.0,0.010
0.0,0.010
0.0,0.010
0.0,0.010
0.0,0.010
0.0,0.010
0.0,0.010
0.0,0.010
0.0,0.010
0.0,0.010
0.0,0.010
0.0,0.010
0.0,0.010
0.0,0.010
0.0,0.010
0.0,0.010
0.0,0.010
0.0,0.010
0.0,0.010
0.0,0.010
0.0,0.010
0.0,0.010
0.0,0.010
0.0,0.010
0.0,0.010
0.0,0.010
0.0,0.010
0.0,0.010
0.0,0.010
0.0,0.010
0.0,0.010
0.0,0.010
0.0,0.010
0.0,0.010
0.0,0.010
0.0,0.010
0.0,0.010
0.0,0.010
0.0,0.010
0.0,0.010
0.0,0.010
0.0,0.010
0.0,0.010
0.0,0.010
0.0,0.010
0.0,0.010
0.0,0.010
0.0,0.010
0.0,0.010
0.0,0.010
0.0,0.010
0.0,0.010
0.0,0.010
0.0,0.010
0.0,0.010
0.0,0.010
0.0,0.010
0.0,0.010
0.0,0.010
0.0,0.010
0.0,0.010
0.0,0.010
0.0,0.010
0.0,0.010
0.0,0.010
0.0,0.010
0.0,0.010
0.0,0.010
0.0,0.010
0.0,0.010
0.0,0.010
0.0,0.010
0.0,0.010
0.0,0.010
0.0,0.010
0.0,0.010
0.0,0.010
0.0,0.010
0.0,0.010
0.0,0.010
0.0,0.010
0.0,0.010
0.0,0.010
0.0,0.010
0.0,0.010
0.0,0.010
0.0,0.010
0.0,0.010
0.0,0.010
0.0,0.010
0.0,0.010
0.0,0.010
0.0,0.010
0.0,0.010
0.0,0.010
0.0,0.010
0.0,0.010
0.0,0.010
0.0,0.010
0.0,0.010
0.0,0.010
0.0,0.010
0.0,0.010
0.0,0.010
0.0,0.010
0.0,0.010
0.0,0.010
0.0,0.010
0.0,0.010
0.0,0.010
0.0,0.010
0.0,0.010
0.0,0.010
0.0,0.010
0.0,0.010
0.0,0.010
0.0,0.010
0.0,0.010
0.0,0.010
0.0,0.010
0.0,0.010
0.0,0.010
0.0,0.010
0.0,0.010
0.0,0.010
0.0,0.010
0.0,0.010
0.0,0.010
0.0,0.010
0.0,0.010
0.0,0.010
0.0,0.010
0.0,0.010
0.0,0.010
0.0,0.010
0.0,0.010
0.0,0.010
0.0,0.010
0.0,0.010
0.0,0.010
0.0,0.010
0.0,0.010
0.0,0.010
0.0,0.010
0.0,0.010
0.0,0.010
0.0,0.010
0.0,0.010
0.0,0.010
0.0,0.010
0.0,0.010
0.0,0.010
0.0,0.010
0.0,0.010
0.0,0.010
0.0,0.010
0.0,0.010
0.0,0.010
0.0,0.010
0.0,0.010
0.0,0.010
0.0,0.010
0.0,0.010
0.0,0.010
0.0,0.010
0.0,0.010
0.0,0.010
0.0,0.010
0.0,0.010
0.0,0.010
0.0,0.010
0.0,0.010
0.0,0.010
0.0,0.010
0.0,0.010
0.0,0.010
0.0,0.010
0.0,0.010
0.0,0.010
0.0,0.010
0.0,0.010
0.0,0.010
0.0,0.010
0.0,0.010
0.0,0.010
0.0,0.010
0.0,0.010
0.0,0.010
0.0,0.010
0.0,0.010
0.0,0.010
0.0,0.010
0.0,0.010
0.0,0.010
0.0,0.010
0.0,0.010
0.0,0.010
0.0,0.010
0.0,0.010
0.0,0.010
0.0,0.010
0.0,0.010
0.0,0.010
0.0,0.010
0.0,0.010
0.0,0.010
0.0,0.010
0.0,0.010
0.0,0.010
0.0,0.010
0.0,0.010
0.0,0.010
0.0,0.010
0.0,0.010
0.0,0.010
0.0,0.010
0.0,0.010
0.0,0.010
0.0,0.010
0.0,0.010
0.0,0.010
0.0,0.010
0.0,0.010
0.0,0.010
0.0,0.010
0.0,0.010
0.0,0.010
0.0,0.010
0.0,0.010
0.0,0.010
0.0,0.010
0.0,0.010
0.0,0.010
0.0,0.010
0.0,0.010
0.0,0.015
0.0,0.015
0.0,0.015
0.0,0.015
0.0,0.015
0.0,0.015
0.0,0.015
0.0,0.015
0.0,0.015
0.0,0.015
0.0,0.015
0.0,0.015
0.0,0.015
0.0,0.015
0.0,0.015
0.0,0.015
0.0,0.015
0.0,0.015
0.0,0.015
0.0,0.015
0.0,0.015
0.0,0.015
0.0,0.015
0.0,0.015
0.0,0.015
0.0,0.015
0.0,0.015
0.0,0.015
0.0,0.015
0.0,0.015
0.0,0.015
0.0,0.015
0.0,0.015
0.0,0.015
0.0,0.015
0.0,0.015
0.0,0.015
0.0,0.015
0.0,0.015
0.0,0.015
0.0,0.015
0.0,0.015
0.0,0.015
0.0,0.015
0.0,0.015
0.0,0.015
0.0,0.015
0.0,0.015
0.0,0.015
0.0,0.015
0.0,0.015
0.0,0.015
0.0,0.015
0.0,0.015
0.0,0.015
0.0,0.015
0.0,0.015
0.0,0.015
0.0,0.015
0.0,0.015
0.0,0.015
0.0,0.015
0.0,0.015
0.0,0.015
0.0,0.015
0.0,0.015
0.0,0.015
0.0,0.015
0.0,0.015
0.0,0.015
0.0,0.015
0.0,0.015
0.0,0.015
0.0,0.015
0.0,0.015
0.0,0.015
0.0,0.015
0.0,0.015
0.0,0.015
0.0,0.015
0.0,0.015
0.0,0.015
0.0,0.015
0.0,0.015
0.0,0.015
0.0,0.015
0.0,0.015
0.0,0.015
0.0,0.015
0.0,0.015
0.0,0.015
0.0,0.015
0.0,0.015
0.0,0.015
0.0,0.015
0.0,0.015
0.0,0.015
0.0,0.015
0.0,0.015
0.0,0.015
0.0,0.015
0.0,0.015
0.0,0.015
0.0,0.015
0.0,0.015
0.0,0.015
0.0,0.015
0.0,0.015
0.0,0.015
0.0,0.015
0.0,0.015
0.0,0.015
0.0,0.015
0.0,0.015
0.0,0.015
0.0,0.015
0.0,0.015
0.0,0.015
0.0,0.015
0.0,0.015
0.0,0.015
0.0,0.015
0.0,0.015
0.0,0.015
0.0,0.015
0.0,0.015
0.0,0.015
0.0,0.015
0.0,0.015
0.0,0.015
0.0,0.015
0.0,0.015
0.0,0.015
0.0,0.015
0.0,0.015
0.0,0.015
0.0,0.015
0.0,0.015
0.0,0.015
0.0,0.015
0.0,0.015
0.0,0.015
0.0,0.015
0.0,0.015
0.0,0.015
0.0,0.015
0.0,0.015
0.0,0.015
0.0,0.015
0.0,0.015
0.0,0.015
0.0,0.015
0.0,0.015
0.0,0.015
0.0,0.015
0.0,0.015
0.0,0.015
0.0,0.015
0.0,0.015
0.0,0.015
0.0,0.015
0.0,0.015
0.0,0.015
0.0,0.015
0.0,0.015
0.0,0.015
0.0,0.015
0.0,0.015
0.0,0.015
0.0,0.015
0.0,0.015
0.0,0.015
0.0,0.015
0.0,0.015
0.0,0.015
0.0,0.015
0.0,0.015
0.0,0.015
0.0,0.015
0.0,0.015
0.0,0.015
0.0,0.015
0.0,0.015
0.0,0.015
0.0,0.015
0.0,0.015
0.0,0.015
0.0,0.015
0.1,0.015
0.1,0.015
0.1,0.015
0.1,0.015
0.1,0.015
0.1,0.015
0.1,0.015
0.1,0.015
0.1,0.015
0.1,0.015
0.1,0.015
0.1,0.015
0.1,0.015
0.1,0.015
0.1,0.015
0.1,0.015
0.1,0.015
0.2,0.015
0.2,0.015
0.2,0.015
0.2,0.015
0.2,0.015
0.2,0.015
0.2,0.015
0.2,0.015
0.2,0.015
0.2,0.015
0.2,0.015
0.2,0.015
0.2,0.015
0.2,0.015
0.2,0.015
0.2,0.015
0.2,0.015
0.2,0.015
0.2,0.015
0.2,0.015
0.2,0.015
0.2,0.015
0.3,0.015
0.3,0.015
0.3,0.015
0.3,0.015
0.3,0.015
0.3,0.015
0.3,0.015
0.3,0.015
0.3,0.015
0.3,0.015
0.3,0.015
0.3,0.015
0.3,0.015
0.3,0.015
0.4,0.015
0.4,0.015
0.4,0.015
0.4,0.015
0.5,0.015
0.5,0.015
0.5,0.015
0.5,0.015
0.5,0.015
0.5,0.015
0.5,0.015
0.5,0.015
0.5,0.015
0.5,0.015
0.5,0.015
0.5,0.015
0.5,0.015
0.5,0.015
0.5,0.015
0.5,0.015
0.6,0.015
0.6,0.015
0.6,0.015
0.6,0.015
0.6,0.015
0.6,0.015
0.6,0.015
0.6,0.015
0.6,0.015
0.6,0.015
0.7,0.015
0.7,0.015
0.7,0.015
0.7,0.015
0.7,0.015
0.7,0.015
0.7,0.015
0.7,0.015
0.7,0.015
0.8,0.015
0.8,0.015
0.8,0.015
0.8,0.015
0.8,0.015
0.8,0.015
0.8,0.015
0.8,0.015
0.8,0.015
0.8,0.015
0.8,0.015
0.9,0.015
0.9,0.015
0.9,0.015
0.9,0.015
1.0,0.015
0.9,0.015
0.9,0.015
0.9,0.015
0.9,0.015
0.9,0.015
1.0,0.015
1.0,0.015
1.0,0.015
1.0,0.015
1.0,0.015
1.0,0.015
1.0,0.015
1.0,0.015
1.0,0.015
1.0,0.015
1.0,0.015
1.0,0.015
1.0,0.015
1.0,0.015
1.1,0.015
1.1,0.015
1.1,0.015
1.1,0.015
1.2,0.015
1.2,0.015
1.2,0.015
1.2,0.015
1.2,0.015
1.2,0.015
1.2,0.015
1.2,0.015
1.3,0.015
1.3,0.015
1.3,0.015
1.3,0.015
1.4,0.015
1.4,0.015
1.4,0.015
1.4,0.015
1.4,0.015
1.4,0.015
1.4,0.015
1.4,0.015
1.4,0.015
1.5,0.015
1.5,0.020
1.5,0.020
1.6,0.020
1.6,0.020
1.6,0.020
1.6,0.020
1.6,0.020
1.6,0.020
1.6,0.020
1.6,0.020
1.6,0.020
1.6,0.020
1.7,0.020
1.7,0.020
1.7,0.020
1.7,0.020
1.7,0.020
1.7,0.020
1.7,0.020
1.8,0.020
1.8,0.020
1.8,0.020
1.8,0.020
1.8,0.020
1.8,0.020
1.8,0.020
1.9,0.020
1.9,0.020
1.9,0.020
2.0,0.020
2.0,0.020
2.0,0.020
2.0,0.020
2.0,0.020
2.0,0.020
2.0,0.020
2.0,0.020
2.0,0.020
2.0,0.020
2.1,0.020
2.1,0.020
2.1,0.020
2.2,0.020
2.2,0.020
2.2,0.020
2.2,0.020
2.2,0.020
2.2,0.020
2.2,0.020
2.2,0.020
2.2,0.020
2.2,0.020
2.2,0.020
2.2,0.020
2.3,0.020
2.4,0.020
2.4,0.020
2.4,0.020
2.4,0.020
2.4,0.020
2.4,0.020
2.4,0.020
2.4,0.020
2.4,0.020
2.4,0.020
2.4,0.020
2.4,0.020
2.4,0.020
2.5,0.020
2.5,0.020
2.5,0.020
2.5,0.020
2.6,0.020
2.6,0.020
2.6,0.020
2.7,0.020
2.7,0.020
2.7,0.020
2.7,0.020
2.7,0.020
2.7,0.020
2.7,0.020
2.8,0.020
2.8,0.020
2.8,0.020
2.9,0.020
2.9,0.020
2.9,0.020
2.9,0.020
2.9,0.020
2.9,0.020
3.0,0.020
2.9,0.020
3.0,0.020
3.0,0.020
3.0,0.020
3.1,0.020
3.1,0.020
3.1,0.020
3.1,0.020
3.1,0.020
3.1,0.020
3.2,0.020
3.2,0.020
3.2,0.020
3.3,0.020
3.3,0.020
3.3,0.020
3.3,0.020
3.3,0.020
3.3,0.020
3.3,0.020
3.3,0.020
3.3,0.020
3.3,0.020
3.4,0.020
3.4,0.020
3.4,0.020
3.4,0.020
3.4,0.020
3.5,0.020
3.6,0.020
3.6,0.020
3.6,0.020
3.6,0.020
3.6,0.020
3.7,0.020
3.7,0.020
3.7,0.020
3.7,0.020
3.7,0.020
3.8,0.020
3.8,0.020
3.8,0.020
3.8,0.020
3.8,0.020
3.8,0.020
3.8,0.020
3.8,0.020
3.8,0.020
3.8,0.020
3.9,0.020
3.9,0.020
3.9,0.020
4.0,0.020
4.0,0.020
4.1,0.020
4.1,0.020
4.1,0.020
4.1,0.020
4.1,0.020
4.1,0.020
4.1,0.020
4.1,0.020
4.1,0.020
4.1,0.020
4.2,0.020
4.3,0.020
4.3,0.020
4.3,0.020
4.3,0.020
4.3,0.020
4.3,0.020
4.3,0.020
4.3,0.020
4.4,0.020
4.4,0.020
4.5,0.020
4.5,0.020
4.5,0.020
4.5,0.020
4.5,0.020
4.6,0.020
4.6,0.020
4.6,0.020
4.6,0.020
4.7,0.020
4.7,0.020
4.7,0.020
4.8,0.020
4.8,0.020
4.8,0.020
4.8,0.020
4.8,0.020
4.8,0.020
4.8,0.020
4.8,0.020
4.8,0.020
4.8,0.020
4.9,0.020
4.9,0.020
4.9,0.020
4.9,0.020
4.9,0.020
4.9,0.020
4.9,0.020
5.0,0.020
5.0,0.020
5.0,0.020
5.1,0.020
5.1,0.020
5.2,0.020
5.2,0.020
5.2,0.020
5.2,0.020
5.2,0.020
5.2,0.020
5.2,0.020
5.2,0.020
5.2,0.020
5.3,0.020
5.3,0.020
5.3,0.020
5.3,0.020
5.3,0.020
5.4,0.020
5.4,0.020
5.5,0.020
5.5,0.020
5.5,0.020
5.5,0.020
5.5,0.020
5.5,0.020
5.5,0.020
5.5,0.020
5.5,0.020
5.5,0.020
5.5,0.020
5.5,0.020
5.6,0.020
5.6,0.020
5.6,0.020
5.6,0.020
5.6,0.020
5.6,0.020
5.7,0.020
5.7,0.020
5.8,0.020
5.8,0.020
5.8,0.020
5.8,0.020
5.9,0.020
5.9,0.020
5.9,0.020
6.0,0.020
6.0,0.020
6.0,0.020
6.0,0.020
6.0,0.020
6.1,0.020
6.1,0.020
6.1,0.020
6.1,0.020
6.1,0.020
6.2,0.020
6.2,0.020
6.2,0.025
6.2,0.025
6.2,0.025
6.3,0.025
6.2,0.025
6.2,0.025
6.2,0.025
6.4,0.025
6.3,0.025
6.3,0.025
6.3,0.025
6.4,0.025
6.4,0.025
6.4,0.025
6.5,0.025
6.5,0.025
6.5,0.025
6.5,0.025
6.6,0.025
6.6,0.025
6.7,0.025
6.7,0.025
6.7,0.025
6.7,0.025
6.7,0.025
6.8,0.025
6.8,0.025
6.8,0.025
6.8,0.025
6.8,0.025
6.9,0.025
6.9,0.025
6.9,0.025
6.9,0.025
6.9,0.025
7.0,0.025
7.0,0.025
7.0,0.025
7.0,0.025
7.1,0.025
7.1,0.025
7.1,0.025
7.2,0.025
7.2,0.025
7.2,0.025
7.2,0.025
7.2,0.025
7.2,0.025
7.2,0.025
7.3,0.025
7.3,0.025
7.4,0.025
7.4,0.025
7.4,0.025
7.4,0.025
7.4,0.025
7.4,0.025
7.4,0.025
7.4,0.025
7.5,0.025
7.5,0.025
7.6,0.025
7.6,0.025
7.6,0.025
7.7,0.025
7.7,0.025
7.7,0.025
7.8,0.025
7.8,0.025
7.8,0.025
7.8,0.025
7.9,0.025
7.9,0.025
7.9,0.025
7.9,0.025
7.9,0.025
8.0,0.025
8.0,0.025
8.0,0.025
8.0,0.025
8.0,0.025
8.1,0.025
8.1,0.025
8.1,0.025
8.1,0.025
8.2,0.025
8.2,0.025
8.2,0.025
8.2,0.025
8.3,0.025
8.3,0.025
8.4,0.025
8.4,0.025
8.4,0.025
8.4,0.025
8.5,0.025
8.5,0.025
8.5,0.025
8.6,0.025
8.6,0.025
8.6,0.025
8.6,0.025
8.6,0.025
8.6,0.025
8.6,0.025
8.6,0.025
8.6,0.025
8.7,0.025
8.8,0.025
8.8,0.025
8.8,0.025
8.8,0.025
8.9,0.025
8.9,0.025
8.9,0.025
8.9,0.025
9.0,0.025
9.0,0.025
9.0,0.025
9.0,0.025
9.1,0.025
9.1,0.025
9.1,0.025
9.1,0.025
9.1,0.025
9.2,0.025
9.2,0.025
9.3,0.025
9.3,0.025
9.3,0.025
9.3,0.025
9.3,0.025
9.4,0.025
9.4,0.025
9.5,0.025
9.5,0.025
9.5,0.025
9.5,0.025
9.6,0.025
9.6,0.025
9.6,0.025
9.6,0.025
9.6,0.025
9.6,0.025
9.7,0.025
9.7,0.025
9.7,0.025
9.8,0.025
9.8,0.025
9.8,0.025
9.8,0.025
9.8,0.025
9.9,0.025
9.9,0.025
9.9,0.025
10.0,0.025
10.0,0.025
10.0,0.025
10.0,0.025
10.1,0.025
10.1,0.025
10.1,0.025
10.2,0.025
10.2,0.025
10.2,0.025
10.2,0.025
10.3,0.025
10.3,0.025
10.4,0.025
10.4,0.025
10.4,0.025
10.4,0.025
10.5,0.025
10.5,0.025
10.5,0.025
10.5,0.025
10.5,0.025
10.5,0.025
10.5,0.025
10.5,0.025
10.5,0.025
10.6,0.025
10.6,0.025
10.7,0.025
10.7,0.025
10.8,0.025
10.8,0.025
10.8,0.025
10.8,0.025
10.9,0.025
10.9,0.025
11.0,0.025
11.0,0.025
11.0,0.025
11.0,0.025
11.0,0.025
11.1,0.025
11.1,0.025
11.1,0.025
11.1,0.025
11.2,0.025
11.2,0.025
11.2,0.030
11.2,0.030
11.2,0.030
11.3,0.030
11.3,0.030
11.3,0.030
11.4,0.030
11.4,0.030
11.4,0.030
11.5,0.030
11.5,0.030
11.5,0.030
11.5,0.030
11.6,0.030
11.6,0.030
11.6,0.030
11.6,0.030
11.6,0.030
11.7,0.030
11.7,0.030
11.7,0.030
11.7,0.030
11.8,0.030
11.8,0.030
11.8,0.030
11.9,0.030
11.9,0.030
11.9,0.030
11.9,0.030
12.0,0.030
12.0,0.030
12.0,0.030
12.1,0.030
12.1,0.030
12.2,0.030
12.2,0.030
12.2,0.030
12.2,0.030
12.3,0.030
12.3,0.030
12.4,0.030
12.4,0.030
12.4,0.030
12.4,0.030
12.4,0.030
12.4,0.030
12.4,0.030
12.5,0.030
12.5,0.030
12.5,0.030
12.6,0.030
12.6,0.030
12.7,0.030
12.7,0.030
12.7,0.030
12.7,0.030
12.8,0.030
12.8,0.030
12.8,0.030
12.8,0.030
12.9,0.030
12.9,0.030
12.9,0.030
13.0,0.030
13.0,0.030
13.0,0.030
13.0,0.030
13.1,0.030
13.1,0.030
13.1,0.030
13.1,0.030
13.1,0.030
13.2,0.030
13.2,0.030
13.2,0.030
13.3,0.030
13.3,0.030
13.3,0.030
13.4,0.030
13.4,0.030
13.4,0.030
13.4,0.030
13.4,0.030
13.5,0.030
13.5,0.030
13.5,0.030
13.5,0.030
13.5,0.030
13.6,0.030
13.6,0.030
13.6,0.030
13.7,0.030
13.7,0.030
13.8,0.030
13.8,0.030
13.8,0.030
13.8,0.030
13.9,0.030
13.9,0.030
13.9,0.030
13.9,0.030
14.0,0.030
14.0,0.030
14.0,0.030
14.0,0.030
14.1,0.030
14.1,0.030
14.1,0.030
14.2,0.030
14.2,0.030
14.2,0.030
14.2,0.030
14.3,0.030
14.3,0.030
14.3,0.030
14.4,0.030
14.4,0.030
14.4,0.030
14.4,0.030
14.4,0.030
14.4,0.030
14.5,0.030
14.5,0.030
14.6,0.030
14.6,0.030
14.6,0.030
14.6,0.030
14.7,0.030
14.7,0.030
14.7,0.030
14.7,0.030
14.7,0.030
14.8,0.030
14.8,0.030
14.9,0.030
14.9,0.030
14.9,0.030
14.9,0.030
15.0,0.030
15.0,0.030
15.1,0.030
15.1,0.030
15.1,0.030
15.1,0.030
15.1,0.030
15.1,0.030
15.1,0.030
15.2,0.030
15.2,0.030
15.3,0.030
15.3,0.030
15.4,0.030
15.4,0.030
15.4,0.030
15.4,0.030
15.5,0.030
15.5,0.030
15.5,0.030
15.5,0.030
15.6,0.030
15.6,0.030
15.6,0.030
15.7,0.030
15.7,0.030
15.7,0.030
15.8,0.030
15.8,0.030
15.8,0.030
15.8,0.030
15.8,0.030
15.9,0.030
15.9,0.030
15.9,0.030
16.0,0.030
15.9,0.030
16.0,0.030
16.0,0.030
16.0,0.030
16.0,0.035
16.1,0.035
16.1,0.035
16.2,0.035
16.2,0.035
16.2,0.035
16.3,0.035
16.3,0.035
16.3,0.035
16.3,0.035
16.4,0.035
16.4,0.035
16.5,0.035
16.5,0.035
16.5,0.035
16.6,0.035
16.6,0.035
16.6,0.035
16.7,0.035
16.7,0.035
16.8,0.035
16.8,0.035
16.8,0.035
16.8,0.035
16.9,0.035
16.9,0.035
16.9,0.035
16.9,0.035
16.9,0.035
17.0,0.035
17.0,0.035
17.1,0.035
17.1,0.035
17.1,0.035
17.2,0.035
17.2,0.035
17.2,0.035
17.3,0.035
17.3,0.035
17.3,0.035
17.3,0.035
17.4,0.035
17.4,0.035
17.5,0.035
17.5,0.035
17.5,0.035
17.5,0.035
17.6,0.035
17.6,0.035
17.7,0.035
17.7,0.035
17.7,0.035
17.8,0.035
17.8,0.035
17.8,0.035
17.8,0.035
17.9,0.035
17.9,0.035
17.9,0.035
17.9,0.035
18.0,0.035
18.0,0.035
18.1,0.035
18.1,0.035
18.2,0.035
18.2,0.035
18.3,0.035
18.3,0.035
18.3,0.035
18.3,0.035
18.4,0.035
18.4,0.035
18.4,0.035
18.4,0.035
18.5,0.035
18.5,0.035
18.5,0.035
18.5,0.035
18.6,0.035
18.6,0.035
18.6,0.035
18.7,0.035
18.7,0.035
18.7,0.035
18.8,0.035
18.8,0.035
18.8,0.035
18.9,0.035
18.9,0.035
19.0,0.035
19.0,0.035
19.1,0.035
19.1,0.035
19.1,0.035
19.1,0.035
19.1,0.035
19.2,0.035
19.2,0.035
19.3,0.035
19.3,0.035
19.3,0.035
19.3,0.035
19.4,0.035
19.4,0.035
19.4,0.035
19.5,0.035
19.5,0.035
19.6,0.035
19.6,0.035
19.7,0.035
19.7,0.035
19.7,0.035
19.7,0.035
19.8,0.035
19.8,0.035
19.9,0.035
19.9,0.035
19.9,0.035
20.0,0.035
20.0,0.035
20.0,0.035
20.1,0.035
20.1,0.035
20.1,0.035
20.1,0.035
20.2,0.035
20.2,0.035
20.3,0.035
20.3,0.035
20.4,0.035
20.4,0.035
20.4,0.035
20.4,0.035
20.5,0.035
20.5,0.035
20.5,0.035
20.6,0.035
20.6,0.035
20.7,0.040
20.7,0.040
20.7,0.040
20.7,0.040
20.8,0.040
20.9,0.040
20.9,0.040
20.9,0.040
21.0,0.040
21.0,0.040
21.0,0.040
21.0,0.040
21.1,0.040
21.1,0.040
21.1,0.040
21.1,0.040
21.2,0.040
21.3,0.040
21.3,0.040
21.3,0.040
21.4,0.040
21.4,0.040
21.5,0.040
21.5,0.040
21.5,0.040
21.6,0.040
21.6,0.040
21.6,0.040
21.6,0.040
21.7,0.040
21.7,0.040
21.7,0.040
21.7,0.040
21.8,0.040
21.9,0.040
21.9,0.040
21.9,0.040
22.0,0.040
22.0,0.040
22.1,0.040
22.1,0.040
22.1,0.040
22.2,0.040
22.2,0.040
22.3,0.040
22.3,0.040
22.3,0.040
22.3,0.040
22.4,0.040
22.4,0.040
22.5,0.040
22.5,0.040
22.5,0.040
22.5,0.040
22.6,0.040
22.6,0.040
22.7,0.040
22.7,0.040
22.8,0.040
22.8,0.040
22.8,0.040
22.9,0.040
22.9,0.040
22.9,0.040
23.0,0.040
23.0,0.040
23.0,0.040
23.0,0.040
23.1,0.040
23.2,0.040
23.2,0.040
23.2,0.040
23.3,0.040
23.4,0.040
23.4,0.040
23.4,0.040
23.4,0.040
23.5,0.040
23.5,0.040
23.5,0.040
23.6,0.040
23.6,0.040
23.7,0.040
23.7,0.040
23.7,0.040
23.7,0.040
23.8,0.040
23.8,0.040
23.9,0.040
23.9,0.040
24.0,0.040
24.0,0.040
24.0,0.040
24.0,0.040
24.1,0.040
24.1,0.040
24.2,0.040
24.2,0.040
24.3,0.040
24.3,0.040
24.3,0.040
24.4,0.040
24.4,0.040
24.4,0.040
24.5,0.040
24.5,0.040
24.6,0.040
24.6,0.040
24.6,0.040
24.7,0.040
24.7,0.040
24.8,0.040
24.8,0.040
24.8,0.040
24.9,0.040
24.9,0.040
24.9,0.040
25.0,0.040
25.0,0.040
25.1,0.040
25.1,0.040
25.1,0.040
25.2,0.040
25.2,0.040
25.3,0.040
25.3,0.040
25.3,0.040
25.4,0.040
25.4,0.040
25.4,0.040
25.5,0.040
25.5,0.040
25.6,0.040
25.6,0.040
25.6,0.045
25.7,0.045
25.7,0.045
25.7,0.045
25.8,0.045
25.8,0.045
25.8,0.045
25.9,0.045
25.9,0.045
26.0,0.045
26.0,0.045
26.0,0.045
26.1,0.045
26.2,0.045
26.2,0.045
26.2,0.045
26.2,0.045
26.3,0.045
26.3,0.045
26.4,0.045
26.4,0.045
26.5,0.045
26.5,0.045
26.5,0.045
26.6,0.045
26.6,0.045
26.6,0.045
26.7,0.045
26.7,0.045
26.8,0.045
26.8,0.045
26.8,0.045
26.9,0.045
26.9,0.045
27.0,0.045
27.0,0.045
27.1,0.045
27.1,0.045
27.2,0.045
27.2,0.045
27.2,0.045
27.3,0.045
27.3,0.045
27.4,0.045
27.4,0.045
27.4,0.045
27.4,0.045
27.5,0.045
27.6,0.045
27.6,0.045
27.6,0.045
27.7,0.045
27.7,0.045
27.7,0.045
27.7,0.045
27.8,0.045
27.9,0.045
27.9,0.045
28.0,0.045
28.0,0.045
28.1,0.045
28.2,0.045
28.2,0.045
28.2,0.045
28.3,0.045
28.3,0.045
28.4,0.045
28.4,0.045
28.4,0.045
28.5,0.045
28.5,0.045
28.5,0.045
28.5,0.045
28.6,0.045
28.7,0.045
28.7,0.045
28.8,0.045
28.8,0.045
28.8,0.045
28.9,0.045
28.9,0.045
29.0,0.045
29.0,0.045
29.1,0.045
29.1,0.045
29.2,0.045
29.2,0.045
29.3,0.045
29.3,0.045
29.3,0.045
29.3,0.045
29.4,0.045
29.5,0.045
29.5,0.045
29.5,0.045
29.6,0.045
29.6,0.045
29.7,0.045
29.7,0.045
29.7,0.045
29.7,0.045
29.8,0.045
29.8,0.045
29.9,0.045
29.9,0.045
30.0,0.045
30.1,0.045
30.1,0.045
30.2,0.045
30.2,0.045
30.2,0.045
30.3,0.045
30.3,0.050
30.3,0.050
30.4,0.050
30.4,0.050
30.5,0.050
30.5,0.050
30.6,0.050
30.6,0.050
30.7,0.050
30.7,0.050
30.7,0.050
30.8,0.050
30.8,0.050
30.8,0.050
30.9,0.050
31.0,0.050
31.0,0.050
31.1,0.050
31.2,0.050
31.2,0.050
31.2,0.050
31.3,0.050
31.3,0.050
31.4,0.050
31.4,0.050
31.4,0.050
31.5,0.050
31.5,0.050
31.5,0.050
31.6,0.050
31.6,0.050
31.7,0.050
31.7,0.050
31.8,0.050
31.8,0.050
31.9,0.050
31.9,0.050
31.9,0.050
32.0,0.050
32.0,0.050
32.0,0.050
32.1,0.050
32.2,0.050
32.2,0.050
32.3,0.050
32.3,0.050
32.3,0.050
32.4,0.050
32.4,0.050
32.4,0.050
32.4,0.050
32.5,0.050
32.5,0.050
32.5,0.050
32.6,0.050
32.6,0.050
32.6,0.050
32.6,0.050
32.6,0.050
32.6,0.050
32.6,0.050
32.6,0.050
32.7,0.050
32.8,0.050
32.8,0.050
32.8,0.050
32.8,0.050
32.9,0.050
32.9,0.050
32.9,0.050
33.0,0.050
33.0,0.050
33.0,0.050
33.0,0.050
33.1,0.050
33.1,0.050
33.1,0.050
33.1,0.050
33.2,0.050
33.2,0.050
33.2,0.050
33.3,0.050
33.3,0.050
33.3,0.050
33.4,0.050
33.4,0.050
33.5,0.050
33.5,0.050
33.5,0.050
33.5,0.050
33.6,0.050
33.6,0.050
33.6,0.050
33.6,0.050
33.7,0.050
33.7,0.050
33.8,0.055
33.8,0.055
33.8,0.055
33.8,0.055
33.8,0.055
33.9,0.055
33.9,0.055
33.9,0.055
33.9,0.055
33.9,0.055
34.0,0.055
34.0,0.055
34.0,0.055
34.1,0.055
34.1,0.055
34.2,0.055
34.2,0.055
34.2,0.055
34.2,0.055
34.3,0.055
34.3,0.055
34.3,0.055
34.4,0.055
34.4,0.055
34.4,0.055
34.5,0.055
34.5,0.055
34.5,0.055
34.6,0.055
34.6,0.055
34.7,0.055
34.7,0.055
34.7,0.055
34.7,0.055
34.7,0.055
34.7,0.055
34.7,0.055
34.7,0.055
34.7,0.055
34.7,0.055
34.8,0.055
34.9,0.055
34.9,0.055
34.9,0.055
35.0,0.055
35.0,0.055
35.0,0.055
35.0,0.055
35.0,0.055
35.0,0.055
35.1,0.055
35.1,0.055
35.2,0.055
35.2,0.055
35.2,0.055
35.2,0.055
35.3,0.055
35.3,0.055
35.3,0.055
35.4,0.055
35.4,0.055
35.4,0.055
35.4,0.055
35.5,0.055
35.5,0.055
35.5,0.055
35.5,0.055
35.5,0.055
35.6,0.055
35.6,0.055
35.6,0.055
35.6,0.055
35.7,0.055
35.7,0.055
35.7,0.055
35.8,0.055
35.8,0.055
35.8,0.055
35.8,0.055
35.9,0.055
35.9,0.055
35.9,0.055
35.9,0.055
36.0,0.055
36.0,0.055
36.0,0.055
36.0,0.055
36.0,0.055
36.1,0.060
36.1,0.060
36.1,0.060
36.1,0.060
36.1,0.060
36.2,0.060
36.2,0.060
36.2,0.060
36.3,0.060
36.3,0.060
36.4,0.060
36.4,0.060
36.4,0.060
36.4,0.060
36.5,0.060
36.5,0.060
36.6,0.060
36.6,0.060
36.6,0.060
36.6,0.060
36.7,0.060
36.7,0.060
36.7,0.060
36.7,0.060
36.8,0.060
36.8,0.060
36.9,0.060
36.9,0.060
36.9,0.060
37.0,0.060
37.0,0.060
37.0,0.060
37.0,0.060
37.1,0.060
37.1,0.060
37.1,0.060
37.2,0.060
37.2,0.060
37.2,0.060
37.2,0.060
37.3,0.060
37.3,0.060
37.3,0.060
37.4,0.060
37.4,0.060
37.5,0.060
37.5,0.060
37.5,0.060
37.5,0.060
37.5,0.060
37.6,0.060
37.6,0.060
37.6,0.060
37.6,0.060
37.6,0.060
37.7,0.060
37.7,0.060
37.7,0.060
37.8,0.060
37.8,0.060
37.8,0.060
37.8,0.060
37.9,0.060
37.9,0.060
37.9,0.060
38.0,0.060
38.0,0.060
38.0,0.060
38.0,0.060
38.0,0.060
38.1,0.060
38.1,0.060
38.1,0.060
38.2,0.060
38.2,0.060
38.2,0.060
38.2,0.060
38.2,0.060
38.2,0.060
38.2,0.060
38.2,0.060
38.2,0.060
38.2,0.060
38.2,0.060
38.3,0.060
38.4,0.060
38.4,0.065
38.4,0.065
38.4,0.065
38.4,0.065
38.4,0.065
38.4,0.065
38.4,0.065
38.4,0.065
38.4,0.065
38.4,0.065
38.5,0.065
38.5,0.065
38.5,0.065
38.5,0.065
38.5,0.065
38.5,0.065
38.5,0.065
38.5,0.065
38.5,0.065
38.5,0.065
38.5,0.065
38.6,0.065
38.6,0.065
38.6,0.065
38.6,0.065
38.6,0.065
38.6,0.065
38.6,0.065
38.6,0.065
38.6,0.065
38.6,0.065
38.6,0.065
38.6,0.065
38.6,0.065
38.6,0.065
38.6,0.065
38.6,0.065
38.6,0.065
38.6,0.065
38.6,0.065
38.6,0.065
38.6,0.065
38.6,0.065
38.6,0.065
38.6,0.065
38.6,0.065
38.6,0.065
38.6,0.065
38.6,0.065
38.6,0.065
38.6,0.065
38.6,0.065
38.6,0.065
38.6,0.065
38.6,0.065
38.6,0.065
38.6,0.065
38.6,0.065
38.6,0.065
38.6,0.065
38.6,0.065
38.6,0.065
38.7,0.065
38.7,0.065
38.7,0.065
38.7,0.065
38.7,0.065
38.7,0.065
38.7,0.065
38.7,0.065
38.7,0.065
38.7,0.065
38.7,0.065
38.7,0.065
38.7,0.065
38.7,0.065
38.7,0.065
38.7,0.065
38.7,0.065
38.7,0.065
38.7,0.065
38.8,0.070
38.8,0.070
38.8,0.070
38.8,0.070
38.8,0.070
38.8,0.070
38.8,0.070
38.9,0.070
38.9,0.070
38.9,0.070
38.9,0.070
38.9,0.070
38.9,0.070
39.0,0.070
39.0,0.070
39.0,0.070
39.0,0.070
39.0,0.070
39.0,0.070
39.0,0.070
39.0,0.070
39.0,0.070
39.0,0.070
39.0,0.070
39.0,0.070
39.0,0.070
39.0,0.070
39.1,0.070
39.1,0.070
39.1,0.070
39.1,0.070
39.1,0.070
39.1,0.070
39.1,0.070
39.1,0.070
39.1,0.070
39.1,0.070
39.1,0.070
39.2,0.070
39.2,0.070
39.3,0.070
39.3,0.070
39.3,0.070
39.3,0.070
39.3,0.070
39.3,0.070
39.3,0.070
39.3,0.070
39.3,0.070
39.3,0.070
39.4,0.070
39.4,0.070
39.4,0.070
39.4,0.070
39.4,0.070
39.4,0.070
39.4,0.070
39.4,0.070
39.5,0.070
39.5,0.070
39.5,0.070
39.6,0.070
39.5,0.070
39.5,0.070
39.5,0.070
39.5,0.070
39.6,0.070
39.6,0.070
39.6,0.070
39.6,0.070
39.6,0.070
39.6,0.075
39.6,0.075
39.7,0.075
39.7,0.075
39.7,0.075
39.7,0.075
39.7,0.075
39.8,0.075
39.8,0.075
39.8,0.075
39.8,0.075
39.8,0.075
39.8,0.075
39.8,0.075
39.9,0.075
39.9,0.075
39.9,0.075
39.9,0.075
39.9,0.075
39.9,0.075
39.9,0.075
40.0,0.075
40.0,0.075
40.0,0.075
40.0,0.075
40.0,0.075
40.0,0.075
40.0,0.075
40.1,0.075
40.1,0.075
40.1,0.075
40.1,0.075
40.1,0.075
40.1,0.075
40.1,0.075
40.2,0.075
40.2,0.075
40.2,0.075
40.3,0.075
40.3,0.075
40.3,0.075
40.3,0.075
40.3,0.075
40.3,0.075
40.3,0.075
40.3,0.075
40.3,0.075
40.3,0.075
40.3,0.075
40.4,0.075
40.4,0.075
40.4,0.075
40.4,0.075
40.5,0.075
40.5,0.075
40.5,0.075
40.5,0.075
40.5,0.075
40.5,0.075
40.5,0.075
40.5,0.075
40.6,0.075
40.6,0.075
40.6,0.075
40.6,0.075
40.6,0.075
40.6,0.075
40.6,0.075
40.6,0.075
40.6,0.080
40.6,0.080
40.6,0.080
40.7,0.080
40.7,0.080
40.7,0.080
40.7,0.080
40.7,0.080
40.7,0.080
40.7,0.080
40.7,0.080
40.8,0.080
40.8,0.080
40.8,0.080
40.9,0.080
40.9,0.080
40.9,0.080
40.9,0.080
40.9,0.080
40.9,0.080
40.9,0.080
40.9,0.080
40.9,0.080
41.0,0.080
41.0,0.080
41.0,0.080
41.0,0.080
41.0,0.080
41.0,0.080
41.0,0.080
41.0,0.080
41.0,0.080
41.0,0.080
41.1,0.080
41.1,0.080
41.1,0.080
41.1,0.080
41.1,0.080
41.1,0.080
41.1,0.080
41.1,0.080
41.1,0.080
41.1,0.080
41.1,0.080
41.1,0.080
41.1,0.080
41.1,0.080
41.2,0.080
41.2,0.080
41.2,0.080
41.2,0.080
41.2,0.080
41.2,0.080
41.2,0.080
41.2,0.080
41.2,0.080
41.2,0.080
41.3,0.080
41.3,0.080
41.3,0.080
41.3,0.080
41.3,0.080
41.3,0.080
41.3,0.080
41.3,0.085
41.3,0.085
41.3,0.085
41.3,0.085
41.3,0.085
41.3,0.085
41.3,0.085
41.3,0.085
41.3,0.085
41.3,0.085
41.3,0.085
41.3,0.085
41.3,0.085
41.3,0.085
41.3,0.085
41.3,0.085
41.3,0.085
41.3,0.085
41.3,0.085
41.3,0.085
41.3,0.085
41.3,0.085
41.3,0.085
41.3,0.085
41.3,0.085
41.3,0.085
41.3,0.085
41.3,0.085
41.3,0.085
41.3,0.085
41.3,0.085
41.3,0.085
41.3,0.085
41.3,0.085
41.3,0.085
41.3,0.085
41.3,0.085
41.3,0.085
41.3,0.085
41.3,0.085
41.2,0.085
41.2,0.085
41.2,0.085
41.2,0.085
41.2,0.085
41.1,0.085
41.0,0.085
41.0,0.085
41.0,0.085
40.9,0.085
40.9,0.085
40.9,0.085
40.8,0.085
40.8,0.085
40.8,0.085
40.8,0.085
40.7,0.085
40.7,0.085
40.6,0.085
40.6,0.085
40.5,0.085
40.5,0.090
40.5,0.090
40.4,0.090
40.4,0.090
40.4,0.090
40.3,0.090
40.3,0.090
40.3,0.090
40.2,0.090
40.2,0.090
40.2,0.090
40.2,0.090
40.1,0.090
40.1,0.090
40.1,0.090
40.1,0.090
40.0,0.090
40.0,0.090
40.0,0.090
40.0,0.090
39.9,0.090
39.9,0.090
39.9,0.090
39.9,0.090
39.8,0.090
39.8,0.090
39.8,0.090
39.8,0.090
39.8,0.090
39.8,0.090
39.7,0.090
39.8,0.090
39.7,0.090
39.7,0.090
39.7,0.090
39.7,0.090
39.7,0.090
39.7,0.090
39.7,0.090
39.7,0.090
39.7,0.090
39.6,0.090
39.6,0.090
39.6,0.090
39.6,0.090
39.6,0.090
39.6,0.090
39.6,0.090
39.6,0.090
39.6,0.090
39.6,0.090
39.6,0.090
39.6,0.090
39.6,0.090
39.6,0.090
39.6,0.095
39.5,0.095
39.5,0.095
39.5,0.095
39.5,0.095
39.5,0.095
39.5,0.095
39.5,0.095
39.5,0.095
39.5,0.095
39.5,0.095
39.5,0.095
39.5,0.095
39.5,0.095
39.5,0.095
39.5,0.095
39.5,0.095
39.4,0.095
39.4,0.095
39.4,0.095
39.4,0.095
39.4,0.095
39.4,0.095
39.4,0.095
39.4,0.095
39.4,0.095
39.4,0.095
39.4,0.095
39.4,0.095
39.4,0.095
39.4,0.095
39.4,0.095
39.4,0.095
39.4,0.095
39.4,0.095
39.4,0.095
39.3,0.095
39.3,0.095
39.3,0.095
39.3,0.095
39.3,0.095
39.3,0.095
39.3,0.095
39.3,0.095
39.3,0.095
39.3,0.095
39.3,0.095
39.3,0.095
39.3,0.095
39.3,0.095
39.3,0.095
39.3,0.100
39.3,0.100
39.3,0.100
39.3,0.100
39.3,0.100
39.3,0.100
39.3,0.100
39.2,0.100
39.2,0.100
39.2,0.100
39.2,0.100
39.2,0.100
39.2,0.100
39.2,0.100
39.2,0.100
39.2,0.100
39.2,0.100
39.2,0.100
39.2,0.100
39.2,0.100
39.2,0.100
39.2,0.100
39.2,0.100
39.2,0.100
39.2,0.100
39.2,0.100
39.2,0.100
39.2,0.100
39.2,0.100
39.2,0.100
39.2,0.100
39.2,0.100
39.2,0.100
39.2,0.100
39.1,0.100
39.1,0.100
39.1,0.100
39.1,0.100
39.1,0.100
39.1,0.100
39.1,0.100
39.1,0.100
39.1,0.100
39.1,0.100
39.1,0.100
39.1,0.100
39.1,0.100
39.1,0.100
39.1,0.100
39.1,0.100
39.1,0.100
39.1,0.105
39.1,0.105
39.1,0.105
39.1,0.105
39.1,0.105
39.1,0.105
39.1,0.105
39.1,0.105
39.1,0.105
39.1,0.105
39.1,0.105
39.1,0.105
39.1,0.105
39.1,0.105
39.1,0.105
39.1,0.105
39.1,0.105
39.1,0.105
39.1,0.105
39.1,0.105
39.1,0.105
39.1,0.105
39.1,0.105
39.1,0.105
39.1,0.105
39.1,0.105
39.1,0.105
39.0,0.105
39.0,0.105
39.0,0.105
39.0,0.105
39.0,0.105
39.0,0.105
39.0,0.105
39.0,0.105
39.0,0.105
39.0,0.105
39.0,0.105
39.0,0.105
39.0,0.105
39.0,0.105
39.0,0.105
39.0,0.105
39.0,0.105
39.0,0.105
39.0,0.105
38.9,0.105
38.9,0.105
38.9,0.105
38.9,0.105
38.9,0.105
38.9,0.110
38.9,0.110
38.9,0.110
38.9,0.110
38.9,0.110
38.9,0.110
38.9,0.110
38.9,0.110
38.9,0.110
38.9,0.110
38.9,0.110
38.9,0.110
38.9,0.110
38.9,0.110
38.9,0.110
38.9,0.110
38.9,0.110
38.9,0.110
38.9,0.110
38.9,0.110
38.9,0.110
38.9,0.110
38.9,0.110
38.9,0.110
38.9,0.110
38.9,0.110
38.9,0.110
38.8,0.110
38.8,0.110
38.8,0.110
38.8,0.110
38.8,0.110
38.8,0.110
38.8,0.110
38.8,0.110
38.8,0.110
38.8,0.110
38.8,0.110
38.8,0.110
38.8,0.110
38.8,0.110
38.8,0.110
38.8,0.110
38.8,0.110
38.8,0.110
38.8,0.110
38.8,0.110
38.8,0.115
38.8,0.115
38.8,0.115
38.8,0.115
38.8,0.115
38.8,0.115
38.8,0.115
38.7,0.115
38.7,0.115
38.7,0.115
38.7,0.115
38.7,0.115
38.7,0.115
38.7,0.115
38.7,0.115
38.7,0.115
38.7,0.115
38.7,0.115
38.7,0.115
38.7,0.115
38.7,0.115
38.7,0.115
38.7,0.115
38.7,0.115
38.7,0.115
38.6,0.115
38.6,0.115
38.6,0.115
38.6,0.115
38.6,0.115
38.6,0.115
38.6,0.115
38.6,0.115
38.6,0.115
38.6,0.115
38.6,0.115
38.6,0.115
38.6,0.115
38.6,0.115
38.6,0.115
38.6,0.115
38.6,0.115
38.6,0.115
38.6,0.120
38.6,0.120
38.6,0.120
38.6,0.120
38.6,0.120
38.6,0.120
38.6,0.120
38.6,0.120
38.6,0.120
38.6,0.120
38.6,0.120
38.6,0.120
38.6,0.120
38.6,0.120
38.6,0.120
38.6,0.120
38.6,0.120
38.6,0.120
38.6,0.120
38.6,0.120
38.6,0.120
38.6,0.120
38.6,0.120
38.6,0.120
38.6,0.120
38.6,0.120
38.6,0.120
38.5,0.120
38.5,0.120
38.5,0.120
38.5,0.120
38.5,0.120
38.5,0.120
38.5,0.120
38.5,0.120
38.5,0.120
38.5,0.120
38.5,0.120
38.5,0.120
38.5,0.120
38.5,0.120
38.5,0.120
38.5,0.120
38.5,0.120
38.5,0.120
38.5,0.120
38.5,0.120
38.5,0.120
38.5,0.125
38.5,0.125
38.5,0.125
38.5,0.125
38.5,0.125
38.5,0.125
38.5,0.125
38.5,0.125
38.5,0.125
38.5,0.125
38.5,0.125
38.5,0.125
38.5,0.125
38.5,0.125
38.5,0.125
38.5,0.125
38.5,0.125
38.5,0.125
38.5,0.125
38.5,0.125
38.5,0.125
38.5,0.125
38.5,0.125
38.5,0.125
38.4,0.125
38.4,0.125
38.4,0.125
38.4,0.125
38.4,0.125
38.4,0.125
38.4,0.125
38.4,0.125
38.4,0.125
38.4,0.125
38.4,0.125
38.4,0.125
38.4,0.125
38.4,0.125
38.4,0.125
38.4,0.125
38.4,0.125
38.4,0.125
38.4,0.125
38.4,0.125
38.4,0.125
38.4,0.125
38.4,0.130
38.4,0.130
38.4,0.130
38.4,0.130
38.4,0.130
38.4,0.130
38.4,0.130
38.4,0.130
38.4,0.130
38.4,0.130
38.4,0.130
38.4,0.130
38.4,0.130
38.4,0.130
38.4,0.130
38.4,0.130
38.4,0.130
38.4,0.130
38.4,0.130
38.4,0.130
38.4,0.130
38.4,0.130
38.4,0.130
38.4,0.130
38.4,0.130
38.4,0.130
38.4,0.130
38.4,0.130
38.4,0.130
38.4,0.130
38.4,0.130
38.4,0.130
38.4,0.130
38.4,0.130
38.4,0.130
38.4,0.130
38.4,0.130
38.4,0.130
38.4,0.130
38.4,0.130
38.4,0.130
38.4,0.130
38.4,0.130
38.4,0.130
38.4,0.135
38.4,0.135
38.4,0.135
38.4,0.135
38.4,0.135
38.4,0.135
38.4,0.135
38.4,0.135
38.4,0.135
38.4,0.135
38.4,0.135
38.4,0.135
38.4,0.135
38.4,0.135
38.4,0.135
38.4,0.135
38.4,0.135
38.4,0.135
38.4,0.135
38.4,0.135
38.4,0.135
38.4,0.135
38.4,0.135
38.4,0.135
38.4,0.135
38.4,0.135
38.4,0.135
38.4,0.135
38.4,0.135
38.4,0.135
38.3,0.135
38.3,0.135
38.3,0.135
38.3,0.135
38.3,0.135
38.3,0.135
38.3,0.135
38.3,0.135
38.3,0.135
38.3,0.135
38.3,0.135
38.3,0.135
38.3,0.135
38.3,0.140
38.3,0.140
38.3,0.140
38.3,0.140
38.3,0.140
38.3,0.140
38.3,0.140
38.3,0.140
38.3,0.140
38.3,0.140
38.3,0.140
38.3,0.140
38.3,0.140
38.3,0.140
38.3,0.140
38.3,0.140
38.3,0.140
38.3,0.140
38.3,0.140
38.3,0.140
38.3,0.140
38.3,0.140
38.3,0.140
38.3,0.140
38.3,0.140
38.3,0.140
38.3,0.140
38.3,0.140
38.3,0.140
38.3,0.140
38.3,0.140
38.3,0.140
38.3,0.140
38.4,0.140
38.4,0.140
38.4,0.140
38.4,0.140
38.4,0.140
38.4,0.140
38.4,0.140
38.4,0.140
38.4,0.140
38.4,0.140
38.4,0.140
38.4,0.145
38.4,0.145
38.4,0.145
38.4,0.145
38.4,0.145
38.4,0.145
38.4,0.145
38.4,0.145
38.4,0.145
38.4,0.145
38.4,0.145
38.4,0.145
38.4,0.145
38.4,0.145
38.4,0.145
38.4,0.145
38.4,0.145
38.4,0.145
38.4,0.145
38.4,0.145
38.4,0.145
38.4,0.145
38.4,0.145
38.4,0.145
38.4,0.145
38.4,0.145
38.4,0.145
38.4,0.145
38.4,0.145
38.4,0.145
38.4,0.145
38.4,0.145
38.3,0.145
38.3,0.145
38.3,0.145
38.3,0.145
38.3,0.145
38.3,0.145
38.3,0.145
38.3,0.145
38.3,0.145
38.3,0.145
38.3,0.145
38.3,0.145
38.3,0.150
38.3,0.150
38.3,0.150
38.3,0.150
38.3,0.150
38.3,0.150
38.3,0.150
38.3,0.150
38.3,0.150
38.3,0.150
38.3,0.150
38.3,0.150
38.3,0.150
38.3,0.150
38.3,0.150
38.3,0.150
38.3,0.150
38.3,0.150
38.3,0.150
38.3,0.150
38.3,0.150
38.3,0.150
38.3,0.150
38.3,0.150
38.3,0.150
38.3,0.150
38.3,0.150
38.3,0.150
38.3,0.150
38.3,0.150
38.3,0.150
38.3,0.150
38.3,0.150
38.3,0.150
38.3,0.150
38.3,0.150
38.3,0.150
38.3,0.150
38.3,0.150
38.3,0.155
38.3,0.155
38.3,0.155
38.2,0.155
38.2,0.155
38.2,0.155
38.2,0.155
38.2,0.155
38.2,0.155
38.2,0.155
38.2,0.155
38.2,0.155
38.2,0.155
38.2,0.155
38.2,0.155
38.2,0.155
38.2,0.155
38.2,0.155
38.2,0.155
38.2,0.155
38.2,0.155
38.2,0.155
38.2,0.155
38.2,0.155
38.2,0.155
38.2,0.155
38.2,0.155
38.2,0.155
38.2,0.155
38.2,0.155
38.2,0.155
38.2,0.155
38.2,0.155
38.2,0.155
38.2,0.155
38.2,0.155
38.2,0.155
38.2,0.155
38.2,0.155
38.2,0.155
38.2,0.155
38.2,0.155
38.2,0.160
38.2,0.160
38.2,0.160
38.2,0.160
38.1,0.160
38.1,0.160
38.1,0.160
38.1,0.160
38.1,0.160
38.1,0.160
38.1,0.160
38.1,0.160
38.1,0.160
38.1,0.160
38.1,0.160
38.1,0.160
38.1,0.160
38.1,0.160
38.1,0.160
38.1,0.160
38.1,0.160
38.1,0.160
38.1,0.160
38.1,0.160
38.1,0.160
38.1,0.160
38.1,0.160
38.1,0.160
38.1,0.160
38.1,0.160
38.1,0.160
38.1,0.160
38.1,0.160
38.1,0.160
38.1,0.160
38.1,0.160
38.2,0.160
38.2,0.160
38.2,0.160
38.2,0.160
38.2,0.165
38.2,0.165
38.2,0.165
38.2,0.165
38.2,0.165
38.2,0.165
38.2,0.165
38.2,0.165
38.2,0.165
38.2,0.165
38.2,0.165
38.2,0.165
38.2,0.165
38.2,0.165
38.2,0.165
38.2,0.165
38.2,0.165
38.2,0.165
38.2,0.165
38.2,0.165
38.2,0.165
38.2,0.165
38.2,0.165
38.2,0.165
38.2,0.165
38.2,0.165
38.2,0.165
38.2,0.165
38.2,0.165
38.2,0.165
38.2,0.165
38.2,0.165
38.2,0.165
38.2,0.165
38.2,0.165
38.2,0.165
38.2,0.165
38.2,0.165
38.2,0.165
38.2,0.165
38.2,0.165
38.2,0.170
38.2,0.170
38.2,0.170
38.2,0.170
38.2,0.170
38.1,0.170
38.1,0.170
38.1,0.170
38.1,0.170
38.1,0.170
38.1,0.170
38.1,0.170
38.1,0.170
38.1,0.170
38.1,0.170
38.1,0.170
38.1,0.170
38.1,0.170
38.1,0.170
38.1,0.170
38.1,0.170
38.1,0.170
38.1,0.170
38.1,0.170
38.1,0.170
38.1,0.170
38.1,0.170
38.1,0.170
38.1,0.170
38.1,0.170
38.1,0.170
38.1,0.170
38.1,0.170
38.1,0.170
38.1,0.170
38.1,0.170
38.1,0.170
38.1,0.175
38.1,0.175
38.1,0.175
38.1,0.175
38.1,0.175
38.1,0.175
38.1,0.175
38.1,0.175
38.1,0.175
38.1,0.175
38.1,0.175
38.1,0.175
38.1,0.175
38.1,0.175
38.1,0.175
38.1,0.175
38.1,0.175
38.1,0.175
38.1,0.175
38.1,0.175
38.1,0.175
38.1,0.175
38.1,0.175
38.1,0.175
38.1,0.175
38.1,0.175
38.1,0.175
38.1,0.175
38.1,0.175
38.1,0.175
38.1,0.175
38.1,0.175
38.1,0.175
38.1,0.175
38.1,0.175
38.1,0.175
38.1,0.180
38.1,0.180
38.1,0.180
38.1,0.180
38.1,0.180
38.1,0.180
38.1,0.180
38.1,0.180
38.1,0.180
38.1,0.180
38.1,0.180
38.1,0.180
38.1,0.180
38.1,0.180
38.1,0.180
38.1,0.180
38.1,0.180
38.1,0.180
38.1,0.180
38.1,0.180
38.1,0.180
38.1,0.180
38.1,0.180
38.1,0.180
38.1,0.180
38.1,0.180
38.1,0.180
38.1,0.180
38.1,0.180
38.1,0.180
38.1,0.180
38.1,0.180
38.1,0.180
38.1,0.180
38.1,0.180
38.1,0.180
38.1,0.180
38.1,0.185
38.1,0.185
38.1,0.185
38.1,0.185
38.1,0.185
38.1,0.185
38.1,0.185
38.1,0.185
38.1,0.185
38.1,0.185
38.1,0.185
38.1,0.185
38.1,0.185
38.1,0.185
38.1,0.185
38.1,0.185
38.1,0.185
38.1,0.185
38.1,0.185
38.1,0.185
38.1,0.185
38.0,0.185
38.0,0.185
38.0,0.185
38.0,0.185
38.0,0.185
38.0,0.185
38.0,0.185
38.0,0.185
38.0,0.185
38.0,0.185
38.0,0.185
38.0,0.185
38.0,0.185
38.0,0.185
38.0,0.185
38.0,0.190
38.0,0.190
37.9,0.190
37.9,0.190
37.9,0.190
37.9,0.190
37.9,0.190
37.9,0.190
37.9,0.190
37.9,0.190
37.9,0.190
37.9,0.190
37.9,0.190
37.9,0.190
37.9,0.190
37.9,0.190
37.9,0.190
37.9,0.190
38.0,0.190
38.0,0.190
38.0,0.190
38.0,0.190
38.0,0.190
38.0,0.190
38.0,0.190
38.0,0.190
38.0,0.190
38.0,0.190
38.0,0.190
38.0,0.190
38.0,0.190
38.0,0.190
38.0,0.190
38.0,0.190
38.0,0.190
38.0,0.190
38.0,0.195
38.0,0.195
38.0,0.195
38.0,0.195
37.9,0.195
37.9,0.195
37.9,0.195
37.9,0.195
37.9,0.195
37.9,0.195
37.9,0.195
37.9,0.195
37.9,0.195
37.9,0.195
37.9,0.195
37.9,0.195
37.9,0.195
37.9,0.195
37.9,0.195
37.9,0.195
37.9,0.195
37.9,0.195
37.9,0.195
37.9,0.195
37.9,0.195
37.9,0.195
37.9,0.195
37.9,0.195
37.9,0.195
37.9,0.195
37.9,0.195
37.9,0.200
37.9,0.200
37.9,0.200
37.9,0.200
37.9,0.200
37.9,0.200
37.9,0.200
37.9,0.200
37.9,0.200
37.9,0.200
37.9,0.200
37.9,0.200
37.9,0.200
37.9,0.200
37.9,0.200
37.9,0.200
37.9,0.200
37.9,0.200
37.9,0.200
37.9,0.200
37.9,0.200
37.9,0.200
37.9,0.200
37.9,0.200
37.9,0.200
37.9,0.200
37.9,0.200
37.9,0.200
37.9,0.200
37.9,0.200
37.9,0.200
37.9,0.200
37.9,0.200
37.9,0.200
37.9,0.200
37.9,0.205
37.9,0.205
37.9,0.205
37.9,0.205
37.9,0.205
37.9,0.205
37.9,0.205
37.9,0.205
37.9,0.205
37.9,0.205
37.9,0.205
37.9,0.205
37.9,0.205
37.9,0.205
37.9,0.205
37.9,0.205
37.9,0.205
37.9,0.205
37.9,0.205
37.9,0.205
37.9,0.205
37.9,0.205
37.9,0.205
37.9,0.205
37.9,0.205
37.9,0.205
37.9,0.205
37.9,0.205
37.9,0.205
37.9,0.205
37.9,0.205
37.9,0.205
37.9,0.205
37.9,0.210
37.9,0.210
37.9,0.210
37.9,0.210
37.9,0.210
37.9,0.210
37.9,0.210
37.9,0.210
37.9,0.210
37.9,0.210
37.9,0.210
37.9,0.210
37.9,0.210
37.9,0.210
37.9,0.210
37.9,0.210
37.9,0.210
37.9,0.210
37.9,0.210
37.9,0.210
37.9,0.210
37.9,0.210
37.9,0.210
37.9,0.210
37.9,0.210
37.9,0.210
37.9,0.210
37.9,0.210
37.9,0.210
37.9,0.210
37.9,0.210
37.9,0.215
37.9,0.215
37.9,0.215
37.9,0.215
37.9,0.215
37.9,0.215
37.9,0.215
37.9,0.215
37.9,0.215
37.9,0.215
37.9,0.215
37.9,0.215
37.9,0.215
37.9,0.215
37.9,0.215
37.9,0.215
37.9,0.215
37.9,0.215
37.9,0.215
37.9,0.215
37.9,0.215
37.9,0.215
37.9,0.215
37.9,0.215
37.9,0.215
37.9,0.215
37.9,0.215
37.9,0.215
37.9,0.215
37.9,0.215
37.9,0.215
37.9,0.220
37.9,0.220
37.9,0.220
37.9,0.220
37.9,0.220
37.9,0.220
37.9,0.220
37.9,0.220
37.9,0.220
37.9,0.220
37.9,0.220
37.9,0.220
37.9,0.220
37.9,0.220
37.9,0.220
37.9,0.220
37.9,0.220
37.9,0.220
37.9,0.220
37.9,0.220
37.9,0.220
37.9,0.220
37.9,0.220
37.9,0.220
37.9,0.220
37.9,0.220
37.9,0.220
37.9,0.220
37.9,0.220
37.9,0.220
37.9,0.220
37.9,0.220
37.9,0.220
37.9,0.220
37.9,0.225
37.9,0.225
37.9,0.225
37.9,0.225
37.9,0.225
37.9,0.225
37.9,0.225
37.9,0.225
37.9,0.225
37.9,0.225
37.9,0.225
37.9,0.225
37.9,0.225
37.9,0.225
37.9,0.225
37.9,0.225
37.9,0.225
37.9,0.225
37.9,0.225
37.9,0.225
37.9,0.225
37.9,0.225
37.9,0.225
37.9,0.225
37.9,0.225
37.9,0.225
37.9,0.225
37.9,0.225
37.9,0.225
37.9,0.225
37.9,0.225
37.9,0.225
37.9,0.225
37.9,0.230
37.9,0.230
37.9,0.230
37.9,0.230
37.9,0.230
37.9,0.230
37.9,0.230
37.9,0.230
37.9,0.230
37.9,0.230
37.9,0.230
37.9,0.230
37.9,0.230
37.9,0.230
37.9,0.230
37.9,0.230
37.9,0.230
37.9,0.230
37.9,0.230
37.9,0.230
37.9,0.230
38.0,0.230
38.0,0.230
38.0,0.230
38.0,0.230
38.0,0.230
38.0,0.230
38.0,0.230
38.0,0.230
38.0,0.230
38.0,0.230
38.0,0.235
38.0,0.235
38.0,0.235
38.0,0.235
38.0,0.235
38.0,0.235
38.0,0.235
38.1,0.235
38.1,0.235
38.1,0.235
38.1,0.235
38.1,0.235
38.1,0.235
38.1,0.235
38.0,0.235
38.0,0.235
38.0,0.235
38.0,0.235
38.0,0.235
38.0,0.235
38.0,0.235
38.0,0.235
38.0,0.235
38.0,0.235
38.0,0.235
38.0,0.235
38.0,0.235
38.0,0.235
38.0,0.235
38.0,0.235
38.0,0.235
38.0,0.235
38.0,0.235
38.0,0.235
38.0,0.240
38.0,0.240
38.0,0.240
38.0,0.240
38.0,0.240
38.0,0.240
38.0,0.240
38.0,0.240
38.0,0.240
38.0,0.240
38.0,0.240
38.0,0.240
38.0,0.240
38.0,0.240
38.0,0.240
38.0,0.240
38.0,0.240
38.0,0.240
38.0,0.240
38.0,0.240
38.0,0.240
38.0,0.240
38.0,0.240
38.0,0.240
38.0,0.240
38.0,0.240
38.0,0.240
38.0,0.240
38.0,0.240
38.0,0.240
38.0,0.240
38.0,0.240
38.0,0.245
38.0,0.245
38.0,0.245
38.0,0.245
38.0,0.245
38.0,0.245
38.0,0.245
38.0,0.245
38.0,0.245
38.0,0.245
38.0,0.245
38.0,0.245
38.0,0.245
38.0,0.245
38.0,0.245
38.0,0.245
38.0,0.245
38.0,0.245
38.0,0.245
38.0,0.245
38.0,0.245
38.0,0.245
38.0,0.245
38.0,0.245
38.0,0.245
38.0,0.245
38.0,0.245
38.0,0.245
38.0,0.245
38.0,0.245
38.0,0.245
38.0,0.245
38.0,0.245
38.0,0.250
38.0,0.250
38.0,0.250
38.0,0.250
38.0,0.250
38.0,0.250
38.0,0.250
38.0,0.250
38.0,0.250
38.0,0.250
38.0,0.250
38.0,0.250
38.0,0.250
38.0,0.250
38.0,0.250
38.0,0.250
38.0,0.250
38.0,0.250
38.0,0.250
38.0,0.250
38.0,0.250
38.0,0.250
38.0,0.250
37.9,0.250
37.9,0.250
37.9,0.250
37.9,0.250
37.9,0.250
37.9,0.250
37.9,0.250
37.9,0.250
37.9,0.255
37.9,0.255
37.9,0.255
37.9,0.255
37.9,0.255
37.9,0.255
37.9,0.255
37.9,0.255
37.9,0.255
37.9,0.255
37.9,0.255
37.9,0.255
37.9,0.255
37.9,0.255
37.9,0.255
37.9,0.255
37.9,0.255
37.9,0.255
37.9,0.255
37.9,0.255
37.9,0.255
37.9,0.255
37.9,0.255
37.9,0.255
37.9,0.255
37.9,0.255
37.9,0.255
37.9,0.255
37.9,0.255
37.9,0.260
37.9,0.260
37.9,0.260
37.9,0.260
37.9,0.260
37.9,0.260
37.9,0.260
37.9,0.260
37.9,0.260
37.9,0.260
37.9,0.260
37.9,0.260
37.9,0.260
37.9,0.260
37.9,0.260
37.9,0.260
37.9,0.260
37.9,0.260
37.9,0.260
37.9,0.260
37.9,0.260
37.9,0.260
37.9,0.260
37.9,0.260
37.9,0.260
37.9,0.260
37.9,0.260
37.9,0.260
37.9,0.260
37.9,0.260
37.9,0.260
37.9,0.260
37.9,0.265
37.9,0.265
37.9,0.265
37.9,0.265
37.9,0.265
37.9,0.265
37.9,0.265
37.9,0.265
37.9,0.265
37.9,0.265
37.9,0.265
37.9,0.265
37.9,0.265
37.9,0.265
37.9,0.265
37.9,0.265
37.9,0.265
37.9,0.265
37.9,0.265
37.9,0.265
37.9,0.265
37.9,0.265
37.9,0.265
37.9,0.265
37.9,0.265
37.9,0.265
37.9,0.265
37.9,0.265
37.9,0.265
37.9,0.265
37.9,0.265
37.9,0.270
37.9,0.270
37.9,0.270
37.9,0.270
37.9,0.270
37.9,0.270
37.9,0.270
37.9,0.270
37.9,0.270
37.9,0.270
37.9,0.270
37.9,0.270
37.9,0.270
37.9,0.270
37.9,0.270
37.9,0.270
37.9,0.270
37.9,0.270
37.9,0.270
37.9,0.270
37.9,0.270
37.9,0.270
37.9,0.270
37.9,0.270
37.9,0.270
37.9,0.270
37.9,0.270
37.9,0.270
37.9,0.270
37.9,0.270
37.9,0.275
37.9,0.275
37.9,0.275
37.9,0.275
37.9,0.275
37.9,0.275
37.9,0.275
37.9,0.275
37.9,0.275
38.0,0.275
38.0,0.275
38.0,0.275
38.0,0.275
38.0,0.275
38.0,0.275
38.0,0.275
38.0,0.275
38.0,0.275
38.0,0.275
38.0,0.275
38.0,0.275
38.0,0.275
38.0,0.275
38.0,0.275
38.0,0.275
38.0,0.275
38.0,0.275
38.0,0.280
38.0,0.280
38.0,0.280
38.0,0.280
38.0,0.280
38.0,0.280
38.0,0.280
38.0,0.280
38.0,0.280
38.0,0.280
38.0,0.280
38.0,0.280
38.0,0.280
38.0,0.280
38.0,0.280
38.0,0.280
38.0,0.280
38.0,0.280
38.0,0.280
38.0,0.280
38.0,0.280
38.0,0.280
38.0,0.280
38.0,0.280
38.0,0.280
38.0,0.280
38.0,0.280
38.0,0.280
38.0,0.280
38.0,0.280
38.0,0.280
38.0,0.285
38.0,0.285
37.9,0.285
37.9,0.285
37.9,0.285
37.9,0.285
37.9,0.285
37.9,0.285
37.9,0.285
37.9,0.285
37.9,0.285
37.9,0.285
37.9,0.285
37.9,0.285
37.9,0.285
37.9,0.285
37.9,0.285
37.9,0.285
37.9,0.285
37.9,0.285
37.9,0.285
37.9,0.285
37.9,0.285
37.9,0.285
37.9,0.285
37.9,0.285
37.9,0.285
37.9,0.285
37.9,0.285
37.9,0.285
37.9,0.290
37.9,0.290
37.9,0.290
37.9,0.290
37.9,0.290
37.9,0.290
37.9,0.290
37.9,0.290
37.9,0.290
37.9,0.290
37.9,0.290
37.9,0.290
37.9,0.290
37.9,0.290
37.9,0.290
37.9,0.290
37.9,0.290
37.9,0.290
37.9,0.290
37.9,0.290
37.9,0.290
37.9,0.290
37.9,0.290
37.9,0.290
37.9,0.290
37.9,0.290
37.9,0.290
37.9,0.295
37.9,0.295
37.9,0.295
37.9,0.295
37.9,0.295
37.9,0.295
37.9,0.295
37.9,0.295
37.9,0.295
37.9,0.295
37.9,0.295
38.0,0.295
38.0,0.295
38.0,0.295
38.0,0.295
38.0,0.295
38.0,0.295
38.0,0.295
38.0,0.295
38.0,0.295
38.0,0.295
38.0,0.295
38.0,0.295
38.0,0.295
38.0,0.295
38.0,0.295
38.0,0.295
38.0,0.295
38.0,0.300
38.0,0.300
37.9,0.300
37.9,0.300
37.9,0.300
37.9,0.300
37.9,0.300
37.9,0.300
37.9,0.300
37.9,0.300
37.9,0.300
37.9,0.300
37.9,0.300
37.9,0.300
37.9,0.300
37.9,0.300
37.9,0.300
37.9,0.300
37.9,0.300
37.9,0.300
37.9,0.300
37.9,0.300
37.9,0.300
37.9,0.300
37.9,0.300
38.0,0.300
38.0,0.300
38.0,0.300
38.0,0.300
38.0,0.305
38.0,0.305
38.0,0.305
38.0,0.305
38.0,0.305
38.0,0.305
38.0,0.305
38.0,0.305
38.0,0.305
38.0,0.305
38.0,0.305
38.0,0.305
38.0,0.305
38.0,0.305
38.0,0.305
38.0,0.305
38.0,0.305
38.0,0.305
38.0,0.305
38.0,0.305
38.0,0.305
38.0,0.305
38.0,0.305
38.0,0.305
38.0,0.305
38.0,0.305
38.0,0.305
38.0,0.305
38.0,0.305
38.0,0.310
38.0,0.310
38.0,0.310
38.0,0.310
38.0,0.310
38.0,0.310
38.0,0.310
38.0,0.310
38.0,0.310
38.0,0.310
38.0,0.310
38.0,0.310
38.0,0.310
38.0,0.310
38.0,0.310
38.0,0.310
38.0,0.310
38.0,0.310
38.0,0.310
38.0,0.310
38.0,0.310
38.0,0.310
38.0,0.310
38.0,0.310
38.0,0.310
38.0,0.310
38.0,0.310
38.0,0.315
38.0,0.315
38.0,0.315
38.0,0.315
38.0,0.315
38.0,0.315
38.0,0.315
38.0,0.315
38.0,0.315
38.0,0.315
38.0,0.315
38.0,0.315
38.0,0.315
38.0,0.315
38.0,0.315
38.0,0.315
38.0,0.315
38.0,0.315
38.0,0.315
38.0,0.315
38.0,0.315
38.0,0.315
38.0,0.315
38.0,0.315
38.0,0.315
38.0,0.315
38.0,0.315
38.0,0.315
38.0,0.320
38.0,0.320
38.0,0.320
38.0,0.320
38.0,0.320
38.0,0.320
38.0,0.320
38.0,0.320
38.0,0.320
38.0,0.320
38.0,0.320
38.0,0.320
38.0,0.320
38.0,0.320
38.0,0.320
38.0,0.320
38.0,0.320
38.0,0.320
38.0,0.320
38.0,0.320
38.0,0.320
38.0,0.320
38.0,0.320
38.0,0.320
37.9,0.320
37.9,0.320
37.9,0.320
37.9,0.320
37.9,0.325
37.9,0.325
38.0,0.325
37.9,0.325
37.9,0.325
37.9,0.325
37.9,0.325
37.9,0.325
37.9,0.325
37.9,0.325
37.9,0.325
37.9,0.325
37.9,0.325
37.9,0.325
37.9,0.325
37.9,0.325
37.9,0.325
37.9,0.325
37.9,0.325
37.9,0.325
37.9,0.325
37.9,0.325
37.9,0.325
37.9,0.325
37.9,0.325
37.9,0.325
37.9,0.325
37.9,0.330
37.9,0.330
37.9,0.330
37.9,0.330
37.9,0.330
37.9,0.330
37.9,0.330
37.9,0.330
37.9,0.330
37.9,0.330
37.9,0.330
37.9,0.330
37.9,0.330
37.9,0.330
37.9,0.330
37.9,0.330
37.9,0.330
37.9,0.330
37.9,0.330
37.9,0.330
37.9,0.330
37.9,0.330
37.9,0.330
37.9,0.330
38.0,0.330
38.0,0.330
38.0,0.330
38.0,0.335
38.0,0.335
38.0,0.335
38.0,0.335
38.0,0.335
38.0,0.335
38.0,0.335
38.0,0.335
38.0,0.335
38.0,0.335
38.0,0.335
38.0,0.335
38.0,0.335
37.9,0.335
37.9,0.335
37.9,0.335
37.9,0.335
37.9,0.335
37.9,0.335
37.9,0.335
37.9,0.335
37.9,0.335
37.9,0.335
37.9,0.335
37.9,0.335
37.9,0.335
37.9,0.340
37.9,0.340
37.9,0.340
37.9,0.340
37.9,0.340
37.9,0.340
37.9,0.340
37.9,0.340
37.9,0.340
37.9,0.340
37.9,0.340
38.0,0.340
38.0,0.340
38.0,0.340
38.0,0.340
38.0,0.340
38.0,0.340
37.9,0.340
37.9,0.340
37.9,0.340
37.9,0.340
37.9,0.340
37.9,0.340
37.9,0.340
37.9,0.340
37.9,0.340
37.9,0.340
37.9,0.345
37.9,0.345
37.9,0.345
37.9,0.345
37.9,0.345
37.9,0.345
37.9,0.345
37.9,0.345
37.9,0.345
37.9,0.345
37.9,0.345
37.9,0.345
37.9,0.345
38.0,0.345
38.0,0.345
38.0,0.345
38.0,0.345
38.0,0.345
38.0,0.345
38.0,0.345
38.0,0.345
38.0,0.345
38.0,0.345
38.0,0.345
38.0,0.345
38.0,0.345
38.0,0.350
38.0,0.350
38.0,0.350
38.0,0.350
38.0,0.350
38.0,0.350
38.1,0.350
38.1,0.350
38.1,0.350
38.1,0.350
38.1,0.350
38.1,0.350
38.1,0.350
38.1,0.350
38.1,0.350
38.1,0.350
38.1,0.350
38.1,0.350
38.1,0.350
38.1,0.350
38.1,0.350
38.1,0.350
38.1,0.350
38.1,0.350
38.1,0.350
38.1,0.350
38.1,0.355
38.1,0.355
38.1,0.355
38.1,0.355
38.1,0.355
38.1,0.355
38.1,0.355
38.1,0.355
38.1,0.355
38.1,0.355
38.1,0.355
38.1,0.355
38.1,0.355
38.1,0.355
38.1,0.355
38.1,0.355
38.1,0.355
38.1,0.355
38.1,0.355
38.1,0.355
38.1,0.355
38.1,0.355
38.1,0.355
38.1,0.355
38.1,0.360
38.1,0.360
38.1,0.360
38.1,0.360
38.1,0.360
38.1,0.360
38.1,0.360
38.1,0.360
38.1,0.360
38.1,0.360
38.1,0.360
38.1,0.360
38.1,0.360
38.1,0.360
38.1,0.360
38.1,0.360
38.1,0.360
38.1,0.360
38.1,0.360
38.1,0.360
38.1,0.360
38.1,0.360
38.1,0.360
38.1,0.360
38.1,0.360
38.1,0.360
38.1,0.360
38.1,0.365
38.1,0.365
38.1,0.365
38.1,0.365
38.0,0.365
38.0,0.365
38.0,0.365
38.0,0.365
38.0,0.365
38.0,0.365
38.0,0.365
38.0,0.365
38.0,0.365
38.0,0.365
38.0,0.365
38.0,0.365
38.0,0.365
38.0,0.365
38.0,0.365
38.0,0.365
38.0,0.365
38.0,0.365
38.0,0.365
38.0,0.365
38.0,0.365
38.0,0.365
38.0,0.365
38.0,0.365
38.0,0.370
38.0,0.370
38.0,0.370
38.0,0.370
38.0,0.370
38.0,0.370
38.0,0.370
38.0,0.370
38.0,0.370
38.0,0.370
38.0,0.370
38.0,0.370
38.0,0.370
38.0,0.370
38.0,0.370
38.0,0.370
38.0,0.370
38.0,0.370
38.0,0.370
38.0,0.370
38.0,0.370
38.0,0.370
38.0,0.370
38.0,0.370
38.0,0.370
38.0,0.370
38.0,0.370
38.0,0.370
38.0,0.375
38.0,0.375
38.0,0.375
38.0,0.375
38.0,0.375
38.0,0.375
38.0,0.375
38.0,0.375
38.0,0.375
38.0,0.375
38.0,0.375
38.0,0.375
38.0,0.375
38.0,0.375
38.0,0.375
38.0,0.375
38.0,0.375
38.0,0.375
38.0,0.375
38.0,0.375
38.0,0.375
38.0,0.375
38.0,0.375
38.0,0.375
38.0,0.375
38.0,0.375
38.0,0.375
38.0,0.375
38.0,0.375
38.0,0.380
38.0,0.380
38.0,0.380
38.0,0.380
38.0,0.380
38.0,0.380
38.0,0.380
38.0,0.380
38.0,0.380
38.0,0.380
38.0,0.380
38.0,0.380
38.0,0.380
38.0,0.380
38.0,0.380
38.0,0.380
38.0,0.380
38.0,0.380
38.0,0.380
38.0,0.380
38.0,0.380
38.0,0.380
38.1,0.380
38.1,0.380
38.1,0.380
38.1,0.380
38.1,0.380
38.1,0.380
38.1,0.380
38.1,0.380
38.1,0.380
38.1,0.385
38.1,0.385
38.1,0.385
38.1,0.385
38.1,0.385
38.1,0.385
38.1,0.385
38.1,0.385
38.1,0.385
38.1,0.385
38.1,0.385
38.1,0.385
38.1,0.385
38.1,0.385
38.1,0.385
38.1,0.385
38.1,0.385
38.1,0.385
38.1,0.385
38.1,0.385
38.1,0.385
38.1,0.385
38.1,0.385
38.1,0.385
38.1,0.385
38.1,0.385
38.1,0.385
38.1,0.385
38.1,0.385
38.1,0.385
38.1,0.390
38.1,0.390
38.1,0.390
38.1,0.390
38.1,0.390
38.1,0.390
38.1,0.390
38.1,0.390
38.1,0.390
38.1,0.390
38.1,0.390
38.1,0.390
38.1,0.390
38.1,0.390
38.1,0.390
38.1,0.390
38.1,0.390
38.1,0.390
38.1,0.390
38.1,0.390
38.1,0.390
38.1,0.390
38.1,0.390
38.1,0.390
38.1,0.390
38.1,0.390
38.1,0.390
38.1,0.390
38.1,0.395
38.1,0.395
38.1,0.395
38.1,0.395
38.1,0.395
38.1,0.395
38.1,0.395
38.2,0.395
38.2,0.395
38.2,0.395
38.2,0.395
38.2,0.395
38.2,0.395
38.2,0.395
38.2,0.395
38.2,0.395
38.2,0.395
38.2,0.395
38.2,0.395
38.2,0.395
38.2,0.395
38.2,0.395
38.2,0.395
38.2,0.395
38.2,0.395
38.2,0.395
38.2,0.395
38.2,0.395
38.2,0.395
38.2,0.395
38.2,0.400
38.2,0.400
38.2,0.400
38.2,0.400
38.2,0.400
38.2,0.400
38.2,0.400
38.2,0.400
38.2,0.400
38.2,0.400
38.2,0.400
38.2,0.400
38.2,0.400
38.2,0.400
38.2,0.400
38.2,0.400
38.2,0.400
38.2,0.400
38.2,0.400
38.2,0.400
38.2,0.400
38.2,0.400
38.2,0.400
38.2,0.400
38.2,0.400
38.2,0.400
38.2,0.400
38.2,0.400
38.2,0.405
38.2,0.405
38.2,0.405
38.2,0.405
38.2,0.405
38.2,0.405
38.2,0.405
38.2,0.405
38.2,0.405
38.2,0.405
38.2,0.405
38.2,0.405
38.2,0.405
38.2,0.405
38.2,0.405
38.2,0.405
38.2,0.405
38.2,0.405
38.2,0.405
38.2,0.405
38.2,0.405
38.2,0.405
38.2,0.405
38.2,0.405
38.2,0.405
38.2,0.405
38.2,0.405
38.2,0.405
38.2,0.410
38.2,0.410
38.2,0.410
38.2,0.410
38.2,0.410
38.2,0.410
38.2,0.410
38.2,0.410
38.2,0.410
38.2,0.410
38.2,0.410
38.2,0.410
38.2,0.410
38.2,0.410
38.2,0.410
38.2,0.410
38.2,0.410
38.2,0.410
38.2,0.410
38.2,0.410
38.2,0.410
38.2,0.410
38.2,0.410
38.3,0.410
38.3,0.410
38.3,0.410
38.3,0.410
38.3,0.415
38.3,0.415
38.3,0.415
38.3,0.415
38.3,0.415
38.3,0.415
38.3,0.415
38.3,0.415
38.3,0.415
38.3,0.415
38.3,0.415
38.3,0.415
38.3,0.415
38.3,0.415
38.3,0.415
38.3,0.415
38.3,0.415
38.3,0.415
38.3,0.415
38.3,0.415
38.3,0.415
38.3,0.415
38.3,0.415
38.3,0.415
38.3,0.415
38.3,0.415
38.3,0.420
38.3,0.420
38.3,0.420
38.3,0.420
38.3,0.420
38.3,0.420
38.3,0.420
38.3,0.420
38.3,0.420
38.3,0.420
38.3,0.420
38.3,0.420
38.3,0.420
38.3,0.420
38.3,0.420
38.3,0.420
38.3,0.420
38.4,0.420
38.4,0.420
38.4,0.420
38.4,0.420
38.4,0.420
38.4,0.420
38.4,0.420
38.4,0.420
38.4,0.420
38.4,0.425
38.4,0.425
38.4,0.425
38.4,0.425
38.4,0.425
38.4,0.425
38.4,0.425
38.4,0.425
38.4,0.425
38.4,0.425
38.4,0.425
38.4,0.425
38.4,0.425
38.4,0.425
38.4,0.425
38.4,0.425
38.4,0.425
38.4,0.425
38.4,0.425
38.4,0.425
38.4,0.425
38.4,0.425
38.4,0.425
38.4,0.425
38.4,0.425
38.4,0.425
38.4,0.430
38.4,0.430
38.4,0.430
38.4,0.430
38.4,0.430
38.4,0.430
38.4,0.430
38.4,0.430
38.4,0.430
38.4,0.430
38.4,0.430
38.4,0.430
38.4,0.430
38.4,0.430
38.4,0.430
38.4,0.430
38.4,0.430
38.4,0.430
38.4,0.430
38.4,0.430
38.4,0.430
38.4,0.430
38.4,0.430
38.4,0.430
38.4,0.430
38.4,0.435
38.4,0.435
38.4,0.435
38.4,0.435
38.4,0.435
38.4,0.435
38.4,0.435
38.4,0.435
38.4,0.435
38.4,0.435
38.4,0.435
38.4,0.435
38.4,0.435
38.4,0.435
38.4,0.435
38.4,0.435
38.4,0.435
38.4,0.435
38.4,0.435
38.4,0.435
38.4,0.435
38.4,0.435
38.4,0.435
38.4,0.435
38.4,0.440
38.4,0.440
38.4,0.440
38.4,0.440
38.4,0.440
38.4,0.440
38.4,0.440
38.4,0.440
38.4,0.440
38.4,0.440
38.4,0.440
38.4,0.440
38.4,0.440
38.4,0.440
38.4,0.440
38.4,0.440
38.4,0.440
38.4,0.440
38.4,0.440
38.4,0.440
38.4,0.440
38.4,0.440
38.4,0.440
38.4,0.440
38.4,0.440
38.4,0.440
38.4,0.440
38.4,0.445
38.4,0.445
38.4,0.445
38.4,0.445
38.4,0.445
38.4,0.445
38.4,0.445
38.4,0.445
38.4,0.445
38.4,0.445
38.4,0.445
38.4,0.445
38.4,0.445
38.4,0.445
38.4,0.445
38.4,0.445
38.4,0.445
38.4,0.445
38.4,0.445
38.4,0.445
38.4,0.445
38.4,0.445
38.4,0.445
38.4,0.445
38.4,0.445
38.4,0.445
38.4,0.450
38.4,0.450
38.4,0.450
38.4,0.450
38.4,0.450
38.4,0.450
38.4,0.450
38.4,0.450
38.4,0.450
38.4,0.450
38.4,0.450
38.4,0.450
38.4,0.450
38.4,0.450
38.4,0.450
38.5,0.450
38.5,0.450
38.5,0.450
38.5,0.450
38.5,0.450
38.5,0.450
38.5,0.450
38.5,0.450
38.5,0.450
38.5,0.450
38.5,0.455
38.5,0.455
38.5,0.455
38.5,0.455
38.5,0.455
38.5,0.455
38.5,0.455
38.5,0.455
38.5,0.455
38.5,0.455
38.5,0.455
38.5,0.455
38.5,0.455
38.5,0.455
38.5,0.455
38.5,0.455
38.5,0.455
38.5,0.455
38.5,0.455
38.5,0.455
38.5,0.455
38.5,0.455
38.5,0.455
38.5,0.455
38.5,0.455
38.5,0.460
38.5,0.460
38.5,0.460
38.5,0.460
38.5,0.460
38.5,0.460
38.5,0.460
38.5,0.460
38.5,0.460
38.5,0.460
38.5,0.460
38.5,0.460
38.5,0.460
38.5,0.460
38.5,0.460
38.5,0.460
38.5,0.460
38.5,0.460
38.5,0.460
38.5,0.460
38.5,0.460
38.5,0.460
38.5,0.460
38.5,0.460
38.5,0.460
38.5,0.465
38.5,0.465
38.5,0.465
38.5,0.465
38.5,0.465
38.5,0.465
38.5,0.465
38.5,0.465
38.5,0.465
38.5,0.465
38.5,0.465
38.5,0.465
38.5,0.465
38.5,0.465
38.5,0.465
38.5,0.465
38.5,0.465
38.5,0.465
38.5,0.465
38.5,0.465
38.5,0.465
38.5,0.465
38.5,0.465
38.5,0.465
38.5,0.470
38.5,0.470
38.5,0.470
38.5,0.470
38.5,0.470
38.5,0.470
38.5,0.470
38.5,0.470
38.5,0.470
38.5,0.470
38.5,0.470
38.5,0.470
38.5,0.470
38.5,0.470
38.5,0.470
38.5,0.470
38.5,0.470
38.5,0.470
38.5,0.470
38.5,0.470
38.5,0.470
38.5,0.470
38.5,0.470
38.5,0.475
38.5,0.475
38.5,0.475
38.5,0.475
38.5,0.475
38.5,0.475
38.5,0.475
38.5,0.475
38.5,0.475
38.5,0.475
38.5,0.475
38.5,0.475
38.5,0.475
38.5,0.475
38.5,0.475
38.6,0.475
38.6,0.475
38.6,0.475
38.6,0.475
38.6,0.475
38.6,0.475
38.6,0.475
38.6,0.475
38.6,0.475
38.5,0.475
38.5,0.480
38.5,0.480
38.5,0.480
38.5,0.480
38.5,0.480
38.5,0.480
38.5,0.480
38.5,0.480
38.5,0.480
38.5,0.480
38.5,0.480
38.5,0.480
38.5,0.480
38.5,0.480
38.5,0.480
38.5,0.480
38.5,0.480
38.5,0.480
38.5,0.480
38.5,0.480
38.5,0.480
38.5,0.480
38.5,0.480
38.5,0.480
38.5,0.485
38.5,0.485
38.5,0.485
38.5,0.485
38.5,0.485
38.5,0.485
38.5,0.485
38.5,0.485
38.5,0.485
38.5,0.485
38.5,0.485
38.5,0.485
38.5,0.485
38.5,0.485
38.5,0.485
38.5,0.485
38.5,0.485
38.5,0.485
38.5,0.485
38.5,0.485
38.5,0.485
38.5,0.485
38.5,0.485
38.5,0.485
38.5,0.485
38.5,0.485
38.5,0.490
38.5,0.490
38.5,0.490
38.5,0.490
38.5,0.490
38.5,0.490
38.5,0.490
38.5,0.490
38.5,0.490
38.6,0.490
38.6,0.490
38.6,0.490
38.6,0.490
38.6,0.490
38.6,0.490
38.6,0.490
38.6,0.490
38.6,0.490
38.6,0.490
38.6,0.490
38.6,0.490
38.6,0.490
38.6,0.490
38.6,0.490
38.6,0.495
38.6,0.495
38.6,0.495
38.6,0.495
38.6,0.495
38.6,0.495
38.6,0.495
38.6,0.495
38.6,0.495
38.6,0.495
38.6,0.495
38.6,0.495
38.6,0.495
38.6,0.495
38.6,0.495
38.6,0.495
38.6,0.495
38.6,0.495
38.6,0.495
38.6,0.495
38.6,0.495
38.6,0.500
38.6,0.500
38.6,0.500
38.6,0.500
38.6,0.500
38.6,0.500
38.6,0.500
38.6,0.500
38.6,0.500
38.6,0.500
38.6,0.500
38.6,0.500
38.6,0.500
38.6,0.500
38.6,0.500
38.6,0.500
38.6,0.500
38.6,0.500
38.6,0.500
38.6,0.500
38.6,0.500
38.6,0.500
38.6,0.500
38.6,0.505
38.6,0.505
38.6,0.505
38.6,0.505
38.6,0.505
38.6,0.505
38.7,0.505
38.7,0.505
38.7,0.505
38.7,0.505
38.7,0.505
38.7,0.505
38.7,0.505
38.7,0.505
38.7,0.505
38.6,0.505
38.6,0.505
38.6,0.505
38.6,0.505
38.6,0.505
38.6,0.505
38.6,0.505
38.6,0.510
38.6,0.510
38.6,0.510
38.6,0.510
38.6,0.510
38.6,0.510
38.6,0.510
38.6,0.510
38.6,0.510
38.6,0.510
38.6,0.510
38.6,0.510
38.6,0.510
38.6,0.510
38.6,0.510
38.6,0.510
38.6,0.510
38.6,0.510
38.6,0.510
38.6,0.510
38.6,0.510
38.6,0.510
38.6,0.515
38.6,0.515
38.6,0.515
38.6,0.515
38.6,0.515
38.6,0.515
38.6,0.515
38.6,0.515
38.7,0.515
38.7,0.515
38.7,0.515
38.7,0.515
38.7,0.515
38.7,0.515
38.7,0.515
38.7,0.515
38.7,0.515
38.7,0.515
38.7,0.515
38.7,0.520
38.7,0.520
38.7,0.520
38.7,0.520
38.7,0.520
38.7,0.520
38.7,0.520
38.7,0.520
38.7,0.520
38.7,0.520
38.7,0.520
38.7,0.520
38.7,0.520
38.7,0.520
38.7,0.520
38.7,0.520
38.7,0.520
38.7,0.520
38.7,0.520
38.7,0.520
38.6,0.525
38.6,0.525
38.6,0.525
38.6,0.525
38.6,0.525
38.6,0.525
38.6,0.525
38.6,0.525
38.6,0.525
38.6,0.525
38.6,0.525
38.6,0.525
38.6,0.525
38.6,0.525
38.6,0.525
38.6,0.525
38.6,0.525
38.6,0.525
38.6,0.525
38.6,0.525
38.6,0.530
38.6,0.530
38.6,0.530
38.6,0.530
38.6,0.530
38.6,0.530
38.6,0.530
38.6,0.530
38.6,0.530
38.6,0.530
38.6,0.530
38.6,0.530
38.6,0.530
38.6,0.530
38.6,0.530
38.6,0.530
38.6,0.530
38.6,0.530
38.7,0.530
38.7,0.535
38.7,0.535
38.7,0.535
38.7,0.535
38.7,0.535
38.7,0.535
38.7,0.535
38.7,0.535
38.7,0.535
38.7,0.535
38.7,0.535
38.7,0.535
38.7,0.535
38.7,0.535
38.7,0.535
38.7,0.535
38.7,0.535
38.7,0.535
38.7,0.535
38.7,0.540
38.7,0.540
38.7,0.540
38.7,0.540
38.7,0.540
38.7,0.540
38.7,0.540
38.7,0.540
38.7,0.540
38.7,0.540
38.7,0.540
38.7,0.540
38.7,0.540
38.7,0.540
38.7,0.540
38.7,0.540
38.7,0.540
38.7,0.540
38.7,0.540
38.7,0.545
38.7,0.545
38.7,0.545
38.7,0.545
38.7,0.545
38.7,0.545
38.7,0.545
38.7,0.545
38.7,0.545
38.7,0.545
38.7,0.545
38.7,0.545
38.7,0.545
38.7,0.545
38.7,0.545
38.7,0.545
38.7,0.545
38.7,0.545
38.7,0.545
38.7,0.545
38.7,0.550
38.7,0.550
38.7,0.550
38.7,0.550
38.7,0.550
38.7,0.550
38.7,0.550
38.7,0.550
38.7,0.550
38.7,0.550
38.7,0.550
38.7,0.550
38.7,0.550
38.7,0.550
38.7,0.550
38.7,0.550
38.7,0.550
38.7,0.555
38.7,0.555
38.7,0.555
38.7,0.555
38.7,0.555
38.7,0.555
38.7,0.555
38.7,0.555
38.7,0.555
38.7,0.555
38.7,0.555
38.7,0.555
38.7,0.555
38.7,0.555
38.7,0.555
38.7,0.555
38.7,0.555
38.7,0.555
38.7,0.555
38.7,0.560
38.7,0.560
38.7,0.560
38.7,0.560
38.7,0.560
38.7,0.560
38.7,0.560
38.7,0.560
38.7,0.560
38.7,0.560
38.7,0.560
38.7,0.560
38.7,0.560
38.7,0.560
38.7,0.560
38.7,0.560
38.7,0.560
38.7,0.560
38.7,0.565
38.7,0.565
38.7,0.565
38.7,0.565
38.7,0.565
38.7,0.565
38.7,0.565
38.7,0.565
38.7,0.565
38.8,0.565
38.8,0.565
38.8,0.565
38.8,0.565
38.8,0.565
38.8,0.565
38.8,0.565
38.8,0.565
38.8,0.565
38.8,0.565
38.8,0.570
38.8,0.570
38.8,0.570
38.8,0.570
38.8,0.570
38.8,0.570
38.8,0.570
38.8,0.570
38.8,0.570
38.8,0.570
38.9,0.570
38.9,0.570
38.9,0.570
38.9,0.570
38.9,0.570
38.9,0.570
38.9,0.570
38.9,0.575
38.9,0.575
38.9,0.575
38.9,0.575
38.9,0.575
38.9,0.575
38.9,0.575
38.9,0.575
38.9,0.575
38.9,0.575
38.9,0.575
38.9,0.575
38.9,0.575
38.9,0.575
38.9,0.575
39.0,0.575
39.0,0.580
39.0,0.580
39.0,0.580
39.0,0.580
39.0,0.580
39.0,0.580
39.0,0.580
39.0,0.580
39.0,0.580
39.0,0.580
39.0,0.580
39.0,0.580
39.0,0.580
39.0,0.580
39.0,0.580
39.0,0.580
39.0,0.580
39.0,0.585
38.9,0.585
38.9,0.585
38.9,0.585
38.9,0.585
38.9,0.585
38.9,0.585
38.9,0.585
38.9,0.585
38.9,0.585
38.9,0.585
38.9,0.585
39.0,0.585
39.0,0.585
39.0,0.585
39.0,0.585
39.0,0.585
39.0,0.590
39.0,0.590
39.0,0.590
39.0,0.590
39.0,0.590
39.0,0.590
39.0,0.590
39.0,0.590
39.0,0.590
39.0,0.590
39.0,0.590
39.0,0.590
39.0,0.590
39.0,0.590
39.0,0.590
39.0,0.590
39.0,0.595
39.0,0.595
39.0,0.595
39.0,0.595
39.0,0.595
39.0,0.595
39.0,0.595
39.0,0.595
39.0,0.595
39.0,0.595
39.0,0.595
39.0,0.595
39.0,0.595
39.0,0.595
39.0,0.595
39.0,0.600
39.0,0.600
39.0,0.600
39.0,0.600
39.0,0.600
39.0,0.600
39.0,0.600
39.1,0.600
39.1,0.600
39.1,0.600
39.1,0.600
39.1,0.600
39.1,0.600
39.1,0.600
39.1,0.600
39.1,0.600
39.1,0.605
39.1,0.605
39.1,0.605
39.1,0.605
39.1,0.605
39.1,0.605
39.1,0.605
39.1,0.605
39.1,0.605
39.1,0.605
39.1,0.605
39.1,0.605
39.1,0.605
39.1,0.605
39.1,0.605
39.1,0.610
39.1,0.610
39.1,0.610
39.1,0.610
39.1,0.610
39.1,0.610
39.1,0.610
39.1,0.610
39.1,0.610
39.1,0.610
39.1,0.610
39.1,0.610
39.1,0.610
39.1,0.610
39.1,0.610
39.1,0.615
39.1,0.615
39.1,0.615
39.1,0.615
39.1,0.615
39.1,0.615
39.1,0.615
39.1,0.615
39.1,0.615
39.1,0.615
39.1,0.615
39.1,0.615
39.1,0.615
39.1,0.615
39.1,0.620
39.1,0.620
39.1,0.620
39.1,0.620
39.1,0.620
39.1,0.620
39.1,0.620
39.1,0.620
39.1,0.620
39.1,0.620
39.1,0.620
39.1,0.620
39.1,0.620
39.1,0.620
39.1,0.620
39.1,0.625
39.1,0.625
39.1,0.625
39.1,0.625
39.1,0.625
39.1,0.625
39.1,0.625
39.1,0.625
39.1,0.625
39.1,0.625
39.1,0.625
39.1,0.625
39.1,0.625
39.1,0.625
39.1,0.625
39.1,0.630
39.1,0.630
39.1,0.630
39.1,0.630
39.1,0.630
39.1,0.630
39.1,0.630
39.1,0.630
39.1,0.630
39.2,0.630
39.2,0.630
39.2,0.630
39.2,0.630
39.2,0.635
39.2,0.635
39.2,0.635
39.2,0.635
39.2,0.635
39.2,0.635
39.2,0.635
39.2,0.635
39.2,0.635
39.2,0.635
39.2,0.635
39.2,0.635
39.2,0.635
39.2,0.635
39.2,0.635
39.2,0.640
39.2,0.640
39.2,0.640
39.2,0.640
39.2,0.640
39.2,0.640
39.2,0.640
39.2,0.640
39.2,0.640
39.2,0.640
39.2,0.640
39.2,0.640
39.2,0.640
39.2,0.640
39.2,0.645
39.2,0.645
39.2,0.645
39.2,0.645
39.2,0.645
39.2,0.645
39.2,0.645
39.2,0.645
39.2,0.645
39.2,0.645
39.2,0.645
39.2,0.645
39.2,0.645
39.2,0.645
39.2,0.650
39.2,0.650
39.2,0.650
39.2,0.650
39.2,0.650
39.2,0.650
39.2,0.650
39.2,0.650
39.2,0.650
39.2,0.650
39.2,0.650
39.2,0.650
39.2,0.650
39.2,0.655
39.2,0.655
39.2,0.655
39.2,0.655
39.2,0.655
39.2,0.655
39.2,0.655
39.2,0.655
39.2,0.655
39.2,0.655
39.2,0.655
39.2,0.655
39.2,0.655
39.2,0.660
39.2,0.660
39.2,0.660
39.2,0.660
39.2,0.660
39.2,0.660
39.2,0.660
39.2,0.660
39.2,0.660
39.2,0.660
39.2,0.660
39.2,0.660
39.2,0.660
39.2,0.660
39.2,0.665
39.3,0.665
39.3,0.665
39.3,0.665
39.3,0.665
39.3,0.665
39.3,0.665
39.3,0.665
39.3,0.665
39.3,0.665
39.3,0.665
39.3,0.665
39.3,0.665
39.3,0.665
39.3,0.670
39.3,0.670
39.3,0.670
39.3,0.670
39.3,0.670
39.3,0.670
39.3,0.670
39.3,0.670
39.3,0.670
39.3,0.670
39.3,0.670
39.3,0.670
39.3,0.670
39.3,0.670
39.3,0.675
39.3,0.675
39.4,0.675
39.4,0.675
39.4,0.675
39.4,0.675
39.4,0.675
39.4,0.675
39.4,0.675
39.4,0.675
39.4,0.675
39.4,0.675
39.4,0.675
39.4,0.680
39.4,0.680
39.4,0.680
39.4,0.680
39.4,0.680
39.4,0.680
39.4,0.680
39.4,0.680
39.4,0.680
39.4,0.680
39.4,0.680
39.4,0.680
39.4,0.680
39.4,0.680
39.4,0.680
39.4,0.685
39.4,0.685
39.4,0.685
39.4,0.685
39.4,0.685
39.4,0.685
39.4,0.685
39.4,0.685
39.4,0.685
39.4,0.685
39.4,0.685
39.4,0.685
39.4,0.685
39.4,0.685
39.4,0.690
39.4,0.690
39.4,0.690
39.4,0.690
39.4,0.690
39.4,0.690
39.4,0.690
39.4,0.690
39.4,0.690
39.4,0.690
39.4,0.690
39.4,0.690
39.4,0.690
39.4,0.690
39.4,0.695
39.4,0.695
39.4,0.695
39.4,0.695
39.4,0.695
39.4,0.695
39.4,0.695
39.4,0.695
39.4,0.695
39.4,0.695
39.4,0.695
39.4,0.695
39.4,0.695
39.4,0.695
39.4,0.700
39.4,0.700
39.4,0.700
39.4,0.700
39.4,0.700
39.4,0.700
39.3,0.700
39.3,0.700
39.3,0.700
39.3,0.700
39.3,0.700
39.3,0.700
39.3,0.700
39.3,0.700
39.3,0.700
39.3,0.700
39.3,0.705
39.3,0.705
39.3,0.705
39.3,0.705
39.3,0.705
39.3,0.705
39.3,0.705
39.3,0.705
39.3,0.705
39.3,0.705
39.3,0.705
39.3,0.705
39.3,0.705
39.3,0.705
39.3,0.705
39.3,0.705
39.3,0.710
39.3,0.710
39.3,0.710
39.3,0.710
39.3,0.710
39.2,0.710
39.2,0.710
39.2,0.710
39.2,0.710
39.2,0.710
39.2,0.710
39.2,0.710
39.3,0.710
39.3,0.710
39.3,0.710
39.3,0.715
39.3,0.715
39.3,0.715
39.3,0.715
39.3,0.715
39.3,0.715
39.3,0.715
39.3,0.715
39.3,0.715
39.3,0.715
39.3,0.715
39.3,0.715
39.3,0.715
39.3,0.715
39.3,0.715
39.3,0.715
39.3,0.715
39.3,0.720
39.3,0.720
39.3,0.720
39.3,0.720
39.3,0.720
39.3,0.720
39.3,0.720
39.3,0.720
39.3,0.720
39.3,0.720
39.3,0.720
39.3,0.720
39.3,0.720
39.3,0.720
39.3,0.720
39.3,0.720
39.3,0.720
39.3,0.725
39.3,0.725
39.3,0.725
39.3,0.725
39.3,0.725
39.3,0.725
39.3,0.725
39.3,0.725
39.3,0.725
39.3,0.725
39.3,0.725
39.3,0.725
39.3,0.725
39.3,0.725
39.3,0.725
39.3,0.725
39.3,0.725
39.3,0.725
39.3,0.730
39.3,0.730
39.3,0.730
39.3,0.730
39.3,0.730
39.3,0.730
39.3,0.730
39.3,0.730
39.3,0.730
39.3,0.730
39.3,0.730
39.3,0.730
39.3,0.730
39.3,0.730
39.3,0.730
39.3,0.730
39.3,0.730
39.3,0.735
39.3,0.735
39.3,0.735
39.3,0.735
39.3,0.735
39.3,0.735
39.3,0.735
39.3,0.735
39.3,0.735
39.3,0.735
39.3,0.735
39.3,0.735
39.3,0.735
39.3,0.735
39.3,0.735
39.3,0.735
39.3,0.735
39.3,0.740
39.3,0.740
39.3,0.740
39.3,0.740
39.3,0.740
39.3,0.740
39.3,0.740
39.3,0.740
39.4,0.740
39.4,0.740
39.4,0.740
39.4,0.740
39.4,0.740
39.4,0.740
39.4,0.740
39.4,0.740
39.4,0.740
39.4,0.740
39.4,0.745
39.4,0.745
39.4,0.745
39.4,0.745
39.4,0.745
39.4,0.745
39.4,0.745
39.4,0.745
39.4,0.745
39.4,0.745
39.4,0.745
39.4,0.745
39.4,0.745
39.4,0.745
39.4,0.745
39.4,0.745
39.4,0.745
39.4,0.745
39.4,0.750
39.4,0.750
39.4,0.750
39.4,0.750
39.3,0.750
39.3,0.750
39.3,0.750
39.3,0.750
39.3,0.750
39.3,0.750
39.3,0.750
39.3,0.750
39.3,0.750
39.3,0.750
39.3,0.750
39.3,0.750
39.3,0.750
39.3,0.750
39.3,0.755
39.3,0.755
39.3,0.755
39.3,0.755
39.3,0.755
39.3,0.755
39.3,0.755
39.3,0.755
39.3,0.755
39.3,0.755
39.3,0.755
39.3,0.755
39.3,0.755
39.3,0.755
39.3,0.755
39.3,0.755
39.3,0.755
39.3,0.760
39.3,0.760
39.3,0.760
39.3,0.760
39.3,0.760
39.3,0.760
39.4,0.760
39.4,0.760
39.4,0.760
39.4,0.760
39.4,0.760
39.4,0.760
39.4,0.760
39.4,0.760
39.4,0.760
39.4,0.760
39.4,0.760
39.4,0.760
39.4,0.760
39.4,0.760
39.4,0.765
39.4,0.765
39.4,0.765
39.4,0.765
39.4,0.765
39.4,0.765
39.4,0.765
39.4,0.765
39.4,0.765
39.4,0.765
39.4,0.765
39.4,0.765
39.4,0.765
39.4,0.765
39.4,0.765
39.4,0.765
39.4,0.765
39.4,0.765
39.4,0.765
39.4,0.770
39.4,0.770
39.4,0.770
39.4,0.770
39.4,0.770
39.4,0.770
39.4,0.770
39.4,0.770
39.4,0.770
39.4,0.770
39.4,0.770
39.4,0.770
39.4,0.770
39.4,0.770
39.4,0.770
39.4,0.770
39.3,0.770
39.3,0.770
39.3,0.775
39.3,0.775
39.3,0.775
39.3,0.775
39.3,0.775
39.3,0.775
39.3,0.775
39.3,0.775
39.3,0.775
39.3,0.775
39.3,0.775
39.3,0.775
39.3,0.775
39.3,0.775
39.3,0.775
39.3,0.775
39.3,0.775
39.3,0.775
39.4,0.775
39.4,0.780
39.4,0.780
39.4,0.780
39.4,0.780
39.4,0.780
39.4,0.780
39.4,0.780
39.4,0.780
39.4,0.780
39.4,0.780
39.4,0.780
39.4,0.780
39.4,0.780
39.4,0.780
39.4,0.780
39.4,0.780
39.4,0.780
39.4,0.780
39.4,0.780
39.4,0.780
39.4,0.785
39.4,0.785
39.4,0.785
39.4,0.785
39.4,0.785
39.4,0.785
39.4,0.785
39.4,0.785
39.4,0.785
39.4,0.785
39.4,0.785
39.4,0.785
39.4,0.785
39.4,0.785
39.4,0.785
39.4,0.785
39.4,0.785
39.4,0.785
39.4,0.785
39.4,0.785
39.4,0.785
39.4,0.790
39.4,0.790
39.4,0.790
39.4,0.790
39.4,0.790
39.4,0.790
39.4,0.790
39.4,0.790
39.4,0.790
39.4,0.790
39.4,0.790
39.4,0.790
39.4,0.790
39.4,0.790
39.4,0.790
39.4,0.790
39.4,0.790
39.4,0.790
39.4,0.790
39.4,0.790
39.4,0.795
39.4,0.795
39.4,0.795
39.4,0.795
39.4,0.795
39.4,0.795
39.4,0.795
39.4,0.795
39.4,0.795
39.4,0.795
39.4,0.795
39.4,0.795
39.4,0.795
39.4,0.795
39.4,0.795
39.4,0.795
39.4,0.795
39.4,0.795
39.4,0.795
39.4,0.795
39.4,0.795
39.4,0.795
39.4,0.800
39.4,0.800
39.4,0.800
39.4,0.800
39.4,0.800
39.4,0.800
39.4,0.800
39.4,0.800
39.4,0.800
39.4,0.800
39.4,0.800
39.4,0.800
39.4,0.800
39.4,0.800
39.4,0.800
39.4,0.800
39.4,0.800
39.4,0.800
39.4,0.800
39.4,0.800
39.4,0.800
39.4,0.800
39.4,0.805
39.4,0.805
39.4,0.805
39.4,0.805
39.4,0.805
39.4,0.805
39.4,0.805
39.4,0.805
39.4,0.805
39.4,0.805
39.4,0.805
39.4,0.805
39.4,0.805
39.4,0.805
39.4,0.805
39.4,0.805
39.4,0.805
39.4,0.805
39.4,0.805
39.4,0.805
39.4,0.805
39.4,0.805
39.4,0.805
39.4,0.810
39.4,0.810
39.4,0.810
39.4,0.810
39.4,0.810
39.4,0.810
39.4,0.810
39.4,0.810
39.4,0.810
39.4,0.810
39.4,0.810
39.4,0.810
39.4,0.810
39.4,0.810
39.4,0.810
39.4,0.810
39.4,0.810
39.4,0.810
39.4,0.810
39.4,0.810
39.4,0.810
39.4,0.810
39.4,0.815
39.4,0.815
39.4,0.815
39.4,0.815
39.4,0.815
39.4,0.815
39.4,0.815
39.4,0.815
39.4,0.815
39.4,0.815
39.4,0.815
39.4,0.815
39.4,0.815
39.4,0.815
39.4,0.815
39.4,0.815
39.4,0.815
39.4,0.815
39.4,0.815
39.4,0.815
39.4,0.815
39.4,0.815
39.4,0.820
39.4,0.820
39.4,0.820
39.4,0.820
39.4,0.820
39.4,0.820
39.4,0.820
39.4,0.820
39.4,0.820
39.4,0.820
39.4,0.820
39.4,0.820
39.4,0.820
39.4,0.820
39.4,0.820
39.4,0.820
39.4,0.820
39.4,0.820
39.4,0.820
39.4,0.820
39.4,0.820
39.4,0.820
39.4,0.820
39.4,0.825
39.4,0.825
39.4,0.825
39.4,0.825
39.4,0.825
39.4,0.825
39.4,0.825
39.4,0.825
39.4,0.825
39.4,0.825
39.4,0.825
39.4,0.825
39.4,0.825
39.4,0.825
39.4,0.825
39.4,0.825
39.4,0.825
39.4,0.825
39.4,0.825
39.4,0.825
39.4,0.825
39.4,0.825
39.4,0.830
39.4,0.830
39.5,0.830
39.5,0.830
39.5,0.830
39.5,0.830
39.5,0.830
39.5,0.830
39.5,0.830
39.5,0.830
39.5,0.830
39.5,0.830
39.5,0.830
39.5,0.830
39.5,0.830
39.5,0.830
39.5,0.830
39.5,0.830
39.5,0.830
39.5,0.830
39.5,0.830
39.5,0.830
39.5,0.835
39.5,0.835
39.5,0.835
39.4,0.835
39.4,0.835
39.4,0.835
39.4,0.835
39.4,0.835
39.4,0.835
39.4,0.835
39.4,0.835
39.4,0.835
39.4,0.835
39.4,0.835
39.4,0.835
39.4,0.835
39.4,0.835
39.4,0.835
39.4,0.835
39.4,0.835
39.5,0.840
39.5,0.840
39.5,0.840
39.5,0.840
39.5,0.840
39.5,0.840
39.5,0.840
39.5,0.840
39.5,0.840
39.5,0.840
39.5,0.840
39.5,0.840
39.5,0.840
39.5,0.840
39.5,0.840
39.5,0.840
39.5,0.840
39.5,0.840
39.5,0.840
39.5,0.840
39.5,0.840
39.5,0.840
39.5,0.845
39.6,0.845
39.6,0.845
39.5,0.845
39.5,0.845
39.5,0.845
39.5,0.845
39.5,0.845
39.5,0.845
39.5,0.845
39.5,0.845
39.5,0.845
39.5,0.845
39.5,0.845
39.5,0.845
39.5,0.845
39.5,0.845
39.5,0.845
39.5,0.845
39.5,0.845
39.5,0.845
39.5,0.850
39.5,0.850
39.5,0.850
39.5,0.850
39.5,0.850
39.5,0.850
39.5,0.850
39.5,0.850
39.5,0.850
39.5,0.850
39.5,0.850
39.5,0.850
39.5,0.850
39.5,0.850
39.5,0.850
39.5,0.850
39.5,0.850
39.5,0.850
39.5,0.850
39.5,0.850
39.5,0.855
39.5,0.855
39.5,0.855
39.5,0.855
39.5,0.855
39.5,0.855
39.5,0.855
39.4,0.855
39.4,0.855
39.4,0.855
39.4,0.855
39.4,0.855
39.4,0.855
39.4,0.855
39.4,0.855
39.4,0.855
39.4,0.855
39.4,0.855
39.4,0.855
39.4,0.855
39.4,0.860
39.4,0.860
39.4,0.860
39.4,0.860
39.4,0.860
39.4,0.860
39.4,0.860
39.4,0.860
39.4,0.860
39.4,0.860
39.4,0.860
39.4,0.860
39.4,0.860
39.4,0.860
39.4,0.860
39.4,0.860
39.4,0.860
39.4,0.860
39.4,0.860
39.4,0.860
39.4,0.860
39.4,0.865
39.4,0.865
39.4,0.865
39.4,0.865
39.4,0.865
39.4,0.865
39.4,0.865
39.4,0.865
39.4,0.865
39.4,0.865
39.4,0.865
39.4,0.865
39.4,0.865
39.4,0.865
39.3,0.865
39.3,0.865
39.3,0.865
39.3,0.865
39.3,0.865
39.3,0.865
39.3,0.865
39.3,0.870
39.3,0.870
39.3,0.870
39.3,0.870
39.3,0.870
39.3,0.870
39.3,0.870
39.2,0.870
39.2,0.870
39.2,0.870
39.2,0.870
39.2,0.870
39.2,0.870
39.2,0.870
39.2,0.870
39.2,0.870
39.2,0.870
39.2,0.870
39.2,0.870
39.2,0.870
39.2,0.875
39.2,0.875
39.2,0.875
39.2,0.875
39.2,0.875
39.2,0.875
39.2,0.875
39.2,0.875
39.2,0.875
39.2,0.875
39.2,0.875
39.2,0.875
39.2,0.875
39.2,0.875
39.2,0.875
39.2,0.875
39.2,0.875
39.2,0.875
39.2,0.875
39.2,0.875
39.2,0.875
39.2,0.880
39.2,0.880
39.2,0.880
39.2,0.880
39.2,0.880
39.2,0.880
39.2,0.880
39.2,0.880
39.2,0.880
39.2,0.880
39.2,0.880
39.2,0.880
39.2,0.880
39.2,0.880
39.2,0.880
39.2,0.880
39.2,0.880
39.2,0.880
39.2,0.880
39.2,0.880
39.2,0.885
39.2,0.885
39.2,0.885
39.2,0.885
39.2,0.885
39.2,0.885
39.2,0.885
39.2,0.885
39.2,0.885
39.2,0.885
39.2,0.885
39.2,0.885
39.2,0.885
39.2,0.885
39.2,0.885
39.2,0.885
39.0,0.885
39.0,0.885
39.0,0.885
39.0,0.885
39.0,0.885
39.0,0.890
39.0,0.890
39.0,0.890
39.0,0.890
39.0,0.890
39.1,0.890
39.1,0.890
39.1,0.890
39.1,0.890
39.1,0.890
39.1,0.890
39.1,0.890
39.1,0.890
39.1,0.890
39.1,0.890
39.1,0.890
39.1,0.890
39.1,0.890
39.1,0.890
39.1,0.890
39.1,0.895
39.1,0.895
39.1,0.895
39.1,0.895
39.1,0.895
39.0,0.895
39.0,0.895
39.0,0.895
39.0,0.895
39.0,0.895
39.0,0.895
39.0,0.895
39.0,0.895
39.0,0.895
39.0,0.895
39.0,0.895
39.0,0.895
39.0,0.895
39.0,0.895
39.0,0.900
39.0,0.900
39.0,0.900
39.0,0.900
38.9,0.900
38.9,0.900
38.9,0.900
38.9,0.900
38.9,0.900
38.9,0.900
38.9,0.900
38.9,0.900
38.9,0.900
38.9,0.900
38.9,0.900
38.9,0.900
38.9,0.900
38.9,0.900
38.9,0.900
38.9,0.900
38.9,0.905
38.9,0.905
38.9,0.905
38.9,0.905
38.9,0.905
38.9,0.905
38.9,0.905
38.9,0.905
38.9,0.905
38.9,0.905
38.9,0.905
38.9,0.905
38.9,0.905
38.9,0.905
38.9,0.905
38.9,0.905
38.9,0.905
38.8,0.905
38.8,0.905
38.8,0.905
38.8,0.910
38.8,0.910
38.8,0.910
38.8,0.910
38.8,0.910
38.8,0.910
38.8,0.910
38.8,0.910
38.8,0.910
38.8,0.910
38.8,0.910
38.8,0.910
38.8,0.910
38.8,0.910
38.8,0.910
38.8,0.910
38.8,0.910
38.8,0.910
38.7,0.910
38.7,0.910
38.7,0.915
38.7,0.915
38.7,0.915
38.7,0.915
38.7,0.915
38.7,0.915
38.7,0.915
38.7,0.915
38.7,0.915
38.7,0.915
38.7,0.915
38.7,0.915
38.7,0.915
38.7,0.915
38.7,0.915
38.7,0.915
38.7,0.915
38.7,0.915
38.7,0.915
38.7,0.920
38.7,0.920
38.7,0.920
38.7,0.920
38.7,0.920
38.7,0.920
38.7,0.920
38.7,0.920
38.7,0.920
38.7,0.920
38.7,0.920
38.7,0.920
38.7,0.920
38.7,0.920
38.7,0.920
38.7,0.920
38.7,0.920
38.7,0.920
38.7,0.920
38.7,0.920
38.7,0.925
38.7,0.925
38.7,0.925
38.7,0.925
38.7,0.925
38.7,0.925
38.7,0.925
38.7,0.925
38.7,0.925
38.7,0.925
38.7,0.925
38.7,0.925
38.7,0.925
38.7,0.925
38.7,0.925
38.7,0.925
38.7,0.925
38.7,0.925
38.7,0.925
38.7,0.925
38.7,0.925
38.7,0.930
38.7,0.930
38.7,0.930
38.7,0.930
38.7,0.930
38.7,0.930
38.7,0.930
38.7,0.930
38.7,0.930
38.7,0.930
38.7,0.930
38.7,0.930
38.7,0.930
38.7,0.930
38.7,0.930
38.7,0.930
38.7,0.930
38.7,0.930
38.7,0.930
38.7,0.935
38.7,0.935
38.7,0.935
38.7,0.935
38.7,0.935
38.7,0.935
38.7,0.935
38.7,0.935
38.7,0.935
38.7,0.935
38.7,0.935
38.7,0.935
38.7,0.935
38.7,0.935
38.7,0.935
38.7,0.935
38.7,0.935
38.7,0.935
38.7,0.935
38.7,0.935
38.7,0.940
38.7,0.940
38.7,0.940
38.7,0.940
38.7,0.940
38.7,0.940
38.7,0.940
38.7,0.940
38.7,0.940
38.7,0.940
38.7,0.940
38.7,0.940
38.7,0.940
38.7,0.940
38.7,0.940
38.7,0.940
38.7,0.940
38.7,0.940
38.7,0.940
38.7,0.940
38.7,0.940
38.7,0.945
38.7,0.945
38.7,0.945
38.7,0.945
38.7,0.945
38.7,0.945
38.7,0.945
38.7,0.945
38.7,0.945
38.7,0.945
38.7,0.945
38.7,0.945
38.7,0.945
38.7,0.945
38.7,0.945
38.7,0.945
38.7,0.945
38.7,0.945
38.7,0.945
38.7,0.945
38.7,0.945
38.7,0.950
38.7,0.950
38.7,0.950
38.7,0.950
38.7,0.950
38.7,0.950
38.7,0.950
38.7,0.950
38.7,0.950
38.7,0.950
38.7,0.950
38.7,0.950
38.7,0.950
38.7,0.950
38.7,0.950
38.7,0.950
38.7,0.950
38.7,0.950
38.8,0.950
38.8,0.950
38.8,0.955
38.8,0.955
38.8,0.955
38.8,0.955
38.8,0.955
38.8,0.955
38.8,0.955
38.8,0.955
38.8,0.955
38.8,0.955
38.8,0.955
38.8,0.955
38.8,0.955
38.8,0.955
38.8,0.955
38.8,0.955
38.8,0.955
38.8,0.955
38.8,0.955
38.8,0.955
38.8,0.955
38.8,0.955
38.8,0.960
38.8,0.960
38.8,0.960
38.8,0.960
38.8,0.960
38.8,0.960
38.8,0.960
38.8,0.960
38.8,0.960
38.8,0.960
38.8,0.960
38.8,0.960
38.8,0.960
38.8,0.960
38.8,0.960
38.8,0.960
38.8,0.960
38.8,0.960
38.8,0.960
38.8,0.960
38.8,0.960
38.8,0.960
38.8,0.965
38.8,0.965
38.8,0.965
38.8,0.965
38.8,0.965
38.8,0.965
38.8,0.965
38.8,0.965
38.8,0.965
38.8,0.965
38.8,0.965
38.8,0.965
38.8,0.965
38.8,0.965
38.8,0.965
38.8,0.965
38.8,0.965
38.8,0.965
38.8,0.965
38.8,0.965
38.8,0.965
38.8,0.965
38.8,0.965
38.8,0.970
38.8,0.970
38.8,0.970
38.8,0.970
38.8,0.970
38.8,0.970
38.8,0.970
38.8,0.970
38.8,0.970
38.8,0.970
38.8,0.970
38.8,0.970
38.8,0.970
38.8,0.970
38.8,0.970
38.8,0.970
38.8,0.970
38.8,0.970
38.8,0.970
38.8,0.970
38.8,0.970
38.8,0.975
38.8,0.975
38.8,0.975
38.8,0.975
38.8,0.975
38.8,0.975
38.8,0.975
38.8,0.975
38.8,0.975
38.8,0.975
38.8,0.975
38.9,0.975
38.9,0.975
38.9,0.975
38.9,0.975
38.9,0.975
38.9,0.975
38.9,0.975
38.9,0.975
38.9,0.975
38.9,0.975
38.9,0.980
38.9,0.980
38.9,0.980
38.9,0.980
38.9,0.980
38.9,0.980
38.9,0.980
38.9,0.980
38.9,0.980
38.9,0.980
38.9,0.980
38.9,0.980
38.9,0.980
38.9,0.980
38.9,0.980
38.9,0.980
38.9,0.980
38.9,0.980
38.9,0.980
38.9,0.980
38.9,0.980
38.9,0.980
38.9,0.985
38.9,0.985
38.9,0.985
38.9,0.985
38.9,0.985
38.9,0.985
38.9,0.985
38.9,0.985
38.9,0.985
38.9,0.985
38.9,0.985
38.9,0.985
38.9,0.985
38.9,0.985
38.9,0.985
38.9,0.985
38.9,0.985
38.9,0.985
38.9,0.985
38.9,0.985
38.9,0.985
38.9,0.990
38.9,0.990
38.9,0.990
38.9,0.990
38.9,0.990
38.9,0.990
38.9,0.990
38.9,0.990
38.9,0.990
38.9,0.990
38.9,0.990
38.9,0.990
38.9,0.990
38.9,0.990
38.9,0.990
38.9,0.990
38.9,0.990
38.9,0.990
38.9,0.990
38.9,0.990
38.9,0.990
38.9,0.995
38.9,0.995
38.9,0.995
38.9,0.995
38.9,0.995
38.9,0.995
38.9,0.995
38.9,0.995
38.9,0.995
38.9,0.995
38.9,0.995
38.9,0.995
38.9,0.995
38.9,0.995
38.9,0.995
38.9,0.995
38.9,0.995
38.9,0.995
38.9,0.995
38.9,1.000
38.9,1.000
38.9,1.000
38.9,1.000
38.9,1.000
38.9,1.000
38.9,1.000
38.9,1.000
38.9,1.000
38.9,1.000
38.9,1.000
38.9,1.000
38.9,1.000
38.9,1.000
38.8,1.000
38.8,1.000
38.8,1.000
38.8,1.000
38.8,1.000
38.8,1.000
38.8,1.005
38.8,1.005
38.8,1.005
38.8,1.005
38.8,1.005
38.8,1.005
38.8,1.005
38.8,1.005
38.8,1.005
38.8,1.005
38.8,1.005
38.8,1.005
38.8,1.005
38.8,1.005
38.8,1.005
38.8,1.005
38.8,1.005
38.8,1.005
38.8,1.005
38.8,1.005
38.8,1.010
38.8,1.010
38.8,1.010
38.8,1.010
38.8,1.010
38.8,1.010
38.8,1.010
38.8,1.010
38.8,1.010
38.8,1.010
38.8,1.010
38.8,1.010
38.8,1.010
38.8,1.010
38.8,1.010
38.8,1.010
38.9,1.010
38.9,1.010
38.9,1.010
38.9,1.015
38.9,1.015
38.9,1.015
38.9,1.015
38.9,1.015
38.9,1.015
38.9,1.015
38.9,1.015
38.9,1.015
38.9,1.015
38.9,1.015
38.9,1.015
38.9,1.015
38.9,1.015
38.9,1.015
38.9,1.015
38.9,1.015
38.9,1.015
38.9,1.015
38.9,1.015
38.9,1.020
38.9,1.020
38.9,1.020
38.9,1.020
38.9,1.020
38.9,1.020
38.9,1.020
38.9,1.020
38.9,1.020
38.9,1.020
38.9,1.020
38.9,1.020
38.9,1.020
38.9,1.020
38.9,1.020
38.9,1.020
38.9,1.020
38.9,1.020
38.9,1.020
38.9,1.020
38.9,1.020
38.9,1.025
38.9,1.025
38.9,1.025
38.9,1.025
38.9,1.025
38.9,1.025
38.9,1.025
38.9,1.025
38.9,1.025
38.9,1.025
38.9,1.025
38.9,1.025
38.9,1.025
38.9,1.025
38.9,1.025
38.8,1.025
38.8,1.025
38.8,1.025
38.8,1.025
38.8,1.025
38.8,1.030
38.8,1.030
38.8,1.030
38.8,1.030
38.8,1.030
38.8,1.030
38.8,1.030
38.8,1.030
38.8,1.030
38.8,1.030
38.8,1.030
38.8,1.030
38.8,1.030
38.8,1.030
38.8,1.030
38.8,1.030
38.9,1.030
38.9,1.030
38.9,1.030
38.9,1.035
38.9,1.035
38.9,1.035
38.9,1.035
38.9,1.035
38.9,1.035
38.9,1.035
38.9,1.035
38.9,1.035
38.9,1.035
38.9,1.035
38.9,1.035
38.9,1.035
38.9,1.035
38.9,1.035
38.9,1.035
38.9,1.035
38.9,1.035
38.9,1.035
38.9,1.035
38.9,1.040
38.9,1.040
38.9,1.040
38.9,1.040
38.9,1.040
38.9,1.040
38.9,1.040
38.9,1.040
38.9,1.040
38.9,1.040
38.9,1.040
38.9,1.040
38.9,1.040
38.9,1.040
38.9,1.040
38.9,1.040
38.9,1.040
38.9,1.040
38.9,1.040
38.9,1.040
38.9,1.045
38.9,1.045
38.9,1.045
38.9,1.045
38.9,1.045
38.9,1.045
38.9,1.045
38.9,1.045
38.9,1.045
38.9,1.045
38.9,1.045
38.9,1.045
38.9,1.045
38.9,1.045
38.9,1.045
38.9,1.045
38.9,1.045
38.9,1.045
38.9,1.045
38.9,1.045
38.9,1.045
38.9,1.050
38.9,1.050
38.9,1.050
38.9,1.050
38.9,1.050
38.9,1.050
38.9,1.050
38.9,1.050
38.9,1.050
38.9,1.050
38.9,1.050
38.9,1.050
38.9,1.050
38.9,1.050
38.9,1.050
38.9,1.050
38.9,1.050
38.9,1.050
38.9,1.050
38.9,1.055
38.9,1.055
38.9,1.055
38.9,1.055
38.9,1.055
38.9,1.055
38.9,1.055
38.9,1.055
38.9,1.055
38.9,1.055
38.9,1.055
38.9,1.055
38.9,1.055
38.9,1.055
38.9,1.055
38.9,1.055
38.9,1.055
38.9,1.055
38.9,1.055
38.9,1.060
38.9,1.060
38.9,1.060
38.9,1.060
38.9,1.060
38.9,1.060
38.9,1.060
38.9,1.060
38.9,1.060
38.9,1.060
38.9,1.060
38.9,1.060
38.9,1.060
38.9,1.060
38.9,1.060
38.9,1.060
38.9,1.060
38.9,1.060
38.9,1.060
38.9,1.060
38.9,1.065
38.9,1.065
38.9,1.065
38.9,1.065
38.9,1.065
38.9,1.065
38.9,1.065
38.9,1.065
38.9,1.065
38.9,1.065
38.9,1.065
38.9,1.065
38.9,1.065
38.9,1.065
38.9,1.065
38.9,1.065
38.9,1.065
38.9,1.065
38.9,1.065
38.9,1.065
38.9,1.070
38.9,1.070
38.9,1.070
39.0,1.070
39.0,1.070
39.0,1.070
39.0,1.070
39.0,1.070
39.0,1.070
39.0,1.070
39.0,1.070
39.0,1.070
39.0,1.070
39.0,1.070
39.0,1.070
39.0,1.070
39.0,1.070
39.0,1.070
39.0,1.070
39.0,1.075
39.0,1.075
39.0,1.075
39.0,1.075
39.0,1.075
39.0,1.075
39.0,1.075
39.0,1.075
39.0,1.075
39.0,1.075
39.0,1.075
39.0,1.075
39.0,1.075
39.0,1.075
39.0,1.075
39.0,1.075
39.0,1.075
39.0,1.080
39.0,1.080
39.0,1.080
39.0,1.080
39.0,1.080
39.0,1.080
39.0,1.080
39.0,1.080
39.0,1.080
39.0,1.080
39.0,1.080
39.0,1.080
39.0,1.080
39.0,1.080
39.0,1.080
39.0,1.080
39.0,1.080
39.0,1.080
39.0,1.080
39.0,1.085
39.0,1.085
39.0,1.085
39.0,1.085
39.0,1.085
39.0,1.085
39.0,1.085
39.0,1.085
39.0,1.085
39.0,1.085
39.0,1.085
39.0,1.085
39.0,1.085
39.0,1.085
39.0,1.085
39.0,1.085
39.0,1.085
39.0,1.085
39.0,1.085
39.0,1.090
39.0,1.090
39.0,1.090
39.0,1.090
39.0,1.090
39.0,1.090
39.0,1.090
39.0,1.090
39.0,1.090
39.0,1.090
39.0,1.090
39.0,1.090
39.0,1.090
39.0,1.090
39.0,1.090
39.0,1.090
39.0,1.090
39.0,1.090
39.0,1.095
39.0,1.095
39.0,1.095
39.0,1.095
39.0,1.095
39.0,1.095
39.0,1.095
39.0,1.095
39.0,1.095
39.0,1.095
39.0,1.095
39.0,1.095
39.0,1.095
39.0,1.095
39.0,1.095
39.0,1.095
39.0,1.095
39.1,1.095
39.1,1.095
39.1,1.100
39.1,1.100
39.1,1.100
39.1,1.100
39.1,1.100
39.1,1.100
39.1,1.100
39.1,1.100
39.1,1.100
39.1,1.100
39.1,1.100
39.1,1.100
39.1,1.100
39.1,1.100
39.1,1.100
39.1,1.100
39.1,1.100
39.1,1.100
39.1,1.100
39.1,1.105
39.1,1.105
39.1,1.105
39.1,1.105
39.1,1.105
39.1,1.105
39.1,1.105
39.1,1.105
39.1,1.105
39.1,1.105
39.1,1.105
39.1,1.105
39.1,1.105
39.1,1.105
39.1,1.105
39.1,1.105
39.1,1.105
39.1,1.105
39.1,1.105
39.1,1.105
39.1,1.110
39.1,1.110
39.1,1.110
39.1,1.110
39.1,1.110
39.1,1.110
39.1,1.110
39.2,1.110
39.2,1.110
39.2,1.110
39.2,1.110
39.2,1.110
39.2,1.110
39.2,1.110
39.2,1.110
39.2,1.110
39.2,1.110
39.2,1.110
39.2,1.115
39.2,1.115
39.2,1.115
39.2,1.115
39.2,1.115
39.2,1.115
39.2,1.115
39.2,1.115
39.2,1.115
39.2,1.115
39.2,1.115
39.2,1.115
39.2,1.115
39.2,1.115
39.2,1.115
39.2,1.115
39.2,1.115
39.2,1.115
39.2,1.115
39.2,1.115
39.2,1.120
39.2,1.120
39.2,1.120
39.2,1.120
39.2,1.120
39.2,1.120
39.2,1.120
39.2,1.120
39.2,1.120
39.2,1.120
39.2,1.120
39.2,1.120
39.1,1.120
39.1,1.120
39.1,1.120
39.1,1.120
39.1,1.120
39.1,1.120
39.1,1.120
39.1,1.120
39.1,1.125
39.1,1.125
39.1,1.125
39.1,1.125
39.1,1.125
39.1,1.125
39.1,1.125
39.1,1.125
39.1,1.125
39.1,1.125
39.1,1.125
39.1,1.125
39.1,1.125
39.1,1.125
39.1,1.125
39.1,1.125
39.1,1.125
39.1,1.125
39.1,1.125
39.1,1.125
39.1,1.130
39.1,1.130
39.1,1.130
39.1,1.130
39.1,1.130
39.1,1.130
39.1,1.130
39.1,1.130
39.1,1.130
39.1,1.130
39.1,1.130
39.1,1.130
39.1,1.130
39.1,1.130
39.1,1.130
39.1,1.130
39.1,1.130
39.1,1.130
39.1,1.130
39.1,1.135
39.1,1.135
39.1,1.135
39.1,1.135
39.1,1.135
39.1,1.135
39.1,1.135
39.1,1.135
39.1,1.135
39.1,1.135
39.1,1.135
39.1,1.135
39.1,1.135
39.1,1.135
39.1,1.135
39.1,1.135
39.1,1.135
39.1,1.135
39.1,1.140
39.1,1.140
39.1,1.140
39.1,1.140
39.1,1.140
39.1,1.140
39.1,1.140
39.1,1.140
39.1,1.140
39.1,1.140
39.1,1.140
39.1,1.140
39.1,1.140
39.1,1.140
39.1,1.140
39.1,1.140
39.1,1.140
39.1,1.140
39.1,1.140
39.1,1.140
39.1,1.145
39.1,1.145
39.1,1.145
39.1,1.145
39.1,1.145
39.1,1.145
39.1,1.145
39.1,1.145
39.1,1.145
39.1,1.145
39.1,1.145
39.1,1.145
39.1,1.145
39.1,1.145
39.1,1.145
39.1,1.145
39.1,1.145
39.1,1.145
39.1,1.145
39.1,1.150
39.2,1.150
39.2,1.150
39.2,1.150
39.2,1.150
39.2,1.150
39.2,1.150
39.2,1.150
39.2,1.150
39.2,1.150
39.2,1.150
39.2,1.150
39.2,1.150
39.2,1.150
39.2,1.150
39.2,1.150
39.2,1.150
39.2,1.150
39.2,1.150
39.2,1.155
39.2,1.155
39.2,1.155
39.2,1.155
39.2,1.155
39.1,1.155
39.1,1.155
39.1,1.155
39.1,1.155
39.1,1.155
39.1,1.155
39.1,1.155
39.1,1.155
39.1,1.155
39.1,1.155
39.1,1.155
39.1,1.155
39.1,1.160
39.1,1.160
39.1,1.160
39.1,1.160
39.1,1.160
39.1,1.160
39.1,1.160
39.1,1.160
39.1,1.160
39.1,1.160
39.1,1.160
39.1,1.160
39.1,1.160
39.1,1.160
39.1,1.160
39.2,1.160
39.2,1.160
39.2,1.160
39.2,1.160
39.2,1.160
39.2,1.165
39.2,1.165
39.2,1.165
39.2,1.165
39.2,1.165
39.2,1.165
39.1,1.165
39.1,1.165
39.1,1.165
39.1,1.165
39.1,1.165
39.1,1.165
39.1,1.165
39.1,1.165
39.1,1.165
39.1,1.165
39.1,1.165
39.1,1.165
39.1,1.165
39.1,1.165
39.1,1.170
39.1,1.170
39.1,1.170
39.1,1.170
39.1,1.170
39.1,1.170
39.1,1.170
39.1,1.170
39.1,1.170
39.1,1.170
39.1,1.170
39.1,1.170
39.1,1.170
39.1,1.170
39.1,1.170
39.1,1.170
39.1,1.170
39.1,1.170
39.1,1.170
39.1,1.175
39.1,1.175
39.1,1.175
39.1,1.175
39.1,1.175
39.1,1.175
39.1,1.175
39.1,1.175
39.1,1.175
39.1,1.175
39.1,1.175
39.1,1.175
39.1,1.175
39.2,1.175
39.2,1.175
39.2,1.175
39.2,1.175
39.2,1.175
39.2,1.175
39.2,1.180
39.2,1.180
39.2,1.180
39.2,1.180
39.2,1.180
39.2,1.180
39.2,1.180
39.2,1.180
39.2,1.180
39.2,1.180
39.2,1.180
39.2,1.180
39.2,1.180
39.2,1.180
39.2,1.180
39.2,1.180
39.2,1.180
39.2,1.180
39.2,1.180
39.2,1.180
39.2,1.185
39.2,1.185
39.2,1.185
39.2,1.185
39.2,1.185
39.2,1.185
39.2,1.185
39.2,1.185
39.2,1.185
39.3,1.185
39.3,1.185
39.3,1.185
39.3,1.185
39.3,1.185
39.3,1.185
39.3,1.185
39.3,1.185
39.3,1.185
39.3,1.185
39.3,1.185
39.3,1.190
39.3,1.190
39.3,1.190
39.3,1.190
39.3,1.190
39.3,1.190
39.3,1.190
39.3,1.190
39.3,1.190
39.3,1.190
39.3,1.190
39.3,1.190
39.3,1.190
39.3,1.190
39.3,1.190
39.3,1.190
39.3,1.190
39.3,1.190
39.3,1.190
39.3,1.195
39.3,1.195
39.3,1.195
39.3,1.195
39.3,1.195
39.3,1.195
39.3,1.195
39.3,1.195
39.3,1.195
39.3,1.195
39.3,1.195
39.3,1.195
39.3,1.195
39.3,1.195
39.3,1.195
39.3,1.195
39.3,1.195
39.3,1.195
39.3,1.195
39.3,1.195
39.3,1.195
39.3,1.200
39.3,1.200
39.3,1.200
39.3,1.200
39.3,1.200
39.3,1.200
39.3,1.200
39.4,1.200
39.4,1.200
39.4,1.200
39.4,1.200
39.4,1.200
39.4,1.200
39.4,1.200
39.4,1.200
39.4,1.200
39.4,1.200
39.4,1.200
39.4,1.200
39.4,1.200
39.4,1.200
39.4,1.205
39.4,1.205
39.4,1.205
39.4,1.205
39.4,1.205
39.4,1.205
39.4,1.205
39.4,1.205
39.4,1.205
39.4,1.205
39.4,1.205
39.4,1.205
39.4,1.205
39.4,1.205
39.4,1.205
39.4,1.205
39.4,1.205
39.4,1.205
39.4,1.205
39.4,1.205
39.4,1.205
39.4,1.205
39.4,1.210
39.4,1.210
39.4,1.210
39.4,1.210
39.4,1.210
39.4,1.210
39.4,1.210
39.4,1.210
39.4,1.210
39.4,1.210
39.4,1.210
39.3,1.210
39.3,1.210
39.3,1.210
39.3,1.210
39.3,1.210
39.3,1.210
39.3,1.210
39.3,1.210
39.3,1.210
39.3,1.210
39.3,1.210
39.3,1.215
39.3,1.215
39.3,1.215
39.4,1.215
39.4,1.215
39.4,1.215
39.4,1.215
39.4,1.215
39.4,1.215
39.4,1.215
39.4,1.215
39.4,1.215
39.4,1.215
39.4,1.215
39.4,1.215
39.4,1.215
39.4,1.215
39.4,1.215
39.4,1.215
39.4,1.215
39.4,1.215
39.4,1.220
39.4,1.220
39.4,1.220
39.4,1.220
39.4,1.220
39.4,1.220
39.4,1.220
39.4,1.220
39.4,1.220
39.4,1.220
39.4,1.220
39.4,1.220
39.4,1.220
39.4,1.220
39.4,1.220
39.4,1.220
39.4,1.220
39.4,1.220
39.4,1.220
39.4,1.220
39.4,1.220
39.4,1.220
39.4,1.225
39.4,1.225
39.4,1.225
39.4,1.225
39.4,1.225
39.4,1.225
39.4,1.225
39.4,1.225
39.4,1.225
39.4,1.225
39.4,1.225
39.4,1.225
39.4,1.225
39.4,1.225
39.4,1.225
39.4,1.225
39.4,1.225
39.4,1.225
39.4,1.225
39.4,1.225
39.4,1.225
39.4,1.225
39.4,1.225
39.4,1.230
39.4,1.230
39.4,1.230
39.4,1.230
39.4,1.230
39.4,1.230
39.4,1.230
39.4,1.230
39.4,1.230
39.4,1.230
39.4,1.230
39.4,1.230
39.4,1.230
39.4,1.230
39.4,1.230
39.4,1.230
39.4,1.230
39.3,1.230
39.3,1.230
39.3,1.230
39.3,1.230
39.3,1.230
39.3,1.235
39.3,1.235
39.3,1.235
39.3,1.235
39.3,1.235
39.3,1.235
39.3,1.235
39.3,1.235
39.3,1.235
39.3,1.235
39.3,1.235
39.3,1.235
39.3,1.235
39.3,1.235
39.3,1.235
39.3,1.235
39.4,1.235
39.4,1.235
39.4,1.235
39.4,1.235
39.4,1.235
39.4,1.235
39.4,1.240
39.4,1.240
39.4,1.240
39.4,1.240
39.4,1.240
39.4,1.240
39.4,1.240
39.4,1.240
39.4,1.240
39.4,1.240
39.4,1.240
39.4,1.240
39.4,1.240
39.4,1.240
39.4,1.240
39.4,1.240
39.4,1.240
39.4,1.240
39.4,1.240
39.4,1.240
39.4,1.240
39.4,1.240
39.4,1.240
39.4,1.240
39.4,1.245
39.4,1.245
39.4,1.245
39.4,1.245
39.4,1.245
39.4,1.245
39.4,1.245
39.4,1.245
39.4,1.245
39.4,1.245
39.4,1.245
39.4,1.245
39.4,1.245
39.4,1.245
39.4,1.245
39.4,1.245
39.5,1.245
39.5,1.245
39.5,1.245
39.5,1.245
39.5,1.245
39.5,1.245
39.5,1.245
39.5,1.245
39.5,1.245
39.5,1.250
39.5,1.250
39.5,1.250
39.5,1.250
39.5,1.250
39.5,1.250
39.5,1.250
39.5,1.250
39.5,1.250
39.5,1.250
39.5,1.250
39.5,1.250
39.5,1.250
39.5,1.250
39.5,1.250
39.5,1.250
39.5,1.250
39.5,1.250
39.5,1.250
39.5,1.250
39.5,1.250
39.5,1.250
39.5,1.250
39.5,1.250
39.5,1.255
39.5,1.255
39.5,1.255
39.5,1.255
39.5,1.255
39.5,1.255
39.5,1.255
39.5,1.255
39.5,1.255
39.5,1.255
39.5,1.255
39.5,1.255
39.5,1.255
39.5,1.255
39.5,1.255
39.5,1.255
39.5,1.255
39.5,1.255
39.5,1.255
39.5,1.255
39.5,1.255
39.5,1.255
39.5,1.255
39.5,1.255
39.5,1.255
39.5,1.260
39.5,1.260
39.6,1.260
39.6,1.260
39.6,1.260
39.6,1.260
39.6,1.260
39.6,1.260
39.6,1.260
39.6,1.260
39.6,1.260
39.6,1.260
39.6,1.260
39.6,1.260
39.6,1.260
39.6,1.260
39.6,1.260
39.6,1.260
39.6,1.260
39.6,1.260
39.6,1.260
39.6,1.260
39.6,1.260
39.6,1.260
39.6,1.260
39.6,1.260
39.5,1.260
39.5,1.260
39.5,1.265
39.5,1.265
39.5,1.265
39.5,1.265
39.5,1.265
39.5,1.265
39.5,1.265
39.5,1.265
39.5,1.265
39.5,1.265
39.5,1.265
39.6,1.265
39.6,1.265
39.6,1.265
39.6,1.265
39.6,1.265
39.6,1.265
39.6,1.265
39.6,1.265
39.6,1.265
39.6,1.265
39.5,1.265
39.5,1.265
39.5,1.265
39.5,1.265
39.5,1.265
39.5,1.265
39.5,1.265
39.5,1.265
39.5,1.270
39.5,1.270
39.5,1.270
39.5,1.270
39.5,1.270
39.5,1.270
39.5,1.270
39.5,1.270
39.5,1.270
39.5,1.270
39.5,1.270
39.5,1.270
39.5,1.270
39.5,1.270
39.5,1.270
39.5,1.270
39.5,1.270
39.5,1.270
39.5,1.270
39.5,1.270
39.5,1.270
39.5,1.270
39.5,1.270
39.5,1.270
39.5,1.270
39.5,1.270
39.5,1.270
39.6,1.270
39.6,1.270
39.6,1.275
39.6,1.275
39.6,1.275
39.6,1.275
39.6,1.275
39.6,1.275
39.6,1.275
39.6,1.275
39.6,1.275
39.6,1.275
39.6,1.275
39.6,1.275
39.6,1.275
39.6,1.275
39.6,1.275
39.6,1.275
39.6,1.275
39.6,1.275
39.6,1.275
39.6,1.275
39.6,1.275
39.6,1.275
39.6,1.275
39.6,1.275
39.6,1.275
39.6,1.275
39.6,1.275
39.6,1.275
39.6,1.275
39.6,1.275
39.6,1.275
39.6,1.275
39.6,1.280
39.6,1.280
39.6,1.280
39.6,1.280
39.6,1.280
39.6,1.280
39.6,1.280
39.6,1.280
39.6,1.280
39.5,1.280
39.5,1.280
39.5,1.280
39.5,1.280
39.5,1.280
39.5,1.280
39.5,1.280
39.5,1.280
39.5,1.280
39.5,1.280
39.5,1.280
39.6,1.280
39.6,1.280
39.6,1.280
39.6,1.280
39.6,1.280
39.6,1.280
39.6,1.280
39.6,1.280
39.6,1.280
39.6,1.280
39.6,1.280
39.6,1.280
39.6,1.280
39.6,1.285
39.6,1.285
39.6,1.285
39.6,1.285
39.6,1.285
39.6,1.285
39.6,1.285
39.6,1.285
39.6,1.285
39.6,1.285
39.6,1.285
39.6,1.285
39.6,1.285
39.6,1.285
39.6,1.285
39.6,1.285
39.6,1.285
39.6,1.285
39.6,1.285
39.6,1.285
39.6,1.285
39.6,1.285
39.6,1.285
39.6,1.285
39.6,1.285
39.6,1.285
39.6,1.285
39.6,1.285
39.6,1.285
39.6,1.285
39.6,1.285
39.6,1.285
39.6,1.285
39.6,1.285
39.6,1.290
39.6,1.290
39.6,1.290
39.6,1.290
39.6,1.290
39.6,1.290
39.6,1.290
39.6,1.290
39.6,1.290
39.6,1.290
39.6,1.290
39.6,1.290
39.6,1.290
39.6,1.290
39.6,1.290
39.6,1.290
39.6,1.290
39.6,1.290
39.6,1.290
39.6,1.290
39.6,1.290
39.6,1.290
39.6,1.290
39.6,1.290
39.6,1.290
39.6,1.290
39.6,1.290
39.6,1.290
39.6,1.290
39.6,1.290
39.6,1.290
39.6,1.290
39.6,1.295
39.6,1.295
39.6,1.295
39.6,1.295
39.6,1.295
39.6,1.295
39.6,1.295
39.6,1.295
39.6,1.295
39.6,1.295
39.6,1.295
39.6,1.295
39.6,1.295
39.6,1.295
39.6,1.295
39.6,1.295
39.6,1.295
39.6,1.295
39.6,1.295
39.6,1.295
39.6,1.295
39.6,1.295
39.6,1.295
39.6,1.295
39.6,1.295
39.6,1.295
39.6,1.295
39.6,1.295
39.6,1.295
39.6,1.295
39.6,1.295
39.6,1.295
39.6,1.295
39.6,1.300
39.6,1.300
39.6,1.300
39.6,1.300
39.6,1.300
39.6,1.300
39.6,1.300
39.6,1.300
39.6,1.300
39.6,1.300
39.6,1.300
39.6,1.300
39.6,1.300
39.6,1.300
39.6,1.300
39.6,1.300
39.6,1.300
39.6,1.300
39.7,1.300
39.7,1.300
39.7,1.300
39.7,1.300
39.7,1.300
39.7,1.300
39.7,1.300
39.7,1.300
39.7,1.300
39.7,1.300
39.7,1.300
39.7,1.300
39.7,1.300
39.7,1.300
39.7,1.300
39.7,1.300
39.7,1.305
39.7,1.305
39.7,1.305
39.7,1.305
39.7,1.305
39.7,1.305
39.7,1.305
39.7,1.305
39.7,1.305
39.7,1.305
39.7,1.305
39.7,1.305
39.7,1.305
39.7,1.305
39.7,1.305
39.7,1.305
39.7,1.305
39.7,1.305
39.8,1.305
39.8,1.305
39.8,1.305
39.8,1.305
39.8,1.305
39.8,1.305
39.8,1.305
39.8,1.305
39.8,1.305
39.8,1.305
39.8,1.305
39.8,1.305
39.8,1.305
39.8,1.305
39.8,1.305
39.8,1.305
39.8,1.310
39.8,1.310
39.8,1.310
39.8,1.310
39.8,1.310
39.8,1.310
39.8,1.310
39.8,1.310
39.8,1.310
39.8,1.310
39.8,1.310
39.8,1.310
39.8,1.310
39.8,1.310
39.8,1.310
39.8,1.310
39.8,1.310
39.8,1.310
39.8,1.310
39.8,1.310
39.8,1.310
39.8,1.310
39.8,1.310
39.8,1.310
39.8,1.310
39.8,1.310
39.8,1.310
39.8,1.310
39.8,1.310
39.8,1.310
39.8,1.310
39.8,1.310
39.8,1.315
39.8,1.315
39.8,1.315
39.8,1.315
39.8,1.315
39.8,1.315
39.8,1.315
39.8,1.315
39.8,1.315
39.8,1.315
39.9,1.315
39.9,1.315
39.9,1.315
39.9,1.315
39.9,1.315
39.9,1.315
39.9,1.315
39.9,1.315
39.9,1.315
39.9,1.315
39.9,1.315
39.9,1.315
39.9,1.315
39.9,1.315
39.9,1.315
39.9,1.315
39.9,1.315
39.9,1.315
39.9,1.315
39.9,1.320
39.9,1.320
39.9,1.320
39.9,1.320
39.9,1.320
39.9,1.320
39.9,1.320
39.9,1.320
39.9,1.320
39.9,1.320
39.9,1.320
39.9,1.320
39.9,1.320
39.9,1.320
39.9,1.320
39.9,1.320
39.9,1.320
39.9,1.320
39.9,1.320
39.9,1.320
39.9,1.320
39.9,1.320
39.9,1.320
39.9,1.320
39.9,1.320
39.9,1.320
39.9,1.320
39.9,1.320
39.9,1.320
39.9,1.320
39.9,1.320
39.9,1.320
39.9,1.325
39.9,1.325
39.9,1.325
39.9,1.325
39.9,1.325
39.9,1.325
39.9,1.325
39.9,1.325
39.9,1.325
39.9,1.325
39.9,1.325
39.9,1.325
39.9,1.325
39.9,1.325
39.9,1.325
39.9,1.325
39.9,1.325
39.9,1.325
39.9,1.325
39.9,1.325
39.9,1.325
39.9,1.325
39.9,1.325
39.9,1.325
39.9,1.325
39.9,1.325
39.9,1.325
39.9,1.325
39.9,1.325
39.9,1.325
39.9,1.325
39.9,1.325
39.9,1.330
39.9,1.330
39.9,1.330
39.9,1.330
39.9,1.330
39.9,1.330
39.9,1.330
39.9,1.330
39.9,1.330
39.9,1.330
39.9,1.330
39.9,1.330
39.9,1.330
39.9,1.330
39.9,1.330
39.9,1.330
39.9,1.330
39.9,1.330
39.9,1.330
39.9,1.330
39.9,1.330
39.9,1.330
39.9,1.330
39.9,1.330
39.9,1.330
39.9,1.330
39.9,1.330
39.9,1.330
39.9,1.330
39.9,1.330
39.9,1.330
40.0,1.335
40.0,1.335
40.0,1.335
40.0,1.335
40.0,1.335
40.0,1.335
39.9,1.335
39.9,1.335
39.9,1.335
39.9,1.335
39.9,1.335
39.9,1.335
39.9,1.335
39.9,1.335
39.9,1.335
39.9,1.335
39.9,1.335
39.9,1.335
39.9,1.335
39.9,1.335
39.9,1.335
39.9,1.335
39.9,1.335
39.9,1.335
39.9,1.335
39.9,1.335
39.9,1.335
39.9,1.335
39.9,1.335
39.9,1.335
39.9,1.335
39.9,1.335
39.9,1.340
39.9,1.340
39.9,1.340
39.9,1.340
39.9,1.340
39.9,1.340
39.9,1.340
39.9,1.340
39.9,1.340
39.9,1.340
39.9,1.340
39.9,1.340
39.9,1.340
39.9,1.340
39.9,1.340
40.0,1.340
40.0,1.340
40.0,1.340
40.0,1.340
40.0,1.340
40.0,1.340
40.0,1.340
40.0,1.340
40.0,1.340
40.0,1.340
40.0,1.340
40.0,1.340
40.0,1.340
40.0,1.340
40.0,1.340
40.0,1.340
40.0,1.340
40.0,1.345
40.0,1.345
40.0,1.345
40.0,1.345
40.0,1.345
40.0,1.345
40.0,1.345
40.0,1.345
40.0,1.345
40.0,1.345
40.0,1.345
40.0,1.345
40.0,1.345
40.0,1.345
40.0,1.345
40.0,1.345
40.0,1.345
40.0,1.345
40.0,1.345
40.0,1.345
40.0,1.345
40.0,1.345
40.0,1.345
40.0,1.345
40.0,1.345
40.0,1.345
40.0,1.345
40.0,1.345
40.0,1.345
40.0,1.345
40.0,1.345
40.0,1.350
40.0,1.350
40.0,1.350
40.0,1.350
40.0,1.350
40.0,1.350
40.0,1.350
40.0,1.350
40.0,1.350
40.0,1.350
40.0,1.350
40.0,1.350
40.0,1.350
40.0,1.350
40.0,1.350
40.0,1.350
40.0,1.350
40.0,1.350
40.0,1.350
40.0,1.350
40.0,1.350
40.0,1.350
40.0,1.350
40.0,1.350
40.0,1.350
40.0,1.350
40.0,1.350
40.0,1.350
40.0,1.350
40.0,1.350
40.0,1.355
40.0,1.355
40.0,1.355
40.0,1.355
40.0,1.355
40.0,1.355
40.0,1.355
40.0,1.355
40.0,1.355
40.0,1.355
40.0,1.355
40.0,1.355
40.0,1.355
40.0,1.355
40.0,1.355
40.0,1.355
40.0,1.355
40.0,1.355
40.0,1.355
40.0,1.355
40.0,1.355
40.0,1.355
40.0,1.355
40.0,1.355
40.0,1.355
40.0,1.355
40.0,1.355
40.0,1.355
40.0,1.355
40.0,1.355
40.0,1.355
40.0,1.360
40.0,1.360
40.0,1.360
40.0,1.360
40.0,1.360
40.0,1.360
40.0,1.360
40.0,1.360
40.0,1.360
40.0,1.360
40.0,1.360
40.0,1.360
40.0,1.360
40.0,1.360
40.0,1.360
40.0,1.360
40.0,1.360
40.0,1.360
40.0,1.360
40.0,1.360
40.0,1.360
40.0,1.360
40.0,1.360
40.0,1.360
40.0,1.360
40.0,1.360
40.0,1.360
40.0,1.360
40.0,1.360
40.0,1.360
40.0,1.360
40.0,1.365
40.0,1.365
40.0,1.365
40.0,1.365
40.0,1.365
40.0,1.365
40.0,1.365
40.0,1.365
40.0,1.365
40.0,1.365
40.0,1.365
40.0,1.365
40.0,1.365
40.0,1.365
40.0,1.365
40.0,1.365
40.0,1.365
40.0,1.365
40.0,1.365
40.0,1.365
40.0,1.365
40.0,1.365
40.0,1.365
40.0,1.365
40.0,1.365
40.0,1.365
40.0,1.365
40.0,1.365
40.0,1.365
40.0,1.365
40.0,1.370
40.0,1.370
40.0,1.370
40.0,1.370
40.0,1.370
40.0,1.370
40.0,1.370
40.0,1.370
40.0,1.370
40.0,1.370
40.0,1.370
40.0,1.370
40.0,1.370
40.0,1.370
40.0,1.370
40.0,1.370
40.0,1.370
40.0,1.370
40.0,1.370
40.0,1.370
40.0,1.370
40.0,1.370
40.0,1.370
40.0,1.370
40.0,1.370
40.0,1.370
40.0,1.370
40.0,1.370
40.0,1.375
40.0,1.375
40.0,1.375
40.0,1.375
40.0,1.375
40.0,1.375
40.0,1.375
40.0,1.375
40.0,1.375
40.0,1.375
40.0,1.375
40.0,1.375
40.0,1.375
40.0,1.375
40.0,1.375
40.0,1.375
40.0,1.375
40.0,1.375
40.0,1.375
40.0,1.375
40.0,1.375
40.0,1.375
40.0,1.375
40.0,1.375
40.0,1.375
40.0,1.375
40.0,1.380
40.0,1.380
40.0,1.380
40.0,1.380
40.0,1.380
40.1,1.380
40.1,1.380
40.1,1.380
40.1,1.380
40.1,1.380
40.1,1.380
40.1,1.380
40.1,1.380
40.1,1.380
40.1,1.380
40.1,1.380
40.1,1.380
40.1,1.380
40.1,1.380
40.1,1.380
40.1,1.380
40.1,1.380
40.1,1.380
40.1,1.380
40.1,1.380
40.1,1.380
40.1,1.380
40.1,1.385
40.1,1.385
40.1,1.385
40.1,1.385
40.1,1.385
40.1,1.385
40.1,1.385
40.1,1.385
40.1,1.385
40.1,1.385
40.1,1.385
40.1,1.385
40.1,1.385
40.1,1.385
40.1,1.385
40.1,1.385
40.1,1.385
40.1,1.385
40.1,1.385
40.1,1.385
40.1,1.385
40.1,1.385
40.1,1.385
40.1,1.385
40.1,1.385
40.1,1.385
40.1,1.385
40.1,1.390
40.1,1.390
40.1,1.390
40.1,1.390
40.1,1.390
40.1,1.390
40.1,1.390
40.1,1.390
40.1,1.390
40.1,1.390
40.1,1.390
40.1,1.390
40.1,1.390
40.1,1.390
40.1,1.390
40.1,1.390
40.1,1.390
40.1,1.390
40.1,1.390
40.1,1.390
40.1,1.390
40.1,1.390
40.1,1.390
40.1,1.390
40.1,1.390
40.1,1.390
40.1,1.395
40.1,1.395
40.1,1.395
40.1,1.395
40.1,1.395
40.1,1.395
40.1,1.395
40.1,1.395
40.1,1.395
40.1,1.395
40.1,1.395
40.1,1.395
40.1,1.395
40.1,1.395
40.1,1.395
40.2,1.395
40.2,1.395
40.2,1.395
40.2,1.395
40.2,1.395
40.2,1.395
40.2,1.395
40.2,1.395
40.2,1.395
40.1,1.400
40.1,1.400
40.1,1.400
40.1,1.400
40.1,1.400
40.1,1.400
40.1,1.400
40.1,1.400
40.1,1.400
40.1,1.400
40.1,1.400
40.1,1.400
40.1,1.400
40.1,1.400
40.1,1.400
40.1,1.400
40.1,1.400
40.1,1.400
40.1,1.400
40.1,1.400
40.1,1.400
40.1,1.400
40.2,1.400
40.2,1.400
40.2,1.400
40.2,1.400
40.2,1.405
40.2,1.405
40.2,1.405
40.2,1.405
40.2,1.405
40.2,1.405
40.2,1.405
40.2,1.405
40.2,1.405
40.2,1.405
40.2,1.405
40.2,1.405
40.2,1.405
40.2,1.405
40.2,1.405
40.2,1.405
40.2,1.405
40.2,1.405
40.2,1.405
40.2,1.405
40.2,1.405
40.2,1.405
40.2,1.405
40.2,1.405
40.2,1.405
40.2,1.405
40.2,1.405
40.2,1.410
40.2,1.410
40.2,1.410
40.2,1.410
40.2,1.410
40.2,1.410
40.2,1.410
40.2,1.410
40.2,1.410
40.2,1.410
40.2,1.410
40.2,1.410
40.2,1.410
40.2,1.410
40.2,1.410
40.2,1.410
40.2,1.410
40.2,1.410
40.2,1.410
40.2,1.410
40.2,1.410
40.2,1.410
40.2,1.410
40.2,1.410
40.2,1.410
40.2,1.410
40.2,1.415
40.2,1.415
40.2,1.415
40.2,1.415
40.2,1.415
40.2,1.415
40.2,1.415
40.2,1.415
40.2,1.415
40.2,1.415
40.2,1.415
40.2,1.415
40.2,1.415
40.2,1.415
40.2,1.415
40.2,1.415
40.2,1.415
40.2,1.415
40.2,1.415
40.2,1.415
40.2,1.415
40.2,1.415
40.2,1.415
40.2,1.415
40.2,1.415
40.2,1.415
40.2,1.415
40.2,1.420
40.2,1.420
40.2,1.420
40.2,1.420
40.2,1.420
40.2,1.420
40.2,1.420
40.2,1.420
40.2,1.420
40.2,1.420
40.2,1.420
40.2,1.420
40.2,1.420
40.2,1.420
40.2,1.420
40.2,1.420
40.2,1.420
40.2,1.420
40.2,1.420
40.2,1.420
40.2,1.420
40.1,1.420
40.1,1.420
40.1,1.420
40.1,1.420
40.1,1.420
40.1,1.420
40.1,1.420
40.1,1.420
40.1,1.425
40.1,1.425
40.1,1.425
40.1,1.425
40.1,1.425
40.1,1.425
40.1,1.425
40.1,1.425
40.1,1.425
40.1,1.425
40.1,1.425
40.1,1.425
40.1,1.425
40.1,1.425
40.1,1.425
40.1,1.425
40.1,1.425
40.1,1.425
40.1,1.425
40.1,1.425
40.1,1.425
40.1,1.425
40.1,1.425
40.1,1.425
40.1,1.425
40.1,1.425
40.1,1.425
40.1,1.425
40.1,1.425
40.1,1.425
40.1,1.430
40.1,1.430
40.1,1.430
40.1,1.430
40.2,1.430
40.2,1.430
40.2,1.430
40.2,1.430
40.2,1.430
40.2,1.430
40.2,1.430
40.2,1.430
40.2,1.430
40.2,1.430
40.2,1.430
40.2,1.430
40.2,1.430
40.2,1.430
40.2,1.430
40.2,1.430
40.2,1.430
40.2,1.430
40.2,1.430
40.1,1.430
40.1,1.430
40.1,1.430
40.1,1.430
40.1,1.430
40.1,1.430
40.1,1.435
40.1,1.435
40.1,1.435
40.1,1.435
40.1,1.435
40.1,1.435
40.1,1.435
40.1,1.435
40.1,1.435
40.1,1.435
40.1,1.435
40.1,1.435
40.1,1.435
40.1,1.435
40.1,1.435
40.1,1.435
40.1,1.435
40.1,1.435
40.2,1.435
40.2,1.435
40.2,1.435
40.2,1.435
40.2,1.435
40.2,1.435
40.2,1.435
40.2,1.435
40.2,1.435
40.2,1.435
40.2,1.435
40.2,1.435
40.2,1.435
40.2,1.435
40.2,1.435
40.2,1.440
40.2,1.440
40.2,1.440
40.2,1.440
40.2,1.440
40.2,1.440
40.2,1.440
40.2,1.440
40.2,1.440
40.2,1.440
40.2,1.440
40.2,1.440
40.2,1.440
40.2,1.440
40.2,1.440
40.2,1.440
40.2,1.440
40.2,1.440
40.2,1.440
40.2,1.440
40.2,1.440
40.3,1.440
40.3,1.440
40.3,1.440
40.3,1.440
40.3,1.440
40.3,1.440
40.3,1.440
40.3,1.440
40.3,1.440
40.3,1.440
40.3,1.440
40.3,1.445
40.3,1.445
40.3,1.445
40.3,1.445
40.3,1.445
40.3,1.445
40.3,1.445
40.3,1.445
40.3,1.445
40.3,1.445
40.3,1.445
40.3,1.445
40.3,1.445
40.3,1.445
40.3,1.445
40.3,1.445
40.3,1.445
40.3,1.445
40.3,1.445
40.3,1.445
40.3,1.445
40.3,1.445
40.3,1.445
40.3,1.445
40.3,1.445
40.3,1.445
40.3,1.445
40.3,1.445
40.3,1.445
40.3,1.445
40.3,1.445
40.3,1.445
40.3,1.445
40.3,1.450
40.3,1.450
40.3,1.450
40.3,1.450
40.3,1.450
40.3,1.450
40.3,1.450
40.3,1.450
40.3,1.450
40.3,1.450
40.3,1.450
40.3,1.450
40.3,1.450
40.3,1.450
40.3,1.450
40.3,1.450
40.3,1.450
40.3,1.450
40.3,1.450
40.3,1.450
40.3,1.450
40.3,1.450
40.3,1.450
40.3,1.450
40.3,1.450
40.3,1.450
40.3,1.450
40.3,1.450
40.3,1.450
40.3,1.450
40.3,1.455
40.3,1.455
40.4,1.455
40.4,1.455
40.4,1.455
40.4,1.455
40.4,1.455
40.4,1.455
40.4,1.455
40.4,1.455
40.4,1.455
40.4,1.455
40.4,1.455
40.4,1.455
40.4,1.455
40.4,1.455
40.4,1.455
40.4,1.455
40.4,1.455
40.4,1.455
40.4,1.455
40.4,1.455
40.4,1.455
40.4,1.455
40.4,1.455
40.4,1.455
40.4,1.455
40.4,1.455
40.4,1.455
40.4,1.460
40.4,1.460
40.4,1.460
40.4,1.460
40.4,1.460
40.4,1.460
40.4,1.460
40.4,1.460
40.4,1.460
40.4,1.460
40.4,1.460
40.4,1.460
40.4,1.460
40.4,1.460
40.3,1.460
40.3,1.460
40.3,1.460
40.3,1.460
40.3,1.460
40.3,1.460
40.3,1.460
40.3,1.460
40.3,1.460
40.3,1.460
40.3,1.460
40.3,1.460
40.3,1.460
40.3,1.460
40.3,1.460
40.3,1.460
40.3,1.460
40.4,1.465
40.4,1.465
40.4,1.465
40.4,1.465
40.4,1.465
40.4,1.465
40.4,1.465
40.4,1.465
40.4,1.465
40.4,1.465
40.4,1.465
40.4,1.465
40.4,1.465
40.4,1.465
40.4,1.465
40.4,1.465
40.4,1.465
40.4,1.465
40.4,1.465
40.4,1.465
40.4,1.465
40.4,1.465
40.4,1.465
40.4,1.465
40.4,1.465
40.4,1.465
40.4,1.465
40.4,1.465
40.4,1.465
40.5,1.465
40.5,1.465
40.5,1.470
40.5,1.470
40.5,1.470
40.5,1.470
40.5,1.470
40.5,1.470
40.5,1.470
40.5,1.470
40.5,1.470
40.5,1.470
40.5,1.470
40.5,1.470
40.5,1.470
40.5,1.470
40.5,1.470
40.5,1.470
40.5,1.470
40.5,1.470
40.5,1.470
40.5,1.470
40.5,1.470
40.5,1.470
40.5,1.470
40.5,1.470
40.5,1.470
40.5,1.470
40.5,1.470
40.5,1.470
40.5,1.470
40.5,1.470
40.5,1.470
40.5,1.475
40.5,1.475
40.6,1.475
40.6,1.475
40.6,1.475
40.6,1.475
40.6,1.475
40.6,1.475
40.6,1.475
40.6,1.475
40.6,1.475
40.6,1.475
40.6,1.475
40.6,1.475
40.5,1.475
40.5,1.475
40.5,1.475
40.5,1.475
40.5,1.475
40.5,1.475
40.5,1.475
40.5,1.475
40.5,1.475
40.5,1.475
40.5,1.475
40.5,1.475
40.5,1.475
40.5,1.475
40.5,1.475
40.5,1.475
40.5,1.480
40.5,1.480
40.5,1.480
40.5,1.480
40.5,1.480
40.5,1.480
40.5,1.480
40.5,1.480
40.5,1.480
40.5,1.480
40.5,1.480
40.5,1.480
40.5,1.480
40.5,1.480
40.5,1.480
40.5,1.480
40.5,1.480
40.5,1.480
40.5,1.480
40.5,1.480
40.5,1.480
40.5,1.480
40.5,1.480
40.5,1.480
40.5,1.480
40.5,1.480
40.5,1.480
40.5,1.480
40.5,1.480
40.5,1.480
40.5,1.480
40.5,1.480
40.5,1.480
40.5,1.480
40.5,1.480
40.5,1.480
40.5,1.485
40.5,1.485
40.5,1.485
40.5,1.485
40.5,1.485
40.5,1.485
40.5,1.485
40.5,1.485
40.5,1.485
40.5,1.485
40.5,1.485
40.5,1.485
40.6,1.485
40.6,1.485
40.6,1.485
40.6,1.485
40.6,1.485
40.6,1.485
40.6,1.485
40.6,1.485
40.6,1.485
40.6,1.485
40.6,1.485
40.6,1.485
40.6,1.485
40.6,1.485
40.6,1.485
40.6,1.485
40.6,1.485
40.6,1.485
40.6,1.485
40.6,1.485
40.6,1.485
40.6,1.485
40.6,1.485
40.6,1.485
40.6,1.490
40.6,1.490
40.6,1.490
40.6,1.490
40.6,1.490
40.6,1.490
40.6,1.490
40.6,1.490
40.6,1.490
40.6,1.490
40.6,1.490
40.6,1.490
40.6,1.490
40.6,1.490
40.6,1.490
40.6,1.490
40.6,1.490
40.6,1.490
40.6,1.490
40.6,1.490
40.6,1.490
40.6,1.490
40.6,1.490
40.6,1.490
40.6,1.490
40.7,1.490
40.7,1.490
40.7,1.490
40.7,1.490
40.7,1.490
40.7,1.490
40.7,1.490
40.7,1.490
40.7,1.490
40.7,1.490
40.7,1.495
40.7,1.495
40.7,1.495
40.7,1.495
40.7,1.495
40.7,1.495
40.7,1.495
40.7,1.495
40.7,1.495
40.7,1.495
40.7,1.495
40.7,1.495
40.7,1.495
40.7,1.495
40.7,1.495
40.7,1.495
40.7,1.495
40.8,1.495
40.8,1.495
40.8,1.495
40.8,1.495
40.8,1.495
40.8,1.495
40.8,1.495
40.8,1.495
40.8,1.495
40.8,1.495
40.8,1.495
40.8,1.495
40.8,1.495
40.8,1.495
40.8,1.495
40.8,1.495
40.8,1.495
40.8,1.500
40.8,1.500
40.8,1.500
40.8,1.500
40.8,1.500
40.8,1.500
40.8,1.500
40.8,1.500
40.8,1.500
40.8,1.500
40.8,1.500
40.8,1.500
40.8,1.500
40.8,1.500
40.8,1.500
40.8,1.500
40.8,1.500
40.8,1.500
40.8,1.500
40.8,1.500
40.8,1.500
40.8,1.500
40.8,1.500
40.8,1.500
40.8,1.500
40.8,1.500
40.8,1.500
40.8,1.500
40.8,1.500
40.8,1.500
40.8,1.500
40.8,1.505
40.8,1.505
40.8,1.505
40.9,1.505
40.9,1.505
40.9,1.505
40.9,1.505
40.9,1.505
40.9,1.505
40.9,1.505
40.9,1.505
40.9,1.505
40.9,1.505
40.9,1.505
40.9,1.505
40.9,1.505
40.9,1.505
40.9,1.505
40.9,1.505
40.9,1.505
40.8,1.505
40.8,1.505
40.8,1.505
40.8,1.505
40.8,1.505
40.8,1.505
40.8,1.505
40.8,1.505
40.8,1.510
40.8,1.510
40.8,1.510
40.8,1.510
40.8,1.510
40.8,1.510
40.8,1.510
40.8,1.510
40.8,1.510
40.8,1.510
40.8,1.510
40.8,1.510
40.8,1.510
40.8,1.510
40.8,1.510
40.8,1.510
40.8,1.510
40.8,1.510
40.8,1.510
40.8,1.510
40.8,1.510
40.8,1.510
40.8,1.510
40.8,1.510
40.8,1.510
40.8,1.510
40.8,1.515
40.8,1.515
40.8,1.515
40.8,1.515
40.8,1.515
40.8,1.515
40.8,1.515
40.8,1.515
40.8,1.515
40.8,1.515
40.8,1.515
40.8,1.515
40.8,1.515
40.8,1.515
40.8,1.515
40.8,1.515
40.8,1.515
40.8,1.515
40.8,1.515
40.8,1.515
40.8,1.515
40.8,1.515
40.8,1.515
40.8,1.515
40.8,1.515
40.8,1.515
40.8,1.515
40.8,1.515
40.8,1.520
40.8,1.520
40.8,1.520
40.7,1.520
40.7,1.520
40.7,1.520
40.7,1.520
40.7,1.520
40.7,1.520
40.7,1.520
40.7,1.520
40.7,1.520
40.7,1.520
40.7,1.520
40.7,1.520
40.7,1.520
40.7,1.520
40.7,1.520
40.7,1.520
40.7,1.520
40.7,1.520
40.7,1.520
40.7,1.520
40.7,1.520
40.7,1.520
40.7,1.520
40.7,1.520
40.7,1.525
40.7,1.525
40.7,1.525
40.7,1.525
40.7,1.525
40.7,1.525
40.7,1.525
40.7,1.525
40.7,1.525
40.7,1.525
40.7,1.525
40.7,1.525
40.7,1.525
40.7,1.525
40.7,1.525
40.7,1.525
40.7,1.525
40.7,1.525
40.7,1.525
40.7,1.525
40.7,1.525
40.7,1.525
40.7,1.525
40.7,1.525
40.7,1.525
40.7,1.525
40.7,1.525
40.7,1.525
40.7,1.525
40.7,1.530
40.7,1.530
40.7,1.530
40.7,1.530
40.7,1.530
40.7,1.530
40.7,1.530
40.7,1.530
40.7,1.530
40.7,1.530
40.7,1.530
40.7,1.530
40.7,1.530
40.7,1.530
40.7,1.530
40.7,1.530
40.7,1.530
40.8,1.530
40.8,1.530
40.8,1.530
40.8,1.530
40.8,1.530
40.8,1.530
40.8,1.530
40.8,1.530
40.8,1.530
40.8,1.530
40.8,1.535
40.8,1.535
40.8,1.535
40.8,1.535
40.8,1.535
40.8,1.535
40.8,1.535
40.8,1.535
40.8,1.535
40.8,1.535
40.8,1.535
40.8,1.535
40.8,1.535
40.8,1.535
40.8,1.535
40.8,1.535
40.8,1.535
40.8,1.535
40.8,1.535
40.8,1.535
40.8,1.535
40.8,1.535
40.8,1.535
40.8,1.535
40.8,1.535
40.8,1.535
40.8,1.535
40.8,1.540
40.8,1.540
40.8,1.540
40.8,1.540
40.8,1.540
40.8,1.540
40.8,1.540
40.8,1.540
40.8,1.540
40.8,1.540
40.8,1.540
40.8,1.540
40.8,1.540
40.8,1.540
40.8,1.540
40.8,1.540
40.8,1.540
40.8,1.540
40.8,1.540
40.8,1.540
40.8,1.540
40.8,1.540
40.8,1.540
40.8,1.540
40.8,1.540
40.8,1.540
40.8,1.540
40.8,1.540
40.8,1.545
40.8,1.545
40.8,1.545
40.8,1.545
40.8,1.545
40.8,1.545
40.8,1.545
40.8,1.545
40.8,1.545
40.8,1.545
40.8,1.545
40.8,1.545
40.8,1.545
40.8,1.545
40.8,1.545
40.9,1.545
40.9,1.545
40.9,1.545
40.9,1.545
40.9,1.545
40.9,1.545
40.9,1.545
40.9,1.545
40.9,1.545
40.9,1.545
40.9,1.545
40.9,1.545
40.9,1.550
40.9,1.550
40.9,1.550
40.9,1.550
40.9,1.550
40.9,1.550
40.9,1.550
40.9,1.550
40.9,1.550
40.9,1.550
40.9,1.550
40.9,1.550
40.9,1.550
40.9,1.550
40.9,1.550
40.9,1.550
40.9,1.550
40.9,1.550
40.9,1.550
40.9,1.550
40.9,1.550
40.9,1.550
40.9,1.550
40.9,1.550
40.9,1.550
40.9,1.550
40.9,1.550
40.9,1.550
40.9,1.555
40.9,1.555
40.9,1.555
40.9,1.555
40.9,1.555
40.9,1.555
40.9,1.555
40.9,1.555
40.9,1.555
40.9,1.555
40.9,1.555
40.9,1.555
40.9,1.555
40.9,1.555
40.9,1.555
40.9,1.555
40.9,1.555
40.9,1.555
40.9,1.555
40.9,1.555
40.9,1.555
40.9,1.555
40.9,1.555
40.9,1.555
41.0,1.555
41.0,1.555
41.0,1.560
41.0,1.560
41.0,1.560
41.0,1.560
41.0,1.560
41.0,1.560
41.0,1.560
41.0,1.560
41.0,1.560
41.0,1.560
41.0,1.560
41.0,1.560
41.0,1.560
41.0,1.560
41.0,1.560
41.0,1.560
41.0,1.560
41.0,1.560
41.0,1.560
41.0,1.560
41.0,1.560
41.0,1.560
41.0,1.560
41.0,1.560
41.0,1.560
41.0,1.560
41.0,1.560
41.0,1.560
41.0,1.565
41.0,1.565
41.0,1.565
41.0,1.565
41.0,1.565
41.0,1.565
41.0,1.565
41.0,1.565
41.0,1.565
41.0,1.565
41.0,1.565
41.0,1.565
41.0,1.565
41.0,1.565
41.0,1.565
41.0,1.565
41.0,1.565
41.0,1.565
41.0,1.565
41.0,1.565
41.0,1.565
41.0,1.565
41.0,1.565
41.0,1.565
41.0,1.565
41.0,1.565
41.0,1.565
41.0,1.565
41.0,1.570
41.0,1.570
41.0,1.570
41.0,1.570
41.0,1.570
41.0,1.570
41.0,1.570
41.0,1.570
41.0,1.570
41.0,1.570
41.0,1.570
41.0,1.570
41.0,1.570
41.0,1.570
41.0,1.570
41.0,1.570
41.0,1.570
41.0,1.570
41.0,1.570
41.0,1.570
41.0,1.570
41.0,1.570
41.0,1.570
41.0,1.570
41.0,1.570
41.0,1.570
41.0,1.570
41.0,1.575
41.0,1.575
41.0,1.575
41.0,1.575
41.0,1.575
41.0,1.575
41.0,1.575
41.0,1.575
41.0,1.575
41.0,1.575
41.0,1.575
41.0,1.575
41.0,1.575
41.0,1.575
41.0,1.575
41.0,1.575
41.0,1.575
41.0,1.575
41.0,1.575
41.0,1.575
41.0,1.575
41.0,1.575
41.0,1.575
41.0,1.575
41.0,1.575
41.0,1.575
41.0,1.575
41.0,1.575
41.0,1.580
41.0,1.580
41.0,1.580
41.0,1.580
41.0,1.580
41.0,1.580
41.0,1.580
41.0,1.580
41.0,1.580
41.0,1.580
41.0,1.580
41.0,1.580
41.0,1.580
41.0,1.580
41.0,1.580
41.0,1.580
41.0,1.580
41.0,1.580
41.0,1.580
41.0,1.580
41.0,1.580
41.0,1.580
41.0,1.580
41.0,1.580
41.0,1.580
41.0,1.580
41.0,1.580
41.0,1.580
41.0,1.580
41.0,1.580
41.0,1.585
41.0,1.585
41.0,1.585
41.0,1.585
41.0,1.585
41.0,1.585
41.0,1.585
41.0,1.585
41.0,1.585
41.0,1.585
41.0,1.585
41.0,1.585
41.0,1.585
41.0,1.585
41.0,1.585
41.0,1.585
41.0,1.585
41.0,1.585
41.0,1.585
41.0,1.585
41.0,1.585
41.0,1.585
41.0,1.585
41.0,1.585
41.0,1.585
41.0,1.585
41.0,1.585
41.0,1.585
41.0,1.585
41.0,1.585
41.0,1.585
41.0,1.590
41.0,1.590
41.0,1.590
41.0,1.590
41.0,1.590
41.0,1.590
41.0,1.590
41.0,1.590
41.0,1.590
41.0,1.590
41.0,1.590
41.0,1.590
41.0,1.590
41.0,1.590
41.0,1.590
41.0,1.590
41.0,1.590
41.0,1.590
41.0,1.590
41.0,1.590
41.0,1.590
41.0,1.590
41.0,1.590
41.0,1.590
41.0,1.590
41.0,1.590
41.0,1.590
41.0,1.590
41.0,1.595
41.0,1.595
41.0,1.595
41.0,1.595
41.1,1.595
41.1,1.595
41.1,1.595
41.1,1.595
41.1,1.595
41.1,1.595
41.1,1.595
41.1,1.595
41.1,1.595
41.1,1.595
41.1,1.595
41.1,1.595
41.1,1.595
41.1,1.595
41.1,1.595
41.1,1.595
41.1,1.595
41.0,1.595
41.0,1.595
41.0,1.595
41.0,1.595
41.0,1.595
41.0,1.595
41.0,1.595
41.0,1.595
41.0,1.595
41.0,1.595
41.0,1.600
41.0,1.600
41.0,1.600
41.0,1.600
41.0,1.600
41.0,1.600
41.0,1.600
41.0,1.600
41.0,1.600
41.0,1.600
41.0,1.600
41.0,1.600
41.0,1.600
41.0,1.600
41.0,1.600
41.0,1.600
41.0,1.600
41.0,1.600
41.0,1.600
41.0,1.600
41.0,1.600
41.0,1.600
41.0,1.600
41.0,1.600
41.0,1.600
41.0,1.600
41.0,1.600
41.0,1.600
41.0,1.600
41.0,1.600
41.0,1.600
41.0,1.605
41.0,1.605
41.0,1.605
41.0,1.605
41.0,1.605
41.0,1.605
41.0,1.605
41.0,1.605
41.0,1.605
41.0,1.605
41.0,1.605
41.0,1.605
41.0,1.605
41.0,1.605
41.0,1.605
41.0,1.605
41.0,1.605
41.0,1.605
41.0,1.605
41.0,1.605
41.0,1.605
41.0,1.605
41.0,1.605
41.0,1.605
41.0,1.605
41.0,1.605
41.0,1.605
41.0,1.605
41.0,1.605
41.0,1.605
41.0,1.605
41.0,1.605
41.0,1.610
41.0,1.610
41.0,1.610
41.0,1.610
41.0,1.610
41.0,1.610
41.0,1.610
41.0,1.610
41.0,1.610
41.0,1.610
41.0,1.610
41.0,1.610
41.0,1.610
41.0,1.610
41.0,1.610
41.0,1.610
41.0,1.610
41.0,1.610
41.0,1.610
41.0,1.610
41.0,1.610
41.0,1.610
41.0,1.610
41.0,1.610
41.0,1.610
41.0,1.610
41.0,1.610
41.0,1.610
41.0,1.610
41.0,1.610
41.0,1.610
41.0,1.610
41.0,1.615
41.0,1.615
41.0,1.615
41.0,1.615
41.0,1.615
41.0,1.615
41.0,1.615
41.0,1.615
41.0,1.615
41.1,1.615
41.1,1.615
41.1,1.615
41.1,1.615
41.1,1.615
41.1,1.615
41.1,1.615
41.1,1.615
41.1,1.615
41.1,1.615
41.1,1.615
41.1,1.615
41.1,1.615
41.1,1.615
41.1,1.615
41.1,1.615
41.1,1.615
41.1,1.615
41.1,1.615
41.1,1.615
41.1,1.615
41.1,1.615
41.1,1.620
41.1,1.620
41.1,1.620
41.1,1.620
41.1,1.620
41.1,1.620
41.1,1.620
41.1,1.620
41.1,1.620
41.1,1.620
41.1,1.620
41.1,1.620
41.1,1.620
41.1,1.620
41.1,1.620
41.1,1.620
41.1,1.620
41.1,1.620
41.1,1.620
41.1,1.620
41.1,1.620
41.1,1.620
41.1,1.620
41.1,1.620
41.1,1.620
41.1,1.620
41.1,1.620
41.1,1.620
41.1,1.620
41.1,1.620
41.1,1.620
41.1,1.620
41.1,1.620
41.1,1.620
41.1,1.620
41.1,1.625
41.1,1.625
41.1,1.625
41.1,1.625
41.1,1.625
41.1,1.625
41.1,1.625
41.1,1.625
41.1,1.625
41.1,1.625
41.1,1.625
41.1,1.625
41.1,1.625
41.1,1.625
41.1,1.625
41.1,1.625
41.1,1.625
41.1,1.625
41.1,1.625
41.1,1.625
41.1,1.625
41.1,1.625
41.1,1.625
41.1,1.625
41.1,1.625
41.1,1.625
41.1,1.625
41.1,1.625
41.1,1.625
41.1,1.625
41.1,1.625
41.1,1.625
41.1,1.625
41.1,1.625
41.1,1.625
41.1,1.630
41.1,1.630
41.1,1.630
41.1,1.630
41.1,1.630
41.1,1.630
41.1,1.630
41.1,1.630
41.1,1.630
41.1,1.630
41.1,1.630
41.1,1.630
41.1,1.630
41.1,1.630
41.1,1.630
41.1,1.630
41.2,1.630
41.2,1.630
41.2,1.630
41.2,1.630
41.2,1.630
41.2,1.630
41.2,1.630
41.1,1.630
41.1,1.630
41.1,1.630
41.1,1.630
41.1,1.630
41.1,1.630
41.1,1.630
41.1,1.630
41.1,1.630
41.2,1.630
41.2,1.630
41.2,1.630
41.2,1.635
41.2,1.635
41.2,1.635
41.2,1.635
41.2,1.635
41.2,1.635
41.2,1.635
41.2,1.635
41.2,1.635
41.2,1.635
41.2,1.635
41.2,1.635
41.2,1.635
41.2,1.635
41.2,1.635
41.2,1.635
41.2,1.635
41.2,1.635
41.2,1.635
41.2,1.635
41.2,1.635
41.2,1.635
41.2,1.635
41.2,1.635
41.2,1.635
41.2,1.635
41.2,1.635
41.2,1.635
41.2,1.635
41.2,1.635
41.2,1.635
41.2,1.635
41.2,1.635
41.2,1.635
41.2,1.635
41.2,1.640
41.2,1.640
41.2,1.640
41.2,1.640
41.2,1.640
41.2,1.640
41.2,1.640
41.2,1.640
41.2,1.640
41.2,1.640
41.2,1.640
41.2,1.640
41.3,1.640
41.3,1.640
41.3,1.640
41.3,1.640
41.3,1.640
41.3,1.640
41.3,1.640
41.3,1.640
41.3,1.640
41.3,1.640
41.3,1.640
41.3,1.640
41.3,1.640
41.2,1.640
41.2,1.640
41.2,1.640
41.2,1.640
41.2,1.640
41.2,1.640
41.2,1.640
41.2,1.640
41.2,1.640
41.2,1.640
41.2,1.640
41.2,1.640
41.2,1.640
41.2,1.645
41.2,1.645
41.2,1.645
41.2,1.645
41.2,1.645
41.2,1.645
41.2,1.645
41.2,1.645
41.2,1.645
41.2,1.645
41.2,1.645
41.2,1.645
41.2,1.645
41.2,1.645
41.2,1.645
41.2,1.645
41.2,1.645
41.2,1.645
41.2,1.645
41.2,1.645
41.2,1.645
41.2,1.645
41.2,1.645
41.2,1.645
41.2,1.645
41.2,1.645
41.3,1.645
41.3,1.645
41.3,1.645
41.3,1.645
41.3,1.645
41.3,1.645
41.3,1.645
41.3,1.645
41.3,1.645
41.3,1.645
41.3,1.645
41.3,1.650
41.3,1.650
41.3,1.650
41.3,1.650
41.3,1.650
41.3,1.650
41.3,1.650
41.3,1.650
41.3,1.650
41.3,1.650
41.3,1.650
41.3,1.650
41.3,1.650
41.3,1.650
41.3,1.650
41.3,1.650
41.3,1.650
41.3,1.650
41.3,1.650
41.3,1.650
41.3,1.650
41.3,1.650
41.3,1.650
41.3,1.650
41.3,1.650
41.3,1.650
41.3,1.650
41.3,1.650
41.3,1.650
41.3,1.650
41.3,1.650
41.3,1.650
41.3,1.650
41.3,1.655
41.3,1.655
41.3,1.655
41.3,1.655
41.3,1.655
41.3,1.655
41.3,1.655
41.3,1.655
41.3,1.655
41.3,1.655
41.3,1.655
41.3,1.655
41.3,1.655
41.3,1.655
41.3,1.655
41.3,1.655
41.3,1.655
41.3,1.655
41.3,1.655
41.3,1.655
41.3,1.655
41.3,1.655
41.3,1.655
41.3,1.655
41.3,1.655
41.3,1.655
41.3,1.655
41.3,1.655
41.3,1.655
41.3,1.655
41.3,1.655
41.3,1.655
41.3,1.655
41.3,1.660
41.3,1.660
41.3,1.660
41.3,1.660
41.3,1.660
41.3,1.660
41.3,1.660
41.3,1.660
41.3,1.660
41.3,1.660
41.3,1.660
41.3,1.660
41.3,1.660
41.3,1.660
41.3,1.660
41.3,1.660
41.3,1.660
41.3,1.660
41.3,1.660
41.3,1.660
41.3,1.660
41.3,1.660
41.3,1.660
41.3,1.660
41.3,1.660
41.3,1.660
41.3,1.660
41.3,1.660
41.3,1.660
41.3,1.660
41.3,1.660
41.3,1.660
41.3,1.660
41.3,1.660
41.3,1.660
41.4,1.665
41.4,1.665
41.4,1.665
41.4,1.665
41.4,1.665
41.4,1.665
41.4,1.665
41.4,1.665
41.4,1.665
41.4,1.665
41.4,1.665
41.4,1.665
41.4,1.665
41.4,1.665
41.3,1.665
41.3,1.665
41.3,1.665
41.3,1.665
41.3,1.665
41.3,1.665
41.3,1.665
41.3,1.665
41.3,1.665
41.3,1.665
41.3,1.665
41.3,1.665
41.3,1.665
41.3,1.665
41.3,1.665
41.3,1.665
41.3,1.665
41.3,1.665
41.3,1.665
41.3,1.665
41.3,1.665
41.3,1.670
41.3,1.670
41.3,1.670
41.3,1.670
41.3,1.670
41.3,1.670
41.3,1.670
41.3,1.670
41.3,1.670
41.3,1.670
41.3,1.670
41.3,1.670
41.3,1.670
41.3,1.670
41.3,1.670
41.3,1.670
41.3,1.670
41.3,1.670
41.3,1.670
41.3,1.670
41.3,1.670
41.3,1.670
41.3,1.670
41.3,1.670
41.3,1.670
41.3,1.670
41.3,1.670
41.3,1.670
41.3,1.670
41.3,1.670
41.3,1.670
41.3,1.670
41.3,1.670
41.3,1.670
41.3,1.670
41.3,1.670
41.3,1.675
41.3,1.675
41.3,1.675
41.3,1.675
41.3,1.675
41.3,1.675
41.3,1.675
41.3,1.675
41.3,1.675
41.3,1.675
41.3,1.675
41.3,1.675
41.3,1.675
41.3,1.675
41.3,1.675
41.3,1.675
41.3,1.675
41.3,1.675
41.3,1.675
41.3,1.675
41.3,1.675
41.3,1.675
41.3,1.675
41.3,1.675
41.3,1.675
41.3,1.675
41.3,1.675
41.3,1.675
41.3,1.675
41.3,1.675
41.3,1.675
41.3,1.675
41.3,1.675
41.3,1.675
41.3,1.675
41.3,1.675
41.3,1.675
41.3,1.675
41.3,1.675
41.3,1.675
41.3,1.675
41.3,1.680
41.3,1.680
41.3,1.680
41.3,1.680
41.3,1.680
41.2,1.680
41.2,1.680
41.2,1.680
41.2,1.680
41.2,1.680
41.2,1.680
41.2,1.680
41.2,1.680
41.2,1.680
41.3,1.680
41.3,1.680
41.3,1.680
41.3,1.680
41.3,1.680
41.3,1.680
41.3,1.680
41.3,1.680
41.3,1.680
41.3,1.680
41.3,1.680
41.3,1.680
41.3,1.680
41.3,1.680
41.3,1.680
41.3,1.680
41.3,1.680
41.3,1.680
41.3,1.680
41.3,1.680
41.3,1.680
41.3,1.680
41.3,1.680
41.3,1.680
41.3,1.680
41.3,1.680
41.3,1.680
41.3,1.680
41.3,1.685
41.3,1.685
41.3,1.685
41.3,1.685
41.3,1.685
41.3,1.685
41.3,1.685
41.3,1.685
41.3,1.685
41.3,1.685
41.3,1.685
41.3,1.685
41.3,1.685
41.3,1.685
41.3,1.685
41.3,1.685
41.3,1.685
41.3,1.685
41.3,1.685
41.3,1.685
41.3,1.685
41.3,1.685
41.3,1.685
41.3,1.685
41.3,1.685
41.2,1.685
41.2,1.685
41.2,1.685
41.2,1.685
41.2,1.685
41.2,1.685
41.2,1.685
41.2,1.685
41.2,1.685
41.2,1.685
41.2,1.685
41.2,1.685
41.2,1.685
41.2,1.685
41.2,1.685
41.2,1.685
41.2,1.685
41.2,1.690
41.2,1.690
41.2,1.690
41.2,1.690
41.2,1.690
41.2,1.690
41.2,1.690
41.2,1.690
41.2,1.690
41.2,1.690
41.2,1.690
41.2,1.690
41.2,1.690
41.2,1.690
41.2,1.690
41.2,1.690
41.3,1.690
41.3,1.690
41.3,1.690
41.3,1.690
41.3,1.690
41.3,1.690
41.3,1.690
41.3,1.690
41.3,1.690
41.3,1.690
41.3,1.690
41.3,1.690
41.3,1.690
41.3,1.690
41.3,1.690
41.3,1.690
41.3,1.690
41.3,1.690
41.3,1.690
41.3,1.690
41.3,1.690
41.3,1.690
41.3,1.690
41.3,1.690
41.3,1.695
41.3,1.695
41.3,1.695
41.3,1.695
41.3,1.695
41.3,1.695
41.3,1.695
41.3,1.695
41.3,1.695
41.3,1.695
41.3,1.695
41.3,1.695
41.3,1.695
41.3,1.695
41.3,1.695
41.3,1.695
41.3,1.695
41.3,1.695
41.3,1.695
41.3,1.695
41.3,1.695
41.3,1.695
41.3,1.695
41.3,1.695
41.3,1.695
41.3,1.695
41.3,1.695
41.3,1.695
41.3,1.695
41.3,1.695
41.3,1.695
41.3,1.695
41.3,1.695
41.3,1.695
41.3,1.695
41.3,1.695
41.3,1.695
41.3,1.700
41.3,1.700
41.3,1.700
41.3,1.700
41.3,1.700
41.3,1.700
41.3,1.700
41.3,1.700
41.3,1.700
41.3,1.700
41.3,1.700
41.3,1.700
41.3,1.700
41.3,1.700
41.3,1.700
41.3,1.700
41.3,1.700
41.3,1.700
41.3,1.700
41.3,1.700
41.3,1.700
41.3,1.700
41.3,1.700
41.3,1.700
41.3,1.700
41.3,1.700
41.3,1.700
41.3,1.700
41.3,1.700
41.3,1.700
41.3,1.700
41.3,1.700
41.3,1.700
41.3,1.700
41.3,1.700
41.3,1.700
41.3,1.700
41.3,1.700
41.3,1.700
41.3,1.705
41.3,1.705
41.3,1.705
41.3,1.705
41.3,1.705
41.3,1.705
41.3,1.705
41.3,1.705
41.3,1.705
41.3,1.705
41.3,1.705
41.3,1.705
41.3,1.705
41.3,1.705
41.3,1.705
41.3,1.705
41.3,1.705
41.3,1.705
41.3,1.705
41.3,1.705
41.3,1.705
41.3,1.705
41.3,1.705
41.3,1.705
41.3,1.705
41.3,1.705
41.3,1.705
41.3,1.705
41.3,1.705
41.3,1.705
41.3,1.705
41.3,1.705
41.3,1.705
41.3,1.705
41.3,1.705
41.3,1.705
41.4,1.705
41.4,1.705
41.4,1.710
41.4,1.710
41.4,1.710
41.4,1.710
41.4,1.710
41.4,1.710
41.4,1.710
41.4,1.710
41.4,1.710
41.4,1.710
41.4,1.710
41.4,1.710
41.4,1.710
41.4,1.710
41.4,1.710
41.4,1.710
41.4,1.710
41.4,1.710
41.4,1.710
41.4,1.710
41.4,1.710
41.4,1.710
41.4,1.710
41.4,1.710
41.4,1.710
41.4,1.710
41.4,1.710
41.4,1.710
41.4,1.710
41.4,1.710
41.4,1.710
41.4,1.710
41.4,1.710
41.4,1.710
41.4,1.710
41.4,1.710
41.4,1.710
41.4,1.715
41.4,1.715
41.4,1.715
41.4,1.715
41.4,1.715
41.4,1.715
41.4,1.715
41.4,1.715
41.4,1.715
41.4,1.715
41.4,1.715
41.4,1.715
41.4,1.715
41.4,1.715
41.4,1.715
41.4,1.715
41.4,1.715
41.4,1.715
41.5,1.715
41.5,1.715
41.5,1.715
41.5,1.715
41.5,1.715
41.5,1.715
41.5,1.715
41.5,1.715
41.5,1.715
41.5,1.715
41.5,1.715
41.5,1.715
41.5,1.715
41.5,1.715
41.5,1.720
41.5,1.720
41.5,1.720
41.5,1.720
41.5,1.720
41.5,1.720
41.5,1.720
41.5,1.720
41.5,1.720
41.5,1.720
41.5,1.720
41.5,1.720
41.5,1.720
41.5,1.720
41.5,1.720
41.5,1.720
41.5,1.720
41.5,1.720
41.5,1.720
41.5,1.720
41.5,1.720
41.5,1.720
41.5,1.720
41.5,1.720
41.5,1.720
41.5,1.720
41.5,1.720
41.5,1.720
41.5,1.720
41.5,1.720
41.5,1.720
41.5,1.720
41.5,1.720
41.5,1.720
41.5,1.725
41.5,1.725
41.5,1.725
41.5,1.725
41.5,1.725
41.5,1.725
41.5,1.725
41.4,1.725
41.4,1.725
41.4,1.725
41.4,1.725
41.4,1.725
41.4,1.725
41.4,1.725
41.4,1.725
41.4,1.725
41.4,1.725
41.4,1.725
41.4,1.725
41.4,1.725
41.4,1.725
41.4,1.725
41.4,1.725
41.4,1.725
41.4,1.725
41.4,1.725
41.4,1.725
41.4,1.725
41.4,1.725
41.4,1.725
41.4,1.725
41.4,1.725
41.4,1.730
41.4,1.730
41.4,1.730
41.4,1.730
41.4,1.730
41.4,1.730
41.4,1.730
41.4,1.730
41.4,1.730
41.4,1.730
41.4,1.730
41.4,1.730
41.4,1.730
41.4,1.730
41.4,1.730
41.4,1.730
41.4,1.730
41.4,1.730
41.4,1.730
41.5,1.730
41.5,1.730
41.5,1.730
41.5,1.730
41.5,1.730
41.5,1.730
41.5,1.730
41.5,1.730
41.5,1.730
41.5,1.730
41.5,1.735
41.5,1.735
41.5,1.735
41.5,1.735
41.5,1.735
41.5,1.735
41.4,1.735
41.4,1.735
41.4,1.735
41.4,1.735
41.4,1.735
41.4,1.735
41.4,1.735
41.4,1.735
41.4,1.735
41.4,1.735
41.4,1.735
41.4,1.735
41.4,1.735
41.4,1.735
41.4,1.735
41.4,1.735
41.4,1.735
41.4,1.735
41.4,1.735
41.4,1.735
41.4,1.735
41.4,1.735
41.4,1.740
41.4,1.740
41.4,1.740
41.4,1.740
41.4,1.740
41.4,1.740
41.4,1.740
41.4,1.740
41.4,1.740
41.4,1.740
41.4,1.740
41.4,1.740
41.4,1.740
41.4,1.740
41.4,1.740
41.4,1.740
41.4,1.740
41.4,1.740
41.4,1.740
41.4,1.740
41.4,1.740
41.4,1.740
41.4,1.740
41.4,1.740
41.4,1.740
41.4,1.740
41.4,1.740
41.4,1.745
41.4,1.745
41.5,1.745
41.5,1.745
41.5,1.745
41.5,1.745
41.5,1.745
41.5,1.745
41.5,1.745
41.5,1.745
41.5,1.745
41.5,1.745
41.5,1.745
41.5,1.745
41.5,1.745
41.5,1.745
41.5,1.745
41.5,1.745
41.5,1.745
41.5,1.745
41.5,1.745
41.5,1.745
41.5,1.745
41.5,1.745
41.5,1.745
41.5,1.745
41.5,1.745
41.5,1.750
41.5,1.750
41.5,1.750
41.5,1.750
41.5,1.750
41.5,1.750
41.5,1.750
41.5,1.750
41.5,1.750
41.5,1.750
41.5,1.750
41.5,1.750
41.5,1.750
41.5,1.750
41.5,1.750
41.5,1.750
41.5,1.750
41.5,1.750
41.5,1.750
41.5,1.750
41.5,1.750
41.5,1.750
41.5,1.750
41.5,1.750
41.5,1.750
41.5,1.755
41.5,1.755
41.5,1.755
41.5,1.755
41.6,1.755
41.6,1.755
41.6,1.755
41.6,1.755
41.6,1.755
41.6,1.755
41.6,1.755
41.6,1.755
41.6,1.755
41.6,1.755
41.6,1.755
41.6,1.755
41.6,1.755
41.6,1.755
41.6,1.755
41.6,1.755
41.6,1.755
41.6,1.755
41.6,1.755
41.6,1.755
41.6,1.755
41.6,1.755
41.6,1.755
41.6,1.755
41.6,1.760
41.6,1.760
41.6,1.760
41.6,1.760
41.6,1.760
41.6,1.760
41.6,1.760
41.6,1.760
41.6,1.760
41.6,1.760
41.6,1.760
41.6,1.760
41.6,1.760
41.6,1.760
41.6,1.760
41.6,1.760
41.6,1.760
41.6,1.760
41.6,1.760
41.6,1.760
41.6,1.760
41.6,1.760
41.6,1.760
41.6,1.760
41.6,1.760
41.6,1.760
41.6,1.760
41.6,1.765
41.6,1.765
41.6,1.765
41.6,1.765
41.6,1.765
41.6,1.765
41.6,1.765
41.6,1.765
41.6,1.765
41.6,1.765
41.6,1.765
41.6,1.765
41.6,1.765
41.6,1.765
41.6,1.765
41.6,1.765
41.6,1.765
41.6,1.765
41.6,1.765
41.6,1.765
41.6,1.765
41.6,1.765
41.6,1.765
41.6,1.765
41.6,1.765
41.6,1.765
41.6,1.765
41.6,1.765
41.6,1.765
41.6,1.770
41.6,1.770
41.7,1.770
41.7,1.770
41.7,1.770
41.7,1.770
41.7,1.770
41.7,1.770
41.7,1.770
41.7,1.770
41.7,1.770
41.7,1.770
41.7,1.770
41.7,1.770
41.7,1.770
41.7,1.770
41.7,1.770
41.7,1.770
41.7,1.770
41.7,1.770
41.7,1.770
41.7,1.770
41.7,1.770
41.7,1.770
41.7,1.770
41.7,1.770
41.7,1.770
41.7,1.770
41.7,1.770
41.7,1.775
41.7,1.775
41.7,1.775
41.7,1.775
41.7,1.775
41.7,1.775
41.7,1.775
41.7,1.775
41.7,1.775
41.7,1.775
41.7,1.775
41.7,1.775
41.7,1.775
41.7,1.775
41.7,1.775
41.7,1.775
41.8,1.775
41.8,1.775
41.8,1.775
41.8,1.775
41.8,1.775
41.8,1.775
41.8,1.775
41.8,1.775
41.8,1.775
41.8,1.775
41.8,1.775
41.8,1.775
41.8,1.780
41.8,1.780
41.8,1.780
41.8,1.780
41.8,1.780
41.8,1.780
41.8,1.780
41.8,1.780
41.8,1.780
41.8,1.780
41.8,1.780
41.8,1.780
41.8,1.780
41.8,1.780
41.8,1.780
41.8,1.780
41.8,1.780
41.8,1.780
41.8,1.780
41.8,1.780
41.8,1.780
41.8,1.780
41.8,1.780
41.8,1.780
41.8,1.780
41.8,1.780
41.8,1.780
41.8,1.780
41.8,1.780
41.8,1.780
41.8,1.780
41.8,1.785
41.8,1.785
41.8,1.785
41.8,1.785
41.8,1.785
41.8,1.785
41.8,1.785
41.8,1.785
41.8,1.785
41.8,1.785
41.8,1.785
41.8,1.785
41.8,1.785
41.8,1.785
41.8,1.785
41.8,1.785
41.8,1.785
41.8,1.785
41.8,1.785
41.8,1.785
41.8,1.785
41.8,1.785
41.8,1.785
41.8,1.785
41.8,1.785
41.8,1.785
41.8,1.785
41.8,1.785
41.8,1.785
41.8,1.785
41.8,1.785
41.8,1.790
41.8,1.790
41.8,1.790
41.8,1.790
41.8,1.790
41.8,1.790
41.8,1.790
41.8,1.790
41.8,1.790
41.8,1.790
41.8,1.790
41.8,1.790
41.8,1.790
41.8,1.790
41.8,1.790
41.8,1.790
41.8,1.790
41.8,1.790
41.8,1.790
41.9,1.790
41.9,1.790
41.9,1.790
41.9,1.790
41.9,1.790
41.9,1.790
41.9,1.790
41.9,1.790
41.9,1.790
41.9,1.790
41.9,1.795
41.9,1.795
41.9,1.795
41.9,1.795
41.9,1.795
41.9,1.795
41.9,1.795
41.9,1.795
41.9,1.795
41.9,1.795
41.9,1.795
41.9,1.795
41.9,1.795
41.9,1.795
41.9,1.795
41.9,1.795
41.9,1.795
41.9,1.795
41.9,1.795
41.9,1.795
41.9,1.795
41.9,1.795
41.9,1.795
41.9,1.795
41.9,1.795
41.9,1.795
41.9,1.800
41.9,1.800
41.9,1.800
41.9,1.800
41.9,1.800
41.9,1.800
41.9,1.800
41.9,1.800
41.9,1.800
41.9,1.800
41.9,1.800
41.9,1.800
41.9,1.800
41.9,1.800
41.9,1.800
41.9,1.800
41.9,1.800
41.9,1.800
41.9,1.800
41.9,1.800
41.9,1.800
41.9,1.800
41.9,1.800
41.9,1.800
41.9,1.800
41.9,1.800
41.9,1.800
41.9,1.800
41.9,1.800
41.9,1.805
41.9,1.805
41.9,1.805
41.9,1.805
41.9,1.805
41.9,1.805
41.9,1.805
41.9,1.805
41.9,1.805
41.9,1.805
41.9,1.805
41.9,1.805
41.9,1.805
41.9,1.805
41.9,1.805
41.9,1.805
41.9,1.805
41.9,1.805
41.9,1.805
41.9,1.805
41.9,1.805
41.9,1.805
41.9,1.805
41.9,1.805
41.9,1.805
41.9,1.805
41.9,1.805
41.9,1.805
41.9,1.805
41.9,1.810
41.9,1.810
41.9,1.810
41.9,1.810
41.9,1.810
41.9,1.810
41.9,1.810
41.9,1.810
41.9,1.810
41.9,1.810
41.9,1.810
41.9,1.810
41.9,1.810
41.9,1.810
41.9,1.810
41.9,1.810
41.9,1.810
41.9,1.810
41.9,1.810
41.9,1.810
41.9,1.810
41.9,1.810
41.9,1.810
41.9,1.810
41.9,1.810
41.9,1.810
41.9,1.810
41.9,1.815
41.9,1.815
41.9,1.815
41.9,1.815
41.9,1.815
41.9,1.815
41.9,1.815
41.9,1.815
41.9,1.815
41.9,1.815
41.9,1.815
41.9,1.815
41.9,1.815
41.9,1.815
41.9,1.815
41.9,1.815
41.9,1.815
41.9,1.815
41.9,1.815
41.9,1.815
41.9,1.815
41.9,1.815
41.9,1.815
41.9,1.815
41.9,1.815
41.9,1.815
41.9,1.815
41.9,1.815
41.9,1.815
41.9,1.820
41.9,1.820
41.9,1.820
41.9,1.820
41.9,1.820
41.9,1.820
41.9,1.820
41.9,1.820
41.9,1.820
41.9,1.820
41.9,1.820
41.9,1.820
41.9,1.820
41.9,1.820
41.9,1.820
41.9,1.820
41.9,1.820
41.9,1.820
41.9,1.820
41.9,1.820
41.9,1.820
41.9,1.820
41.9,1.820
41.9,1.820
41.9,1.820
41.9,1.820
41.9,1.820
41.9,1.820
41.9,1.820
41.9,1.820
41.9,1.820
41.9,1.825
42.0,1.825
42.0,1.825
42.0,1.825
42.0,1.825
42.0,1.825
42.0,1.825
42.0,1.825
42.0,1.825
42.0,1.825
42.0,1.825
42.0,1.825
42.0,1.825
42.0,1.825
42.0,1.825
42.0,1.825
42.0,1.825
42.0,1.825
42.0,1.825
42.0,1.825
42.0,1.825
42.0,1.825
42.0,1.825
42.0,1.825
42.0,1.825
42.0,1.825
42.0,1.825
42.0,1.825
42.0,1.825
42.0,1.825
42.0,1.825
42.0,1.825
42.0,1.830
42.0,1.830
42.0,1.830
42.0,1.830
42.0,1.830
42.0,1.830
42.0,1.830
42.0,1.830
42.0,1.830
42.0,1.830
42.0,1.830
42.0,1.830
42.0,1.830
42.0,1.830
42.0,1.830
42.0,1.830
42.0,1.830
42.0,1.830
42.0,1.830
42.0,1.830
42.0,1.830
42.0,1.830
42.0,1.830
42.0,1.830
42.0,1.830
42.0,1.830
42.0,1.830
42.0,1.830
42.0,1.830
42.0,1.830
42.0,1.830
42.0,1.835
42.0,1.835
42.0,1.835
42.0,1.835
42.0,1.835
42.0,1.835
42.0,1.835
42.0,1.835
42.0,1.835
42.0,1.835
42.0,1.835
42.0,1.835
42.0,1.835
42.0,1.835
42.0,1.835
42.0,1.835
42.0,1.835
42.0,1.835
42.0,1.835
42.0,1.835
42.0,1.835
42.0,1.835
42.0,1.835
42.0,1.835
42.0,1.835
42.0,1.835
42.0,1.835
42.0,1.835
42.0,1.835
42.0,1.835
42.0,1.835
42.0,1.835
42.0,1.835
42.0,1.840
42.0,1.840
42.0,1.840
42.0,1.840
42.0,1.840
42.0,1.840
42.0,1.840
42.0,1.840
42.0,1.840
42.0,1.840
42.0,1.840
42.0,1.840
42.0,1.840
42.0,1.840
42.0,1.840
42.0,1.840
42.0,1.840
42.0,1.840
42.1,1.840
42.1,1.840
42.1,1.840
42.1,1.840
42.1,1.840
42.1,1.840
42.1,1.840
42.1,1.840
42.1,1.840
42.1,1.840
42.1,1.840
42.1,1.840
42.1,1.840
42.1,1.845
42.1,1.845
42.1,1.845
42.1,1.845
42.1,1.845
42.1,1.845
42.1,1.845
42.1,1.845
42.1,1.845
42.1,1.845
42.1,1.845
42.1,1.845
42.1,1.845
42.1,1.845
42.1,1.845
42.1,1.845
42.1,1.845
42.1,1.845
42.1,1.845
42.1,1.845
42.1,1.845
42.1,1.845
42.1,1.845
42.1,1.845
42.0,1.845
42.0,1.845
42.0,1.845
42.0,1.845
42.0,1.845
42.0,1.845
42.0,1.845
42.0,1.845
42.0,1.850
42.0,1.850
42.0,1.850
42.0,1.850
42.0,1.850
42.0,1.850
42.0,1.850
42.0,1.850
42.0,1.850
42.0,1.850
42.0,1.850
42.0,1.850
42.0,1.850
42.0,1.850
42.0,1.850
42.0,1.850
42.0,1.850
42.0,1.850
42.0,1.850
42.0,1.850
42.0,1.850
42.0,1.850
42.0,1.850
42.0,1.850
42.0,1.850
42.0,1.850
42.0,1.850
42.0,1.850
42.0,1.850
42.0,1.850
42.0,1.855
42.0,1.855
42.0,1.855
42.0,1.855
42.0,1.855
42.0,1.855
42.0,1.855
42.0,1.855
42.0,1.855
42.0,1.855
42.0,1.855
42.0,1.855
42.0,1.855
42.0,1.855
42.0,1.855
42.0,1.855
42.0,1.855
42.0,1.855
42.0,1.855
42.0,1.855
42.0,1.855
42.0,1.855
42.0,1.855
42.0,1.855
42.0,1.855
42.0,1.855
42.0,1.855
42.0,1.855
42.0,1.855
42.0,1.855
42.0,1.860
42.0,1.860
42.0,1.860
42.0,1.860
42.0,1.860
42.0,1.860
42.0,1.860
42.0,1.860
42.0,1.860
42.0,1.860
42.0,1.860
42.0,1.860
42.0,1.860
42.0,1.860
42.0,1.860
42.0,1.860
42.0,1.860
42.0,1.860
42.0,1.860
42.0,1.860
42.0,1.860
42.0,1.860
42.0,1.860
42.0,1.860
42.1,1.860
42.1,1.860
42.1,1.860
42.1,1.860
42.1,1.860
42.1,1.860
42.1,1.860
42.1,1.860
42.1,1.865
42.1,1.865
42.1,1.865
42.1,1.865
42.1,1.865
42.1,1.865
42.1,1.865
42.1,1.865
42.1,1.865
42.1,1.865
42.1,1.865
42.1,1.865
42.1,1.865
42.1,1.865
42.1,1.865
42.1,1.865
42.1,1.865
42.1,1.865
42.1,1.865
42.1,1.865
42.1,1.865
42.1,1.865
42.1,1.865
42.1,1.865
42.1,1.865
42.1,1.865
42.1,1.865
42.1,1.865
42.1,1.865
42.1,1.865
42.1,1.865
42.1,1.870
42.1,1.870
42.1,1.870
42.1,1.870
42.1,1.870
42.1,1.870
42.1,1.870
42.1,1.870
42.1,1.870
42.1,1.870
42.1,1.870
42.1,1.870
42.1,1.870
42.1,1.870
42.1,1.870
42.1,1.870
42.1,1.870
42.1,1.870
42.1,1.870
42.1,1.870
42.1,1.870
42.1,1.870
42.1,1.870
42.1,1.870
42.1,1.870
42.1,1.870
42.1,1.870
42.1,1.870
42.1,1.870
42.1,1.870
42.1,1.875
42.1,1.875
42.1,1.875
42.1,1.875
42.1,1.875
42.1,1.875
42.1,1.875
42.1,1.875
42.1,1.875
42.1,1.875
42.1,1.875
42.1,1.875
42.1,1.875
42.1,1.875
42.1,1.875
42.1,1.875
42.1,1.875
42.1,1.875
42.1,1.875
42.1,1.875
42.1,1.875
42.1,1.875
42.1,1.875
42.1,1.875
42.1,1.875
42.1,1.875
42.0,1.875
42.0,1.880
42.0,1.880
42.0,1.880
42.0,1.880
42.0,1.880
42.0,1.880
42.0,1.880
42.0,1.880
42.0,1.880
42.0,1.880
42.0,1.880
42.0,1.880
42.0,1.880
42.0,1.880
42.0,1.880
42.0,1.880
42.0,1.880
42.0,1.880
42.0,1.880
42.0,1.880
42.0,1.880
42.0,1.880
42.0,1.880
42.0,1.880
42.0,1.880
42.0,1.880
42.0,1.880
42.0,1.880
42.0,1.880
42.0,1.880
42.0,1.885
42.0,1.885
42.0,1.885
42.0,1.885
42.0,1.885
42.0,1.885
42.0,1.885
42.0,1.885
42.0,1.885
42.0,1.885
42.0,1.885
42.0,1.885
42.0,1.885
42.0,1.885
42.0,1.885
42.0,1.885
42.0,1.885
42.0,1.885
42.0,1.885
42.0,1.885
42.0,1.885
42.0,1.885
42.0,1.885
42.0,1.885
42.0,1.885
42.0,1.885
42.0,1.885
42.0,1.885
42.0,1.885
42.0,1.885
42.0,1.885
42.0,1.890
42.0,1.890
42.0,1.890
42.0,1.890
42.0,1.890
42.0,1.890
42.0,1.890
42.0,1.890
42.0,1.890
42.0,1.890
42.0,1.890
42.0,1.890
42.0,1.890
42.0,1.890
42.0,1.890
42.0,1.890
42.0,1.890
42.0,1.890
42.0,1.890
42.0,1.890
42.0,1.890
42.0,1.890
42.0,1.890
42.0,1.890
42.0,1.890
42.0,1.890
42.0,1.890
42.0,1.890
42.0,1.890
42.0,1.895
42.0,1.895
42.0,1.895
42.0,1.895
42.0,1.895
42.0,1.895
42.0,1.895
42.0,1.895
42.0,1.895
42.1,1.895
42.1,1.895
42.1,1.895
42.1,1.895
42.1,1.895
42.1,1.895
42.1,1.895
42.1,1.895
42.1,1.895
42.1,1.895
42.1,1.895
42.1,1.895
42.1,1.895
42.1,1.895
42.1,1.895
42.1,1.895
42.1,1.895
42.1,1.895
42.1,1.895
42.1,1.895
42.1,1.900
42.1,1.900
42.1,1.900
42.1,1.900
42.1,1.900
42.1,1.900
42.1,1.900
42.1,1.900
42.1,1.900
42.1,1.900
42.1,1.900
42.1,1.900
42.1,1.900
42.1,1.900
42.1,1.900
42.1,1.900
42.1,1.900
42.1,1.900
42.1,1.900
42.1,1.900
42.1,1.900
42.1,1.900
42.1,1.900
42.1,1.900
42.1,1.900
42.1,1.900
42.1,1.900
42.1,1.900
42.1,1.900
42.1,1.900
42.1,1.900
42.1,1.905
42.1,1.905
42.1,1.905
42.1,1.905
42.1,1.905
42.1,1.905
42.1,1.905
42.1,1.905
42.1,1.905
42.1,1.905
42.1,1.905
42.1,1.905
42.1,1.905
42.1,1.905
42.1,1.905
42.1,1.905
42.1,1.905
42.1,1.905
42.1,1.905
42.1,1.905
42.1,1.905
42.1,1.905
42.1,1.905
42.1,1.905
42.1,1.905
42.1,1.905
42.1,1.905
42.1,1.905
42.1,1.905
42.1,1.905
42.1,1.905
42.1,1.910
42.1,1.910
42.1,1.910
42.1,1.910
42.1,1.910
42.1,1.910
42.1,1.910
42.1,1.910
42.1,1.910
42.1,1.910
42.1,1.910
42.1,1.910
42.1,1.910
42.1,1.910
42.1,1.910
42.1,1.910
42.1,1.910
42.1,1.910
42.1,1.910
42.1,1.910
42.1,1.910
42.1,1.910
42.1,1.910
42.1,1.910
42.1,1.910
42.1,1.910
42.1,1.910
42.1,1.910
42.1,1.910
42.1,1.910
42.1,1.910
42.1,1.915
42.1,1.915
42.1,1.915
42.1,1.915
42.1,1.915
42.1,1.915
42.1,1.915
42.1,1.915
42.1,1.915
42.1,1.915
42.1,1.915
42.1,1.915
42.1,1.915
42.1,1.915
42.1,1.915
42.1,1.915
42.1,1.915
42.1,1.915
42.1,1.915
42.1,1.915
42.1,1.915
42.1,1.915
42.1,1.915
42.1,1.915
42.1,1.915
42.1,1.915
42.1,1.915
42.1,1.915
42.1,1.915
42.1,1.915
42.1,1.915
42.1,1.915
42.1,1.915
42.1,1.915
42.1,1.920
42.1,1.920
42.1,1.920
42.1,1.920
42.1,1.920
42.1,1.920
42.1,1.920
42.1,1.920
42.1,1.920
42.1,1.920
42.1,1.920
42.1,1.920
42.1,1.920
42.1,1.920
42.1,1.920
42.1,1.920
42.1,1.920
42.1,1.920
42.1,1.920
42.1,1.920
42.1,1.920
42.1,1.920
42.1,1.920
42.1,1.920
42.1,1.920
42.1,1.920
42.1,1.920
42.1,1.920
42.1,1.920
42.1,1.920
42.1,1.920
42.1,1.920
42.1,1.920
42.1,1.920
42.1,1.920
42.1,1.920
42.1,1.925
42.1,1.925
42.1,1.925
42.1,1.925
42.1,1.925
42.1,1.925
42.1,1.925
42.1,1.925
42.1,1.925
42.1,1.925
42.1,1.925
42.1,1.925
42.1,1.925
42.1,1.925
42.1,1.925
42.1,1.925
42.1,1.925
42.1,1.925
42.1,1.925
42.1,1.925
42.1,1.925
42.1,1.925
42.1,1.925
42.1,1.925
42.1,1.925
42.1,1.925
42.1,1.925
42.1,1.925
42.1,1.925
42.1,1.925
42.1,1.925
42.1,1.925
42.1,1.925
42.1,1.925
42.1,1.925
42.1,1.925
42.1,1.925
42.1,1.925
42.1,1.930
42.1,1.930
42.1,1.930
42.1,1.930
42.1,1.930
42.1,1.930
42.1,1.930
42.1,1.930
42.1,1.930
42.1,1.930
42.1,1.930
42.1,1.930
42.1,1.930
42.1,1.930
42.1,1.930
42.2,1.930
42.2,1.930
42.2,1.930
42.2,1.930
42.2,1.930
42.2,1.930
42.2,1.930
42.2,1.930
42.2,1.930
42.1,1.930
42.1,1.930
42.1,1.930
42.1,1.930
42.1,1.930
42.1,1.930
42.1,1.930
42.1,1.930
42.1,1.930
42.1,1.930
42.1,1.930
42.1,1.930
42.1,1.930
42.1,1.930
42.1,1.935
42.1,1.935
42.1,1.935
42.1,1.935
42.1,1.935
42.1,1.935
42.1,1.935
42.1,1.935
42.1,1.935
42.1,1.935
42.1,1.935
42.1,1.935
42.1,1.935
42.1,1.935
42.1,1.935
42.1,1.935
42.1,1.935
42.1,1.935
42.1,1.935
42.1,1.935
42.1,1.935
42.1,1.935
42.1,1.935
42.1,1.935
42.1,1.935
42.1,1.935
42.1,1.935
42.1,1.935
42.1,1.935
42.1,1.935
42.1,1.935
42.1,1.935
42.1,1.935
42.1,1.935
42.1,1.935
42.1,1.935
42.1,1.935
42.1,1.935
42.1,1.935
42.1,1.935
42.1,1.935
42.1,1.940
42.1,1.940
42.1,1.940
42.1,1.940
42.1,1.940
42.1,1.940
42.1,1.940
42.1,1.940
42.1,1.940
42.1,1.940
42.1,1.940
42.1,1.940
42.1,1.940
42.1,1.940
42.1,1.940
42.1,1.940
42.1,1.940
42.1,1.940
42.1,1.940
42.1,1.940
42.0,1.940
42.0,1.940
42.0,1.940
42.0,1.940
42.0,1.940
42.0,1.940
42.0,1.940
42.0,1.940
42.0,1.940
42.0,1.940
42.0,1.940
42.0,1.940
42.0,1.940
42.0,1.940
42.0,1.940
42.0,1.940
42.0,1.940
42.0,1.940
42.1,1.940
42.1,1.940
42.1,1.940
42.1,1.940
42.1,1.940
42.1,1.940
42.1,1.940
42.1,1.940
42.1,1.940
42.1,1.940
42.1,1.945
42.1,1.945
42.1,1.945
42.1,1.945
42.1,1.945
42.1,1.945
42.1,1.945
42.1,1.945
42.1,1.945
42.1,1.945
42.1,1.945
42.1,1.945
42.1,1.945
42.1,1.945
42.1,1.945
42.1,1.945
42.1,1.945
42.1,1.945
42.1,1.945
42.1,1.945
42.1,1.945
42.1,1.945
42.1,1.945
42.1,1.945
42.1,1.945
42.1,1.945
42.1,1.945
42.1,1.945
42.1,1.945
42.1,1.945
42.1,1.945
42.1,1.945
42.1,1.945
42.1,1.945
42.1,1.945
42.1,1.945
42.1,1.945
42.1,1.945
42.1,1.945
42.1,1.945
42.1,1.945
42.1,1.945
42.1,1.945
42.1,1.945
42.1,1.945
42.1,1.945
42.1,1.945
42.1,1.945
42.1,1.945
42.1,1.945
42.1,1.945
42.1,1.945
42.1,1.945
42.1,1.950
42.1,1.950
42.1,1.950
42.1,1.950
42.1,1.950
42.1,1.950
42.1,1.950
42.2,1.950
42.2,1.950
42.2,1.950
42.2,1.950
42.2,1.950
42.2,1.950
42.2,1.950
42.2,1.950
42.2,1.950
42.2,1.950
42.2,1.950
42.2,1.950
42.2,1.950
42.2,1.950
42.2,1.950
42.2,1.950
42.2,1.950
42.2,1.950
42.2,1.950
42.2,1.950
42.2,1.950
42.2,1.950
42.2,1.950
42.2,1.950
42.2,1.950
42.2,1.950
42.2,1.950
42.2,1.950
42.3,1.950
42.3,1.950
42.3,1.950
42.3,1.950
42.3,1.950
42.3,1.950
42.3,1.950
42.3,1.950
42.3,1.950
42.3,1.950
42.3,1.950
42.3,1.950
42.3,1.955
42.3,1.955
42.3,1.955
42.3,1.955
42.3,1.955
42.3,1.955
42.3,1.955
42.3,1.955
42.3,1.955
42.3,1.955
42.3,1.955
42.3,1.955
42.3,1.955
42.3,1.955
42.3,1.955
42.3,1.955
42.3,1.955
42.3,1.955
42.3,1.955
42.3,1.955
42.3,1.955
42.3,1.955
42.3,1.955
42.3,1.955
42.3,1.955
42.3,1.955
42.3,1.955
42.3,1.955
42.3,1.955
42.3,1.955
42.3,1.955
42.3,1.955
42.3,1.955
42.3,1.955
42.3,1.955
42.3,1.955
42.3,1.955
42.3,1.955
42.3,1.955
42.3,1.955
42.3,1.960
42.3,1.960
42.3,1.960
42.3,1.960
42.3,1.960
42.3,1.960
42.3,1.960
42.3,1.960
42.3,1.960
42.3,1.960
42.3,1.960
42.3,1.960
42.3,1.960
42.3,1.960
42.3,1.960
42.3,1.960
42.3,1.960
42.3,1.960
42.3,1.960
42.3,1.960
42.4,1.960
42.4,1.960
42.4,1.960
42.4,1.960
42.4,1.960
42.4,1.960
42.4,1.960
42.4,1.960
42.4,1.960
42.4,1.960
42.4,1.960
42.4,1.960
42.4,1.960
42.4,1.960
42.4,1.960
42.3,1.960
42.3,1.960
42.3,1.960
42.3,1.960
42.3,1.960
42.3,1.960
42.3,1.960
42.3,1.960
42.3,1.965
42.3,1.965
42.3,1.965
42.3,1.965
42.3,1.965
42.3,1.965
42.3,1.965
42.3,1.965
42.3,1.965
42.3,1.965
42.3,1.965
42.3,1.965
42.3,1.965
42.3,1.965
42.3,1.965
42.3,1.965
42.3,1.965
42.3,1.965
42.3,1.965
42.3,1.965
42.3,1.965
42.3,1.965
42.3,1.965
42.3,1.965
42.3,1.965
42.3,1.965
42.3,1.965
42.3,1.965
42.3,1.965
42.3,1.965
42.3,1.965
42.3,1.965
42.3,1.965
42.3,1.965
42.3,1.965
42.3,1.965
42.3,1.965
42.3,1.970
42.3,1.970
42.3,1.970
42.3,1.970
42.3,1.970
42.3,1.970
42.3,1.970
42.3,1.970
42.3,1.970
42.3,1.970
42.3,1.970
42.3,1.970
42.3,1.970
42.3,1.970
42.3,1.970
42.3,1.970
42.3,1.970
42.3,1.970
42.3,1.970
42.3,1.970
42.3,1.970
42.3,1.970
42.3,1.970
42.3,1.970
42.3,1.970
42.3,1.970
42.3,1.970
42.3,1.970
42.3,1.970
42.3,1.970
42.3,1.970
42.3,1.970
42.3,1.975
42.3,1.975
42.3,1.975
42.3,1.975
42.3,1.975
42.3,1.975
42.3,1.975
42.3,1.975
42.3,1.975
42.3,1.975
42.3,1.975
42.3,1.975
42.3,1.975
42.3,1.975
42.3,1.975
42.3,1.975
42.3,1.975
42.3,1.975
42.3,1.975
42.3,1.975
42.3,1.975
42.3,1.975
42.3,1.975
42.3,1.975
42.3,1.975
42.3,1.975
42.3,1.975
42.3,1.975
42.3,1.975
42.3,1.975
42.3,1.980
42.3,1.980
42.3,1.980
42.3,1.980
42.3,1.980
42.3,1.980
42.3,1.980
42.3,1.980
42.3,1.980
42.3,1.980
42.3,1.980
42.3,1.980
42.3,1.980
42.3,1.980
42.3,1.980
42.3,1.980
42.3,1.980
42.3,1.980
42.3,1.980
42.3,1.980
42.3,1.980
42.3,1.980
42.3,1.980
42.3,1.980
42.3,1.980
42.3,1.980
42.3,1.980
42.3,1.980
42.3,1.980
42.3,1.980
42.3,1.985
42.3,1.985
42.3,1.985
42.3,1.985
42.3,1.985
42.3,1.985
42.3,1.985
42.3,1.985
42.3,1.985
42.3,1.985
42.3,1.985
42.3,1.985
42.3,1.985
42.3,1.985
42.3,1.985
42.3,1.985
42.3,1.985
42.3,1.985
42.3,1.985
42.3,1.985
42.3,1.985
42.3,1.985
42.3,1.985
42.3,1.985
42.3,1.985
42.3,1.985
42.3,1.985
42.3,1.985
42.3,1.985
42.3,1.985
42.2,1.990
42.2,1.990
42.2,1.990
42.2,1.990
42.2,1.990
42.2,1.990
42.2,1.990
42.2,1.990
42.2,1.990
42.2,1.990
42.2,1.990
42.2,1.990
42.2,1.990
42.2,1.990
42.2,1.990
42.2,1.990
42.2,1.990
42.2,1.990
42.2,1.990
42.2,1.990
42.2,1.990
42.2,1.990
42.2,1.990
42.2,1.990
42.2,1.990
42.2,1.990
42.2,1.990
42.2,1.995
42.2,1.995
42.2,1.995
42.2,1.995
42.2,1.995
42.2,1.995
42.2,1.995
42.2,1.995
42.2,1.995
42.2,1.995
42.2,1.995
42.2,1.995
42.2,1.995
42.2,1.995
42.2,1.995
42.2,1.995
42.2,1.995
42.2,1.995
42.2,1.995
42.2,1.995
42.2,1.995
42.2,1.995
42.2,1.995
42.2,1.995
42.2,1.995
42.2,1.995
42.2,1.995
42.2,1.995
42.2,1.995
42.2,1.995
42.2,2.000
42.2,2.000
42.2,2.000
42.2,2.000
42.2,2.000
42.2,2.000
42.2,2.000
42.2,2.000
42.2,2.000
42.2,2.000
42.2,2.000
42.2,2.000
42.2,2.000
42.2,2.000
42.2,2.000
42.2,2.000
42.2,2.000
42.2,2.000
42.2,2.000
42.2,2.000
42.2,2.000
42.2,2.000
42.2,2.000
42.2,2.000
42.2,2.000
42.2,2.000
42.2,2.000
42.2,2.000
42.2,2.000
42.2,2.000
42.2,2.005
42.2,2.005
42.2,2.005
42.2,2.005
42.2,2.005
42.2,2.005
42.2,2.005
42.2,2.005
42.2,2.005
42.2,2.005
42.2,2.005
42.2,2.005
42.2,2.005
42.2,2.005
42.1,2.005
42.1,2.005
42.1,2.005
42.1,2.005
42.1,2.005
42.1,2.005
42.1,2.005
42.1,2.005
42.1,2.005
42.1,2.005
42.1,2.005
42.1,2.005
42.1,2.005
42.1,2.005
42.1,2.005
42.1,2.005
42.1,2.010
42.1,2.010
42.1,2.010
42.1,2.010
42.1,2.010
42.1,2.010
42.1,2.010
42.1,2.010
42.1,2.010
42.2,2.010
42.2,2.010
42.2,2.010
42.2,2.010
42.2,2.010
42.2,2.010
42.2,2.010
42.2,2.010
42.2,2.010
42.2,2.010
42.2,2.010
42.2,2.010
42.2,2.010
42.2,2.010
42.2,2.010
42.2,2.010
42.2,2.010
42.2,2.010
42.2,2.010
42.2,2.010
42.2,2.015
42.2,2.015
42.2,2.015
42.2,2.015
42.2,2.015
42.2,2.015
42.2,2.015
42.2,2.015
42.2,2.015
42.2,2.015
42.2,2.015
42.2,2.015
42.2,2.015
42.2,2.015
42.2,2.015
42.2,2.015
42.2,2.015
42.2,2.015
42.2,2.015
42.2,2.015
42.2,2.015
42.2,2.015
42.2,2.015
42.2,2.015
42.2,2.015
42.2,2.015
42.2,2.015
42.2,2.015
42.2,2.020
42.2,2.020
42.2,2.020
42.2,2.020
42.2,2.020
42.2,2.020
42.2,2.020
42.2,2.020
42.2,2.020
42.2,2.020
42.2,2.020
42.2,2.020
42.2,2.020
42.2,2.020
42.2,2.020
42.2,2.020
42.2,2.020
42.2,2.020
42.2,2.020
42.2,2.020
42.2,2.020
42.2,2.020
42.2,2.020
42.2,2.020
42.2,2.020
42.2,2.020
42.2,2.020
42.2,2.020
42.2,2.020
42.2,2.020
42.2,2.025
42.2,2.025
42.2,2.025
42.2,2.025
42.2,2.025
42.2,2.025
42.2,2.025
42.2,2.025
42.2,2.025
42.2,2.025
42.2,2.025
42.2,2.025
42.2,2.025
42.2,2.025
42.2,2.025
42.2,2.025
42.2,2.025
42.2,2.025
42.2,2.025
42.2,2.025
42.2,2.025
42.2,2.025
42.2,2.025
42.3,2.025
42.3,2.025
42.3,2.025
42.3,2.025
42.3,2.025
42.3,2.030
42.3,2.030
42.3,2.030
42.3,2.030
42.3,2.030
42.3,2.030
42.3,2.030
42.3,2.030
42.2,2.030
42.2,2.030
42.2,2.030
42.2,2.030
42.2,2.030
42.2,2.030
42.2,2.030
42.2,2.030
42.2,2.030
42.2,2.030
42.2,2.030
42.2,2.030
42.2,2.030
42.2,2.030
42.2,2.030
42.2,2.030
42.2,2.030
42.2,2.030
42.2,2.030
42.2,2.030
42.2,2.035
42.2,2.035
42.2,2.035
42.2,2.035
42.2,2.035
42.2,2.035
42.2,2.035
42.2,2.035
42.2,2.035
42.2,2.035
42.2,2.035
42.2,2.035
42.2,2.035
42.2,2.035
42.2,2.035
42.2,2.035
42.2,2.035
42.2,2.035
42.2,2.035
42.2,2.035
42.2,2.035
42.2,2.035
42.2,2.035
42.2,2.035
42.2,2.035
42.2,2.040
42.2,2.040
42.2,2.040
42.2,2.040
42.2,2.040
42.2,2.040
42.2,2.040
42.2,2.040
42.2,2.040
42.2,2.040
42.2,2.040
42.2,2.040
42.2,2.040
42.2,2.040
42.2,2.040
42.2,2.040
42.2,2.040
42.2,2.040
42.2,2.040
42.2,2.040
42.2,2.040
42.2,2.040
42.1,2.040
42.1,2.040
42.1,2.040
42.1,2.040
42.1,2.040
42.1,2.040
42.1,2.045
42.1,2.045
42.1,2.045
42.2,2.045
42.2,2.045
42.2,2.045
42.2,2.045
42.2,2.045
42.2,2.045
42.2,2.045
42.2,2.045
42.2,2.045
42.2,2.045
42.2,2.045
42.2,2.045
42.2,2.045
42.2,2.045
42.2,2.045
42.2,2.045
42.2,2.045
42.2,2.045
42.2,2.045
42.2,2.045
42.2,2.045
42.2,2.045
42.1,2.045
42.1,2.045
42.1,2.050
42.1,2.050
42.1,2.050
42.1,2.050
42.1,2.050
42.1,2.050
42.1,2.050
42.1,2.050
42.1,2.050
42.1,2.050
42.1,2.050
42.1,2.050
42.1,2.050
42.1,2.050
42.1,2.050
42.1,2.050
42.1,2.050
42.1,2.050
42.1,2.050
42.1,2.050
42.1,2.050
42.1,2.050
42.1,2.050
42.1,2.050
42.1,2.050
42.1,2.050
42.1,2.055
42.1,2.055
42.1,2.055
42.1,2.055
42.1,2.055
42.1,2.055
42.1,2.055
42.1,2.055
42.1,2.055
42.1,2.055
42.1,2.055
42.1,2.055
42.1,2.055
42.1,2.055
42.1,2.055
42.1,2.055
42.1,2.055
42.1,2.055
42.1,2.055
42.1,2.055
42.1,2.055
42.1,2.055
42.1,2.055
42.1,2.055
42.1,2.055
42.1,2.060
42.1,2.060
42.1,2.060
42.1,2.060
42.1,2.060
42.1,2.060
42.1,2.060
42.1,2.060
42.1,2.060
42.1,2.060
42.1,2.060
42.1,2.060
42.1,2.060
42.1,2.060
42.1,2.060
42.1,2.060
42.1,2.060
42.1,2.060
42.1,2.060
42.1,2.060
42.1,2.060
42.1,2.060
42.1,2.060
42.1,2.060
42.1,2.060
42.1,2.060
42.1,2.060
42.1,2.065
42.1,2.065
42.1,2.065
42.1,2.065
42.1,2.065
42.1,2.065
42.1,2.065
42.1,2.065
42.1,2.065
42.1,2.065
42.1,2.065
42.1,2.065
42.1,2.065
42.1,2.065
42.1,2.065
42.1,2.065
42.1,2.065
42.1,2.065
42.1,2.065
42.1,2.065
42.1,2.065
42.1,2.065
42.1,2.065
42.1,2.065
42.1,2.065
42.1,2.065
42.1,2.070
42.1,2.070
42.1,2.070
42.1,2.070
42.1,2.070
42.1,2.070
42.1,2.070
42.1,2.070
42.1,2.070
42.1,2.070
42.1,2.070
42.1,2.070
42.1,2.070
42.1,2.070
42.1,2.070
42.1,2.070
42.1,2.070
42.1,2.070
42.1,2.070
42.1,2.070
42.1,2.070
42.1,2.070
42.1,2.070
42.1,2.070
42.1,2.070
42.1,2.070
42.1,2.075
42.1,2.075
42.2,2.075
42.2,2.075
42.2,2.075
42.2,2.075
42.2,2.075
42.2,2.075
42.2,2.075
42.2,2.075
42.2,2.075
42.2,2.075
42.2,2.075
42.2,2.075
42.2,2.075
42.2,2.075
42.2,2.075
42.2,2.075
42.2,2.075
42.2,2.075
42.2,2.075
42.2,2.075
42.2,2.075
42.2,2.075
42.2,2.075
42.2,2.075
42.2,2.075
42.2,2.075
42.2,2.080
42.2,2.080
42.2,2.080
42.2,2.080
42.2,2.080
42.2,2.080
42.2,2.080
42.2,2.080
42.2,2.080
42.1,2.080
42.1,2.080
42.1,2.080
42.1,2.080
42.1,2.080
42.1,2.080
42.1,2.080
42.1,2.080
42.1,2.080
42.1,2.080
42.1,2.080
42.1,2.080
42.2,2.080
42.2,2.080
42.2,2.080
42.2,2.080
42.2,2.080
42.2,2.080
42.2,2.085
42.2,2.085
42.2,2.085
42.2,2.085
42.2,2.085
42.2,2.085
42.2,2.085
42.2,2.085
42.2,2.085
42.2,2.085
42.2,2.085
42.2,2.085
42.2,2.085
42.2,2.085
42.2,2.085
42.2,2.085
42.2,2.085
42.2,2.085
42.2,2.085
42.2,2.085
42.2,2.085
42.2,2.085
42.2,2.085
42.2,2.085
42.2,2.085
42.2,2.085
42.2,2.085
42.2,2.085
42.2,2.090
42.2,2.090
42.2,2.090
42.2,2.090
42.2,2.090
42.2,2.090
42.2,2.090
42.2,2.090
42.2,2.090
42.2,2.090
42.2,2.090
42.2,2.090
42.2,2.090
42.2,2.090
42.2,2.090
42.2,2.090
42.2,2.090
42.2,2.090
42.2,2.090
42.2,2.090
42.2,2.090
42.2,2.090
42.2,2.090
42.2,2.090
42.2,2.090
42.2,2.090
42.2,2.095
42.2,2.095
42.2,2.095
42.2,2.095
42.2,2.095
42.2,2.095
42.2,2.095
42.2,2.095
42.2,2.095
42.2,2.095
42.2,2.095
42.2,2.095
42.2,2.095
42.2,2.095
42.2,2.095
42.2,2.095
42.2,2.095
42.2,2.095
42.2,2.095
42.2,2.095
42.2,2.095
42.2,2.095
42.2,2.095
42.2,2.095
42.2,2.100
42.2,2.100
42.2,2.100
42.2,2.100
42.2,2.100
42.2,2.100
42.2,2.100
42.2,2.100
42.2,2.100
42.2,2.100
42.2,2.100
42.2,2.100
42.2,2.100
42.2,2.100
42.2,2.100
42.2,2.100
42.2,2.100
42.2,2.100
42.2,2.100
42.2,2.100
42.2,2.100
42.2,2.100
42.2,2.100
42.2,2.100
42.2,2.100
42.2,2.105
42.2,2.105
42.2,2.105
42.2,2.105
42.2,2.105
42.2,2.105
42.2,2.105
42.2,2.105
42.2,2.105
42.2,2.105
42.2,2.105
42.2,2.105
42.2,2.105
42.2,2.105
42.2,2.105
42.2,2.105
42.2,2.105
42.2,2.105
42.2,2.105
42.2,2.105
42.2,2.105
42.2,2.105
42.2,2.105
42.2,2.105
42.2,2.110
42.2,2.110
42.2,2.110
42.2,2.110
42.2,2.110
42.2,2.110
42.2,2.110
42.2,2.110
42.1,2.110
42.1,2.110
42.1,2.110
42.1,2.110
42.1,2.110
42.1,2.110
42.1,2.110
42.1,2.110
42.1,2.110
42.1,2.110
42.1,2.110
42.1,2.110
42.1,2.110
42.1,2.110
42.1,2.110
42.1,2.110
42.1,2.115
42.1,2.115
42.1,2.115
42.1,2.115
42.1,2.115
42.1,2.115
42.1,2.115
42.1,2.115
42.1,2.115
42.1,2.115
42.1,2.115
42.1,2.115
42.1,2.115
42.1,2.115
42.1,2.115
42.1,2.115
42.1,2.115
42.1,2.115
42.1,2.115
42.1,2.115
42.1,2.115
42.1,2.115
42.1,2.120
42.1,2.120
42.1,2.120
42.1,2.120
42.1,2.120
42.1,2.120
42.1,2.120
42.1,2.120
42.1,2.120
42.1,2.120
42.1,2.120
42.1,2.120
42.1,2.120
42.1,2.120
42.1,2.120
42.1,2.120
42.1,2.120
42.1,2.120
42.1,2.120
42.1,2.120
42.1,2.120
42.1,2.120
42.1,2.120
42.1,2.120
42.1,2.120
42.1,2.125
42.1,2.125
42.1,2.125
42.1,2.125
42.1,2.125
42.1,2.125
42.1,2.125
42.1,2.125
42.1,2.125
42.1,2.125
42.1,2.125
42.1,2.125
42.1,2.125
42.1,2.125
42.1,2.125
42.1,2.125
42.1,2.125
42.1,2.125
42.1,2.125
42.1,2.125
42.1,2.125
42.1,2.125
42.1,2.125
42.1,2.125
42.1,2.130
42.1,2.130
42.1,2.130
42.1,2.130
42.1,2.130
42.1,2.130
42.1,2.130
42.1,2.130
42.1,2.130
42.1,2.130
42.1,2.130
42.1,2.130
42.1,2.130
42.1,2.130
42.1,2.130
42.1,2.130
42.1,2.130
42.1,2.130
42.1,2.130
42.2,2.130
42.2,2.130
42.2,2.130
42.2,2.130
42.2,2.130
42.2,2.135
42.2,2.135
42.2,2.135
42.2,2.135
42.2,2.135
42.2,2.135
42.2,2.135
42.2,2.135
42.2,2.135
42.2,2.135
42.2,2.135
42.2,2.135
42.2,2.135
42.2,2.135
42.2,2.135
42.2,2.135
42.2,2.135
42.2,2.135
42.2,2.135
42.2,2.135
42.2,2.135
42.2,2.135
42.2,2.135
42.2,2.135
42.2,2.140
42.2,2.140
42.2,2.140
42.2,2.140
42.2,2.140
42.2,2.140
42.2,2.140
42.2,2.140
42.2,2.140
42.2,2.140
42.2,2.140
42.2,2.140
42.2,2.140
42.2,2.140
42.2,2.140
42.2,2.140
42.2,2.140
42.2,2.140
42.2,2.140
42.2,2.140
42.2,2.140
42.2,2.140
42.2,2.140
42.2,2.140
42.2,2.140
42.2,2.140
42.2,2.145
42.2,2.145
42.2,2.145
42.2,2.145
42.2,2.145
42.2,2.145
42.2,2.145
42.2,2.145
42.2,2.145
42.2,2.145
42.2,2.145
42.2,2.145
42.2,2.145
42.2,2.145
42.2,2.145
42.2,2.145
42.2,2.145
42.2,2.145
42.2,2.145
42.2,2.145
42.2,2.145
42.2,2.145
42.2,2.145
42.2,2.145
42.2,2.145
42.2,2.145
42.2,2.145
42.2,2.150
42.2,2.150
42.2,2.150
42.2,2.150
42.2,2.150
42.2,2.150
42.2,2.150
42.2,2.150
42.2,2.150
42.2,2.150
42.2,2.150
42.2,2.150
42.2,2.150
42.2,2.150
42.2,2.150
42.2,2.150
42.2,2.150
42.2,2.150
42.2,2.150
42.2,2.150
42.2,2.150
42.2,2.150
42.2,2.150
42.2,2.150
42.2,2.150
42.2,2.155
42.2,2.155
42.2,2.155
42.2,2.155
42.2,2.155
42.2,2.155
42.2,2.155
42.2,2.155
42.2,2.155
42.2,2.155
42.2,2.155
42.2,2.155
42.2,2.155
42.2,2.155
42.2,2.155
42.2,2.155
42.2,2.155
42.2,2.155
42.2,2.155
42.2,2.155
42.2,2.155
42.2,2.155
42.2,2.155
42.2,2.155
42.2,2.155
42.2,2.155
42.2,2.155
42.2,2.155
42.2,2.155
42.2,2.160
42.2,2.160
42.2,2.160
42.2,2.160
42.2,2.160
42.2,2.160
42.2,2.160
42.2,2.160
42.2,2.160
42.2,2.160
42.2,2.160
42.2,2.160
42.3,2.160
42.3,2.160
42.3,2.160
42.3,2.160
42.3,2.160
42.3,2.160
42.3,2.160
42.3,2.160
42.3,2.160
42.3,2.160
42.3,2.160
42.3,2.160
42.3,2.160
42.3,2.160
42.3,2.160
42.3,2.160
42.3,2.165
42.3,2.165
42.3,2.165
42.3,2.165
42.3,2.165
42.3,2.165
42.3,2.165
42.3,2.165
42.3,2.165
42.3,2.165
42.3,2.165
42.3,2.165
42.3,2.165
42.3,2.165
42.3,2.165
42.3,2.165
42.3,2.165
42.4,2.165
42.4,2.165
42.4,2.165
42.4,2.165
42.4,2.165
42.4,2.165
42.4,2.165
42.4,2.165
42.4,2.165
42.4,2.165
42.4,2.165
42.4,2.170
42.4,2.170
42.4,2.170
42.4,2.170
42.4,2.170
42.4,2.170
42.4,2.170
42.4,2.170
42.4,2.170
42.4,2.170
42.4,2.170
42.4,2.170
42.4,2.170
42.4,2.170
42.4,2.170
42.4,2.170
42.4,2.170
42.4,2.170
42.4,2.170
42.4,2.170
42.4,2.170
42.4,2.170
42.4,2.170
42.4,2.170
42.4,2.170
42.4,2.170
42.4,2.170
42.4,2.175
42.4,2.175
42.4,2.175
42.4,2.175
42.3,2.175
42.3,2.175
42.3,2.175
42.3,2.175
42.3,2.175
42.3,2.175
42.3,2.175
42.3,2.175
42.3,2.175
42.3,2.175
42.3,2.175
42.3,2.175
42.4,2.175
42.4,2.175
42.4,2.175
42.4,2.175
42.4,2.175
42.4,2.175
42.4,2.175
42.4,2.175
42.4,2.175
42.4,2.175
42.4,2.180
42.4,2.180
42.4,2.180
42.4,2.180
42.4,2.180
42.4,2.180
42.4,2.180
42.4,2.180
42.4,2.180
42.4,2.180
42.4,2.180
42.4,2.180
42.4,2.180
42.4,2.180
42.4,2.180
42.4,2.180
42.4,2.180
42.4,2.180
42.4,2.180
42.4,2.180
42.4,2.180
42.4,2.180
42.4,2.180
42.4,2.180
42.4,2.180
42.4,2.185
42.4,2.185
42.4,2.185
42.4,2.185
42.4,2.185
42.4,2.185
42.4,2.185
42.4,2.185
42.4,2.185
42.4,2.185
42.4,2.185
42.4,2.185
42.4,2.185
42.4,2.185
42.4,2.185
42.4,2.185
42.4,2.185
42.4,2.185
42.4,2.185
42.4,2.185
42.4,2.185
42.4,2.185
42.4,2.185
42.4,2.185
42.4,2.185
42.4,2.190
42.4,2.190
42.4,2.190
42.4,2.190
42.4,2.190
42.4,2.190
42.4,2.190
42.4,2.190
42.4,2.190
42.4,2.190
42.4,2.190
42.4,2.190
42.4,2.190
42.4,2.190
42.4,2.190
42.4,2.190
42.4,2.190
42.4,2.190
42.4,2.190
42.4,2.190
42.4,2.190
42.4,2.190
42.4,2.190
42.4,2.190
42.4,2.195
42.4,2.195
42.4,2.195
42.4,2.195
42.4,2.195
42.4,2.195
42.4,2.195
42.4,2.195
42.4,2.195
42.4,2.195
42.4,2.195
42.4,2.195
42.4,2.195
42.4,2.195
42.4,2.195
42.4,2.195
42.4,2.195
42.4,2.195
42.4,2.195
42.4,2.195
42.4,2.195
42.5,2.195
42.5,2.195
42.5,2.200
42.5,2.200
42.5,2.200
42.5,2.200
42.5,2.200
42.5,2.200
42.5,2.200
42.5,2.200
42.5,2.200
42.5,2.200
42.5,2.200
42.5,2.200
42.5,2.200
42.5,2.200
42.5,2.200
42.5,2.200
42.5,2.200
42.5,2.200
42.5,2.200
42.5,2.200
42.5,2.200
42.5,2.200
42.5,2.200
42.5,2.200
42.5,2.205
42.5,2.205
42.5,2.205
42.5,2.205
42.5,2.205
42.5,2.205
42.5,2.205
42.5,2.205
42.5,2.205
42.5,2.205
42.5,2.205
42.5,2.205
42.5,2.205
42.5,2.205
42.5,2.205
42.5,2.205
42.5,2.205
42.5,2.205
42.5,2.205
42.5,2.205
42.5,2.205
42.5,2.205
42.5,2.205
42.5,2.205
42.5,2.205
42.5,2.205
42.5,2.210
42.5,2.210
42.5,2.210
42.5,2.210
42.5,2.210
42.5,2.210
42.5,2.210
42.5,2.210
42.5,2.210
42.5,2.210
42.5,2.210
42.5,2.210
42.5,2.210
42.5,2.210
42.5,2.210
42.5,2.210
42.5,2.210
42.5,2.210
42.5,2.210
42.5,2.210
42.5,2.210
42.5,2.210
42.5,2.210
42.5,2.210
42.5,2.215
42.5,2.215
42.5,2.215
42.5,2.215
42.5,2.215
42.5,2.215
42.5,2.215
42.5,2.215
42.5,2.215
42.5,2.215
42.5,2.215
42.5,2.215
42.5,2.215
42.5,2.215
42.5,2.215
42.5,2.215
42.5,2.215
42.5,2.215
42.5,2.215
42.5,2.215
42.5,2.215
42.5,2.215
42.5,2.215
42.5,2.215
42.5,2.215
42.5,2.215
42.5,2.220
42.5,2.220
42.5,2.220
42.5,2.220
42.5,2.220
42.5,2.220
42.5,2.220
42.5,2.220
42.5,2.220
42.5,2.220
42.5,2.220
42.5,2.220
42.5,2.220
42.5,2.220
42.5,2.220
42.5,2.220
42.5,2.220
42.5,2.220
42.5,2.220
42.5,2.220
42.5,2.220
42.5,2.220
42.5,2.220
42.5,2.220
42.5,2.220
42.5,2.220
42.5,2.225
42.5,2.225
42.5,2.225
42.5,2.225
42.5,2.225
42.5,2.225
42.5,2.225
42.5,2.225
42.5,2.225
42.5,2.225
42.5,2.225
42.5,2.225
42.5,2.225
42.5,2.225
42.5,2.225
42.5,2.225
42.5,2.225
42.5,2.225
42.4,2.225
42.4,2.225
42.4,2.225
42.4,2.225
42.4,2.225
42.4,2.225
42.4,2.225
42.5,2.225
42.5,2.225
42.5,2.230
42.5,2.230
42.5,2.230
42.5,2.230
42.5,2.230
42.5,2.230
42.5,2.230
42.5,2.230
42.5,2.230
42.5,2.230
42.5,2.230
42.5,2.230
42.5,2.230
42.5,2.230
42.5,2.230
42.5,2.230
42.5,2.230
42.5,2.230
42.5,2.230
42.5,2.230
42.5,2.230
42.5,2.230
42.5,2.230
42.5,2.230
42.5,2.230
42.5,2.230
42.5,2.235
42.5,2.235
42.5,2.235
42.5,2.235
42.5,2.235
42.5,2.235
42.5,2.235
42.5,2.235
42.5,2.235
42.5,2.235
42.5,2.235
42.6,2.235
42.6,2.235
42.6,2.235
42.6,2.235
42.6,2.235
42.6,2.235
42.6,2.235
42.6,2.235
42.6,2.235
42.6,2.235
42.6,2.235
42.6,2.235
42.6,2.235
42.6,2.235
42.6,2.235
42.6,2.235
42.6,2.235
42.6,2.240
42.5,2.240
42.5,2.240
42.5,2.240
42.5,2.240
42.5,2.240
42.5,2.240
42.5,2.240
42.5,2.240
42.5,2.240
42.5,2.240
42.5,2.240
42.5,2.240
42.5,2.240
42.5,2.240
42.5,2.240
42.5,2.240
42.5,2.240
42.5,2.240
42.5,2.240
42.5,2.240
42.5,2.240
42.5,2.240
42.5,2.240
42.5,2.240
42.5,2.240
42.5,2.240
42.5,2.240
42.5,2.245
42.5,2.245
42.5,2.245
42.5,2.245
42.5,2.245
42.5,2.245
42.5,2.245
42.5,2.245
42.5,2.245
42.5,2.245
42.5,2.245
42.5,2.245
42.5,2.245
42.5,2.245
42.5,2.245
42.5,2.245
42.5,2.245
42.5,2.245
42.5,2.245
42.5,2.245
42.5,2.245
42.5,2.245
42.5,2.245
42.5,2.245
42.6,2.245
42.6,2.245
42.6,2.245
42.6,2.245
42.6,2.245
42.6,2.250
42.6,2.250
42.6,2.250
42.6,2.250
42.6,2.250
42.6,2.250
42.6,2.250
42.6,2.250
42.6,2.250
42.6,2.250
42.6,2.250
42.6,2.250
42.6,2.250
42.6,2.250
42.6,2.250
42.6,2.250
42.6,2.250
42.6,2.250
42.6,2.250
42.6,2.250
42.6,2.250
42.6,2.250
42.6,2.250
42.6,2.250
42.6,2.250
42.6,2.250
42.6,2.250
42.6,2.255
42.6,2.255
42.6,2.255
42.6,2.255
42.6,2.255
42.6,2.255
42.6,2.255
42.6,2.255
42.6,2.255
42.6,2.255
42.6,2.255
42.6,2.255
42.6,2.255
42.6,2.255
42.6,2.255
42.6,2.255
42.6,2.255
42.6,2.255
42.6,2.255
42.6,2.255
42.6,2.255
42.6,2.255
42.6,2.255
42.6,2.255
42.6,2.255
42.6,2.255
42.6,2.260
42.6,2.260
42.6,2.260
42.6,2.260
42.6,2.260
42.6,2.260
42.6,2.260
42.6,2.260
42.6,2.260
42.6,2.260
42.6,2.260
42.6,2.260
42.6,2.260
42.6,2.260
42.6,2.260
42.6,2.260
42.6,2.260
42.6,2.260
42.7,2.260
42.7,2.260
42.7,2.260
42.7,2.260
42.7,2.260
42.7,2.260
42.7,2.260
42.7,2.260
42.6,2.260
42.6,2.265
42.6,2.265
42.6,2.265
42.6,2.265
42.6,2.265
42.6,2.265
42.6,2.265
42.6,2.265
42.6,2.265
42.6,2.265
42.6,2.265
42.6,2.265
42.6,2.265
42.6,2.265
42.6,2.265
42.6,2.265
42.6,2.265
42.6,2.265
42.6,2.265
42.6,2.265
42.6,2.265
42.6,2.265
42.6,2.265
42.6,2.265
42.6,2.265
42.6,2.265
42.6,2.265
42.6,2.270
42.6,2.270
42.6,2.270
42.6,2.270
42.6,2.270
42.6,2.270
42.6,2.270
42.6,2.270
42.6,2.270
42.5,2.270
42.5,2.270
42.5,2.270
42.5,2.270
42.5,2.270
42.5,2.270
42.5,2.270
42.5,2.270
42.5,2.270
42.5,2.270
42.5,2.270
42.5,2.270
42.5,2.270
42.5,2.270
42.5,2.270
42.5,2.270
42.5,2.275
42.5,2.275
42.5,2.275
42.5,2.275
42.5,2.275
42.5,2.275
42.5,2.275
42.5,2.275
42.5,2.275
42.5,2.275
42.5,2.275
42.5,2.275
42.5,2.275
42.5,2.275
42.5,2.275
42.5,2.275
42.5,2.275
42.5,2.275
42.5,2.275
42.5,2.275
42.5,2.275
42.5,2.275
42.5,2.275
42.5,2.280
42.5,2.280
42.5,2.280
42.5,2.280
42.5,2.280
42.5,2.280
42.5,2.280
42.5,2.280
42.5,2.280
42.5,2.280
42.5,2.280
42.5,2.280
42.5,2.280
42.5,2.280
42.5,2.280
42.5,2.280
42.5,2.280
42.5,2.280
42.5,2.280
42.5,2.280
42.5,2.280
42.5,2.280
42.5,2.280
42.5,2.280
42.5,2.280
42.5,2.285
42.5,2.285
42.5,2.285
42.5,2.285
42.5,2.285
42.5,2.285
42.5,2.285
42.5,2.285
42.5,2.285
42.5,2.285
42.5,2.285
42.5,2.285
42.5,2.285
42.5,2.285
42.5,2.285
42.5,2.285
42.5,2.285
42.5,2.285
42.5,2.285
42.5,2.285
42.5,2.285
42.5,2.285
42.5,2.285
42.5,2.285
42.5,2.285
42.5,2.285
42.5,2.290
42.5,2.290
42.5,2.290
42.5,2.290
42.5,2.290
42.5,2.290
42.5,2.290
42.5,2.290
42.5,2.290
42.5,2.290
42.5,2.290
42.5,2.290
42.5,2.290
42.5,2.290
42.5,2.290
42.5,2.290
42.5,2.290
42.5,2.290
42.5,2.290
42.5,2.290
42.5,2.290
42.5,2.290
42.5,2.290
42.5,2.290
42.5,2.295
42.5,2.295
42.5,2.295
42.5,2.295
42.5,2.295
42.5,2.295
42.5,2.295
42.5,2.295
42.5,2.295
42.5,2.295
42.5,2.295
42.5,2.295
42.5,2.295
42.5,2.295
42.5,2.295
42.5,2.295
42.5,2.295
42.5,2.295
42.5,2.295
42.5,2.295
42.5,2.295
42.5,2.295
42.5,2.295
42.5,2.295
42.4,2.295
42.4,2.300
42.4,2.300
42.4,2.300
42.4,2.300
42.4,2.300
42.4,2.300
42.4,2.300
42.4,2.300
42.4,2.300
42.4,2.300
42.4,2.300
42.4,2.300
42.4,2.300
42.4,2.300
42.4,2.300
42.5,2.300
42.5,2.300
42.5,2.300
42.5,2.300
42.5,2.300
42.5,2.300
42.5,2.300
42.5,2.300
42.5,2.300
42.5,2.300
42.5,2.300
42.5,2.305
42.5,2.305
42.5,2.305
42.5,2.305
42.5,2.305
42.5,2.305
42.5,2.305
42.5,2.305
42.5,2.305
42.5,2.305
42.5,2.305
42.5,2.305
42.5,2.305
42.5,2.305
42.5,2.305
42.5,2.305
42.5,2.305
42.5,2.305
42.5,2.305
42.5,2.305
42.5,2.305
42.5,2.305
42.5,2.305
42.5,2.305
42.5,2.305
42.5,2.305
42.5,2.310
42.5,2.310
42.5,2.310
42.5,2.310
42.5,2.310
42.5,2.310
42.5,2.310
42.5,2.310
42.5,2.310
42.5,2.310
42.5,2.310
42.5,2.310
42.5,2.310
42.5,2.310
42.5,2.310
42.5,2.310
42.5,2.310
42.5,2.310
42.5,2.310
42.5,2.310
42.5,2.310
42.5,2.310
42.5,2.310
42.5,2.310
42.5,2.315
42.5,2.315
42.5,2.315
42.5,2.315
42.5,2.315
42.5,2.315
42.5,2.315
42.5,2.315
42.5,2.315
42.5,2.315
42.5,2.315
42.5,2.315
42.5,2.315
42.5,2.315
42.5,2.315
42.5,2.315
42.5,2.315
42.5,2.315
42.5,2.315
42.5,2.315
42.5,2.315
42.5,2.315
42.5,2.315
42.5,2.315
42.5,2.315
42.5,2.315
42.5,2.315
42.5,2.320
42.5,2.320
42.5,2.320
42.5,2.320
42.5,2.320
42.5,2.320
42.5,2.320
42.5,2.320
42.5,2.320
42.5,2.320
42.5,2.320
42.5,2.320
42.5,2.320
42.5,2.320
42.5,2.320
42.5,2.320
42.5,2.320
42.5,2.320
42.5,2.320
42.5,2.320
42.5,2.320
42.5,2.320
42.5,2.320
42.6,2.320
42.6,2.320
42.6,2.320
42.6,2.325
42.6,2.325
42.6,2.325
42.6,2.325
42.6,2.325
42.6,2.325
42.6,2.325
42.6,2.325
42.6,2.325
42.6,2.325
42.6,2.325
42.6,2.325
42.6,2.325
42.6,2.325
42.5,2.325
42.5,2.325
42.5,2.325
42.5,2.325
42.5,2.325
42.5,2.325
42.5,2.325
42.5,2.325
42.5,2.325
42.5,2.325
42.5,2.325
42.5,2.325
42.5,2.325
42.5,2.325
42.5,2.330
42.5,2.330
42.5,2.330
42.5,2.330
42.5,2.330
42.5,2.330
42.5,2.330
42.5,2.330
42.5,2.330
42.5,2.330
42.5,2.330
42.5,2.330
42.5,2.330
42.5,2.330
42.5,2.330
42.5,2.330
42.5,2.330
42.5,2.330
42.5,2.330
42.5,2.330
42.5,2.330
42.5,2.330
42.5,2.330
42.5,2.330
42.6,2.330
42.6,2.330
42.6,2.335
42.6,2.335
42.6,2.335
42.6,2.335
42.6,2.335
42.6,2.335
42.6,2.335
42.6,2.335
42.6,2.335
42.6,2.335
42.6,2.335
42.6,2.335
42.6,2.335
42.6,2.335
42.6,2.335
42.6,2.335
42.6,2.335
42.6,2.335
42.6,2.335
42.6,2.335
42.6,2.335
42.6,2.335
42.6,2.335
42.6,2.335
42.6,2.335
42.6,2.340
42.6,2.340
42.6,2.340
42.6,2.340
42.6,2.340
42.6,2.340
42.6,2.340
42.6,2.340
42.6,2.340
42.6,2.340
42.6,2.340
42.6,2.340
42.6,2.340
42.6,2.340
42.6,2.340
42.6,2.340
42.6,2.340
42.6,2.340
42.6,2.340
42.6,2.340
42.6,2.340
42.6,2.340
42.6,2.340
42.6,2.340
42.6,2.340
42.6,2.340
42.6,2.340
42.6,2.345
42.6,2.345
42.6,2.345
42.5,2.345
42.5,2.345
42.5,2.345
42.5,2.345
42.5,2.345
42.5,2.345
42.5,2.345
42.5,2.345
42.5,2.345
42.5,2.345
42.5,2.345
42.5,2.345
42.5,2.345
42.5,2.345
42.5,2.345
42.5,2.345
42.5,2.345
42.5,2.345
42.5,2.345
42.5,2.345
42.5,2.345
42.5,2.345
42.5,2.345
42.5,2.345
42.5,2.345
42.5,2.350
42.5,2.350
42.5,2.350
42.5,2.350
42.5,2.350
42.5,2.350
42.6,2.350
42.6,2.350
42.6,2.350
42.6,2.350
42.6,2.350
42.6,2.350
42.5,2.350
42.5,2.350
42.5,2.350
42.5,2.350
42.5,2.350
42.5,2.350
42.5,2.350
42.5,2.350
42.5,2.350
42.5,2.350
42.5,2.350
42.5,2.350
42.5,2.350
42.5,2.350
42.5,2.350
42.5,2.350
42.5,2.355
42.5,2.355
42.5,2.355
42.5,2.355
42.5,2.355
42.5,2.355
42.5,2.355
42.5,2.355
42.5,2.355
42.5,2.355
42.5,2.355
42.5,2.355
42.5,2.355
42.5,2.355
42.5,2.355
42.5,2.355
42.5,2.355
42.5,2.355
42.5,2.355
42.5,2.355
42.5,2.355
42.5,2.355
42.5,2.355
42.5,2.355
42.5,2.355
42.5,2.355
42.5,2.360
42.5,2.360
42.5,2.360
42.5,2.360
42.5,2.360
42.5,2.360
42.5,2.360
42.5,2.360
42.5,2.360
42.5,2.360
42.5,2.360
42.5,2.360
42.5,2.360
42.5,2.360
42.5,2.360
42.5,2.360
42.5,2.360
42.5,2.360
42.5,2.360
42.5,2.360
42.5,2.360
42.5,2.360
42.5,2.360
42.5,2.360
42.5,2.360
42.5,2.360
42.5,2.360
42.5,2.360
42.5,2.360
42.5,2.365
42.5,2.365
42.5,2.365
42.5,2.365
42.5,2.365
42.5,2.365
42.5,2.365
42.5,2.365
42.5,2.365
42.5,2.365
42.5,2.365
42.5,2.365
42.5,2.365
42.6,2.365
42.6,2.365
42.6,2.365
42.6,2.365
42.6,2.365
42.6,2.365
42.6,2.365
42.6,2.365
42.6,2.365
42.6,2.365
42.6,2.365
42.6,2.365
42.6,2.365
42.6,2.365
42.6,2.365
42.6,2.365
42.6,2.370
42.6,2.370
42.6,2.370
42.6,2.370
42.6,2.370
42.6,2.370
42.6,2.370
42.6,2.370
42.6,2.370
42.6,2.370
42.6,2.370
42.6,2.370
42.6,2.370
42.6,2.370
42.6,2.370
42.6,2.370
42.6,2.370
42.6,2.370
42.6,2.370
42.6,2.370
42.6,2.370
42.6,2.370
42.6,2.370
42.6,2.370
42.6,2.370
42.6,2.370
42.6,2.370
42.6,2.375
42.6,2.375
42.6,2.375
42.6,2.375
42.6,2.375
42.6,2.375
42.6,2.375
42.6,2.375
42.6,2.375
42.6,2.375
42.6,2.375
42.6,2.375
42.6,2.375
42.6,2.375
42.6,2.375
42.6,2.375
42.6,2.375
42.6,2.375
42.6,2.375
42.7,2.375
42.7,2.375
42.7,2.375
42.7,2.375
42.7,2.375
42.7,2.375
42.7,2.375
42.7,2.375
42.7,2.380
42.7,2.380
42.7,2.380
42.7,2.380
42.6,2.380
42.6,2.380
42.6,2.380
42.6,2.380
42.6,2.380
42.6,2.380
42.6,2.380
42.6,2.380
42.6,2.380
42.6,2.380
42.6,2.380
42.6,2.380
42.6,2.380
42.6,2.380
42.6,2.380
42.6,2.380
42.6,2.380
42.6,2.380
42.6,2.380
42.6,2.380
42.6,2.380
42.6,2.380
42.6,2.380
42.6,2.380
42.6,2.380
42.6,2.385
42.6,2.385
42.6,2.385
42.6,2.385
42.6,2.385
42.6,2.385
42.6,2.385
42.6,2.385
42.6,2.385
42.6,2.385
42.6,2.385
42.6,2.385
42.6,2.385
42.6,2.385
42.6,2.385
42.6,2.385
42.6,2.385
42.6,2.385
42.6,2.385
42.6,2.385
42.6,2.385
42.6,2.385
42.6,2.385
42.6,2.385
42.6,2.385
42.6,2.385
42.6,2.385
42.6,2.385
42.6,2.385
42.6,2.390
42.6,2.390
42.6,2.390
42.6,2.390
42.6,2.390
42.6,2.390
42.6,2.390
42.6,2.390
42.6,2.390
42.6,2.390
42.6,2.390
42.6,2.390
42.6,2.390
42.7,2.390
42.7,2.390
42.7,2.390
42.7,2.390
42.7,2.390
42.7,2.390
42.7,2.390
42.7,2.390
42.7,2.390
42.7,2.390
42.7,2.390
42.7,2.390
42.7,2.390
42.7,2.390
42.7,2.395
42.7,2.395
42.7,2.395
42.7,2.395
42.7,2.395
42.7,2.395
42.7,2.395
42.7,2.395
42.7,2.395
42.7,2.395
42.7,2.395
42.7,2.395
42.7,2.395
42.7,2.395
42.7,2.395
42.7,2.395
42.7,2.395
42.7,2.395
42.7,2.395
42.7,2.395
42.7,2.395
42.7,2.395
42.7,2.395
42.7,2.395
42.7,2.395
42.7,2.395
42.7,2.395
42.7,2.395
42.7,2.395
42.7,2.400
42.7,2.400
42.7,2.400
42.7,2.400
42.7,2.400
42.7,2.400
42.7,2.400
42.7,2.400
42.7,2.400
42.7,2.400
42.7,2.400
42.7,2.400
42.7,2.400
42.7,2.400
42.7,2.400
42.7,2.400
42.7,2.400
42.7,2.400
42.7,2.400
42.7,2.400
42.7,2.400
42.7,2.400
42.7,2.400
42.7,2.400
42.7,2.400
42.7,2.400
42.7,2.400
42.7,2.400
42.7,2.400
42.7,2.400
42.7,2.405
42.7,2.405
42.7,2.405
42.7,2.405
42.7,2.405
42.7,2.405
42.7,2.405
42.8,2.405
42.8,2.405
42.8,2.405
42.7,2.405
42.7,2.405
42.7,2.405
42.7,2.405
42.7,2.405
42.7,2.405
42.7,2.405
42.7,2.405
42.7,2.405
42.7,2.405
42.7,2.405
42.7,2.405
42.7,2.405
42.7,2.405
42.7,2.405
42.7,2.405
42.7,2.405
42.7,2.405
42.7,2.405
42.7,2.410
42.7,2.410
42.7,2.410
42.7,2.410
42.7,2.410
42.7,2.410
42.7,2.410
42.7,2.410
42.7,2.410
42.7,2.410
42.7,2.410
42.7,2.410
42.7,2.410
42.7,2.410
42.7,2.410
42.7,2.410
42.7,2.410
42.7,2.410
42.7,2.410
42.7,2.410
42.7,2.410
42.7,2.410
42.7,2.410
42.7,2.410
42.8,2.410
42.8,2.410
42.8,2.410
42.8,2.410
42.8,2.410
42.8,2.415
42.8,2.415
42.8,2.415
42.8,2.415
42.8,2.415
42.8,2.415
42.8,2.415
42.8,2.415
42.8,2.415
42.8,2.415
42.8,2.415
42.8,2.415
42.8,2.415
42.8,2.415
42.8,2.415
42.8,2.415
42.8,2.415
42.8,2.415
42.8,2.415
42.8,2.415
42.8,2.415
42.8,2.415
42.8,2.415
42.8,2.415
42.8,2.415
42.8,2.415
42.8,2.415
42.8,2.420
42.8,2.420
42.8,2.420
42.8,2.420
42.8,2.420
42.8,2.420
42.8,2.420
42.8,2.420
42.8,2.420
42.8,2.420
42.8,2.420
42.8,2.420
42.8,2.420
42.8,2.420
42.8,2.420
42.8,2.420
42.8,2.420
42.8,2.420
42.8,2.420
42.8,2.420
42.8,2.420
42.8,2.420
42.8,2.420
42.8,2.420
42.8,2.420
42.8,2.420
42.8,2.420
42.8,2.420
42.8,2.420
42.8,2.420
42.8,2.425
42.8,2.425
42.8,2.425
42.8,2.425
42.8,2.425
42.8,2.425
42.8,2.425
42.8,2.425
42.8,2.425
42.8,2.425
42.8,2.425
42.8,2.425
42.8,2.425
42.8,2.425
42.8,2.425
42.8,2.425
42.8,2.425
42.8,2.425
42.8,2.425
42.8,2.425
42.8,2.425
42.8,2.425
42.8,2.425
42.8,2.425
42.8,2.425
42.8,2.425
42.8,2.425
42.8,2.425
42.8,2.425
42.8,2.430
42.8,2.430
42.8,2.430
42.8,2.430
42.8,2.430
42.8,2.430
42.8,2.430
42.8,2.430
42.8,2.430
42.8,2.430
42.8,2.430
42.8,2.430
42.8,2.430
42.8,2.430
42.8,2.430
42.8,2.430
42.8,2.430
42.8,2.430
42.8,2.430
42.8,2.430
42.8,2.430
42.8,2.430
42.8,2.430
42.8,2.430
42.8,2.430
42.8,2.430
42.8,2.430
42.8,2.430
42.8,2.430
42.8,2.435
42.8,2.435
42.8,2.435
42.8,2.435
42.8,2.435
42.8,2.435
42.8,2.435
42.8,2.435
42.8,2.435
42.8,2.435
42.8,2.435
42.8,2.435
42.8,2.435
42.8,2.435
42.8,2.435
42.8,2.435
42.8,2.435
42.8,2.435
42.8,2.435
42.8,2.435
42.8,2.435
42.8,2.435
42.8,2.435
42.8,2.435
42.8,2.435
42.8,2.435
42.8,2.435
42.8,2.440
42.8,2.440
42.7,2.440
42.7,2.440
42.7,2.440
42.7,2.440
42.7,2.440
42.7,2.440
42.7,2.440
42.7,2.440
42.7,2.440
42.7,2.440
42.7,2.440
42.7,2.440
42.7,2.440
42.7,2.440
42.7,2.440
42.7,2.440
42.7,2.440
42.7,2.440
42.7,2.440
42.7,2.440
42.7,2.440
42.7,2.440
42.7,2.440
42.7,2.440
42.7,2.440
42.7,2.440
42.7,2.440
42.7,2.445
42.7,2.445
42.7,2.445
42.7,2.445
42.7,2.445
42.7,2.445
42.7,2.445
42.7,2.445
42.7,2.445
42.7,2.445
42.7,2.445
42.7,2.445
42.7,2.445
42.7,2.445
42.7,2.445
42.7,2.445
42.7,2.445
42.7,2.445
42.7,2.445
42.7,2.445
42.7,2.445
42.7,2.445
42.7,2.445
42.7,2.445
42.7,2.445
42.7,2.445
42.7,2.445
42.7,2.445
42.7,2.445
42.7,2.445
42.7,2.450
42.7,2.450
42.7,2.450
42.7,2.450
42.7,2.450
42.7,2.450
42.7,2.450
42.7,2.450
42.7,2.450
42.7,2.450
42.7,2.450
42.7,2.450
42.7,2.450
42.7,2.450
42.7,2.450
42.7,2.450
42.7,2.450
42.7,2.450
42.7,2.450
42.7,2.450
42.7,2.450
42.7,2.450
42.7,2.450
42.7,2.450
42.7,2.450
42.7,2.450
42.7,2.450
42.7,2.450
42.7,2.455
42.7,2.455
42.7,2.455
42.7,2.455
42.7,2.455
42.7,2.455
42.7,2.455
42.7,2.455
42.7,2.455
42.7,2.455
42.7,2.455
42.7,2.455
42.7,2.455
42.7,2.455
42.7,2.455
42.7,2.455
42.7,2.455
42.7,2.455
42.7,2.455
42.7,2.455
42.7,2.455
42.7,2.455
42.7,2.455
42.7,2.455
42.7,2.455
42.7,2.455
42.7,2.455
42.7,2.455
42.7,2.455
42.7,2.455
42.7,2.460
42.7,2.460
42.7,2.460
42.7,2.460
42.7,2.460
42.7,2.460
42.7,2.460
42.7,2.460
42.7,2.460
42.7,2.460
42.7,2.460
42.7,2.460
42.7,2.460
42.7,2.460
42.7,2.460
42.7,2.460
42.7,2.460
42.7,2.460
42.7,2.460
42.7,2.460
42.7,2.460
42.7,2.460
42.7,2.460
42.7,2.460
42.7,2.460
42.7,2.460
42.7,2.460
42.7,2.460
42.7,2.460
42.7,2.460
42.7,2.460
42.7,2.465
42.7,2.465
42.7,2.465
42.7,2.465
42.7,2.465
42.7,2.465
42.7,2.465
42.7,2.465
42.7,2.465
42.7,2.465
42.7,2.465
42.7,2.465
42.7,2.465
42.7,2.465
42.7,2.465
42.7,2.465
42.7,2.465
42.7,2.465
42.7,2.465
42.7,2.465
42.7,2.465
42.7,2.465
42.7,2.465
42.7,2.465
42.7,2.465
42.7,2.465
42.7,2.465
42.7,2.465
42.7,2.465
42.7,2.465
42.7,2.465
42.7,2.465
42.7,2.470
42.7,2.470
42.7,2.470
42.7,2.470
42.7,2.470
42.7,2.470
42.7,2.470
42.7,2.470
42.7,2.470
42.7,2.470
42.7,2.470
42.7,2.470
42.7,2.470
42.7,2.470
42.7,2.470
42.7,2.470
42.7,2.470
42.7,2.470
42.7,2.470
42.7,2.470
42.7,2.470
42.7,2.470
42.7,2.470
42.7,2.470
42.7,2.470
42.7,2.470
42.7,2.470
42.7,2.470
42.7,2.470
42.7,2.475
42.7,2.475
42.7,2.475
42.7,2.475
42.7,2.475
42.7,2.475
42.7,2.475
42.7,2.475
42.7,2.475
42.7,2.475
42.7,2.475
42.7,2.475
42.7,2.475
42.7,2.475
42.7,2.475
42.7,2.475
42.7,2.475
42.7,2.475
42.7,2.475
42.7,2.475
42.7,2.475
42.7,2.475
42.7,2.475
42.7,2.475
42.7,2.475
42.7,2.475
42.7,2.475
42.7,2.475
42.7,2.475
42.7,2.475
42.7,2.475
42.7,2.475
42.7,2.480
42.7,2.480
42.7,2.480
42.7,2.480
42.7,2.480
42.7,2.480
42.7,2.480
42.7,2.480
42.7,2.480
42.7,2.480
42.7,2.480
42.7,2.480
42.7,2.480
42.7,2.480
42.7,2.480
42.7,2.480
42.7,2.480
42.7,2.480
42.7,2.480
42.7,2.480
42.7,2.480
42.7,2.480
42.7,2.480
42.7,2.480
42.7,2.480
42.7,2.480
42.7,2.480
42.7,2.480
42.7,2.480
42.7,2.480
42.7,2.480
42.7,2.480
42.7,2.485
42.7,2.485
42.7,2.485
42.7,2.485
42.7,2.485
42.7,2.485
42.7,2.485
42.7,2.485
42.7,2.485
42.7,2.485
42.7,2.485
42.7,2.485
42.7,2.485
42.7,2.485
42.7,2.485
42.7,2.485
42.7,2.485
42.7,2.485
42.7,2.485
42.7,2.485
42.7,2.485
42.7,2.485
42.7,2.485
42.7,2.485
42.7,2.485
42.7,2.485
42.7,2.485
42.7,2.485
42.7,2.485
42.7,2.485
42.7,2.485
42.7,2.485
42.7,2.485
42.7,2.490
42.7,2.490
42.7,2.490
42.7,2.490
42.7,2.490
42.7,2.490
42.7,2.490
42.7,2.490
42.7,2.490
42.7,2.490
42.7,2.490
42.7,2.490
42.7,2.490
42.7,2.490
42.7,2.490
42.7,2.490
42.7,2.490
42.7,2.490
42.7,2.490
42.7,2.490
42.7,2.490
42.7,2.490
42.7,2.490
42.7,2.490
42.7,2.490
42.7,2.490
42.7,2.490
42.7,2.490
42.7,2.490
42.7,2.490
42.7,2.490
42.7,2.490
42.7,2.495
42.7,2.495
42.7,2.495
42.7,2.495
42.7,2.495
42.7,2.495
42.7,2.495
42.7,2.495
42.7,2.495
42.7,2.495
42.7,2.495
42.7,2.495
42.7,2.495
42.7,2.495
42.7,2.495
42.7,2.495
42.7,2.495
42.7,2.495
42.7,2.495
42.7,2.495
42.7,2.495
42.7,2.495
42.7,2.495
42.7,2.495
42.7,2.495
42.7,2.495
42.7,2.495
42.7,2.495
42.7,2.495
42.7,2.495
42.7,2.495
42.7,2.500
42.7,2.500
42.7,2.500
42.7,2.500
42.8,2.500
42.8,2.500
42.8,2.500
42.8,2.500
42.8,2.500
42.8,2.500
42.8,2.500
42.8,2.500
42.8,2.500
42.8,2.500
42.8,2.500
42.8,2.500
42.8,2.500
42.8,2.500
42.8,2.500
42.8,2.500
42.8,2.500
42.8,2.500
42.8,2.500
42.8,2.500
42.8,2.500
42.8,2.500
42.8,2.500
42.8,2.500
42.8,2.500
42.8,2.500
42.8,2.500
42.8,2.500
42.8,2.505
42.8,2.505
42.8,2.505
42.7,2.505
42.7,2.505
42.7,2.505
42.7,2.505
42.7,2.505
42.7,2.505
42.7,2.505
42.7,2.505
42.7,2.505
42.7,2.505
42.7,2.505
42.7,2.505
42.7,2.505
42.7,2.505
42.7,2.505
42.7,2.505
42.7,2.505
42.8,2.505
42.8,2.505
42.8,2.505
42.8,2.505
42.8,2.505
42.8,2.505
42.8,2.505
42.8,2.505
42.8,2.505
42.8,2.505
42.8,2.505
42.7,2.505
42.7,2.510
42.7,2.510
42.7,2.510
42.7,2.510
42.7,2.510
42.7,2.510
42.7,2.510
42.7,2.510
42.7,2.510
42.7,2.510
42.7,2.510
42.7,2.510
42.7,2.510
42.7,2.510
42.7,2.510
42.7,2.510
42.7,2.510
42.7,2.510
42.7,2.510
42.7,2.510
42.7,2.510
42.7,2.510
42.7,2.510
42.7,2.510
42.7,2.510
42.7,2.510
42.7,2.510
42.7,2.510
42.7,2.510
42.7,2.510
42.7,2.510
42.7,2.510
42.7,2.515
42.7,2.515
42.7,2.515
42.7,2.515
42.7,2.515
42.7,2.515
42.7,2.515
42.7,2.515
42.7,2.515
42.7,2.515
42.7,2.515
42.7,2.515
42.7,2.515
42.7,2.515
42.7,2.515
42.7,2.515
42.7,2.515
42.7,2.515
42.7,2.515
42.7,2.515
42.7,2.515
42.7,2.515
42.7,2.515
42.7,2.515
42.8,2.515
42.8,2.515
42.8,2.515
42.8,2.515
42.8,2.515
42.8,2.515
42.8,2.520
42.8,2.520
42.8,2.520
42.8,2.520
42.8,2.520
42.8,2.520
42.8,2.520
42.8,2.520
42.8,2.520
42.8,2.520
42.8,2.520
42.8,2.520
42.8,2.520
42.8,2.520
42.8,2.520
42.8,2.520
42.8,2.520
42.8,2.520
42.8,2.520
42.8,2.520
42.8,2.520
42.8,2.520
42.8,2.520
42.8,2.520
42.8,2.520
42.8,2.520
42.8,2.520
42.8,2.520
42.8,2.520
42.8,2.520
42.8,2.520
42.8,2.520
42.8,2.525
42.8,2.525
42.8,2.525
42.8,2.525
42.8,2.525
42.8,2.525
42.8,2.525
42.8,2.525
42.8,2.525
42.8,2.525
42.8,2.525
42.8,2.525
42.8,2.525
42.8,2.525
42.8,2.525
42.8,2.525
42.8,2.525
42.8,2.525
42.8,2.525
42.8,2.525
42.8,2.525
42.8,2.525
42.8,2.525
42.8,2.525
42.8,2.525
42.8,2.525
42.8,2.525
42.8,2.525
42.8,2.525
42.8,2.525
42.8,2.525
42.8,2.525
42.8,2.525
42.8,2.530
42.8,2.530
42.8,2.530
42.8,2.530
42.8,2.530
42.8,2.530
42.8,2.530
42.8,2.530
42.8,2.530
42.8,2.530
42.8,2.530
42.8,2.530
42.8,2.530
42.8,2.530
42.8,2.530
42.8,2.530
42.8,2.530
42.8,2.530
42.8,2.530
42.8,2.530
42.8,2.530
42.8,2.530
42.8,2.530
42.8,2.530
42.8,2.530
42.8,2.530
42.8,2.530
42.8,2.530
42.8,2.530
42.8,2.530
42.8,2.530
42.8,2.535
42.8,2.535
42.8,2.535
42.8,2.535
42.8,2.535
42.8,2.535
42.8,2.535
42.8,2.535
42.8,2.535
42.8,2.535
42.8,2.535
42.8,2.535
42.8,2.535
42.8,2.535
42.8,2.535
42.8,2.535
42.8,2.535
42.8,2.535
42.8,2.535
42.8,2.535
42.8,2.535
42.8,2.535
42.8,2.535
42.8,2.535
42.8,2.535
42.8,2.535
42.8,2.535
42.8,2.535
42.8,2.535
42.8,2.535
42.8,2.535
42.8,2.540
42.8,2.540
42.8,2.540
42.8,2.540
42.8,2.540
42.8,2.540
42.8,2.540
42.8,2.540
42.8,2.540
42.8,2.540
42.8,2.540
42.8,2.540
42.8,2.540
42.8,2.540
42.8,2.540
42.8,2.540
42.8,2.540
42.8,2.540
42.8,2.540
42.8,2.540
42.8,2.540
42.8,2.540
42.8,2.540
42.8,2.540
42.8,2.540
42.8,2.540
42.8,2.540
42.8,2.540
42.8,2.540
42.8,2.540
42.8,2.540
42.8,2.540
42.8,2.545
42.8,2.545
42.8,2.545
42.8,2.545
42.8,2.545
42.8,2.545
42.8,2.545
42.8,2.545
42.8,2.545
42.8,2.545
42.8,2.545
42.8,2.545
42.8,2.545
42.8,2.545
42.8,2.545
42.8,2.545
42.8,2.545
42.8,2.545
42.8,2.545
42.8,2.545
42.8,2.545
42.8,2.545
42.8,2.545
42.7,2.545
42.7,2.545
42.7,2.545
42.7,2.545
42.7,2.545
42.7,2.545
42.7,2.545
42.7,2.545
42.7,2.545
42.7,2.550
42.7,2.550
42.7,2.550
42.7,2.550
42.7,2.550
42.7,2.550
42.7,2.550
42.7,2.550
42.7,2.550
42.7,2.550
42.7,2.550
42.7,2.550
42.8,2.550
42.8,2.550
42.8,2.550
42.8,2.550
42.7,2.550
42.7,2.550
42.7,2.550
42.7,2.550
42.7,2.550
42.7,2.550
42.7,2.550
42.7,2.550
42.7,2.550
42.7,2.550
42.7,2.550
42.7,2.550
42.7,2.550
42.7,2.555
42.7,2.555
42.7,2.555
42.7,2.555
42.7,2.555
42.7,2.555
42.7,2.555
42.7,2.555
42.7,2.555
42.7,2.555
42.7,2.555
42.7,2.555
42.7,2.555
42.7,2.555
42.7,2.555
42.7,2.555
42.7,2.555
42.7,2.555
42.7,2.555
42.8,2.555
42.8,2.555
42.8,2.555
42.8,2.555
42.8,2.555
42.8,2.555
42.8,2.555
42.8,2.555
42.8,2.555
42.8,2.555
42.8,2.555
42.8,2.555
42.8,2.555
42.8,2.560
42.8,2.560
42.8,2.560
42.8,2.560
42.8,2.560
42.8,2.560
42.8,2.560
42.8,2.560
42.8,2.560
42.8,2.560
42.8,2.560
42.8,2.560
42.8,2.560
42.8,2.560
42.8,2.560
42.8,2.560
42.8,2.560
42.8,2.560
42.8,2.560
42.8,2.560
42.8,2.560
42.8,2.560
42.8,2.560
42.8,2.560
42.8,2.560
42.8,2.560
42.8,2.560
42.8,2.560
42.8,2.560
42.8,2.560
42.8,2.560
42.8,2.560
42.8,2.565
42.8,2.565
42.8,2.565
42.8,2.565
42.8,2.565
42.8,2.565
42.8,2.565
42.8,2.565
42.8,2.565
42.8,2.565
42.8,2.565
42.8,2.565
42.8,2.565
42.8,2.565
42.8,2.565
42.8,2.565
42.8,2.565
42.8,2.565
42.8,2.565
42.8,2.565
42.8,2.565
42.8,2.565
42.8,2.565
42.8,2.565
42.8,2.565
42.8,2.565
42.8,2.565
42.8,2.565
42.8,2.565
42.8,2.565
42.8,2.565
42.8,2.565
42.8,2.565
42.8,2.570
42.8,2.570
42.8,2.570
42.8,2.570
42.8,2.570
42.8,2.570
42.8,2.570
42.8,2.570
42.8,2.570
42.8,2.570
42.8,2.570
42.8,2.570
42.8,2.570
42.8,2.570
42.8,2.570
42.8,2.570
42.8,2.570
42.8,2.570
42.8,2.570
42.8,2.570
42.8,2.570
42.8,2.570
42.8,2.570
42.8,2.570
42.8,2.570
42.8,2.570
42.8,2.570
42.8,2.570
42.8,2.570
42.8,2.570
42.8,2.570
42.8,2.575
42.8,2.575
42.8,2.575
42.8,2.575
42.8,2.575
42.8,2.575
42.8,2.575
42.8,2.575
42.8,2.575
42.8,2.575
42.8,2.575
42.8,2.575
42.8,2.575
42.8,2.575
42.8,2.575
42.8,2.575
42.8,2.575
42.8,2.575
42.8,2.575
42.8,2.575
42.8,2.575
42.8,2.575
42.8,2.575
42.8,2.575
42.8,2.575
42.8,2.575
42.8,2.575
42.8,2.575
42.8,2.575
42.8,2.575
42.8,2.580
42.8,2.580
42.8,2.580
42.8,2.580
42.8,2.580
42.8,2.580
42.8,2.580
42.8,2.580
42.8,2.580
42.8,2.580
42.8,2.580
42.8,2.580
42.8,2.580
42.8,2.580
42.8,2.580
42.8,2.580
42.8,2.580
42.8,2.580
42.8,2.580
42.8,2.580
42.8,2.580
42.8,2.580
42.8,2.580
42.8,2.580
42.8,2.580
42.8,2.580
42.8,2.580
42.8,2.580
42.8,2.580
42.8,2.580
42.8,2.580
42.8,2.580
42.8,2.585
42.8,2.585
42.8,2.585
42.8,2.585
42.8,2.585
42.8,2.585
42.8,2.585
42.8,2.585
42.8,2.585
42.8,2.585
42.8,2.585
42.8,2.585
42.8,2.585
42.8,2.585
42.8,2.585
42.8,2.585
42.8,2.585
42.8,2.585
42.8,2.585
42.8,2.585
42.8,2.585
42.8,2.585
42.8,2.585
42.8,2.585
42.8,2.585
42.8,2.585
42.8,2.585
42.8,2.585
42.8,2.585
42.8,2.585
42.8,2.585
42.8,2.585
42.8,2.590
42.8,2.590
42.8,2.590
42.8,2.590
42.8,2.590
42.8,2.590
42.8,2.590
42.8,2.590
42.8,2.590
42.8,2.590
42.8,2.590
42.8,2.590
42.8,2.590
42.8,2.590
42.8,2.590
42.7,2.590
42.7,2.590
42.7,2.590
42.7,2.590
42.7,2.590
42.7,2.590
42.7,2.590
42.7,2.590
42.7,2.590
42.7,2.590
42.8,2.590
42.8,2.590
42.8,2.590
42.8,2.590
42.8,2.590
42.8,2.590
42.8,2.595
42.8,2.595
42.8,2.595
42.8,2.595
42.8,2.595
42.8,2.595
42.8,2.595
42.8,2.595
42.8,2.595
42.8,2.595
42.8,2.595
42.8,2.595
42.8,2.595
42.8,2.595
42.8,2.595
42.8,2.595
42.8,2.595
42.8,2.595
42.8,2.595
42.8,2.595
42.8,2.595
42.8,2.595
42.8,2.595
42.8,2.595
42.8,2.595
42.8,2.595
42.8,2.595
42.8,2.595
42.8,2.600
42.8,2.600
42.8,2.600
42.8,2.600
42.8,2.600
42.8,2.600
42.8,2.600
42.8,2.600
42.8,2.600
42.8,2.600
42.8,2.600
42.8,2.600
42.8,2.600
42.8,2.600
42.8,2.600
42.8,2.600
42.8,2.600
42.8,2.600
42.8,2.600
42.8,2.600
42.8,2.600
42.8,2.600
42.8,2.600
42.8,2.600
42.8,2.600
42.8,2.600
42.8,2.600
42.8,2.600
42.8,2.600
42.8,2.600
42.8,2.605
42.8,2.605
42.8,2.605
42.8,2.605
42.8,2.605
42.8,2.605
42.8,2.605
42.8,2.605
42.8,2.605
42.8,2.605
42.8,2.605
42.8,2.605
42.8,2.605
42.8,2.605
42.8,2.605
42.8,2.605
42.8,2.605
42.8,2.605
42.8,2.605
42.8,2.605
42.8,2.605
42.8,2.605
42.8,2.605
42.8,2.605
42.8,2.605
42.8,2.605
42.8,2.605
42.8,2.605
42.8,2.605
42.8,2.605
42.8,2.610
42.8,2.610
42.8,2.610
42.8,2.610
42.8,2.610
42.8,2.610
42.8,2.610
42.8,2.610
42.8,2.610
42.8,2.610
42.8,2.610
42.8,2.610
42.8,2.610
42.8,2.610
42.8,2.610
42.8,2.610
42.8,2.610
42.8,2.610
42.8,2.610
42.8,2.610
42.8,2.610
42.8,2.610
42.8,2.610
42.8,2.610
42.8,2.610
42.8,2.610
42.8,2.610
42.8,2.615
42.8,2.615
42.8,2.615
42.8,2.615
42.8,2.615
42.8,2.615
42.8,2.615
42.8,2.615
42.8,2.615
42.8,2.615
42.8,2.615
42.8,2.615
42.8,2.615
42.8,2.615
42.8,2.615
42.8,2.615
42.8,2.615
42.8,2.615
42.8,2.615
42.8,2.615
42.8,2.615
42.8,2.615
42.8,2.615
42.8,2.615
42.8,2.615
42.8,2.615
42.8,2.615
42.8,2.620
42.8,2.620
42.8,2.620
42.8,2.620
42.8,2.620
42.8,2.620
42.8,2.620
42.8,2.620
42.8,2.620
42.8,2.620
42.8,2.620
42.8,2.620
42.8,2.620
42.8,2.620
42.8,2.620
42.8,2.620
42.8,2.620
42.8,2.620
42.8,2.620
42.8,2.620
42.8,2.620
42.8,2.620
42.8,2.620
42.8,2.620
42.8,2.620
42.8,2.620
42.8,2.620
42.8,2.620
42.8,2.625
42.8,2.625
42.8,2.625
42.8,2.625
42.8,2.625
42.8,2.625
42.8,2.625
42.8,2.625
42.8,2.625
42.8,2.625
42.8,2.625
42.8,2.625
42.8,2.625
42.8,2.625
42.8,2.625
42.8,2.625
42.8,2.625
42.8,2.625
42.8,2.625
42.8,2.625
42.8,2.625
42.8,2.625
42.8,2.625
42.8,2.625
42.8,2.625
42.8,2.625
42.8,2.625
42.8,2.625
42.8,2.625
42.8,2.630
42.8,2.630
42.8,2.630
42.8,2.630
42.8,2.630
42.8,2.630
42.8,2.630
42.8,2.630
42.8,2.630
42.8,2.630
42.8,2.630
42.8,2.630
42.8,2.630
42.8,2.630
42.8,2.630
42.8,2.630
42.8,2.630
42.8,2.630
42.8,2.630
42.8,2.630
42.8,2.630
42.8,2.630
42.8,2.630
42.8,2.630
42.8,2.630
42.8,2.630
42.8,2.630
42.8,2.635
42.8,2.635
42.8,2.635
42.8,2.635
42.8,2.635
42.8,2.635
42.8,2.635
42.8,2.635
42.8,2.635
42.8,2.635
42.8,2.635
42.8,2.635
42.8,2.635
42.8,2.635
42.8,2.635
42.8,2.635
42.8,2.635
42.8,2.635
42.8,2.635
42.8,2.635
42.8,2.635
42.8,2.635
42.8,2.635
42.8,2.635
42.8,2.635
42.8,2.635
42.8,2.635
42.8,2.635
42.8,2.635
42.8,2.640
42.8,2.640
42.8,2.640
42.8,2.640
42.8,2.640
42.8,2.640
42.8,2.640
42.8,2.640
42.8,2.640
42.8,2.640
42.8,2.640
42.8,2.640
42.8,2.640
42.8,2.640
42.8,2.640
42.8,2.640
42.8,2.640
42.8,2.640
42.8,2.640
42.8,2.640
42.8,2.640
42.8,2.640
42.8,2.640
42.8,2.640
42.8,2.640
42.8,2.640
42.8,2.640
42.8,2.640
42.8,2.640
42.8,2.640
42.8,2.645
42.8,2.645
42.8,2.645
42.8,2.645
42.8,2.645
42.8,2.645
42.8,2.645
42.8,2.645
42.8,2.645
42.8,2.645
42.8,2.645
42.8,2.645
42.8,2.645
42.8,2.645
42.8,2.645
42.8,2.645
42.8,2.645
42.8,2.645
42.8,2.645
42.8,2.645
42.8,2.645
42.8,2.645
42.8,2.645
42.8,2.645
42.8,2.645
42.7,2.645
42.7,2.645
42.7,2.645
42.7,2.645
42.7,2.645
42.7,2.645
42.7,2.650
42.7,2.650
42.7,2.650
42.7,2.650
42.7,2.650
42.7,2.650
42.7,2.650
42.8,2.650
42.8,2.650
42.8,2.650
42.8,2.650
42.8,2.650
42.8,2.650
42.8,2.650
42.8,2.650
42.8,2.650
42.8,2.650
42.8,2.650
42.8,2.650
42.8,2.650
42.8,2.650
42.8,2.650
42.8,2.650
42.8,2.650
42.8,2.650
42.8,2.650
42.8,2.650
42.8,2.650
42.8,2.650
42.8,2.650
42.8,2.655
42.8,2.655
42.8,2.655
42.8,2.655
42.8,2.655
42.8,2.655
42.8,2.655
42.8,2.655
42.8,2.655
42.8,2.655
42.8,2.655
42.8,2.655
42.8,2.655
42.8,2.655
42.8,2.655
42.8,2.655
42.8,2.655
42.8,2.655
42.8,2.655
42.8,2.655
42.8,2.655
42.8,2.655
42.8,2.655
42.8,2.655
42.8,2.655
42.8,2.655
42.8,2.655
42.8,2.655
42.8,2.655
42.8,2.660
42.8,2.660
42.8,2.660
42.8,2.660
42.8,2.660
42.8,2.660
42.8,2.660
42.8,2.660
42.8,2.660
42.8,2.660
42.8,2.660
42.8,2.660
42.8,2.660
42.8,2.660
42.8,2.660
42.8,2.660
42.8,2.660
42.8,2.660
42.8,2.660
42.8,2.660
42.8,2.660
42.8,2.660
42.8,2.660
42.8,2.660
42.8,2.660
42.8,2.660
42.8,2.660
42.8,2.660
42.8,2.660
42.8,2.660
42.8,2.665
42.8,2.665
42.8,2.665
42.8,2.665
42.8,2.665
42.8,2.665
42.8,2.665
42.8,2.665
42.8,2.665
42.8,2.665
42.8,2.665
42.8,2.665
42.8,2.665
42.8,2.665
42.8,2.665
42.8,2.665
42.8,2.665
42.8,2.665
42.8,2.665
42.8,2.665
42.8,2.665
42.8,2.665
42.8,2.665
42.8,2.665
42.8,2.665
42.8,2.665
42.8,2.665
42.8,2.665
42.8,2.665
42.8,2.670
42.8,2.670
42.8,2.670
42.8,2.670
42.8,2.670
42.8,2.670
42.8,2.670
42.8,2.670
42.8,2.670
42.8,2.670
42.8,2.670
42.8,2.670
42.8,2.670
42.8,2.670
42.8,2.670
42.8,2.670
42.8,2.670
42.8,2.670
42.8,2.670
42.8,2.670
42.8,2.670
42.8,2.670
42.8,2.670
42.8,2.670
42.8,2.670
42.8,2.670
42.8,2.670
42.8,2.675
42.8,2.675
42.8,2.675
42.8,2.675
42.8,2.675
42.8,2.675
42.8,2.675
42.8,2.675
42.8,2.675
42.8,2.675
42.8,2.675
42.8,2.675
42.8,2.675
42.8,2.675
42.8,2.675
42.8,2.675
42.8,2.675
42.8,2.675
42.8,2.675
42.8,2.675
42.8,2.675
42.8,2.675
42.8,2.675
42.8,2.675
42.8,2.675
42.8,2.680
42.8,2.680
42.8,2.680
42.8,2.680
42.8,2.680
42.8,2.680
42.8,2.680
42.8,2.680
42.8,2.680
42.8,2.680
42.8,2.680
42.8,2.680
42.8,2.680
42.8,2.680
42.8,2.680
42.9,2.680
42.9,2.680
42.9,2.680
42.9,2.680
42.9,2.680
42.9,2.680
42.9,2.680
42.8,2.680
42.8,2.680
42.8,2.680
42.8,2.680
42.8,2.680
42.8,2.685
42.8,2.685
42.8,2.685
42.8,2.685
42.8,2.685
42.8,2.685
42.8,2.685
42.8,2.685
42.8,2.685
42.8,2.685
42.8,2.685
42.8,2.685
42.8,2.685
42.8,2.685
42.8,2.685
42.8,2.685
42.8,2.685
42.8,2.685
42.8,2.685
42.9,2.685
42.9,2.685
42.9,2.685
42.9,2.685
42.9,2.685
42.9,2.685
42.9,2.685
42.9,2.690
42.9,2.690
42.9,2.690
42.9,2.690
42.9,2.690
42.9,2.690
42.9,2.690
42.9,2.690
42.9,2.690
42.9,2.690
42.9,2.690
42.9,2.690
42.9,2.690
42.9,2.690
42.9,2.690
42.9,2.690
42.9,2.690
42.9,2.690
42.9,2.690
42.9,2.690
42.9,2.690
42.9,2.690
42.9,2.690
42.9,2.690
42.9,2.695
42.9,2.695
42.9,2.695
42.9,2.695
42.9,2.695
42.9,2.695
42.9,2.695
42.9,2.695
42.9,2.695
42.9,2.695
42.9,2.695
42.9,2.695
42.9,2.695
42.9,2.695
42.9,2.695
42.9,2.695
42.9,2.695
42.9,2.695
42.9,2.695
42.9,2.695
42.9,2.695
42.9,2.695
42.9,2.695
42.9,2.695
42.9,2.700
42.9,2.700
42.9,2.700
42.9,2.700
42.9,2.700
42.9,2.700
42.9,2.700
42.9,2.700
42.9,2.700
42.9,2.700
42.9,2.700
42.9,2.700
42.9,2.700
42.9,2.700
42.9,2.700
42.9,2.700
42.9,2.700
42.9,2.700
42.9,2.700
42.9,2.700
42.9,2.700
42.9,2.700
42.9,2.700
42.9,2.700
42.9,2.700
42.9,2.700
42.9,2.705
42.9,2.705
42.9,2.705
42.9,2.705
42.9,2.705
42.9,2.705
42.9,2.705
43.0,2.705
43.0,2.705
43.0,2.705
43.0,2.705
43.0,2.705
43.0,2.705
43.0,2.705
43.0,2.705
43.0,2.705
43.0,2.705
43.0,2.705
43.0,2.705
43.0,2.705
43.0,2.705
43.0,2.705
42.9,2.705
42.9,2.705
42.9,2.710
42.9,2.710
42.9,2.710
42.9,2.710
42.9,2.710
42.9,2.710
42.9,2.710
42.9,2.710
42.9,2.710
42.9,2.710
42.9,2.710
42.9,2.710
42.9,2.710
42.9,2.710
42.9,2.710
42.9,2.710
42.9,2.710
42.9,2.710
42.9,2.710
42.9,2.710
42.9,2.710
42.9,2.710
42.9,2.715
42.9,2.715
42.9,2.715
42.9,2.715
42.9,2.715
43.0,2.715
43.0,2.715
43.0,2.715
43.0,2.715
43.0,2.715
43.0,2.715
43.0,2.715
43.0,2.715
43.0,2.715
43.0,2.715
43.0,2.715
43.0,2.715
43.0,2.715
43.0,2.715
43.0,2.715
43.0,2.715
43.0,2.715
43.0,2.715
43.0,2.715
43.0,2.720
43.0,2.720
43.0,2.720
43.0,2.720
43.0,2.720
43.0,2.720
43.0,2.720
43.0,2.720
43.0,2.720
43.0,2.720
43.0,2.720
43.0,2.720
43.0,2.720
43.0,2.720
43.1,2.720
43.1,2.720
43.1,2.720
43.1,2.720
43.1,2.720
43.1,2.720
43.1,2.720
43.1,2.720
43.1,2.720
43.1,2.725
43.1,2.725
43.1,2.725
43.1,2.725
43.1,2.725
43.1,2.725
43.1,2.725
43.1,2.725
43.1,2.725
43.1,2.725
43.1,2.725
43.1,2.725
43.1,2.725
43.1,2.725
43.1,2.725
43.1,2.725
43.1,2.725
43.1,2.725
43.1,2.725
43.1,2.725
43.1,2.725
43.1,2.725
43.1,2.725
43.1,2.730
43.1,2.730
43.1,2.730
43.1,2.730
43.1,2.730
43.1,2.730
43.1,2.730
43.1,2.730
43.1,2.730
43.1,2.730
43.1,2.730
43.1,2.730
43.1,2.730
43.1,2.730
43.1,2.730
43.1,2.730
43.1,2.730
43.1,2.730
43.1,2.730
43.1,2.730
43.1,2.730
43.1,2.730
43.1,2.730
43.1,2.735
43.2,2.735
43.2,2.735
43.2,2.735
43.2,2.735
43.2,2.735
43.2,2.735
43.2,2.735
43.2,2.735
43.2,2.735
43.2,2.735
43.2,2.735
43.2,2.735
43.2,2.735
43.2,2.735
43.2,2.735
43.2,2.735
43.2,2.735
43.2,2.735
43.2,2.735
43.2,2.735
43.2,2.740
43.2,2.740
43.2,2.740
43.2,2.740
43.2,2.740
43.2,2.740
43.2,2.740
43.2,2.740
43.2,2.740
43.2,2.740
43.2,2.740
43.2,2.740
43.2,2.740
43.2,2.740
43.2,2.740
43.2,2.740
43.2,2.740
43.2,2.740
43.2,2.740
43.2,2.740
43.2,2.740
43.2,2.740
43.2,2.740
43.2,2.740
43.2,2.745
43.2,2.745
43.2,2.745
43.2,2.745
43.2,2.745
43.2,2.745
43.2,2.745
43.2,2.745
43.2,2.745
43.3,2.745
43.3,2.745
43.3,2.745
43.3,2.745
43.3,2.745
43.3,2.745
43.3,2.745
43.3,2.745
43.3,2.745
43.3,2.745
43.3,2.745
43.3,2.745
43.3,2.745
43.3,2.745
43.3,2.750
43.3,2.750
43.3,2.750
43.3,2.750
43.3,2.750
43.3,2.750
43.3,2.750
43.3,2.750
43.3,2.750
43.3,2.750
43.3,2.750
43.3,2.750
43.3,2.750
43.3,2.750
43.3,2.750
43.3,2.750
43.3,2.750
43.3,2.750
43.3,2.750
43.3,2.750
43.3,2.750
43.3,2.750
43.3,2.750
43.3,2.755
43.3,2.755
43.3,2.755
43.3,2.755
43.3,2.755
43.3,2.755
43.3,2.755
43.3,2.755
43.3,2.755
43.3,2.755
43.3,2.755
43.3,2.755
43.3,2.755
43.3,2.755
43.3,2.755
43.3,2.755
43.3,2.755
43.3,2.755
43.3,2.755
43.3,2.755
43.3,2.755
43.3,2.755
43.3,2.760
43.3,2.760
43.3,2.760
43.3,2.760
43.3,2.760
43.3,2.760
43.3,2.760
43.3,2.760
43.3,2.760
43.3,2.760
43.3,2.760
43.3,2.760
43.3,2.760
43.3,2.760
43.3,2.760
43.3,2.760
43.3,2.760
43.3,2.760
43.3,2.760
43.3,2.760
43.3,2.760
43.3,2.760
43.3,2.760
43.3,2.760
43.3,2.760
43.3,2.765
43.3,2.765
43.3,2.765
43.3,2.765
43.3,2.765
43.3,2.765
43.3,2.765
43.3,2.765
43.3,2.765
43.3,2.765
43.3,2.765
43.3,2.765
43.3,2.765
43.3,2.765
43.3,2.765
43.3,2.765
43.3,2.765
43.3,2.765
43.3,2.765
43.3,2.765
43.3,2.765
43.3,2.765
43.3,2.765
43.3,2.765
43.3,2.765
43.3,2.770
43.3,2.770
43.3,2.770
43.3,2.770
43.3,2.770
43.3,2.770
43.3,2.770
43.3,2.770
43.3,2.770
43.3,2.770
43.3,2.770
43.3,2.770
43.3,2.770
43.3,2.770
43.3,2.770
43.3,2.770
43.3,2.770
43.3,2.770
43.3,2.770
43.3,2.770
43.3,2.770
43.3,2.770
43.3,2.770
43.3,2.770
43.3,2.775
43.3,2.775
43.3,2.775
43.3,2.775
43.3,2.775
43.3,2.775
43.3,2.775
43.3,2.775
43.3,2.775
43.3,2.775
43.3,2.775
43.3,2.775
43.3,2.775
43.3,2.775
43.3,2.775
43.3,2.775
43.3,2.775
43.3,2.775
43.3,2.775
43.3,2.775
43.3,2.775
43.3,2.775
43.3,2.775
43.3,2.775
43.3,2.775
43.3,2.780
43.3,2.780
43.3,2.780
43.3,2.780
43.3,2.780
43.3,2.780
43.3,2.780
43.3,2.780
43.3,2.780
43.3,2.780
43.3,2.780
43.3,2.780
43.3,2.780
43.3,2.780
43.3,2.780
43.3,2.780
43.3,2.780
43.3,2.780
43.3,2.780
43.3,2.780
43.3,2.780
43.3,2.780
43.3,2.780
43.3,2.780
43.3,2.780
43.3,2.780
43.3,2.780
43.3,2.785
43.3,2.785
43.3,2.785
43.3,2.785
43.3,2.785
43.3,2.785
43.3,2.785
43.3,2.785
43.3,2.785
43.3,2.785
43.3,2.785
43.3,2.785
43.3,2.785
43.3,2.785
43.3,2.785
43.3,2.785
43.3,2.785
43.3,2.785
43.3,2.785
43.3,2.785
43.3,2.785
43.3,2.785
43.3,2.785
43.3,2.785
43.4,2.785
43.4,2.785
43.4,2.785
43.4,2.790
43.4,2.790
43.4,2.790
43.4,2.790
43.4,2.790
43.4,2.790
43.4,2.790
43.4,2.790
43.4,2.790
43.4,2.790
43.4,2.790
43.4,2.790
43.4,2.790
43.4,2.790
43.4,2.790
43.4,2.790
43.4,2.790
43.4,2.790
43.4,2.790
43.4,2.790
43.4,2.790
43.4,2.790
43.4,2.790
43.4,2.790
43.4,2.790
43.4,2.790
43.4,2.795
43.4,2.795
43.4,2.795
43.4,2.795
43.4,2.795
43.4,2.795
43.4,2.795
43.4,2.795
43.4,2.795
43.4,2.795
43.4,2.795
43.4,2.795
43.4,2.795
43.4,2.795
43.4,2.795
43.4,2.795
43.4,2.795
43.4,2.795
43.4,2.795
43.4,2.795
43.4,2.795
43.4,2.795
43.4,2.795
43.4,2.795
43.4,2.795
43.4,2.795
43.4,2.795
43.4,2.795
43.5,2.795
43.5,2.800
43.5,2.800
43.5,2.800
43.5,2.800
43.5,2.800
43.5,2.800
43.5,2.800
43.5,2.800
43.5,2.800
43.5,2.800
43.5,2.800
43.5,2.800
43.5,2.800
43.5,2.800
43.5,2.800
43.5,2.800
43.5,2.800
43.5,2.800
43.5,2.800
43.5,2.800
43.5,2.800
43.5,2.800
43.5,2.800
43.5,2.800
43.5,2.800
43.5,2.800
43.5,2.800
43.5,2.800
43.5,2.805
43.5,2.805
43.5,2.805
43.5,2.805
43.5,2.805
43.5,2.805
43.5,2.805
43.5,2.805
43.5,2.805
43.5,2.805
43.5,2.805
43.5,2.805
43.5,2.805
43.5,2.805
43.5,2.805
43.5,2.805
43.5,2.805
43.5,2.805
43.5,2.805
43.5,2.805
43.5,2.805
43.5,2.805
43.6,2.805
43.6,2.805
43.6,2.805
43.6,2.805
43.6,2.805
43.6,2.805
43.6,2.810
43.6,2.810
43.6,2.810
43.6,2.810
43.6,2.810
43.6,2.810
43.6,2.810
43.6,2.810
43.6,2.810
43.6,2.810
43.6,2.810
43.6,2.810
43.6,2.810
43.6,2.810
43.6,2.810
43.6,2.810
43.6,2.810
43.6,2.810
43.6,2.810
43.6,2.810
43.6,2.810
43.6,2.810
43.6,2.810
43.6,2.810
43.6,2.810
43.6,2.810
43.6,2.810
43.6,2.815
43.6,2.815
43.6,2.815
43.6,2.815
43.6,2.815
43.6,2.815
43.6,2.815
43.6,2.815
43.6,2.815
43.6,2.815
43.6,2.815
43.6,2.815
43.6,2.815
43.6,2.815
43.6,2.815
43.6,2.815
43.6,2.815
43.6,2.815
43.6,2.815
43.6,2.815
43.6,2.815
43.6,2.815
43.6,2.815
43.6,2.815
43.6,2.815
43.6,2.815
43.6,2.820
43.6,2.820
43.6,2.820
43.6,2.820
43.6,2.820
43.6,2.820
43.6,2.820
43.6,2.820
43.6,2.820
43.6,2.820
43.6,2.820
43.6,2.820
43.6,2.820
43.6,2.820
43.6,2.820
43.6,2.820
43.6,2.820
43.6,2.820
43.6,2.820
43.6,2.820
43.6,2.820
43.6,2.820
43.6,2.820
43.6,2.820
43.6,2.820
43.6,2.820
43.6,2.820
43.6,2.820
43.6,2.820
43.6,2.825
43.6,2.825
43.6,2.825
43.6,2.825
43.6,2.825
43.7,2.825
43.7,2.825
43.7,2.825
43.7,2.825
43.7,2.825
43.7,2.825
43.7,2.825
43.7,2.825
43.7,2.825
43.7,2.825
43.7,2.825
43.7,2.825
43.7,2.825
43.7,2.825
43.7,2.825
43.6,2.825
43.6,2.825
43.6,2.825
43.6,2.825
43.6,2.825
43.6,2.825
43.6,2.825
43.6,2.825
43.6,2.830
43.6,2.830
43.6,2.830
43.6,2.830
43.6,2.830
43.6,2.830
43.6,2.830
43.6,2.830
43.6,2.830
43.6,2.830
43.6,2.830
43.6,2.830
43.6,2.830
43.6,2.830
43.6,2.830
43.6,2.830
43.6,2.830
43.6,2.830
43.7,2.830
43.7,2.830
43.7,2.830
43.7,2.830
43.7,2.830
43.7,2.830
43.7,2.830
43.7,2.830
43.7,2.830
43.7,2.835
43.7,2.835
43.7,2.835
43.7,2.835
43.6,2.835
43.6,2.835
43.6,2.835
43.6,2.835
43.6,2.835
43.6,2.835
43.6,2.835
43.6,2.835
43.6,2.835
43.6,2.835
43.6,2.835
43.6,2.835
43.6,2.835
43.6,2.835
43.6,2.835
43.6,2.835
43.6,2.835
43.6,2.835
43.6,2.835
43.6,2.835
43.6,2.835
43.6,2.835
43.6,2.840
43.6,2.840
43.6,2.840
43.6,2.840
43.6,2.840
43.6,2.840
43.6,2.840
43.6,2.840
43.6,2.840
43.6,2.840
43.6,2.840
43.6,2.840
43.6,2.840
43.6,2.840
43.6,2.840
43.6,2.840
43.6,2.840
43.6,2.840
43.6,2.840
43.6,2.840
43.6,2.840
43.6,2.840
43.6,2.840
43.6,2.840
43.6,2.840
43.6,2.840
43.6,2.840
43.6,2.840
43.6,2.845
43.6,2.845
43.6,2.845
43.6,2.845
43.6,2.845
43.6,2.845
43.6,2.845
43.6,2.845
43.6,2.845
43.6,2.845
43.6,2.845
43.6,2.845
43.6,2.845
43.7,2.845
43.7,2.845
43.7,2.845
43.7,2.845
43.7,2.845
43.7,2.845
43.7,2.845
43.7,2.845
43.7,2.845
43.7,2.845
43.7,2.845
43.7,2.845
43.7,2.845
43.7,2.845
43.7,2.845
43.7,2.850
43.7,2.850
43.7,2.850
43.7,2.850
43.7,2.850
43.7,2.850
43.7,2.850
43.7,2.850
43.7,2.850
43.7,2.850
43.7,2.850
43.7,2.850
43.7,2.850
43.7,2.850
43.7,2.850
43.7,2.850
43.7,2.850
43.7,2.850
43.7,2.850
43.7,2.850
43.7,2.850
43.7,2.850
43.7,2.850
43.7,2.850
43.7,2.850
43.7,2.850
43.7,2.850
43.7,2.855
43.7,2.855
43.7,2.855
43.7,2.855
43.7,2.855
43.7,2.855
43.7,2.855
43.7,2.855
43.7,2.855
43.8,2.855
43.8,2.855
43.8,2.855
43.8,2.855
43.8,2.855
43.8,2.855
43.8,2.855
43.8,2.855
43.8,2.855
43.8,2.855
43.8,2.855
43.8,2.855
43.8,2.855
43.8,2.855
43.8,2.855
43.8,2.855
43.8,2.855
43.8,2.860
43.8,2.860
43.8,2.860
43.8,2.860
43.8,2.860
43.8,2.860
43.8,2.860
43.8,2.860
43.8,2.860
43.8,2.860
43.8,2.860
43.8,2.860
43.8,2.860
43.8,2.860
43.8,2.860
43.8,2.860
43.8,2.860
43.8,2.860
43.8,2.860
43.8,2.860
43.8,2.860
43.8,2.860
43.8,2.860
43.8,2.860
43.8,2.860
43.8,2.860
43.8,2.860
43.8,2.860
43.8,2.860
43.8,2.865
43.8,2.865
43.8,2.865
43.8,2.865
43.8,2.865
43.8,2.865
43.8,2.865
43.8,2.865
43.9,2.865
43.9,2.865
43.9,2.865
43.9,2.865
43.9,2.865
43.9,2.865
43.9,2.865
43.9,2.865
43.9,2.865
43.9,2.865
43.8,2.865
43.8,2.865
43.8,2.865
43.8,2.865
43.8,2.865
43.8,2.865
43.8,2.865
43.9,2.865
43.9,2.865
43.9,2.865
43.9,2.870
43.9,2.870
43.9,2.870
43.9,2.870
43.9,2.870
43.9,2.870
43.9,2.870
43.9,2.870
43.9,2.870
43.9,2.870
43.9,2.870
43.9,2.870
43.9,2.870
43.9,2.870
43.9,2.870
43.9,2.870
43.9,2.870
43.9,2.870
43.9,2.870
43.9,2.870
43.9,2.870
43.9,2.870
43.9,2.870
43.9,2.870
43.9,2.870
43.9,2.870
43.9,2.875
43.9,2.875
43.9,2.875
43.9,2.875
43.9,2.875
43.9,2.875
43.9,2.875
43.9,2.875
43.9,2.875
43.9,2.875
43.9,2.875
43.9,2.875
43.9,2.875
43.9,2.875
43.9,2.875
43.9,2.875
43.9,2.875
43.9,2.875
43.9,2.875
43.9,2.875
43.9,2.875
43.9,2.875
43.9,2.875
43.8,2.875
43.9,2.875
43.9,2.875
43.9,2.875
43.9,2.875
43.9,2.880
43.9,2.880
43.9,2.880
43.9,2.880
43.8,2.880
43.8,2.880
43.8,2.880
43.8,2.880
43.8,2.880
43.8,2.880
43.8,2.880
43.8,2.880
43.8,2.880
43.8,2.880
43.8,2.880
43.8,2.880
43.8,2.880
43.8,2.880
43.8,2.880
43.8,2.880
43.8,2.880
43.8,2.880
43.8,2.880
43.8,2.880
43.8,2.880
43.8,2.880
43.8,2.880
43.8,2.885
43.8,2.885
43.8,2.885
43.8,2.885
43.8,2.885
43.8,2.885
43.8,2.885
43.8,2.885
43.8,2.885
43.8,2.885
43.8,2.885
43.8,2.885
43.8,2.885
43.8,2.885
43.8,2.885
43.8,2.885
43.8,2.885
43.8,2.885
43.8,2.885
43.8,2.885
43.8,2.885
43.8,2.885
43.8,2.885
43.8,2.885
43.8,2.885
43.8,2.885
43.7,2.885
43.7,2.885
43.7,2.890
43.7,2.890
43.7,2.890
43.7,2.890
43.7,2.890
43.7,2.890
43.7,2.890
43.7,2.890
43.7,2.890
43.7,2.890
43.7,2.890
43.7,2.890
43.7,2.890
43.7,2.890
43.7,2.890
43.7,2.890
43.7,2.890
43.7,2.890
43.7,2.890
43.7,2.890
43.7,2.890
43.7,2.890
43.7,2.890
43.7,2.890
43.7,2.890
43.7,2.890
43.7,2.890
43.7,2.895
43.7,2.895
43.7,2.895
43.7,2.895
43.7,2.895
43.7,2.895
43.7,2.895
43.7,2.895
43.7,2.895
43.7,2.895
43.7,2.895
43.8,2.895
43.8,2.895
43.8,2.895
43.8,2.895
43.8,2.895
43.8,2.895
43.8,2.895
43.8,2.895
43.8,2.895
43.8,2.895
43.8,2.895
43.8,2.895
43.8,2.895
43.8,2.895
43.8,2.900
43.8,2.900
43.8,2.900
43.8,2.900
43.8,2.900
43.8,2.900
43.8,2.900
43.8,2.900
43.8,2.900
43.8,2.900
43.8,2.900
43.8,2.900
43.8,2.900
43.8,2.900
43.8,2.900
43.8,2.900
43.8,2.900
43.8,2.900
43.8,2.900
43.8,2.900
43.7,2.900
43.7,2.900
43.7,2.900
43.7,2.900
43.7,2.900
43.7,2.900
43.7,2.905
43.6,2.905
43.6,2.905
43.6,2.905
43.6,2.905
43.6,2.905
43.6,2.905
43.6,2.905
43.6,2.905
43.6,2.905
43.6,2.905
43.6,2.905
43.6,2.905
43.6,2.905
43.6,2.905
43.7,2.905
43.7,2.905
43.7,2.905
43.7,2.905
43.7,2.905
43.7,2.905
43.7,2.905
43.7,2.905
43.7,2.905
43.7,2.905
43.7,2.905
43.7,2.910
43.7,2.910
43.7,2.910
43.7,2.910
43.7,2.910
43.7,2.910
43.7,2.910
43.7,2.910
43.7,2.910
43.7,2.910
43.7,2.910
43.7,2.910
43.7,2.910
43.7,2.910
43.7,2.910
43.7,2.910
43.7,2.910
43.7,2.910
43.7,2.910
43.7,2.910
43.7,2.910
43.7,2.910
43.7,2.910
43.7,2.910
43.7,2.915
43.7,2.915
43.7,2.915
43.7,2.915
43.7,2.915
43.7,2.915
43.7,2.915
43.7,2.915
43.7,2.915
43.7,2.915
43.7,2.915
43.7,2.915
43.7,2.915
43.7,2.915
43.7,2.915
43.7,2.915
43.7,2.915
43.7,2.915
43.7,2.915
43.7,2.915
43.7,2.915
43.7,2.915
43.7,2.915
43.7,2.920
43.7,2.920
43.7,2.920
43.7,2.920
43.7,2.920
43.7,2.920
43.7,2.920
43.7,2.920
43.7,2.920
43.7,2.920
43.7,2.920
43.7,2.920
43.7,2.920
43.7,2.920
43.7,2.920
43.7,2.920
43.7,2.920
43.7,2.920
43.7,2.920
43.7,2.920
43.7,2.920
43.7,2.920
43.7,2.920
43.7,2.920
43.7,2.920
43.7,2.925
43.7,2.925
43.7,2.925
43.7,2.925
43.7,2.925
43.7,2.925
43.7,2.925
43.7,2.925
43.7,2.925
43.7,2.925
43.7,2.925
43.7,2.925
43.7,2.925
43.7,2.925
43.7,2.925
43.7,2.925
43.7,2.925
43.7,2.925
43.7,2.925
43.7,2.925
43.7,2.925
43.7,2.925
43.7,2.925
43.7,2.925
43.7,2.925
43.7,2.925
43.7,2.930
43.7,2.930
43.7,2.930
43.7,2.930
43.7,2.930
43.7,2.930
43.7,2.930
43.7,2.930
43.7,2.930
43.7,2.930
43.7,2.930
43.7,2.930
43.7,2.930
43.7,2.930
43.8,2.930
43.8,2.930
43.8,2.930
43.8,2.930
43.8,2.930
43.8,2.930
43.8,2.930
43.8,2.930
43.8,2.930
43.8,2.930
43.8,2.930
43.8,2.935
43.8,2.935
43.8,2.935
43.8,2.935
43.8,2.935
43.8,2.935
43.8,2.935
43.8,2.935
43.8,2.935
43.8,2.935
43.8,2.935
43.8,2.935
43.8,2.935
43.8,2.935
43.8,2.935
43.8,2.935
43.8,2.935
43.8,2.935
43.8,2.935
43.8,2.935
43.8,2.935
43.8,2.935
43.8,2.935
43.8,2.935
43.8,2.935
43.8,2.935
43.8,2.940
43.8,2.940
43.8,2.940
43.8,2.940
43.8,2.940
43.8,2.940
43.8,2.940
43.8,2.940
43.8,2.940
43.7,2.940
43.7,2.940
43.7,2.940
43.7,2.940
43.7,2.940
43.7,2.940
43.7,2.940
43.7,2.940
43.7,2.940
43.7,2.940
43.7,2.940
43.7,2.940
43.7,2.940
43.7,2.940
43.7,2.940
43.7,2.940
43.7,2.940
43.7,2.940
43.7,2.940
43.7,2.945
43.7,2.945
43.7,2.945
43.7,2.945
43.7,2.945
43.7,2.945
43.7,2.945
43.7,2.945
43.7,2.945
43.7,2.945
43.7,2.945
43.7,2.945
43.7,2.945
43.7,2.945
43.7,2.945
43.7,2.945
43.7,2.945
43.7,2.945
43.7,2.945
43.7,2.945
43.7,2.945
43.7,2.945
43.7,2.945
43.7,2.945
43.7,2.945
43.7,2.945
43.7,2.945
43.7,2.945
43.7,2.950
43.7,2.950
43.7,2.950
43.7,2.950
43.7,2.950
43.7,2.950
43.7,2.950
43.7,2.950
43.7,2.950
43.7,2.950
43.7,2.950
43.7,2.950
43.7,2.950
43.7,2.950
43.7,2.950
43.7,2.950
43.7,2.950
43.7,2.950
43.8,2.950
43.8,2.950
43.8,2.950
43.8,2.950
43.8,2.950
43.8,2.950
43.8,2.950
43.8,2.950
43.8,2.955
43.8,2.955
43.8,2.955
43.8,2.955
43.8,2.955
43.8,2.955
43.8,2.955
43.8,2.955
43.8,2.955
43.8,2.955
43.8,2.955
43.8,2.955
43.8,2.955
43.8,2.955
43.8,2.955
43.8,2.955
43.8,2.955
43.8,2.955
43.8,2.955
43.8,2.955
43.8,2.955
43.8,2.955
43.8,2.955
43.8,2.955
43.8,2.955
43.8,2.955
43.8,2.955
43.8,2.955
43.8,2.955
43.8,2.955
43.8,2.960
43.8,2.960
43.8,2.960
43.8,2.960
43.8,2.960
43.8,2.960
43.8,2.960
43.8,2.960
43.8,2.960
43.8,2.960
43.8,2.960
43.8,2.960
43.8,2.960
43.8,2.960
43.8,2.960
43.8,2.960
43.8,2.960
43.8,2.960
43.8,2.960
43.8,2.960
43.8,2.960
43.8,2.960
43.8,2.960
43.8,2.960
43.8,2.960
43.8,2.960
43.8,2.960
43.8,2.960
43.8,2.960
43.8,2.960
43.8,2.960
43.8,2.965
43.8,2.965
43.8,2.965
43.8,2.965
43.8,2.965
43.8,2.965
43.8,2.965
43.8,2.965
43.8,2.965
43.8,2.965
43.8,2.965
43.8,2.965
43.8,2.965
43.8,2.965
43.8,2.965
43.8,2.965
43.8,2.965
43.8,2.965
43.8,2.965
43.8,2.965
43.8,2.965
43.8,2.965
43.9,2.965
43.9,2.965
43.9,2.965
43.9,2.965
43.9,2.965
43.9,2.965
43.9,2.965
43.9,2.965
43.9,2.965
43.9,2.965
43.9,2.970
43.9,2.970
43.9,2.970
43.9,2.970
43.9,2.970
43.9,2.970
43.9,2.970
43.9,2.970
43.9,2.970
43.9,2.970
43.9,2.970
43.9,2.970
43.9,2.970
43.9,2.970
43.9,2.970
43.9,2.970
43.9,2.970
43.9,2.970
43.9,2.970
43.9,2.970
43.9,2.970
43.9,2.970
43.9,2.970
43.9,2.970
43.9,2.970
43.9,2.970
43.9,2.970
43.9,2.970
43.9,2.970
43.9,2.970
43.9,2.970
43.9,2.975
43.9,2.975
43.9,2.975
43.9,2.975
43.9,2.975
43.9,2.975
43.9,2.975
43.9,2.975
43.9,2.975
43.9,2.975
43.9,2.975
43.9,2.975
43.9,2.975
43.9,2.975
43.9,2.975
43.9,2.975
43.9,2.975
43.9,2.975
43.9,2.975
43.9,2.975
43.9,2.975
43.9,2.975
43.9,2.975
43.9,2.975
43.9,2.975
43.9,2.975
43.9,2.975
43.9,2.975
43.9,2.975
43.9,2.980
43.9,2.980
43.9,2.980
43.9,2.980
43.9,2.980
43.9,2.980
43.9,2.980
43.9,2.980
43.9,2.980
43.9,2.980
43.9,2.980
43.9,2.980
44.0,2.980
44.0,2.980
44.0,2.980
44.0,2.980
44.0,2.980
44.0,2.980
44.0,2.980
44.0,2.980
44.0,2.980
43.9,2.980
43.9,2.980
43.9,2.980
43.9,2.980
43.9,2.980
43.9,2.980
43.9,2.980
43.9,2.980
43.9,2.980
43.9,2.985
43.9,2.985
43.9,2.985
43.9,2.985
43.9,2.985
43.9,2.985
43.9,2.985
43.9,2.985
43.9,2.985
43.9,2.985
43.9,2.985
43.9,2.985
43.9,2.985
43.9,2.985
43.9,2.985
43.9,2.985
43.9,2.985
43.9,2.985
43.9,2.985
44.0,2.985
44.0,2.985
44.0,2.985
44.0,2.985
44.0,2.985
44.0,2.985
44.0,2.985
44.0,2.985
44.0,2.985
44.0,2.985
44.0,2.985
44.0,2.985
44.0,2.990
44.0,2.990
44.0,2.990
44.0,2.990
44.0,2.990
44.0,2.990
44.0,2.990
44.0,2.990
44.0,2.990
44.0,2.990
44.0,2.990
44.0,2.990
44.0,2.990
44.0,2.990
44.0,2.990
44.0,2.990
44.0,2.990
44.0,2.990
44.0,2.990
44.0,2.990
44.0,2.990
44.0,2.990
44.0,2.990
44.0,2.990
44.0,2.990
44.0,2.990
44.0,2.990
44.0,2.990
44.0,2.990
44.0,2.990
44.0,2.995
44.0,2.995
44.0,2.995
44.0,2.995
44.0,2.995
44.0,2.995
44.0,2.995
44.0,2.995
44.0,2.995
44.0,2.995
44.0,2.995
44.0,2.995
44.0,2.995
44.0,2.995
44.0,2.995
44.0,2.995
44.0,2.995
44.0,2.995
44.0,2.995
44.0,2.995
44.0,2.995
44.0,2.995
44.0,2.995
44.0,2.995
44.0,2.995
44.0,2.995
44.0,2.995
44.0,3.000
44.0,3.000
44.0,3.000
44.0,3.000
44.0,3.000
44.0,3.000
44.0,3.000
44.0,3.000
44.0,3.000
44.0,3.000
44.0,3.000
44.0,3.000
44.0,3.000
44.0,3.000
44.0,3.000
44.0,3.000
44.0,3.000
44.0,3.000
44.0,3.000
44.0,3.000
44.0,3.000
44.0,3.000
44.0,3.000
44.0,3.000
44.0,3.000
44.0,3.000
44.0,3.000
44.0,3.000
44.0,3.000
44.0,3.000
44.0,3.005
44.0,3.005
44.0,3.005
44.0,3.005
44.0,3.005
44.0,3.005
44.0,3.005
44.0,3.005
44.0,3.005
44.0,3.005
44.0,3.005
44.0,3.005
44.0,3.005
44.0,3.005
44.0,3.005
44.0,3.005
44.0,3.005
44.0,3.005
44.0,3.005
44.0,3.005
44.0,3.005
44.0,3.005
44.0,3.005
44.0,3.005
44.0,3.005
44.0,3.005
44.0,3.005
44.0,3.005
44.0,3.005
44.0,3.010
44.0,3.010
44.0,3.010
44.0,3.010
44.0,3.010
44.0,3.010
44.0,3.010
44.0,3.010
44.0,3.010
44.0,3.010
44.0,3.010
44.0,3.010
44.0,3.010
44.0,3.010
44.0,3.010
44.0,3.010
44.0,3.010
44.0,3.010
44.0,3.010
44.0,3.010
44.0,3.010
44.0,3.010
44.0,3.010
44.0,3.010
44.0,3.010
44.0,3.010
44.0,3.010
44.0,3.010
44.0,3.015
44.0,3.015
44.0,3.015
44.0,3.015
44.0,3.015
44.0,3.015
44.0,3.015
44.0,3.015
44.0,3.015
44.0,3.015
44.0,3.015
44.0,3.015
44.0,3.015
44.0,3.015
44.0,3.015
44.0,3.015
44.0,3.015
44.0,3.015
44.0,3.015
44.0,3.015
44.0,3.015
44.0,3.015
44.0,3.015
44.0,3.015
44.0,3.015
44.0,3.015
44.0,3.015
44.0,3.015
44.0,3.020
44.0,3.020
44.0,3.020
44.0,3.020
44.0,3.020
44.0,3.020
44.0,3.020
44.0,3.020
44.0,3.020
44.0,3.020
44.0,3.020
44.0,3.020
44.0,3.020
44.0,3.020
44.0,3.020
44.0,3.020
44.0,3.020
44.0,3.020
44.0,3.020
44.0,3.020
44.0,3.020
44.0,3.020
44.0,3.020
44.0,3.020
44.0,3.020
44.0,3.020
44.0,3.020
44.0,3.020
44.0,3.020
44.0,3.020
44.0,3.025
44.0,3.025
44.0,3.025
44.0,3.025
44.0,3.025
44.0,3.025
44.0,3.025
44.0,3.025
44.0,3.025
44.0,3.025
44.0,3.025
44.0,3.025
44.0,3.025
44.0,3.025
44.0,3.025
44.0,3.025
44.0,3.025
44.0,3.025
44.0,3.025
44.0,3.025
44.0,3.025
44.0,3.025
44.0,3.025
44.0,3.025
44.0,3.025
44.0,3.025
44.0,3.025
44.0,3.025
44.0,3.025
44.0,3.025
44.0,3.025
44.0,3.030
44.0,3.030
44.0,3.030
44.0,3.030
44.0,3.030
44.0,3.030
44.0,3.030
44.0,3.030
44.0,3.030
44.0,3.030
44.0,3.030
44.0,3.030
44.0,3.030
44.0,3.030
44.0,3.030
44.0,3.030
44.0,3.030
44.0,3.030
44.0,3.030
44.0,3.030
44.0,3.030
44.0,3.030
44.0,3.030
44.0,3.030
44.0,3.030
44.0,3.030
44.0,3.030
44.0,3.030
44.0,3.030
44.0,3.030
44.0,3.030
44.0,3.035
44.0,3.035
44.0,3.035
44.0,3.035
44.0,3.035
44.0,3.035
44.0,3.035
44.0,3.035
44.0,3.035
44.0,3.035
44.0,3.035
44.0,3.035
44.0,3.035
44.0,3.035
44.0,3.035
44.0,3.035
44.0,3.035
44.0,3.035
44.0,3.035
44.0,3.035
44.0,3.035
44.0,3.035
44.0,3.035
44.0,3.035
44.0,3.035
44.0,3.035
44.0,3.035
44.0,3.035
44.0,3.035
44.0,3.035
44.0,3.035
44.0,3.035
44.0,3.035
44.0,3.040
44.0,3.040
44.0,3.040
44.0,3.040
44.0,3.040
44.0,3.040
44.0,3.040
44.0,3.040
44.0,3.040
44.0,3.040
44.0,3.040
44.0,3.040
44.1,3.040
44.1,3.040
44.1,3.040
44.1,3.040
44.1,3.040
44.1,3.040
44.1,3.040
44.1,3.040
44.1,3.040
44.1,3.040
44.1,3.040
44.1,3.040
44.1,3.040
44.1,3.040
44.1,3.040
44.1,3.040
44.1,3.040
44.1,3.040
44.1,3.040
44.1,3.040
44.1,3.040
44.1,3.040
44.1,3.040
44.1,3.040
44.1,3.045
44.1,3.045
44.1,3.045
44.1,3.045
44.1,3.045
44.1,3.045
44.1,3.045
44.1,3.045
44.1,3.045
44.1,3.045
44.1,3.045
44.1,3.045
44.1,3.045
44.1,3.045
44.1,3.045
44.1,3.045
44.1,3.045
44.1,3.045
44.1,3.045
44.1,3.045
44.1,3.045
44.1,3.045
44.1,3.045
44.1,3.045
44.1,3.045
44.1,3.045
44.1,3.045
44.1,3.045
44.1,3.045
44.1,3.045
44.1,3.045
44.1,3.045
44.1,3.045
44.1,3.045
44.1,3.045
44.1,3.045
44.1,3.050
44.1,3.050
44.1,3.050
44.1,3.050
44.1,3.050
44.1,3.050
44.1,3.050
44.1,3.050
44.1,3.050
44.1,3.050
44.1,3.050
44.1,3.050
44.1,3.050
44.1,3.050
44.1,3.050
44.1,3.050
44.1,3.050
44.1,3.050
44.1,3.050
44.1,3.050
44.1,3.050
44.1,3.050
44.1,3.050
44.1,3.050
44.1,3.050
44.1,3.050
44.1,3.050
44.1,3.050
44.1,3.050
44.1,3.050
44.1,3.050
44.1,3.050
44.1,3.050
44.1,3.050
44.1,3.055
44.1,3.055
44.1,3.055
44.1,3.055
44.1,3.055
44.1,3.055
44.1,3.055
44.1,3.055
44.1,3.055
44.1,3.055
44.1,3.055
44.1,3.055
44.1,3.055
44.1,3.055
44.2,3.055
44.2,3.055
44.2,3.055
44.2,3.055
44.2,3.055
44.2,3.055
44.2,3.055
44.2,3.055
44.2,3.055
44.2,3.055
44.2,3.055
44.2,3.055
44.2,3.055
44.2,3.055
44.2,3.055
44.2,3.055
44.2,3.055
44.2,3.055
44.2,3.055
44.2,3.060
44.2,3.060
44.2,3.060
44.2,3.060
44.2,3.060
44.2,3.060
44.2,3.060
44.2,3.060
44.2,3.060
44.2,3.060
44.2,3.060
44.2,3.060
44.2,3.060
44.2,3.060
44.2,3.060
44.2,3.060
44.2,3.060
44.2,3.060
44.2,3.060
44.2,3.060
44.2,3.060
44.2,3.060
44.2,3.060
44.2,3.060
44.2,3.060
44.2,3.060
44.2,3.060
44.2,3.060
44.2,3.060
44.2,3.060
44.2,3.060
44.2,3.060
44.2,3.060
44.2,3.060
44.2,3.060
44.2,3.060
44.2,3.060
44.2,3.065
44.3,3.065
44.3,3.065
44.3,3.065
44.3,3.065
44.3,3.065
44.3,3.065
44.3,3.065
44.3,3.065
44.3,3.065
44.3,3.065
44.3,3.065
44.3,3.065
44.3,3.065
44.3,3.065
44.2,3.065
44.2,3.065
44.2,3.065
44.2,3.065
44.2,3.065
44.2,3.065
44.2,3.065
44.2,3.065
44.2,3.065
44.2,3.065
44.2,3.065
44.2,3.065
44.2,3.065
44.2,3.065
44.2,3.065
44.2,3.065
44.2,3.065
44.2,3.065
44.2,3.065
44.2,3.065
44.2,3.065
44.2,3.065
44.2,3.070
44.2,3.070
44.2,3.070
44.2,3.070
44.2,3.070
44.2,3.070
44.2,3.070
44.2,3.070
44.2,3.070
44.2,3.070
44.2,3.070
44.2,3.070
44.2,3.070
44.2,3.070
44.2,3.070
44.2,3.070
44.2,3.070
44.2,3.070
44.2,3.070
44.2,3.070
44.2,3.070
44.2,3.070
44.2,3.070
44.2,3.070
44.2,3.070
44.2,3.070
44.2,3.070
44.2,3.070
44.2,3.070
44.2,3.070
44.2,3.070
44.2,3.070
44.2,3.070
44.2,3.070
44.2,3.070
44.2,3.070
44.2,3.070
44.2,3.075
44.2,3.075
44.2,3.075
44.2,3.075
44.2,3.075
44.2,3.075
44.2,3.075
44.2,3.075
44.2,3.075
44.2,3.075
44.2,3.075
44.2,3.075
44.3,3.075
44.3,3.075
44.3,3.075
44.3,3.075
44.3,3.075
44.3,3.075
44.3,3.075
44.3,3.075
44.3,3.075
44.3,3.075
44.3,3.075
44.3,3.075
44.3,3.075
44.3,3.075
44.3,3.075
44.3,3.075
44.3,3.075
44.3,3.075
44.3,3.075
44.3,3.075
44.3,3.075
44.3,3.075
44.3,3.075
44.3,3.075
44.3,3.075
44.3,3.080
44.3,3.080
44.3,3.080
44.3,3.080
44.3,3.080
44.3,3.080
44.3,3.080
44.3,3.080
44.3,3.080
44.3,3.080
44.3,3.080
44.3,3.080
44.3,3.080
44.3,3.080
44.3,3.080
44.3,3.080
44.3,3.080
44.3,3.080
44.3,3.080
44.3,3.080
44.3,3.080
44.3,3.080
44.3,3.080
44.3,3.080
44.3,3.080
44.3,3.080
44.3,3.080
44.3,3.080
44.3,3.080
44.3,3.080
44.3,3.080
44.3,3.080
44.3,3.080
44.3,3.080
44.3,3.080
44.3,3.080
44.3,3.080
44.3,3.080
44.3,3.080
44.3,3.080
44.3,3.085
44.3,3.085
44.3,3.085
44.3,3.085
44.3,3.085
44.3,3.085
44.3,3.085
44.3,3.085
44.3,3.085
44.3,3.085
44.3,3.085
44.3,3.085
44.3,3.085
44.3,3.085
44.3,3.085
44.3,3.085
44.3,3.085
44.3,3.085
44.3,3.085
44.3,3.085
44.3,3.085
44.3,3.085
44.3,3.085
44.3,3.085
44.3,3.085
44.3,3.085
44.3,3.085
44.3,3.085
44.3,3.085
44.3,3.085
44.3,3.085
44.3,3.085
44.3,3.085
44.3,3.085
44.3,3.085
44.3,3.085
44.4,3.085
44.4,3.085
44.4,3.085
44.4,3.085
44.4,3.085
44.4,3.085
44.4,3.090
44.4,3.090
44.3,3.090
44.3,3.090
44.3,3.090
44.3,3.090
44.3,3.090
44.3,3.090
44.3,3.090
44.3,3.090
44.3,3.090
44.3,3.090
44.3,3.090
44.3,3.090
44.3,3.090
44.3,3.090
44.3,3.090
44.3,3.090
44.3,3.090
44.3,3.090
44.3,3.090
44.3,3.090
44.3,3.090
44.3,3.090
44.3,3.090
44.3,3.090
44.3,3.090
44.4,3.090
44.4,3.090
44.4,3.090
44.4,3.090
44.4,3.090
44.4,3.090
44.4,3.090
44.4,3.090
44.4,3.090
44.4,3.090
44.4,3.090
44.4,3.090
44.4,3.090
44.4,3.095
44.4,3.095
44.4,3.095
44.4,3.095
44.4,3.095
44.4,3.095
44.4,3.095
44.4,3.095
44.4,3.095
44.4,3.095
44.4,3.095
44.4,3.095
44.4,3.095
44.4,3.095
44.4,3.095
44.4,3.095
44.4,3.095
44.4,3.095
44.4,3.095
44.4,3.095
44.4,3.095
44.4,3.095
44.4,3.095
44.4,3.095
44.4,3.095
44.4,3.095
44.4,3.095
44.4,3.095
44.4,3.095
44.4,3.095
44.4,3.095
44.4,3.095
44.4,3.095
44.4,3.095
44.4,3.095
44.4,3.095
44.4,3.095
44.4,3.095
44.4,3.095
44.4,3.095
44.4,3.095
44.4,3.100
44.4,3.100
44.4,3.100
44.4,3.100
44.4,3.100
44.4,3.100
44.4,3.100
44.4,3.100
44.4,3.100
44.4,3.100
44.4,3.100
44.4,3.100
44.4,3.100
44.4,3.100
44.4,3.100
44.4,3.100
44.4,3.100
44.4,3.100
44.4,3.100
44.4,3.100
44.4,3.100
44.4,3.100
44.4,3.100
44.4,3.100
44.4,3.100
44.4,3.100
44.4,3.100
44.4,3.100
44.4,3.100
44.4,3.100
44.4,3.100
44.4,3.100
44.4,3.100
44.4,3.100
44.4,3.100
44.4,3.100
44.4,3.100
44.4,3.100
44.4,3.100
44.4,3.100
44.4,3.100
44.4,3.100
44.4,3.100
44.4,3.105
44.4,3.105
44.4,3.105
44.4,3.105
44.4,3.105
44.4,3.105
44.4,3.105
44.4,3.105
44.4,3.105
44.4,3.105
44.4,3.105
44.4,3.105
44.4,3.105
44.4,3.105
44.4,3.105
44.4,3.105
44.4,3.105
44.4,3.105
44.4,3.105
44.4,3.105
44.4,3.105
44.4,3.105
44.4,3.105
44.4,3.105
44.4,3.105
44.4,3.105
44.4,3.105
44.4,3.105
44.4,3.105
44.4,3.105
44.4,3.105
44.4,3.105
44.4,3.105
44.4,3.105
44.4,3.105
44.4,3.105
44.4,3.105
44.4,3.105
44.4,3.105
44.4,3.105
44.4,3.105
44.5,3.105
44.5,3.105
44.5,3.105
44.5,3.110
44.5,3.110
44.5,3.110
44.5,3.110
44.5,3.110
44.5,3.110
44.5,3.110
44.4,3.110
44.4,3.110
44.4,3.110
44.4,3.110
44.4,3.110
44.4,3.110
44.4,3.110
44.4,3.110
44.4,3.110
44.4,3.110
44.4,3.110
44.4,3.110
44.4,3.110
44.4,3.110
44.4,3.110
44.4,3.110
44.4,3.110
44.4,3.110
44.4,3.110
44.4,3.110
44.4,3.110
44.4,3.110
44.4,3.110
44.4,3.110
44.4,3.110
44.4,3.110
44.4,3.110
44.4,3.110
44.4,3.110
44.4,3.110
44.4,3.110
44.4,3.110
44.4,3.110
44.4,3.110
44.4,3.110
44.4,3.115
44.4,3.115
44.4,3.115
44.4,3.115
44.4,3.115
44.4,3.115
44.4,3.115
44.4,3.115
44.4,3.115
44.4,3.115
44.4,3.115
44.4,3.115
44.4,3.115
44.4,3.115
44.4,3.115
44.4,3.115
44.4,3.115
44.4,3.115
44.4,3.115
44.4,3.115
44.4,3.115
44.4,3.115
44.4,3.115
44.4,3.115
44.4,3.115
44.4,3.115
44.4,3.115
44.4,3.115
44.4,3.115
44.5,3.115
44.5,3.115
44.5,3.115
44.5,3.115
44.5,3.115
44.5,3.115
44.5,3.115
44.5,3.115
44.5,3.115
44.5,3.115
44.5,3.115
44.5,3.115
44.5,3.115
44.5,3.115
44.5,3.115
44.5,3.115
44.5,3.115
44.5,3.120
44.5,3.120
44.5,3.120
44.5,3.120
44.5,3.120
44.5,3.120
44.5,3.120
44.5,3.120
44.5,3.120
44.5,3.120
44.5,3.120
44.5,3.120
44.5,3.120
44.5,3.120
44.5,3.120
44.5,3.120
44.5,3.120
44.5,3.120
44.5,3.120
44.5,3.120
44.5,3.120
44.5,3.120
44.5,3.120
44.5,3.120
44.5,3.120
44.5,3.120
44.6,3.120
44.6,3.120
44.6,3.120
44.6,3.120
44.6,3.120
44.6,3.120
44.6,3.120
44.6,3.120
44.6,3.120
44.6,3.120
44.6,3.120
44.6,3.120
44.6,3.120
44.6,3.120
44.6,3.120
44.6,3.120
44.6,3.120
44.6,3.120
44.6,3.120
44.6,3.120
44.6,3.125
44.6,3.125
44.6,3.125
44.6,3.125
44.6,3.125
44.6,3.125
44.6,3.125
44.6,3.125
44.6,3.125
44.6,3.125
44.6,3.125
44.6,3.125
44.6,3.125
44.6,3.125
44.6,3.125
44.6,3.125
44.6,3.125
44.6,3.125
44.6,3.125
44.6,3.125
44.6,3.125
44.6,3.125
44.6,3.125
44.6,3.125
44.6,3.125
44.6,3.125
44.7,3.125
44.7,3.125
44.7,3.125
44.7,3.125
44.7,3.125
44.7,3.125
44.7,3.125
44.7,3.125
44.7,3.125
44.7,3.125
44.7,3.125
44.7,3.125
44.7,3.125
44.7,3.125
44.7,3.125
44.7,3.125
44.7,3.125
44.7,3.125
44.7,3.125
44.7,3.130
44.7,3.130
44.7,3.130
44.7,3.130
44.7,3.130
44.7,3.130
44.7,3.130
44.7,3.130
44.7,3.130
44.7,3.130
44.7,3.130
44.7,3.130
44.7,3.130
44.7,3.130
44.7,3.130
44.7,3.130
44.7,3.130
44.7,3.130
44.7,3.130
44.7,3.130
44.7,3.130
44.7,3.130
44.7,3.130
44.7,3.130
44.7,3.130
44.7,3.130
44.7,3.130
44.7,3.130
44.7,3.130
44.7,3.130
44.7,3.130
44.7,3.130
44.7,3.130
44.7,3.130
44.7,3.130
44.7,3.130
44.7,3.130
44.7,3.130
44.7,3.130
44.7,3.130
44.7,3.130
44.7,3.130
44.7,3.130
44.7,3.135
44.7,3.135
44.7,3.135
44.7,3.135
44.7,3.135
44.7,3.135
44.7,3.135
44.7,3.135
44.7,3.135
44.7,3.135
44.7,3.135
44.7,3.135
44.7,3.135
44.8,3.135
44.8,3.135
44.8,3.135
44.8,3.135
44.8,3.135
44.8,3.135
44.8,3.135
44.8,3.135
44.8,3.135
44.8,3.135
44.8,3.135
44.8,3.135
44.8,3.135
44.8,3.135
44.8,3.135
44.8,3.135
44.8,3.135
44.8,3.135
44.8,3.135
44.8,3.135
44.8,3.135
44.8,3.135
44.8,3.135
44.8,3.135
44.8,3.135
44.8,3.135
44.8,3.135
44.8,3.135
44.8,3.135
44.8,3.135
44.8,3.140
44.8,3.140
44.8,3.140
44.8,3.140
44.8,3.140
44.8,3.140
44.8,3.140
44.8,3.140
44.8,3.140
44.8,3.140
44.8,3.140
44.8,3.140
44.8,3.140
44.8,3.140
44.8,3.140
44.8,3.140
44.8,3.140
44.8,3.140
44.8,3.140
44.8,3.140
44.8,3.140
44.8,3.140
44.8,3.140
44.8,3.140
44.8,3.140
44.8,3.140
44.8,3.140
44.8,3.140
44.8,3.140
44.8,3.140
44.8,3.140
44.8,3.140
44.8,3.140
44.8,3.140
44.8,3.140
44.8,3.140
44.8,3.140
44.8,3.140
44.9,3.140
44.9,3.140
44.9,3.140
44.9,3.140
44.9,3.140
44.9,3.140
44.9,3.140
44.9,3.140
44.9,3.140
44.9,3.140
44.9,3.145
44.9,3.145
44.9,3.145
44.9,3.145
44.9,3.145
44.9,3.145
44.9,3.145
44.9,3.145
44.9,3.145
44.9,3.145
44.9,3.145
44.9,3.145
44.9,3.145
44.9,3.145
44.9,3.145
44.9,3.145
44.9,3.145
44.9,3.145
44.9,3.145
44.9,3.145
44.9,3.145
44.9,3.145
45.0,3.145
45.0,3.145
45.0,3.145
45.0,3.145
45.0,3.145
45.0,3.145
45.0,3.145
45.0,3.145
45.0,3.145
45.0,3.145
45.0,3.145
45.0,3.145
45.0,3.145
45.0,3.145
45.0,3.145
45.0,3.145
45.0,3.145
45.0,3.145
45.0,3.145
45.0,3.145
45.0,3.145
45.0,3.145
45.0,3.145
45.0,3.145
45.0,3.145
45.0,3.145
45.0,3.150
45.0,3.150
45.0,3.150
45.0,3.150
45.0,3.150
45.0,3.150
45.0,3.150
45.0,3.150
45.0,3.150
45.0,3.150
45.0,3.150
45.0,3.150
45.0,3.150
45.0,3.150
45.0,3.150
45.0,3.150
45.0,3.150
45.0,3.150
45.0,3.150
45.0,3.150
45.0,3.150
45.0,3.150
45.0,3.150
45.0,3.150
45.0,3.150
45.0,3.150
45.0,3.150
45.0,3.150
45.0,3.150
45.0,3.150
45.0,3.150
45.0,3.150
45.0,3.150
45.0,3.150
45.0,3.150
45.0,3.150
45.0,3.150
45.0,3.150
45.0,3.150
45.1,3.150
45.1,3.150
45.1,3.150
45.1,3.150
45.1,3.155
45.1,3.155
45.1,3.155
45.1,3.155
45.1,3.155
45.1,3.155
45.1,3.155
45.1,3.155
45.1,3.155
45.1,3.155
45.1,3.155
45.1,3.155
45.1,3.155
45.1,3.155
45.1,3.155
45.1,3.155
45.1,3.155
45.1,3.155
45.1,3.155
45.1,3.155
45.1,3.155
45.1,3.155
45.1,3.155
45.1,3.155
45.1,3.155
45.1,3.155
45.1,3.155
45.1,3.155
45.1,3.155
45.1,3.155
45.1,3.155
45.1,3.155
45.1,3.155
45.1,3.155
45.2,3.155
45.2,3.155
45.2,3.155
45.2,3.155
45.2,3.155
45.2,3.160
45.2,3.160
45.2,3.160
45.2,3.160
45.2,3.160
45.2,3.160
45.2,3.160
45.2,3.160
45.2,3.160
45.2,3.160
45.2,3.160
45.2,3.160
45.2,3.160
45.2,3.160
45.2,3.160
45.2,3.160
45.2,3.160
45.2,3.160
45.2,3.160
45.2,3.160
45.2,3.160
45.3,3.160
45.3,3.160
45.3,3.160
45.3,3.160
45.3,3.160
45.3,3.160
45.3,3.160
45.3,3.160
45.3,3.160
45.3,3.160
45.3,3.160
45.3,3.160
45.3,3.160
45.3,3.160
45.3,3.160
45.3,3.160
45.3,3.160
45.3,3.160
45.3,3.160
45.3,3.160
45.3,3.160
45.3,3.165
45.3,3.165
45.3,3.165
45.3,3.165
45.3,3.165
45.3,3.165
45.3,3.165
45.3,3.165
45.4,3.165
45.4,3.165
45.4,3.165
45.4,3.165
45.4,3.165
45.4,3.165
45.4,3.165
45.4,3.165
45.4,3.165
45.4,3.165
45.4,3.165
45.4,3.165
45.4,3.165
45.4,3.165
45.4,3.165
45.4,3.165
45.4,3.165
45.4,3.165
45.4,3.165
45.4,3.165
45.4,3.165
45.4,3.165
45.4,3.165
45.4,3.165
45.4,3.165
45.4,3.165
45.4,3.165
45.4,3.165
45.4,3.165
45.5,3.165
45.5,3.165
45.5,3.165
45.5,3.165
45.5,3.165
45.5,3.170
45.5,3.170
45.5,3.170
45.5,3.170
45.5,3.170
45.5,3.170
45.5,3.170
45.5,3.170
45.5,3.170
45.5,3.170
45.5,3.170
45.5,3.170
45.5,3.170
45.5,3.170
45.5,3.170
45.5,3.170
45.5,3.170
45.5,3.170
45.5,3.170
45.5,3.170
45.5,3.170
45.5,3.170
45.5,3.170
45.5,3.170
45.5,3.170
45.5,3.170
45.5,3.170
45.5,3.170
45.5,3.170
45.5,3.170
45.5,3.170
45.5,3.170
45.5,3.170
45.5,3.170
45.5,3.170
45.5,3.170
45.6,3.170
45.6,3.170
45.6,3.170
45.6,3.170
45.6,3.170
45.6,3.175
45.6,3.175
45.6,3.175
45.6,3.175
45.6,3.175
45.6,3.175
45.6,3.175
45.6,3.175
45.6,3.175
45.6,3.175
45.6,3.175
45.6,3.175
45.6,3.175
45.6,3.175
45.6,3.175
45.6,3.175
45.6,3.175
45.6,3.175
45.6,3.175
45.6,3.175
45.6,3.175
45.6,3.175
45.6,3.175
45.6,3.175
45.6,3.175
45.6,3.175
45.6,3.175
45.6,3.175
45.6,3.175
45.6,3.175
45.6,3.175
45.6,3.175
45.6,3.175
45.6,3.175
45.6,3.175
45.6,3.175
45.6,3.175
45.6,3.175
45.6,3.175
45.6,3.175
45.6,3.175
45.7,3.175
45.7,3.175
45.7,3.180
45.7,3.180
45.7,3.180
45.7,3.180
45.7,3.180
45.7,3.180
45.7,3.180
45.7,3.180
45.7,3.180
45.7,3.180
45.7,3.180
45.7,3.180
45.7,3.180
45.7,3.180
45.7,3.180
45.7,3.180
45.7,3.180
45.8,3.180
45.8,3.180
45.8,3.180
45.8,3.180
45.8,3.180
45.8,3.180
45.8,3.180
45.8,3.180
45.8,3.180
45.8,3.180
45.8,3.180
45.8,3.180
45.8,3.180
45.8,3.180
45.8,3.180
45.8,3.180
45.8,3.180
45.8,3.180
45.8,3.180
45.8,3.180
45.8,3.180
45.8,3.180
45.8,3.180
45.8,3.180
45.8,3.180
45.8,3.180
45.8,3.180
45.8,3.180
45.8,3.180
45.8,3.180
45.8,3.180
45.8,3.180
45.8,3.185
45.8,3.185
45.8,3.185
45.8,3.185
45.8,3.185
45.8,3.185
45.8,3.185
45.8,3.185
45.8,3.185
45.8,3.185
45.8,3.185
45.8,3.185
45.9,3.185
45.9,3.185
45.9,3.185
45.9,3.185
45.9,3.185
45.9,3.185
45.9,3.185
45.9,3.185
45.9,3.185
45.9,3.185
45.9,3.185
45.9,3.185
45.9,3.185
45.9,3.185
45.9,3.185
45.8,3.185
45.8,3.185
45.8,3.185
45.8,3.185
45.8,3.185
45.8,3.185
45.8,3.185
45.8,3.185
45.8,3.185
45.8,3.185
45.8,3.185
45.8,3.185
45.8,3.185
45.8,3.185
45.9,3.185
45.9,3.185
45.9,3.185
45.9,3.185
45.9,3.185
45.9,3.185
45.9,3.185
45.9,3.185
45.9,3.185
45.9,3.185
45.9,3.185
45.9,3.185
45.9,3.185
45.9,3.185
45.9,3.190
45.9,3.190
45.9,3.190
45.9,3.190
45.9,3.190
45.9,3.190
45.9,3.190
45.9,3.190
45.9,3.190
45.9,3.190
45.9,3.190
45.9,3.190
45.9,3.190
45.9,3.190
45.9,3.190
45.9,3.190
45.9,3.190
45.9,3.190
45.9,3.190
45.9,3.190
45.9,3.190
45.9,3.190
45.9,3.190
45.9,3.190
45.9,3.190
45.9,3.190
45.9,3.190
45.9,3.190
45.9,3.190
45.9,3.190
45.9,3.190
45.9,3.190
45.9,3.190
45.9,3.190
45.9,3.190
45.9,3.190
45.9,3.190
45.9,3.190
45.9,3.190
45.9,3.190
45.9,3.190
45.9,3.190
45.9,3.190
45.9,3.190
45.9,3.190
45.9,3.190
45.9,3.190
45.9,3.190
45.9,3.190
45.9,3.190
45.9,3.190
45.9,3.190
45.9,3.190
45.9,3.190
45.9,3.190
45.9,3.190
45.9,3.190
45.9,3.195
45.9,3.195
45.9,3.195
45.9,3.195
45.9,3.195
45.9,3.195
45.9,3.195
45.9,3.195
45.9,3.195
45.9,3.195
45.9,3.195
45.9,3.195
45.9,3.195
45.9,3.195
45.9,3.195
45.9,3.195
45.9,3.195
45.9,3.195
45.9,3.195
45.9,3.195
45.9,3.195
45.9,3.195
45.9,3.195
45.9,3.195
45.9,3.195
45.9,3.195
45.9,3.195
45.9,3.195
45.9,3.195
45.9,3.195
45.9,3.195
45.9,3.195
45.9,3.195
46.0,3.195
46.0,3.195
45.9,3.195
45.9,3.195
45.9,3.195
45.9,3.195
45.9,3.195
45.9,3.195
45.9,3.195
45.9,3.195
45.9,3.195
45.9,3.195
45.9,3.195
45.9,3.195
45.9,3.195
45.9,3.195
45.9,3.195
45.9,3.195
45.9,3.195
45.9,3.195
45.9,3.195
45.9,3.195
45.9,3.195
45.9,3.195
45.9,3.195
45.9,3.195
45.9,3.195
45.9,3.195
45.9,3.195
45.9,3.195
45.9,3.195
45.9,3.200
45.9,3.200
45.9,3.200
45.9,3.200
45.9,3.200
45.9,3.200
45.9,3.200
45.9,3.200
45.9,3.200
45.9,3.200
45.9,3.200
45.9,3.200
45.9,3.200
45.9,3.200
45.9,3.200
45.9,3.200
45.9,3.200
45.9,3.200
45.9,3.200
45.9,3.200
45.9,3.200
45.9,3.200
45.9,3.200
45.9,3.200
45.9,3.200
45.9,3.200
45.9,3.200
45.9,3.200
45.9,3.200
45.9,3.200
45.9,3.200
45.9,3.200
45.9,3.200
45.9,3.200
45.9,3.200
45.9,3.200
45.9,3.200
45.9,3.200
45.9,3.200
45.9,3.200
45.9,3.200
45.9,3.200
45.9,3.200
45.9,3.200
45.9,3.200
45.9,3.200
45.9,3.200
45.9,3.200
45.9,3.200
45.9,3.200
45.9,3.200
45.9,3.200
45.9,3.200
45.9,3.200
45.9,3.200
45.9,3.200
45.9,3.200
45.9,3.200
45.9,3.200
45.9,3.200
45.9,3.200
45.9,3.200
45.9,3.200
45.9,3.205
45.9,3.205
45.9,3.205
45.9,3.205
45.9,3.205
45.9,3.205
45.9,3.205
45.9,3.205
45.9,3.205
45.9,3.205
45.9,3.205
45.9,3.205
45.9,3.205
45.9,3.205
45.9,3.205
45.9,3.205
45.9,3.205
45.9,3.205
45.9,3.205
45.9,3.205
45.9,3.205
45.9,3.205
45.9,3.205
45.9,3.205
45.9,3.205
45.9,3.205
45.9,3.205
45.9,3.205
45.9,3.205
45.9,3.205
45.9,3.205
45.9,3.205
45.9,3.205
45.9,3.205
45.9,3.205
45.9,3.205
45.9,3.205
45.9,3.205
45.9,3.205
45.9,3.205
45.9,3.205
45.9,3.205
45.9,3.205
45.9,3.205
45.9,3.205
45.9,3.205
45.9,3.205
45.9,3.205
45.9,3.205
45.9,3.205
45.9,3.205
45.9,3.205
45.9,3.205
45.9,3.205
45.9,3.205
45.9,3.205
45.9,3.205
45.9,3.205
45.9,3.205
45.9,3.205
45.9,3.205
45.9,3.205
45.9,3.205
45.9,3.205
45.9,3.205
45.9,3.205
45.9,3.210
45.9,3.210
45.9,3.210
45.9,3.210
45.9,3.210
45.9,3.210
45.9,3.210
45.9,3.210
45.9,3.210
45.9,3.210
45.9,3.210
45.9,3.210
45.9,3.210
45.9,3.210
45.9,3.210
45.9,3.210
45.9,3.210
45.9,3.210
45.9,3.210
45.9,3.210
45.9,3.210
45.9,3.210
45.9,3.210
45.9,3.210
45.9,3.210
45.9,3.210
45.9,3.210
45.9,3.210
45.9,3.210
45.9,3.210
45.9,3.210
45.8,3.210
45.8,3.210
45.8,3.210
45.8,3.210
45.8,3.210
45.8,3.210
45.8,3.210
45.8,3.210
45.8,3.210
45.8,3.210
45.8,3.210
45.8,3.210
45.8,3.210
45.8,3.210
45.8,3.210
45.8,3.210
45.8,3.210
45.8,3.210
45.8,3.210
45.8,3.210
45.8,3.210
45.8,3.210
45.8,3.210
45.8,3.210
45.8,3.210
45.8,3.210
45.8,3.210
45.8,3.210
45.8,3.210
45.8,3.210
45.8,3.215
45.8,3.215
45.8,3.215
45.8,3.215
45.8,3.215
45.8,3.215
45.8,3.215
45.8,3.215
45.8,3.215
45.8,3.215
45.8,3.215
45.8,3.215
45.8,3.215
45.8,3.215
45.8,3.215
45.8,3.215
45.8,3.215
45.8,3.215
45.8,3.215
45.8,3.215
45.8,3.215
45.7,3.215
45.7,3.215
45.7,3.215
45.7,3.215
45.7,3.215
45.7,3.215
45.7,3.215
45.7,3.215
45.7,3.215
45.7,3.215
45.7,3.215
45.8,3.215
45.8,3.215
45.8,3.215
45.8,3.215
45.8,3.215
45.8,3.215
45.8,3.215
45.8,3.215
45.8,3.215
45.8,3.215
45.8,3.215
45.8,3.215
45.8,3.215
45.8,3.215
45.8,3.215
45.8,3.215
45.8,3.215
45.8,3.215
45.8,3.215
45.8,3.215
45.8,3.215
45.8,3.215
45.8,3.215
45.8,3.215
45.8,3.215
45.8,3.215
45.8,3.215
45.8,3.215
45.8,3.220
45.8,3.220
45.8,3.220
45.8,3.220
45.8,3.220
45.8,3.220
45.8,3.220
45.8,3.220
45.8,3.220
45.8,3.220
45.8,3.220
45.8,3.220
45.8,3.220
45.8,3.220
45.8,3.220
45.8,3.220
45.8,3.220
45.8,3.220
45.8,3.220
45.8,3.220
45.8,3.220
45.8,3.220
45.8,3.220
45.8,3.220
45.8,3.220
45.8,3.220
45.8,3.220
45.8,3.220
45.8,3.220
45.8,3.220
45.8,3.220
45.8,3.220
45.8,3.220
45.8,3.220
45.8,3.220
45.8,3.220
45.8,3.220
45.8,3.220
45.8,3.220
45.8,3.220
45.8,3.220
45.8,3.220
45.8,3.220
45.8,3.220
45.8,3.220
45.8,3.220
45.8,3.220
45.8,3.220
45.8,3.220
45.8,3.220
45.8,3.220
45.8,3.220
45.8,3.220
45.8,3.220
45.8,3.220
45.8,3.220
45.8,3.220
45.8,3.220
45.8,3.220
45.8,3.220
45.8,3.220
45.8,3.220
45.8,3.220
45.8,3.220
45.8,3.220
45.8,3.225
45.8,3.225
45.8,3.225
45.8,3.225
45.8,3.225
45.8,3.225
45.8,3.225
45.8,3.225
45.8,3.225
45.8,3.225
45.8,3.225
45.8,3.225
45.8,3.225
45.8,3.225
45.8,3.225
45.8,3.225
45.8,3.225
45.8,3.225
45.8,3.225
45.8,3.225
45.8,3.225
45.8,3.225
45.8,3.225
45.8,3.225
45.8,3.225
45.8,3.225
45.8,3.225
45.8,3.225
45.8,3.225
45.8,3.225
45.8,3.225
45.8,3.225
45.8,3.225
45.8,3.225
45.8,3.225
45.8,3.225
45.8,3.225
45.8,3.225
45.8,3.225
45.8,3.225
45.8,3.225
45.8,3.225
45.8,3.225
45.8,3.225
45.8,3.225
45.8,3.225
45.8,3.225
45.8,3.225
45.8,3.225
45.8,3.225
45.8,3.225
45.8,3.225
45.8,3.225
45.8,3.225
45.8,3.225
45.8,3.225
45.8,3.225
45.8,3.225
45.8,3.225
45.8,3.225
45.8,3.225
45.8,3.230
45.8,3.230
45.8,3.230
45.8,3.230
45.8,3.230
45.8,3.230
45.8,3.230
45.8,3.230
45.8,3.230
45.8,3.230
45.8,3.230
45.8,3.230
45.8,3.230
45.8,3.230
45.7,3.230
45.7,3.230
45.7,3.230
45.7,3.230
45.7,3.230
45.7,3.230
45.7,3.230
45.7,3.230
45.7,3.230
45.7,3.230
45.7,3.230
45.7,3.230
45.7,3.230
45.7,3.230
45.7,3.230
45.7,3.230
45.7,3.230
45.7,3.230
45.7,3.230
45.7,3.230
45.7,3.230
45.7,3.230
45.7,3.230
45.7,3.230
45.7,3.230
45.7,3.230
45.7,3.230
45.7,3.230
45.7,3.230
45.7,3.230
45.7,3.230
45.7,3.230
45.7,3.230
45.7,3.230
45.7,3.230
45.7,3.230
45.7,3.230
45.7,3.230
45.7,3.230
45.7,3.230
45.7,3.230
45.7,3.230
45.7,3.230
45.7,3.235
45.7,3.235
45.7,3.235
45.7,3.235
45.7,3.235
45.7,3.235
45.7,3.235
45.7,3.235
45.7,3.235
45.7,3.235
45.7,3.235
45.7,3.235
45.7,3.235
45.7,3.235
45.7,3.235
45.7,3.235
45.7,3.235
45.7,3.235
45.7,3.235
45.7,3.235
45.7,3.235
45.7,3.235
45.7,3.235
45.7,3.235
45.7,3.235
45.7,3.235
45.7,3.235
45.7,3.235
45.7,3.235
45.7,3.235
45.7,3.235
45.7,3.235
45.7,3.235
45.7,3.235
45.7,3.235
45.7,3.235
45.7,3.235
45.7,3.235
45.7,3.235
45.7,3.235
45.7,3.235
45.7,3.235
45.7,3.235
45.7,3.235
45.7,3.235
45.7,3.235
45.7,3.235
45.7,3.235
45.7,3.235
45.7,3.235
45.7,3.235
45.7,3.235
45.7,3.240
45.7,3.240
45.7,3.240
45.7,3.240
45.7,3.240
45.7,3.240
45.7,3.240
45.7,3.240
45.7,3.240
45.7,3.240
45.7,3.240
45.7,3.240
45.7,3.240
45.7,3.240
45.7,3.240
45.7,3.240
45.7,3.240
45.7,3.240
45.7,3.240
45.7,3.240
45.7,3.240
45.7,3.240
45.7,3.240
45.7,3.240
45.7,3.240
45.7,3.240
45.7,3.240
45.7,3.240
45.7,3.240
45.7,3.240
45.7,3.240
45.7,3.240
45.7,3.240
45.7,3.240
45.7,3.240
45.7,3.240
45.7,3.240
45.7,3.240
45.7,3.240
45.7,3.240
45.7,3.240
45.7,3.240
45.7,3.240
45.7,3.240
45.7,3.240
45.7,3.240
45.7,3.240
45.7,3.240
45.7,3.240
45.7,3.240
45.7,3.240
45.7,3.240
45.7,3.240
45.7,3.240
45.7,3.240
45.7,3.240
45.7,3.240
45.8,3.240
45.8,3.240
45.8,3.245
45.8,3.245
45.8,3.245
45.8,3.245
45.8,3.245
45.8,3.245
45.8,3.245
45.8,3.245
45.7,3.245
45.7,3.245
45.7,3.245
45.7,3.245
45.7,3.245
45.7,3.245
45.7,3.245
45.7,3.245
45.7,3.245
45.7,3.245
45.7,3.245
45.7,3.245
45.7,3.245
45.7,3.245
45.7,3.245
45.7,3.245
45.7,3.245
45.7,3.245
45.7,3.245
45.7,3.245
45.7,3.245
45.7,3.245
45.7,3.245
45.7,3.245
45.7,3.245
45.7,3.245
45.7,3.245
45.7,3.245
45.7,3.245
45.7,3.245
45.7,3.245
45.7,3.245
45.7,3.245
45.7,3.245
45.7,3.245
45.7,3.245
45.7,3.245
45.7,3.245
45.7,3.245
45.7,3.245
45.7,3.245
45.7,3.245
45.7,3.245
45.7,3.245
45.7,3.245
45.7,3.245
45.7,3.245
45.7,3.245
45.7,3.245
45.7,3.245
45.7,3.250
45.7,3.250
45.7,3.250
45.7,3.250
45.7,3.250
45.7,3.250
45.7,3.250
45.7,3.250
45.7,3.250
45.7,3.250
45.7,3.250
45.7,3.250
45.7,3.250
45.7,3.250
45.7,3.250
45.7,3.250
45.7,3.250
45.7,3.250
45.7,3.250
45.7,3.250
45.7,3.250
45.7,3.250
45.7,3.250
45.7,3.250
45.7,3.250
45.7,3.250
45.7,3.250
45.7,3.250
45.7,3.250
45.7,3.250
45.7,3.250
45.7,3.250
45.7,3.250
45.7,3.250
45.7,3.250
45.7,3.250
45.7,3.250
45.7,3.250
45.7,3.250
45.7,3.250
45.7,3.250
45.7,3.250
45.7,3.250
45.7,3.250
45.7,3.250
45.7,3.250
45.7,3.250
45.7,3.250
45.7,3.250
45.7,3.250
45.7,3.250
45.7,3.250
45.7,3.250
45.7,3.250
45.7,3.250
45.7,3.255
45.7,3.255
45.7,3.255
45.6,3.255
45.6,3.255
45.6,3.255
45.6,3.255
45.6,3.255
45.6,3.255
45.6,3.255
45.6,3.255
45.6,3.255
45.7,3.255
45.7,3.255
45.7,3.255
45.7,3.255
45.7,3.255
45.7,3.255
45.7,3.255
45.7,3.255
45.7,3.255
45.7,3.255
45.7,3.255
45.7,3.255
45.7,3.255
45.7,3.255
45.7,3.255
45.7,3.255
45.7,3.255
45.7,3.255
45.7,3.255
45.7,3.255
45.7,3.255
45.7,3.255
45.7,3.255
45.7,3.255
45.7,3.255
45.7,3.255
45.7,3.255
45.7,3.255
45.7,3.255
45.7,3.255
45.7,3.255
45.7,3.255
45.7,3.255
45.7,3.255
45.7,3.255
45.7,3.255
45.7,3.255
45.7,3.255
45.7,3.255
45.7,3.255
45.7,3.255
45.7,3.255
45.7,3.255
45.7,3.260
45.7,3.260
45.7,3.260
45.7,3.260
45.7,3.260
45.7,3.260
45.7,3.260
45.7,3.260
45.7,3.260
45.7,3.260
45.7,3.260
45.7,3.260
45.7,3.260
45.7,3.260
45.7,3.260
45.7,3.260
45.7,3.260
45.7,3.260
45.7,3.260
45.7,3.260
45.7,3.260
45.7,3.260
45.7,3.260
45.7,3.260
45.7,3.260
45.7,3.260
45.7,3.260
45.7,3.260
45.7,3.260
45.7,3.260
45.7,3.260
45.7,3.260
45.7,3.260
45.7,3.260
45.7,3.260
45.7,3.260
45.7,3.260
45.7,3.260
45.7,3.260
45.7,3.260
45.7,3.260
45.7,3.260
45.7,3.260
45.7,3.260
45.7,3.260
45.7,3.260
45.7,3.260
45.7,3.260
45.7,3.260
45.7,3.260
45.7,3.260
45.7,3.260
45.7,3.260
45.7,3.260
45.7,3.260
45.7,3.260
45.7,3.260
45.7,3.260
45.7,3.265
45.7,3.265
45.7,3.265
45.7,3.265
45.7,3.265
45.7,3.265
45.7,3.265
45.7,3.265
45.7,3.265
45.7,3.265
45.7,3.265
45.7,3.265
45.7,3.265
45.7,3.265
45.7,3.265
45.7,3.265
45.7,3.265
45.7,3.265
45.7,3.265
45.7,3.265
45.7,3.265
45.7,3.265
45.7,3.265
45.7,3.265
45.7,3.265
45.7,3.265
45.7,3.265
45.7,3.265
45.7,3.265
45.7,3.265
45.7,3.265
45.7,3.265
45.7,3.265
45.7,3.265
45.7,3.265
45.7,3.265
45.7,3.265
45.7,3.265
45.7,3.265
45.7,3.265
45.7,3.265
45.8,3.265
45.7,3.265
45.7,3.265
45.7,3.265
45.7,3.265
45.7,3.265
45.7,3.265
45.7,3.265
45.7,3.265
45.7,3.265
45.7,3.265
45.7,3.265
45.7,3.265
45.7,3.265
45.7,3.265
45.7,3.265
45.7,3.270
45.7,3.270
45.7,3.270
45.7,3.270
45.7,3.270
45.7,3.270
45.7,3.270
45.7,3.270
45.7,3.270
45.7,3.270
45.7,3.270
45.7,3.270
45.7,3.270
45.7,3.270
45.7,3.270
45.7,3.270
45.7,3.270
45.7,3.270
45.7,3.270
45.7,3.270
45.7,3.270
45.7,3.270
45.7,3.270
45.7,3.270
45.7,3.270
45.7,3.270
45.7,3.270
45.7,3.270
45.7,3.270
45.7,3.270
45.7,3.270
45.7,3.270
45.7,3.270
45.7,3.270
45.7,3.270
45.7,3.270
45.7,3.270
45.7,3.270
45.7,3.270
45.7,3.270
45.7,3.270
45.7,3.270
45.7,3.270
45.7,3.270
45.7,3.270
45.7,3.270
45.7,3.270
45.7,3.270
45.7,3.270
45.7,3.270
45.7,3.270
45.7,3.270
45.7,3.270
45.7,3.270
45.7,3.270
45.7,3.275
45.7,3.275
45.7,3.275
45.7,3.275
45.7,3.275
45.7,3.275
45.7,3.275
45.7,3.275
45.6,3.275
45.6,3.275
45.6,3.275
45.6,3.275
45.6,3.275
45.6,3.275
45.6,3.275
45.6,3.275
45.6,3.275
45.6,3.275
45.6,3.275
45.6,3.275
45.6,3.275
45.6,3.275
45.6,3.275
45.6,3.275
45.6,3.275
45.6,3.275
45.6,3.275
45.6,3.275
45.6,3.275
45.6,3.275
45.6,3.275
45.6,3.275
45.6,3.275
45.6,3.275
45.6,3.275
45.6,3.275
45.6,3.275
45.6,3.275
45.6,3.275
45.6,3.275
45.6,3.275
45.6,3.275
45.6,3.275
45.6,3.275
45.6,3.275
45.6,3.275
45.6,3.275
45.6,3.275
45.6,3.275
45.5,3.275
45.5,3.275
45.5,3.275
45.5,3.275
45.5,3.275
45.5,3.275
45.5,3.275
45.5,3.275
45.5,3.275
45.5,3.275
45.5,3.280
45.5,3.280
45.5,3.280
45.5,3.280
45.5,3.280
45.5,3.280
45.5,3.280
45.5,3.280
45.5,3.280
45.5,3.280
45.5,3.280
45.5,3.280
45.5,3.280
45.5,3.280
45.5,3.280
45.5,3.280
45.5,3.280
45.5,3.280
45.5,3.280
45.5,3.280
45.5,3.280
45.5,3.280
45.5,3.280
45.5,3.280
45.5,3.280
45.5,3.280
45.5,3.280
45.6,3.280
45.6,3.280
45.6,3.280
45.6,3.280
45.6,3.280
45.6,3.280
45.6,3.280
45.6,3.280
45.6,3.280
45.6,3.280
45.6,3.280
45.6,3.280
45.6,3.280
45.6,3.280
45.6,3.280
45.6,3.280
45.6,3.280
45.6,3.280
45.6,3.280
45.6,3.280
45.6,3.280
45.6,3.280
45.6,3.280
45.6,3.280
45.6,3.280
45.6,3.280
45.6,3.280
45.6,3.280
45.6,3.285
45.6,3.285
45.6,3.285
45.6,3.285
45.6,3.285
45.6,3.285
45.6,3.285
45.6,3.285
45.6,3.285
45.6,3.285
45.6,3.285
45.6,3.285
45.6,3.285
45.6,3.285
45.6,3.285
45.6,3.285
45.6,3.285
45.6,3.285
45.6,3.285
45.6,3.285
45.6,3.285
45.6,3.285
45.6,3.285
45.6,3.285
45.6,3.285
45.6,3.285
45.6,3.285
45.6,3.285
45.6,3.285
45.6,3.285
45.6,3.285
45.6,3.285
45.6,3.285
45.6,3.285
45.6,3.285
45.6,3.285
45.6,3.285
45.6,3.285
45.6,3.285
45.6,3.285
45.6,3.285
45.6,3.285
45.6,3.285
45.6,3.285
45.6,3.285
45.6,3.285
45.6,3.285
45.6,3.285
45.6,3.285
45.6,3.285
45.6,3.285
45.6,3.285
45.6,3.285
45.6,3.285
45.6,3.285
45.6,3.285
45.6,3.285
45.6,3.290
45.6,3.290
45.6,3.290
45.6,3.290
45.6,3.290
45.6,3.290
45.6,3.290
45.6,3.290
45.6,3.290
45.6,3.290
45.6,3.290
45.6,3.290
45.6,3.290
45.6,3.290
45.6,3.290
45.6,3.290
45.6,3.290
45.6,3.290
45.6,3.290
45.6,3.290
45.6,3.290
45.6,3.290
45.6,3.290
45.6,3.290
45.6,3.290
45.6,3.290
45.6,3.290
45.6,3.290
45.6,3.290
45.6,3.290
45.6,3.290
45.6,3.290
45.6,3.290
45.6,3.290
45.6,3.290
45.6,3.290
45.6,3.290
45.6,3.290
45.6,3.290
45.6,3.290
45.6,3.290
45.6,3.290
45.6,3.290
45.6,3.290
45.6,3.290
45.6,3.290
45.6,3.290
45.6,3.290
45.6,3.290
45.6,3.290
45.6,3.290
45.6,3.290
45.6,3.290
45.6,3.290
45.6,3.295
45.6,3.295
45.6,3.295
45.6,3.295
45.6,3.295
45.6,3.295
45.6,3.295
45.6,3.295
45.6,3.295
45.6,3.295
45.6,3.295
45.6,3.295
45.6,3.295
45.6,3.295
45.6,3.295
45.6,3.295
45.6,3.295
45.6,3.295
45.6,3.295
45.6,3.295
45.6,3.295
45.6,3.295
45.6,3.295
45.6,3.295
45.6,3.295
45.6,3.295
45.6,3.295
45.6,3.295
45.6,3.295
45.6,3.295
45.6,3.295
45.6,3.295
45.6,3.295
45.6,3.295
45.6,3.295
45.6,3.295
45.6,3.295
45.6,3.295
45.6,3.295
45.6,3.295
45.6,3.295
45.6,3.295
45.6,3.295
45.6,3.295
45.6,3.295
45.6,3.295
45.6,3.295
45.6,3.295
45.6,3.295
45.6,3.295
45.6,3.295
45.6,3.300
45.6,3.300
45.6,3.300
45.6,3.300
45.6,3.300
45.6,3.300
45.6,3.300
45.6,3.300
45.6,3.300
45.6,3.300
45.6,3.300
45.6,3.300
45.6,3.300
45.6,3.300
45.6,3.300
45.6,3.300
45.6,3.300
45.6,3.300
45.6,3.300
45.6,3.300
45.6,3.300
45.6,3.300
45.6,3.300
45.6,3.300
45.6,3.300
45.6,3.300
45.6,3.300
45.6,3.300
45.6,3.300
45.6,3.300
45.6,3.300
45.6,3.300
45.6,3.300
45.6,3.300
45.6,3.300
45.6,3.300
45.6,3.300
45.6,3.300
45.6,3.300
45.6,3.300
45.6,3.300
45.6,3.300
45.6,3.300
45.6,3.300
45.6,3.300
45.6,3.300
45.6,3.300
45.6,3.300
45.6,3.300
45.6,3.300
45.6,3.300
45.6,3.300
45.6,3.300
45.6,3.300
45.6,3.300
45.6,3.305
45.6,3.305
45.6,3.305
45.6,3.305
45.6,3.305
45.6,3.305
45.6,3.305
45.6,3.305
45.6,3.305
45.6,3.305
45.6,3.305
45.6,3.305
45.6,3.305
45.6,3.305
45.6,3.305
45.6,3.305
45.6,3.305
45.6,3.305
45.6,3.305
45.6,3.305
45.6,3.305
45.6,3.305
45.6,3.305
45.6,3.305
45.6,3.305
45.6,3.305
45.6,3.305
45.7,3.305
45.7,3.305
45.7,3.305
45.7,3.305
45.6,3.305
45.6,3.305
45.6,3.305
45.6,3.305
45.6,3.305
45.6,3.305
45.6,3.305
45.6,3.305
45.6,3.305
45.7,3.305
45.7,3.305
45.7,3.305
45.7,3.305
45.7,3.305
45.7,3.305
45.7,3.305
45.7,3.305
45.7,3.305
45.7,3.305
45.7,3.305
45.7,3.305
45.7,3.305
45.7,3.310
45.7,3.310
45.7,3.310
45.7,3.310
45.7,3.310
45.7,3.310
45.7,3.310
45.7,3.310
45.7,3.310
45.7,3.310
45.7,3.310
45.7,3.310
45.7,3.310
45.7,3.310
45.7,3.310
45.7,3.310
45.7,3.310
45.7,3.310
45.7,3.310
45.7,3.310
45.7,3.310
45.6,3.310
45.6,3.310
45.6,3.310
45.6,3.310
45.6,3.310
45.6,3.310
45.6,3.310
45.6,3.310
45.6,3.310
45.6,3.310
45.6,3.310
45.6,3.310
45.6,3.310
45.6,3.310
45.6,3.310
45.6,3.310
45.6,3.310
45.6,3.310
45.6,3.310
45.6,3.310
45.6,3.310
45.6,3.310
45.6,3.310
45.6,3.310
45.6,3.310
45.6,3.310
45.6,3.310
45.6,3.310
45.6,3.310
45.7,3.310
45.7,3.310
45.7,3.315
45.7,3.315
45.7,3.315
45.7,3.315
45.7,3.315
45.7,3.315
45.7,3.315
45.7,3.315
45.7,3.315
45.7,3.315
45.7,3.315
45.7,3.315
45.7,3.315
45.7,3.315
45.7,3.315
45.7,3.315
45.7,3.315
45.7,3.315
45.7,3.315
45.7,3.315
45.7,3.315
45.7,3.315
45.7,3.315
45.7,3.315
45.7,3.315
45.7,3.315
45.7,3.315
45.7,3.315
45.7,3.315
45.7,3.315
45.7,3.315
45.7,3.315
45.7,3.315
45.7,3.315
45.7,3.315
45.7,3.315
45.7,3.315
45.7,3.315
45.7,3.315
45.7,3.315
45.7,3.315
45.7,3.315
45.7,3.315
45.7,3.315
45.7,3.315
45.7,3.315
45.7,3.315
45.7,3.315
45.7,3.320
45.7,3.320
45.7,3.320
45.7,3.320
45.7,3.320
45.7,3.320
45.7,3.320
45.7,3.320
45.7,3.320
45.7,3.320
45.7,3.320
45.7,3.320
45.7,3.320
45.7,3.320
45.7,3.320
45.7,3.320
45.7,3.320
45.7,3.320
45.7,3.320
45.7,3.320
45.7,3.320
45.7,3.320
45.7,3.320
45.7,3.320
45.7,3.320
45.7,3.320
45.7,3.320
45.7,3.320
45.7,3.320
45.7,3.320
45.7,3.320
45.7,3.320
45.7,3.320
45.7,3.320
45.7,3.320
45.7,3.320
45.7,3.320
45.7,3.320
45.7,3.320
45.7,3.320
45.7,3.320
45.7,3.320
45.7,3.320
45.7,3.320
45.7,3.320
45.7,3.320
45.7,3.320
45.7,3.320
45.7,3.320
45.7,3.320
45.8,3.320
45.8,3.320
45.8,3.325
45.8,3.325
45.8,3.325
45.8,3.325
45.8,3.325
45.8,3.325
45.8,3.325
45.8,3.325
45.8,3.325
45.8,3.325
45.8,3.325
45.8,3.325
45.8,3.325
45.8,3.325
45.8,3.325
45.8,3.325
45.8,3.325
45.8,3.325
45.8,3.325
45.8,3.325
45.7,3.325
45.7,3.325
45.7,3.325
45.7,3.325
45.7,3.325
45.7,3.325
45.7,3.325
45.7,3.325
45.7,3.325
45.7,3.325
45.7,3.325
45.7,3.325
45.7,3.325
45.7,3.325
45.7,3.325
45.7,3.325
45.7,3.325
45.7,3.325
45.7,3.325
45.7,3.325
45.7,3.325
45.7,3.325
45.8,3.325
45.8,3.325
45.8,3.325
45.8,3.325
45.8,3.325
45.8,3.325
45.8,3.325
45.8,3.325
45.8,3.325
45.8,3.325
45.8,3.330
45.8,3.330
45.8,3.330
45.8,3.330
45.8,3.330
45.8,3.330
45.8,3.330
45.8,3.330
45.8,3.330
45.8,3.330
45.8,3.330
45.8,3.330
45.8,3.330
45.8,3.330
45.8,3.330
45.8,3.330
45.8,3.330
45.8,3.330
45.8,3.330
45.8,3.330
45.8,3.330
45.8,3.330
45.8,3.330
45.8,3.330
45.8,3.330
45.8,3.330
45.8,3.330
45.8,3.330
45.8,3.330
45.8,3.330
45.8,3.330
45.8,3.330
45.8,3.330
45.8,3.330
45.8,3.330
45.8,3.330
45.8,3.330
45.8,3.330
45.8,3.330
45.8,3.330
45.8,3.330
45.8,3.330
45.8,3.330
45.8,3.330
45.8,3.330
45.8,3.330
45.8,3.335
45.8,3.335
45.8,3.335
45.8,3.335
45.8,3.335
45.8,3.335
45.8,3.335
45.8,3.335
45.8,3.335
45.8,3.335
45.8,3.335
45.8,3.335
45.8,3.335
45.8,3.335
45.8,3.335
45.8,3.335
45.8,3.335
45.8,3.335
45.8,3.335
45.8,3.335
45.8,3.335
45.8,3.335
45.8,3.335
45.8,3.335
45.8,3.335
45.8,3.335
45.8,3.335
45.8,3.335
45.8,3.335
45.8,3.335
45.8,3.335
45.8,3.335
45.8,3.335
45.8,3.335
45.8,3.335
45.8,3.335
45.8,3.335
45.8,3.335
45.8,3.335
45.8,3.335
45.8,3.335
45.8,3.335
45.8,3.335
45.8,3.335
45.8,3.335
45.8,3.335
45.8,3.335
45.8,3.335
45.8,3.340
45.8,3.340
45.8,3.340
45.8,3.340
45.8,3.340
45.8,3.340
45.8,3.340
45.8,3.340
45.8,3.340
45.8,3.340
45.8,3.340
45.8,3.340
45.8,3.340
45.8,3.340
45.8,3.340
45.8,3.340
45.8,3.340
45.8,3.340
45.8,3.340
45.8,3.340
45.8,3.340
45.8,3.340
45.8,3.340
45.8,3.340
45.8,3.340
45.8,3.340
45.8,3.340
45.8,3.340
45.8,3.340
45.8,3.340
45.8,3.340
45.8,3.340
45.8,3.340
45.8,3.340
45.8,3.340
45.8,3.340
45.8,3.340
45.8,3.340
45.8,3.340
45.8,3.340
45.8,3.340
45.8,3.340
45.8,3.340
45.8,3.340
45.8,3.340
45.8,3.340
45.8,3.340
45.8,3.340
45.8,3.340
45.8,3.340
45.8,3.345
45.8,3.345
45.8,3.345
45.8,3.345
45.8,3.345
45.8,3.345
45.8,3.345
45.8,3.345
45.8,3.345
45.8,3.345
45.8,3.345
45.8,3.345
45.8,3.345
45.8,3.345
45.8,3.345
45.8,3.345
45.9,3.345
45.9,3.345
45.9,3.345
45.9,3.345
45.9,3.345
45.9,3.345
45.9,3.345
45.9,3.345
45.9,3.345
45.9,3.345
45.9,3.345
45.9,3.345
45.9,3.345
45.9,3.345
45.9,3.345
45.9,3.345
45.9,3.345
45.9,3.345
45.9,3.345
45.9,3.345
45.9,3.345
45.9,3.345
45.9,3.345
45.9,3.345
45.9,3.345
45.9,3.345
45.9,3.345
45.9,3.345
45.9,3.345
45.9,3.345
45.9,3.345
45.9,3.345
45.9,3.345
45.9,3.350
45.9,3.350
45.9,3.350
45.9,3.350
45.9,3.350
45.9,3.350
45.9,3.350
45.9,3.350
45.9,3.350
45.9,3.350
45.9,3.350
45.9,3.350
45.9,3.350
45.9,3.350
45.9,3.350
45.9,3.350
45.9,3.350
45.9,3.350
45.9,3.350
45.9,3.350
45.9,3.350
45.9,3.350
45.9,3.350
45.9,3.350
45.9,3.350
45.9,3.350
45.9,3.350
45.9,3.350
45.9,3.350
45.9,3.350
45.9,3.350
45.9,3.350
45.9,3.350
45.9,3.350
45.9,3.350
45.9,3.350
45.9,3.350
45.9,3.350
45.9,3.350
45.9,3.350
45.9,3.350
45.9,3.350
45.9,3.350
45.9,3.350
45.9,3.355
45.9,3.355
45.9,3.355
45.9,3.355
45.9,3.355
45.9,3.355
45.9,3.355
45.9,3.355
45.9,3.355
45.9,3.355
45.9,3.355
45.9,3.355
45.9,3.355
45.9,3.355
45.9,3.355
45.9,3.355
45.9,3.355
45.9,3.355
45.9,3.355
45.9,3.355
45.9,3.355
45.9,3.355
45.9,3.355
45.9,3.355
45.9,3.355
45.9,3.355
45.9,3.355
45.9,3.355
45.9,3.355
45.9,3.355
45.9,3.355
45.9,3.355
45.9,3.355
45.9,3.355
45.9,3.355
45.9,3.355
45.9,3.355
45.9,3.355
45.9,3.355
45.9,3.355
45.9,3.355
45.9,3.355
45.9,3.355
45.9,3.355
45.9,3.355
45.9,3.355
45.9,3.355
45.9,3.360
45.9,3.360
45.9,3.360
45.9,3.360
45.9,3.360
45.9,3.360
45.9,3.360
45.9,3.360
45.9,3.360
45.9,3.360
45.9,3.360
45.9,3.360
45.9,3.360
45.9,3.360
45.9,3.360
45.9,3.360
45.9,3.360
45.9,3.360
45.9,3.360
45.9,3.360
45.9,3.360
45.9,3.360
45.9,3.360
45.9,3.360
45.9,3.360
45.9,3.360
45.9,3.360
45.9,3.360
45.9,3.360
45.9,3.360
45.9,3.360
45.9,3.360
45.9,3.360
45.9,3.360
45.9,3.360
45.9,3.360
45.8,3.360
45.8,3.360
45.8,3.360
45.8,3.360
45.8,3.360
45.8,3.360
45.8,3.360
45.8,3.360
45.8,3.360
45.8,3.360
45.8,3.360
45.8,3.365
45.8,3.365
45.8,3.365
45.9,3.365
45.9,3.365
45.9,3.365
45.9,3.365
45.9,3.365
45.9,3.365
45.9,3.365
45.9,3.365
45.9,3.365
45.9,3.365
45.9,3.365
45.9,3.365
45.9,3.365
45.9,3.365
45.9,3.365
45.9,3.365
45.9,3.365
45.9,3.365
45.9,3.365
45.9,3.365
45.9,3.365
45.9,3.365
45.9,3.365
45.9,3.365
45.9,3.365
45.9,3.365
45.9,3.365
45.9,3.365
45.9,3.365
45.9,3.365
45.9,3.365
45.9,3.365
45.9,3.365
45.9,3.365
45.9,3.365
45.9,3.365
45.9,3.365
45.9,3.365
45.9,3.365
45.9,3.365
45.9,3.365
45.9,3.365
45.9,3.365
45.9,3.365
45.9,3.365
45.9,3.370
45.9,3.370
45.9,3.370
45.9,3.370
45.9,3.370
45.9,3.370
45.9,3.370
45.9,3.370
45.9,3.370
45.9,3.370
45.9,3.370
45.9,3.370
45.9,3.370
45.9,3.370
45.9,3.370
45.9,3.370
45.9,3.370
45.9,3.370
45.9,3.370
45.9,3.370
46.0,3.370
46.0,3.370
46.0,3.370
46.0,3.370
46.0,3.370
46.0,3.370
46.0,3.370
46.0,3.370
46.0,3.370
46.0,3.370
46.0,3.370
46.0,3.370
46.0,3.370
46.0,3.370
46.0,3.370
46.0,3.370
46.0,3.370
46.0,3.370
46.0,3.370
46.0,3.370
46.1,3.370
46.1,3.370
46.1,3.370
46.1,3.370
46.1,3.370
46.1,3.370
46.1,3.370
46.1,3.375
46.2,3.375
46.2,3.375
46.2,3.375
46.2,3.375
46.2,3.375
46.2,3.375
46.2,3.375
46.2,3.375
46.2,3.375
46.2,3.375
46.2,3.375
46.2,3.375
46.2,3.375
46.2,3.375
46.2,3.375
46.2,3.375
46.2,3.375
46.2,3.375
46.2,3.375
46.2,3.375
46.2,3.375
46.2,3.375
46.2,3.375
46.2,3.375
46.2,3.375
46.2,3.375
46.2,3.375
46.2,3.375
46.2,3.375
46.2,3.375
46.2,3.375
46.2,3.375
46.2,3.375
46.2,3.375
46.2,3.375
46.2,3.375
46.3,3.375
46.3,3.375
46.3,3.375
46.3,3.375
46.3,3.375
46.3,3.375
46.3,3.375
46.3,3.380
46.3,3.380
46.3,3.380
46.3,3.380
46.3,3.380
46.3,3.380
46.3,3.380
46.3,3.380
46.3,3.380
46.3,3.380
46.3,3.380
46.3,3.380
46.3,3.380
46.3,3.380
46.3,3.380
46.3,3.380
46.3,3.380
46.4,3.380
46.4,3.380
46.4,3.380
46.4,3.380
46.4,3.380
46.4,3.380
46.4,3.380
46.4,3.380
46.4,3.380
46.4,3.380
46.4,3.380
46.4,3.380
46.4,3.380
46.4,3.380
46.4,3.380
46.4,3.380
46.4,3.380
46.4,3.380
46.4,3.380
46.4,3.380
46.4,3.380
46.4,3.380
46.4,3.380
46.4,3.380
46.4,3.380
46.4,3.380
46.4,3.380
46.4,3.380
46.4,3.380
46.4,3.380
46.4,3.380
46.4,3.385
46.4,3.385
46.5,3.385
46.5,3.385
46.5,3.385
46.5,3.385
46.5,3.385
46.5,3.385
46.5,3.385
46.5,3.385
46.5,3.385
46.5,3.385
46.5,3.385
46.5,3.385
46.5,3.385
46.5,3.385
46.5,3.385
46.5,3.385
46.5,3.385
46.6,3.385
46.6,3.385
46.6,3.385
46.6,3.385
46.6,3.385
46.6,3.385
46.6,3.385
46.6,3.385
46.6,3.385
46.6,3.385
46.6,3.385
46.6,3.385
46.6,3.385
46.6,3.385
46.6,3.385
46.6,3.385
46.6,3.385
46.6,3.385
46.6,3.385
46.6,3.385
46.6,3.385
46.6,3.385
46.7,3.385
46.7,3.385
46.7,3.385
46.7,3.385
46.7,3.385
46.7,3.385
46.7,3.385
46.7,3.385
46.7,3.390
46.7,3.390
46.7,3.390
46.7,3.390
46.7,3.390
46.7,3.390
46.7,3.390
46.7,3.390
46.7,3.390
46.7,3.390
46.7,3.390
46.7,3.390
46.7,3.390
46.7,3.390
46.7,3.390
46.7,3.390
46.7,3.390
46.7,3.390
46.7,3.390
46.7,3.390
46.7,3.390
46.7,3.390
46.7,3.390
46.7,3.390
46.7,3.390
46.7,3.390
46.7,3.390
46.7,3.390
46.7,3.390
46.7,3.390
46.7,3.390
46.7,3.390
46.7,3.390
46.7,3.390
46.7,3.390
46.7,3.390
46.7,3.390
46.7,3.390
46.7,3.390
46.7,3.390
46.8,3.390
46.8,3.390
46.8,3.390
46.8,3.390
46.8,3.390
46.8,3.390
46.8,3.390
46.8,3.390
46.8,3.390
46.8,3.395
46.8,3.395
46.8,3.395
46.8,3.395
46.8,3.395
46.8,3.395
46.8,3.395
46.8,3.395
46.8,3.395
46.8,3.395
46.8,3.395
46.8,3.395
46.8,3.395
46.8,3.395
46.8,3.395
46.8,3.395
46.8,3.395
46.8,3.395
46.8,3.395
46.8,3.395
46.8,3.395
46.8,3.395
46.8,3.395
46.8,3.395
46.8,3.395
46.8,3.395
46.8,3.395
46.8,3.395
46.8,3.395
46.8,3.395
46.8,3.395
46.8,3.395
46.8,3.395
46.8,3.395
46.8,3.395
46.8,3.395
46.8,3.395
46.8,3.395
46.8,3.395
46.8,3.395
46.8,3.395
46.8,3.395
46.9,3.395
46.9,3.395
46.9,3.395
46.9,3.400
46.9,3.400
46.9,3.400
46.9,3.400
46.9,3.400
46.9,3.400
46.9,3.400
46.9,3.400
46.9,3.400
46.9,3.400
46.9,3.400
46.9,3.400
46.9,3.400
46.9,3.400
46.9,3.400
46.9,3.400
46.9,3.400
46.9,3.400
46.9,3.400
46.9,3.400
46.9,3.400
46.9,3.400
46.9,3.400
46.9,3.400
46.9,3.400
46.9,3.400
46.9,3.400
46.9,3.400
46.9,3.400
46.9,3.400
46.9,3.400
46.9,3.400
46.9,3.400
46.9,3.400
46.9,3.400
46.9,3.400
46.9,3.400
47.0,3.400
47.0,3.400
47.0,3.400
47.0,3.400
47.0,3.400
47.0,3.400
47.0,3.400
47.0,3.400
47.0,3.400
47.0,3.400
47.0,3.400
47.0,3.400
47.0,3.400
47.0,3.405
47.0,3.405
47.0,3.405
47.0,3.405
47.0,3.405
47.1,3.405
47.1,3.405
47.1,3.405
47.1,3.405
47.1,3.405
47.1,3.405
47.1,3.405
47.1,3.405
47.1,3.405
47.1,3.405
47.1,3.405
47.1,3.405
47.1,3.405
47.1,3.405
47.1,3.405
47.1,3.405
47.1,3.405
47.1,3.405
47.1,3.405
47.1,3.405
47.1,3.405
47.1,3.405
47.1,3.405
47.2,3.405
47.2,3.405
47.2,3.405
47.2,3.405
47.2,3.405
47.2,3.405
47.2,3.405
47.2,3.405
47.2,3.405
47.2,3.405
47.2,3.405
47.2,3.405
47.2,3.405
47.2,3.405
47.2,3.405
47.2,3.405
47.2,3.405
47.2,3.405
47.2,3.405
47.2,3.405
47.2,3.410
47.2,3.410
47.2,3.410
47.2,3.410
47.2,3.410
47.2,3.410
47.2,3.410
47.2,3.410
47.2,3.410
47.2,3.410
47.2,3.410
47.2,3.410
47.2,3.410
47.2,3.410
47.2,3.410
47.2,3.410
47.2,3.410
47.2,3.410
47.2,3.410
47.2,3.410
47.2,3.410
47.2,3.410
47.2,3.410
47.2,3.410
47.2,3.410
47.2,3.410
47.2,3.410
47.2,3.410
47.2,3.410
47.2,3.410
47.2,3.410
47.2,3.410
47.2,3.410
47.2,3.410
47.2,3.410
47.2,3.410
47.2,3.410
47.2,3.410
47.2,3.410
47.2,3.410
47.2,3.410
47.2,3.410
47.2,3.410
47.2,3.410
47.2,3.410
47.2,3.415
47.2,3.415
47.2,3.415
47.2,3.415
47.2,3.415
47.3,3.415
47.3,3.415
47.3,3.415
47.3,3.415
47.3,3.415
47.3,3.415
47.3,3.415
47.4,3.415
47.4,3.415
47.5,3.415
47.5,3.415
47.6,3.415
47.6,3.415
47.7,3.415
47.7,3.415
47.7,3.415
47.8,3.415
47.9,3.415
47.9,3.415
48.0,3.415
48.0,3.415
48.1,3.415
48.2,3.415
48.3,3.415
48.3,3.415
48.4,3.415
48.5,3.415
48.6,3.415
48.7,3.415
48.7,3.415
48.8,3.415
48.9,3.415
49.0,3.415
49.0,3.415
49.1,3.415
49.2,3.415
49.3,3.415
49.4,3.415
49.5,3.415
49.6,3.415
49.6,3.415
49.7,3.415
49.8,3.415
49.9,3.420
50.0,3.420
50.1,3.420
50.2,3.420
50.3,3.420
50.4,3.420
50.5,3.420
50.5,3.420
50.6,3.420
50.7,3.420
50.8,3.420
50.9,3.420
51.0,3.420
51.1,3.420
51.1,3.420
51.2,3.420
51.3,3.420
51.4,3.420
51.5,3.420
51.6,3.420
51.7,3.420
51.8,3.420
51.9,3.420
51.9,3.420
52.0,3.420
52.2,3.420
52.2,3.420
52.3,3.420
52.4,3.420
52.5,3.420
52.6,3.420
52.7,3.420
52.8,3.420
52.9,3.420
53.0,3.420
53.1,3.420
53.2,3.420
53.3,3.420
53.3,3.420
53.4,3.420
53.5,3.420
53.6,3.420
53.7,3.420
53.7,3.420
53.9,3.420
53.9,3.420
54.0,3.420
54.1,3.420
54.2,3.420
54.3,3.420
54.4,3.420
54.5,3.420
54.6,3.420
54.7,3.420
54.8,3.425
54.9,3.425
55.0,3.425
55.1,3.425
55.1,3.425
55.2,3.425
55.3,3.425
55.4,3.425
55.5,3.425
55.6,3.425
55.7,3.425
55.8,3.425
55.8,3.425
55.9,3.425
56.0,3.425
56.1,3.425
56.2,3.425
56.3,3.425
56.4,3.425
56.5,3.425
56.6,3.425
56.6,3.425
56.7,3.425
56.8,3.425
56.9,3.425
57.0,3.425
57.1,3.425
57.2,3.425
57.3,3.425
57.4,3.425
57.5,3.425
57.5,3.425
57.6,3.425
57.7,3.425
57.8,3.425
57.9,3.425
58.0,3.425
58.1,3.425
58.2,3.425
58.3,3.425
58.3,3.425
58.4,3.425
58.5,3.425
58.6,3.425
58.7,3.425
58.8,3.425
58.9,3.425
59.0,3.425
59.0,3.425
59.1,3.425
59.2,3.425
59.3,3.425
59.4,3.425
59.5,3.425
59.6,3.425
59.6,3.425
59.7,3.430
59.8,3.430
59.9,3.430
60.0,3.430
60.1,3.430
60.2,3.430
60.3,3.430
60.3,3.430
60.4,3.430
60.5,3.430
60.6,3.430
60.7,3.430
60.8,3.430
60.9,3.430
61.0,3.430
61.0,3.430
61.1,3.430
61.2,3.430
61.3,3.430
61.3,3.430
61.4,3.430
61.5,3.430
61.6,3.430
61.7,3.430
61.8,3.430
61.9,3.430
62.0,3.430
62.1,3.430
62.2,3.430
62.2,3.430
62.3,3.430
62.4,3.430
62.4,3.430
62.5,3.430
62.6,3.430
62.7,3.430
62.8,3.430
62.8,3.430
62.9,3.430
63.0,3.430
63.1,3.430
63.1,3.430
63.2,3.430
63.3,3.430
63.4,3.430
63.5,3.430
63.6,3.430
63.6,3.430
63.7,3.430
63.8,3.430
63.8,3.430
63.9,3.430
64.0,3.430
64.1,3.430
64.2,3.430
64.3,3.430
64.4,3.430
64.4,3.430
64.5,3.435
64.6,3.435
64.7,3.435
64.7,3.435
64.8,3.435
64.9,3.435
65.0,3.435
65.0,3.435
65.1,3.435
65.2,3.435
65.2,3.435
65.3,3.435
65.4,3.435
65.5,3.435
65.6,3.435
65.6,3.435
65.7,3.435
65.8,3.435
65.9,3.435
66.0,3.435
66.0,3.435
66.1,3.435
66.2,3.435
66.3,3.435
66.4,3.435
66.4,3.435
66.5,3.435
66.6,3.435
66.6,3.435
66.7,3.435
66.8,3.435
66.9,3.435
67.0,3.435
67.1,3.435
67.1,3.435
67.2,3.435
67.3,3.435
67.4,3.435
67.4,3.435
67.5,3.435
67.5,3.435
67.6,3.435
67.7,3.435
67.7,3.435
67.8,3.435
67.9,3.435
68.0,3.435
68.1,3.435
68.1,3.435
68.2,3.435
68.3,3.435
68.4,3.435
68.5,3.435
68.5,3.435
68.6,3.435
68.7,3.435
68.8,3.435
68.8,3.435
68.9,3.435
69.0,3.435
69.1,3.435
69.2,3.435
69.2,3.435
69.3,3.435
69.4,3.435
69.4,3.435
69.5,3.435
69.6,3.435
69.7,3.435
69.7,3.440
69.8,3.440
69.9,3.440
69.9,3.440
70.0,3.440
70.1,3.440
70.2,3.440
70.3,3.440
70.3,3.440
70.4,3.440
70.5,3.440
70.6,3.440
70.7,3.440
70.7,3.440
70.8,3.440
70.9,3.440
71.0,3.440
71.0,3.440
71.1,3.440
71.2,3.440
71.3,3.440
71.3,3.440
71.4,3.440
71.5,3.440
71.5,3.440
71.6,3.440
71.7,3.440
71.8,3.440
71.9,3.440
71.9,3.440
72.0,3.440
72.1,3.440
72.2,3.440
72.2,3.440
72.3,3.440
72.4,3.440
72.5,3.440
72.6,3.440
72.6,3.440
72.7,3.440
72.8,3.440
72.9,3.440
72.9,3.440
73.0,3.440
73.1,3.440
73.1,3.440
73.2,3.440
73.3,3.440
73.3,3.440
73.4,3.440
73.5,3.440
73.6,3.440
73.7,3.440
73.7,3.440
73.8,3.440
73.9,3.440
74.0,3.440
74.1,3.440
74.1,3.440
74.2,3.440
74.3,3.440
74.3,3.440
74.4,3.440
74.5,3.440
74.5,3.440
74.6,3.440
74.7,3.440
74.8,3.440
74.8,3.440
74.9,3.440
75.0,3.445
75.1,3.445
75.2,3.445
75.3,3.445
75.3,3.445
75.4,3.445
75.5,3.445
75.5,3.445
75.6,3.445
75.7,3.445
75.8,3.445
75.9,3.445
76.0,3.445
76.1,3.445
76.1,3.445
76.2,3.445
76.3,3.445
76.3,3.445
76.4,3.445
76.5,3.445
76.5,3.445
76.6,3.445
76.7,3.445
76.8,3.445
76.8,3.445
76.9,3.445
77.0,3.445
77.1,3.445
77.1,3.445
77.2,3.445
77.3,3.445
77.4,3.445
77.4,3.445
77.5,3.445
77.6,3.445
77.7,3.445
77.8,3.445
77.9,3.445
78.0,3.445
78.0,3.445
78.1,3.445
78.2,3.445
78.2,3.445
78.3,3.445
78.4,3.445
78.5,3.445
78.5,3.445
78.6,3.445
78.7,3.445
78.8,3.445
78.9,3.445
78.9,3.445
79.0,3.445
79.1,3.445
79.2,3.445
79.2,3.445
79.3,3.445
79.4,3.445
79.4,3.445
79.5,3.445
79.6,3.445
79.7,3.445
79.8,3.445
79.8,3.445
79.9,3.445
80.0,3.445
80.1,3.445
80.2,3.445
80.2,3.445
80.3,3.450
80.4,3.450
80.5,3.450
80.5,3.450
80.6,3.450
80.7,3.450
80.8,3.450
80.8,3.450
80.9,3.450
81.0,3.450
81.1,3.450
81.2,3.450
81.2,3.450
81.3,3.450
81.4,3.450
81.5,3.450
81.5,3.450
81.6,3.450
81.7,3.450
81.8,3.450
81.8,3.450
81.9,3.450
82.0,3.450
82.1,3.450
82.1,3.450
82.2,3.450
82.3,3.450
82.4,3.450
82.4,3.450
82.5,3.450
82.6,3.450
82.7,3.450
82.8,3.450
82.8,3.450
82.9,3.450
83.0,3.450
83.1,3.450
83.1,3.450
83.2,3.450
83.3,3.450
83.3,3.450
83.4,3.450
83.5,3.450
83.6,3.450
83.7,3.450
83.8,3.450
83.8,3.450
83.9,3.450
84.0,3.450
84.1,3.450
84.1,3.450
84.2,3.450
84.3,3.450
84.3,3.450
84.4,3.450
84.4,3.450
84.5,3.450
84.6,3.450
84.7,3.450
84.7,3.450
84.8,3.450
84.9,3.450
85.0,3.450
85.1,3.450
85.2,3.450
85.2,3.450
85.3,3.450
85.4,3.450
85.4,3.455
85.5,3.455
85.6,3.455
85.7,3.455
85.7,3.455
85.8,3.455
85.8,3.455
85.9,3.455
86.0,3.455
86.0,3.455
86.1,3.455
86.2,3.455
86.3,3.455
86.3,3.455
86.4,3.455
86.5,3.455
86.6,3.455
86.6,3.455
86.7,3.455
86.8,3.455
86.9,3.455
86.9,3.455
87.0,3.455
87.1,3.455
87.2,3.455
87.2,3.455
87.3,3.455
87.4,3.455
87.4,3.455
87.5,3.455
87.6,3.455
87.7,3.455
87.7,3.455
87.8,3.455
87.9,3.455
87.9,3.455
88.0,3.455
88.1,3.455
88.1,3.455
88.2,3.455
88.3,3.455
88.4,3.455
88.4,3.455
88.5,3.455
88.6,3.455
88.6,3.455
88.7,3.455
88.8,3.455
88.9,3.455
88.9,3.455
89.0,3.455
89.0,3.455
89.1,3.455
89.2,3.455
89.2,3.455
89.3,3.455
89.4,3.455
89.4,3.455
89.5,3.455
89.6,3.455
89.7,3.455
89.7,3.455
89.8,3.455
89.9,3.455
89.9,3.455
90.0,3.455
90.1,3.455
90.1,3.455
90.2,3.455
90.3,3.460
90.3,3.460
90.4,3.460
90.5,3.460
90.5,3.460
90.6,3.460
90.7,3.460
90.8,3.460
90.8,3.460
90.9,3.460
91.0,3.460
91.1,3.460
91.1,3.460
91.2,3.460
91.2,3.460
91.3,3.460
91.4,3.460
91.4,3.460
91.5,3.460
91.6,3.460
91.6,3.460
91.7,3.460
91.8,3.460
91.9,3.460
91.9,3.460
92.0,3.460
92.1,3.460
92.1,3.460
92.2,3.460
92.3,3.460
92.3,3.460
92.4,3.460
92.4,3.460
92.5,3.460
92.6,3.460
92.6,3.460
92.7,3.460
92.8,3.460
92.8,3.460
92.9,3.460
93.0,3.460
93.0,3.460
93.1,3.460
93.1,3.460
93.2,3.460
93.3,3.460
93.4,3.460
93.4,3.460
93.5,3.460
93.6,3.460
93.7,3.460
93.7,3.460
93.8,3.460
93.9,3.460
93.9,3.460
94.0,3.460
94.1,3.460
94.1,3.460
94.1,3.460
94.2,3.460
94.3,3.460
94.3,3.460
94.4,3.460
94.5,3.460
94.5,3.460
94.6,3.460
94.7,3.460
94.8,3.460
94.8,3.460
94.9,3.460
94.9,3.460
95.0,3.460
95.1,3.460
95.1,3.460
95.2,3.460
95.2,3.460
95.3,3.460
95.4,3.460
95.5,3.465
95.6,3.465
95.7,3.465
95.7,3.465
95.8,3.465
95.9,3.465
95.9,3.465
96.0,3.465
96.0,3.465
96.1,3.465
96.1,3.465
96.2,3.465
96.3,3.465
96.3,3.465
96.4,3.465
96.5,3.465
96.5,3.465
96.6,3.465
96.7,3.465
96.8,3.465
96.8,3.465
96.9,3.465
97.0,3.465
97.0,3.465
97.1,3.465
97.1,3.465
97.2,3.465
97.3,3.465
97.3,3.465
97.4,3.465
97.5,3.465
97.5,3.465
97.6,3.465
97.7,3.465
97.7,3.465
97.8,3.465
97.9,3.465
97.9,3.465
98.0,3.465
98.1,3.465
98.1,3.465
98.2,3.465
98.2,3.465
98.3,3.465
98.4,3.465
98.4,3.465
98.5,3.465
98.6,3.465
98.6,3.465
98.7,3.465
98.8,3.465
98.8,3.465
98.8,3.465
98.9,3.465
99.0,3.465
99.1,3.465
99.1,3.465
99.2,3.465
99.3,3.465
99.4,3.465
99.4,3.465
99.5,3.465
99.5,3.465
99.6,3.465
99.7,3.465
99.7,3.465
99.8,3.465
99.8,3.465
99.9,3.465
100.0,3.465
100.0,3.465
100.1,3.465
100.2,3.465
100.2,3.465
100.3,3.465
100.3,3.465
100.4,3.465
100.5,3.465
100.6,3.465
100.6,3.465
100.7,3.470
100.8,3.470
100.8,3.470
100.9,3.470
100.9,3.470
101.0,3.470
101.0,3.470
101.1,3.470
101.2,3.470
101.2,3.470
101.3,3.470
101.3,3.470
101.4,3.470
101.4,3.470
101.5,3.470
101.5,3.470
101.6,3.470
101.7,3.470
101.8,3.470
101.8,3.470
101.9,3.470
101.9,3.470
102.0,3.470
102.0,3.470
102.0,3.470
102.1,3.470
102.2,3.470
102.2,3.470
102.3,3.470
102.4,3.470
102.4,3.470
102.5,3.470
102.5,3.470
102.6,3.470
102.6,3.470
102.7,3.470
102.7,3.470
102.8,3.470
102.9,3.470
102.9,3.470
103.0,3.470
103.0,3.470
103.1,3.470
103.2,3.470
103.2,3.470
103.3,3.470
103.3,3.470
103.4,3.470
103.5,3.470
103.5,3.470
103.5,3.470
103.6,3.470
103.7,3.470
103.7,3.470
103.8,3.470
103.8,3.470
103.9,3.470
103.9,3.470
104.0,3.470
104.0,3.470
104.0,3.470
104.1,3.470
104.1,3.470
104.2,3.470
104.3,3.470
104.3,3.470
104.4,3.470
104.5,3.470
104.5,3.470
104.6,3.470
104.6,3.470
104.7,3.470
104.7,3.470
104.8,3.470
104.8,3.470
104.9,3.470
104.9,3.470
105.0,3.470
105.0,3.470
105.1,3.470
105.1,3.470
105.2,3.470
105.2,3.470
105.3,3.470
105.3,3.470
105.4,3.470
105.5,3.470
105.5,3.470
105.6,3.475
105.6,3.475
105.7,3.475
105.8,3.475
105.8,3.475
105.9,3.475
105.9,3.475
105.9,3.475
106.0,3.475
106.1,3.475
106.1,3.475
106.2,3.475
106.2,3.475
106.2,3.475
106.3,3.475
106.4,3.475
106.4,3.475
106.5,3.475
106.5,3.475
106.6,3.475
106.7,3.475
106.7,3.475
106.8,3.475
106.8,3.475
106.9,3.475
106.9,3.475
107.0,3.475
107.1,3.475
107.1,3.475
107.1,3.475
107.2,3.475
107.2,3.475
107.3,3.475
107.3,3.475
107.4,3.475
107.5,3.475
107.5,3.475
107.6,3.475
107.6,3.475
107.7,3.475
107.7,3.475
107.8,3.475
107.8,3.475
107.8,3.475
107.9,3.475
107.9,3.475
108.0,3.475
108.1,3.475
108.1,3.475
108.1,3.475
108.2,3.475
108.2,3.475
108.3,3.475
108.3,3.475
108.4,3.475
108.5,3.475
108.5,3.475
108.6,3.475
108.6,3.475
108.6,3.475
108.7,3.475
108.7,3.475
108.7,3.475
108.8,3.475
108.9,3.475
108.9,3.475
109.0,3.475
109.0,3.475
109.1,3.475
109.1,3.475
109.2,3.475
109.2,3.475
109.3,3.475
109.3,3.475
109.4,3.475
109.4,3.475
109.5,3.475
109.5,3.475
109.6,3.475
109.7,3.475
109.7,3.475
109.7,3.475
109.8,3.475
109.8,3.475
109.9,3.475
110.0,3.475
110.0,3.475
110.0,3.475
110.1,3.475
110.2,3.475
110.2,3.480
110.3,3.480
110.3,3.480
110.4,3.480
110.4,3.480
110.5,3.480
110.5,3.480
110.6,3.480
110.6,3.480
110.7,3.480
110.7,3.480
110.7,3.480
110.8,3.480
110.8,3.480
110.9,3.480
111.0,3.480
111.0,3.480
111.0,3.480
111.1,3.480
111.2,3.480
111.2,3.480
111.3,3.480
111.3,3.480
111.4,3.480
111.4,3.480
111.4,3.480
111.5,3.480
111.5,3.480
111.6,3.480
111.6,3.480
111.6,3.480
111.7,3.480
111.7,3.480
111.8,3.480
111.9,3.480
111.9,3.480
111.9,3.480
112.0,3.480
112.0,3.480
112.1,3.480
112.1,3.480
112.1,3.480
112.2,3.480
112.2,3.480
112.3,3.480
112.3,3.480
112.4,3.480
112.4,3.480
112.5,3.480
112.6,3.480
112.6,3.480
112.6,3.480
112.7,3.480
112.8,3.480
112.8,3.480
112.8,3.480
112.8,3.480
112.9,3.480
112.9,3.480
112.9,3.480
113.0,3.480
113.1,3.480
113.1,3.480
113.2,3.480
113.2,3.480
113.3,3.480
113.3,3.480
113.4,3.480
113.5,3.480
113.5,3.480
113.5,3.480
113.6,3.480
113.6,3.480
113.7,3.480
113.7,3.480
113.7,3.480
113.8,3.480
113.9,3.480
113.9,3.480
113.9,3.480
114.0,3.480
114.0,3.480
114.1,3.480
114.1,3.480
114.1,3.480
114.2,3.480
114.3,3.480
114.3,3.480
114.3,3.480
114.4,3.480
114.5,3.480
114.5,3.480
114.5,3.480
114.5,3.480
114.6,3.480
114.6,3.480
114.6,3.480
114.7,3.480
114.7,3.480
114.8,3.480
114.8,3.480
114.9,3.480
114.9,3.480
115.0,3.480
115.0,3.480
115.1,3.480
115.1,3.480
115.1,3.480
115.2,3.480
115.2,3.480
115.2,3.480
115.3,3.485
115.4,3.485
115.4,3.485
115.5,3.485
115.5,3.485
115.6,3.485
115.6,3.485
115.7,3.485
115.7,3.485
115.7,3.485
115.8,3.485
115.8,3.485
115.9,3.485
115.9,3.485
116.0,3.485
116.0,3.485
116.1,3.485
116.1,3.485
116.1,3.485
116.2,3.485
116.2,3.485
116.2,3.485
116.3,3.485
116.3,3.485
116.4,3.485
116.4,3.485
116.5,3.485
116.5,3.485
116.6,3.485
116.6,3.485
116.7,3.485
116.7,3.485
116.8,3.485
116.8,3.485
116.9,3.485
116.9,3.485
116.9,3.485
116.9,3.485
116.9,3.485
117.0,3.485
117.1,3.485
117.1,3.485
117.1,3.485
117.2,3.485
117.2,3.485
117.3,3.485
117.3,3.485
117.4,3.485
117.4,3.485
117.5,3.485
117.5,3.485
117.6,3.485
117.6,3.485
117.7,3.485
117.7,3.485
117.7,3.485
117.8,3.485
117.8,3.485
117.9,3.485
117.9,3.485
117.9,3.485
117.9,3.485
118.0,3.485
118.0,3.485
118.1,3.485
118.1,3.485
118.2,3.485
118.2,3.485
118.3,3.485
118.3,3.485
118.3,3.485
118.4,3.485
118.4,3.485
118.4,3.485
118.5,3.485
118.5,3.485
118.5,3.485
118.6,3.485
118.6,3.485
118.6,3.485
118.7,3.485
118.8,3.485
118.8,3.485
118.9,3.485
118.9,3.485
118.9,3.485
118.9,3.485
119.0,3.485
119.0,3.485
119.1,3.485
119.1,3.485
119.1,3.485
119.2,3.485
119.2,3.485
119.2,3.485
119.3,3.485
119.3,3.485
119.4,3.485
119.4,3.485
119.5,3.485
119.6,3.485
119.6,3.485
119.6,3.485
119.6,3.485
119.7,3.485
119.8,3.485
119.8,3.485
119.8,3.485
119.8,3.485
119.9,3.485
119.9,3.485
120.0,3.485
120.0,3.485
120.0,3.485
120.1,3.485
120.1,3.485
120.2,3.485
120.2,3.485
120.3,3.485
120.3,3.485
120.3,3.485
120.3,3.485
120.4,3.490
120.4,3.490
120.4,3.490
120.5,3.490
120.5,3.490
120.6,3.490
120.6,3.490
120.7,3.490
120.7,3.490
120.7,3.490
120.8,3.490
120.8,3.490
120.9,3.490
120.9,3.490
121.0,3.490
121.0,3.490
121.1,3.490
121.1,3.490
121.1,3.490
121.1,3.490
121.2,3.490
121.2,3.490
121.2,3.490
121.2,3.490
121.3,3.490
121.3,3.490
121.4,3.490
121.4,3.490
121.4,3.490
121.5,3.490
121.5,3.490
121.6,3.490
121.6,3.490
121.6,3.490
121.7,3.490
121.8,3.490
121.8,3.490
121.8,3.490
121.9,3.490
121.9,3.490
121.9,3.490
121.9,3.490
122.0,3.490
122.0,3.490
122.0,3.490
122.0,3.490
122.1,3.490
122.2,3.490
122.2,3.490
122.2,3.490
122.2,3.490
122.3,3.490
122.4,3.490
122.4,3.490
122.4,3.490
122.4,3.490
122.5,3.490
122.5,3.490
122.5,3.490
122.6,3.490
122.6,3.490
122.7,3.490
122.7,3.490
122.7,3.490
122.8,3.490
122.8,3.490
122.8,3.490
122.8,3.490
122.9,3.490
122.9,3.490
122.9,3.490
123.0,3.490
123.0,3.490
123.0,3.490
123.1,3.490
123.1,3.490
123.2,3.490
123.2,3.490
123.2,3.490
123.2,3.490
123.3,3.490
123.3,3.490
123.4,3.490
123.4,3.490
123.5,3.490
123.5,3.490
123.5,3.490
123.5,3.490
123.6,3.490
123.6,3.490
123.7,3.490
123.7,3.490
123.8,3.490
123.8,3.490
123.8,3.490
123.8,3.490
123.9,3.490
123.9,3.490
123.9,3.490
123.9,3.490
124.0,3.490
124.0,3.490
124.1,3.490
124.1,3.490
124.2,3.490
124.2,3.490
124.2,3.490
124.2,3.490
124.3,3.490
124.3,3.490
124.4,3.490
124.4,3.490
124.4,3.490
124.4,3.490
124.5,3.490
124.5,3.490
124.6,3.490
124.6,3.490
124.6,3.490
124.6,3.490
124.7,3.490
124.7,3.490
124.7,3.490
124.8,3.490
124.8,3.490
124.8,3.490
124.9,3.490
124.9,3.490
124.9,3.490
125.0,3.490
125.0,3.490
125.1,3.490
125.1,3.490
125.1,3.490
125.1,3.495
125.2,3.495
125.2,3.495
125.3,3.495
125.3,3.495
125.4,3.495
125.4,3.495
125.4,3.495
125.4,3.495
125.5,3.495
125.5,3.495
125.6,3.495
125.6,3.495
125.6,3.495
125.6,3.495
125.7,3.495
125.7,3.495
125.7,3.495
125.7,3.495
125.7,3.495
125.8,3.495
125.9,3.495
125.9,3.495
125.9,3.495
125.9,3.495
125.9,3.495
126.0,3.495
126.0,3.495
126.0,3.495
126.1,3.495
126.1,3.495
126.2,3.495
126.2,3.495
126.3,3.495
126.3,3.495
126.4,3.495
126.4,3.495
126.4,3.495
126.4,3.495
126.5,3.495
126.5,3.495
126.5,3.495
126.5,3.495
126.5,3.495
126.6,3.495
126.6,3.495
126.6,3.495
126.6,3.495
126.7,3.495
126.7,3.495
126.7,3.495
126.8,3.495
126.8,3.495
126.9,3.495
126.9,3.495
126.9,3.495
126.9,3.495
127.0,3.495
127.0,3.495
127.1,3.495
127.1,3.495
127.1,3.495
127.2,3.495
127.2,3.495
127.3,3.495
127.3,3.495
127.3,3.495
127.3,3.495
127.3,3.495
127.4,3.495
127.4,3.495
127.5,3.495
127.5,3.495
127.5,3.495
127.5,3.495
127.6,3.495
127.6,3.495
127.6,3.495
127.7,3.495
127.7,3.495
127.7,3.495
127.7,3.495
127.8,3.495
127.8,3.495
127.8,3.495
127.9,3.495
127.9,3.495
127.9,3.495
127.9,3.495
128.0,3.495
128.0,3.495
128.1,3.495
128.1,3.495
128.1,3.495
128.2,3.495
128.2,3.495
128.2,3.495
128.2,3.495
128.3,3.495
128.3,3.495
128.3,3.495
128.3,3.495
128.4,3.495
128.4,3.495
128.4,3.495
128.5,3.495
128.5,3.495
128.6,3.495
128.6,3.495
128.6,3.495
128.7,3.495
128.7,3.495
128.7,3.495
128.7,3.495
128.7,3.495
128.7,3.495
128.8,3.495
128.8,3.495
128.9,3.495
128.9,3.495
128.9,3.495
128.9,3.495
129.0,3.495
129.0,3.495
129.0,3.495
129.0,3.495
129.0,3.495
129.1,3.495
129.1,3.495
129.2,3.495
129.2,3.495
129.2,3.495
129.3,3.495
129.3,3.495
129.3,3.495
129.4,3.495
129.4,3.495
129.4,3.495
129.4,3.495
129.4,3.495
129.5,3.495
129.5,3.495
129.5,3.495
129.6,3.495
129.6,3.495
129.7,3.495
129.7,3.495
129.7,3.495
129.7,3.495
129.8,3.495
129.8,3.495
129.8,3.495
129.9,3.495
129.9,3.495
129.9,3.495
129.9,3.495
130.0,3.495
130.0,3.500
130.0,3.500
130.0,3.500
130.1,3.500
130.1,3.500
130.2,3.500
130.2,3.500
130.3,3.500
130.3,3.500
130.3,3.500
130.3,3.500
130.4,3.500
130.4,3.500
130.5,3.500
130.5,3.500
130.5,3.500
130.5,3.500
130.6,3.500
130.6,3.500
130.6,3.500
130.6,3.500
130.6,3.500
130.7,3.500
130.7,3.500
130.7,3.500
130.7,3.500
130.8,3.500
130.8,3.500
130.8,3.500
130.9,3.500
130.9,3.500
130.9,3.500
130.9,3.500
130.9,3.500
131.0,3.500
131.0,3.500
131.1,3.500
131.1,3.500
131.1,3.500
131.1,3.500
131.2,3.500
131.2,3.500
131.3,3.500
131.3,3.500
131.3,3.500
131.3,3.500
131.3,3.500
131.3,3.500
131.3,3.500
131.4,3.500
131.5,3.500
131.5,3.500
131.5,3.500
131.6,3.500
131.6,3.500
131.6,3.500
131.6,3.500
131.6,3.500
131.6,3.500
131.6,3.500
131.6,3.500
131.7,3.500
131.7,3.500
131.8,3.500
131.8,3.500
131.9,3.500
131.9,3.500
131.9,3.500
131.9,3.500
132.0,3.500
132.0,3.500
132.0,3.500
132.0,3.500
132.1,3.500
132.1,3.500
132.1,3.500
132.1,3.500
132.1,3.500
132.1,3.500
132.2,3.500
132.2,3.500
132.3,3.500
132.3,3.500
132.3,3.500
132.4,3.500
132.4,3.500
132.4,3.500
132.4,3.500
132.4,3.500
132.5,3.500
132.5,3.500
132.6,3.500
132.6,3.500
132.7,3.500
132.7,3.500
132.7,3.500
132.7,3.500
132.8,3.500
132.8,3.500
132.8,3.500
132.8,3.500
132.9,3.500
132.9,3.500
132.9,3.500
132.9,3.500
133.0,3.500
133.0,3.500
133.0,3.500
133.1,3.500
133.1,3.500
133.1,3.500
133.1,3.500
133.1,3.500
133.2,3.500
133.1,3.500
133.2,3.500
133.2,3.500
133.3,3.500
133.3,3.500
133.4,3.500
133.4,3.500
133.4,3.500
133.4,3.500
133.4,3.500
133.4,3.500
133.4,3.500
133.4,3.500
133.4,3.500
133.6,3.500
133.6,3.500
133.6,3.500
133.6,3.500
133.6,3.500
133.7,3.500
133.7,3.500
133.7,3.500
133.7,3.500
133.8,3.500
133.8,3.500
133.9,3.500
133.9,3.500
133.9,3.500
133.9,3.500
133.9,3.500
133.9,3.500
134.0,3.500
134.0,3.500
134.0,3.500
134.0,3.500
134.0,3.500
134.0,3.500
134.0,3.500
134.1,3.500
134.1,3.500
134.2,3.500
134.2,3.500
134.3,3.500
134.3,3.500
134.3,3.500
134.3,3.500
134.4,3.500
134.4,3.500
134.4,3.500
134.4,3.500
134.5,3.500
134.5,3.500
134.5,3.500
134.5,3.500
134.6,3.500
134.6,3.500
134.6,3.500
134.6,3.500
134.7,3.500
134.7,3.500
134.8,3.500
134.8,3.500
134.8,3.500
134.8,3.500
134.8,3.500
134.9,3.500
134.9,3.500
134.9,3.500
134.9,3.500
135.0,3.500
135.0,3.500
135.0,3.500
135.0,3.500
135.1,3.500
135.1,3.500
135.1,3.500
135.2,3.500
135.2,3.505
135.2,3.505
135.2,3.505
135.3,3.505
135.3,3.505
135.3,3.505
135.3,3.505
135.4,3.505
135.4,3.505
135.4,3.505
135.5,3.505
135.5,3.505
135.5,3.505
135.5,3.505
135.5,3.505
135.5,3.505
135.5,3.505
135.5,3.505
135.6,3.505
135.6,3.505
135.6,3.505
135.7,3.505
135.7,3.505
135.7,3.505
135.8,3.505
135.8,3.505
135.8,3.505
135.8,3.505
135.8,3.505
135.9,3.505
135.8,3.505
135.8,3.505
135.9,3.505
135.9,3.505
135.9,3.505
135.9,3.505
136.0,3.505
136.0,3.505
136.1,3.505
136.1,3.505
136.1,3.505
136.2,3.505
136.2,3.505
136.2,3.505
136.2,3.505
136.2,3.505
136.3,3.505
136.3,3.505
136.3,3.505
136.3,3.505
136.4,3.505
136.4,3.505
136.4,3.505
136.4,3.505
136.5,3.505
136.5,3.505
136.6,3.505
136.6,3.505
136.6,3.505
136.6,3.505
136.6,3.505
136.6,3.505
136.7,3.505
136.7,3.505
136.7,3.505
136.7,3.505
136.8,3.505
136.8,3.505
136.8,3.505
136.8,3.505
136.9,3.505
136.9,3.505
136.9,3.505
136.9,3.505
137.0,3.505
137.0,3.505
137.0,3.505
137.0,3.505
137.0,3.505
137.1,3.505
137.1,3.505
137.1,3.505
137.1,3.505
137.1,3.505
137.2,3.505
137.2,3.505
137.2,3.505
137.3,3.505
137.3,3.505
137.3,3.505
137.3,3.505
137.3,3.505
137.3,3.505
137.4,3.505
137.4,3.505
137.4,3.505
137.5,3.505
137.5,3.505
137.5,3.505
137.5,3.505
137.6,3.505
137.6,3.505
137.6,3.505
137.6,3.505
137.6,3.505
137.6,3.505
137.6,3.505
137.6,3.505
137.7,3.505
137.7,3.505
137.8,3.505
137.8,3.505
137.8,3.505
137.8,3.505
137.8,3.505
137.8,3.505
137.8,3.505
137.8,3.505
137.8,3.505
137.8,3.505
137.9,3.505
138.0,3.505
138.0,3.505
138.1,3.505
138.1,3.505
138.1,3.505
138.1,3.505
138.1,3.505
138.2,3.505
138.2,3.505
138.2,3.505
138.2,3.505
138.2,3.505
138.2,3.505
138.2,3.505
138.2,3.505
138.3,3.505
138.3,3.505
138.3,3.505
138.3,3.505
138.3,3.505
138.3,3.505
138.4,3.505
138.4,3.505
138.5,3.505
138.5,3.505
138.5,3.505
138.5,3.505
138.6,3.505
138.6,3.505
138.6,3.505
138.7,3.505
138.7,3.505
138.7,3.505
138.7,3.505
138.8,3.505
138.8,3.505
138.8,3.505
138.8,3.505
138.8,3.505
138.8,3.505
138.8,3.505
138.8,3.505
138.9,3.505
138.9,3.505
138.9,3.505
139.0,3.505
138.9,3.505
139.0,3.505
139.0,3.505
139.0,3.505
139.0,3.505
139.0,3.505
139.1,3.505
139.1,3.505
139.2,3.505
139.2,3.505
139.2,3.505
139.2,3.505
139.2,3.505
139.2,3.505
139.3,3.505
139.3,3.505
139.4,3.505
139.4,3.505
139.4,3.505
139.4,3.505
139.4,3.505
139.5,3.505
139.5,3.505
139.5,3.505
139.5,3.505
139.5,3.505
139.5,3.505
139.5,3.505
139.5,3.505
139.5,3.505
139.5,3.505
139.6,3.505
139.6,3.505
139.7,3.505
139.7,3.505
139.7,3.505
139.7,3.505
139.7,3.505
139.7,3.505
139.7,3.505
139.7,3.505
139.7,3.505
139.8,3.505
139.8,3.505
139.8,3.505
139.8,3.505
139.8,3.505
139.8,3.505
139.9,3.505
140.0,3.505
139.9,3.505
140.0,3.505
140.0,3.505
140.1,3.505
140.1,3.505
140.1,3.505
140.1,3.505
140.1,3.505
140.1,3.505
140.1,3.505
140.1,3.505
140.1,3.505
140.1,3.505
140.1,3.505
140.2,3.505
140.2,3.505
140.2,3.510
140.3,3.510
140.3,3.510
140.3,3.510
140.4,3.510
140.4,3.510
140.4,3.510
140.4,3.510
140.4,3.510
140.4,3.510
140.4,3.510
140.4,3.510
140.4,3.510
140.4,3.510
140.4,3.510
140.4,3.510
140.5,3.510
140.5,3.510
140.5,3.510
140.5,3.510
140.5,3.510
140.5,3.510
140.5,3.510
140.6,3.510
140.7,3.510
140.7,3.510
140.7,3.510
140.7,3.510
140.7,3.510
140.7,3.510
140.7,3.510
140.7,3.510
140.7,3.510
140.8,3.510
140.8,3.510
140.8,3.510
140.8,3.510
140.8,3.510
140.8,3.510
140.8,3.510
140.8,3.510
140.8,3.510
140.9,3.510
140.9,3.510
140.9,3.510
140.9,3.510
140.9,3.510
140.9,3.510
140.9,3.510
140.9,3.510
141.0,3.510
141.0,3.510
141.0,3.510
141.0,3.510
141.0,3.510
141.1,3.510
141.1,3.510
141.1,3.510
141.2,3.510
141.2,3.510
141.2,3.510
141.2,3.510
141.2,3.510
141.3,3.510
141.3,3.510
141.3,3.510
141.3,3.510
141.3,3.510
141.3,3.510
141.3,3.510
141.3,3.510
141.3,3.510
141.3,3.510
141.4,3.510
141.5,3.510
141.5,3.510
141.5,3.510
141.5,3.510
141.5,3.510
141.5,3.510
141.5,3.510
141.5,3.510
141.5,3.510
141.6,3.510
141.7,3.510
141.7,3.510
141.7,3.510
141.7,3.510
141.7,3.510
141.7,3.510
141.7,3.510
141.7,3.510
141.7,3.510
141.7,3.510
141.7,3.510
141.8,3.510
141.8,3.510
141.8,3.510
141.8,3.510
141.8,3.510
141.8,3.510
141.8,3.510
141.8,3.510
141.9,3.510
141.9,3.510
141.9,3.510
141.9,3.510
141.9,3.510
142.0,3.510
142.0,3.510
142.0,3.510
142.0,3.510
142.0,3.510
142.0,3.510
142.0,3.510
142.0,3.510
142.1,3.510
142.1,3.510
142.1,3.510
142.1,3.510
142.1,3.510
142.1,3.510
142.1,3.510
142.2,3.510
142.2,3.510
142.2,3.510
142.2,3.510
142.3,3.510
142.3,3.510
142.3,3.510
142.3,3.510
142.3,3.510
142.3,3.510
142.3,3.510
142.3,3.510
142.3,3.510
142.4,3.510
142.4,3.510
142.4,3.510
142.4,3.510
142.4,3.510
142.4,3.510
142.4,3.510
142.5,3.510
142.5,3.510
142.6,3.510
142.6,3.510
142.6,3.510
142.6,3.510
142.6,3.510
142.6,3.510
142.6,3.510
142.6,3.510
142.6,3.510
142.7,3.510
142.7,3.510
142.7,3.510
142.8,3.510
142.7,3.510
142.7,3.510
142.7,3.510
142.9,3.510
142.9,3.510
142.9,3.510
142.9,3.510
142.9,3.510
142.9,3.510
143.0,3.510
142.9,3.510
142.9,3.510
142.9,3.510
142.9,3.510
142.9,3.510
142.9,3.510
142.9,3.510
143.0,3.510
143.1,3.510
143.0,3.510
143.1,3.510
143.1,3.510
143.1,3.510
143.1,3.510
143.1,3.510
143.1,3.510
143.1,3.510
143.1,3.510
143.1,3.510
143.1,3.510
143.1,3.510
143.1,3.510
143.2,3.510
143.2,3.510
143.2,3.510
143.2,3.510
143.2,3.510
143.2,3.510
143.2,3.510
143.3,3.510
143.3,3.510
143.3,3.510
143.3,3.510
143.3,3.510
143.4,3.510
143.4,3.510
143.4,3.510
143.4,3.510
143.4,3.510
143.4,3.510
143.4,3.510
143.4,3.510
143.4,3.510
143.4,3.510
143.4,3.510
143.5,3.510
143.5,3.510
143.5,3.510
143.5,3.510
143.5,3.510
143.5,3.510
143.5,3.510
143.5,3.510
143.5,3.510
143.6,3.510
143.6,3.510
143.7,3.510
143.6,3.510
143.6,3.510
143.6,3.510
143.8,3.510
143.8,3.510
143.8,3.510
143.8,3.510
143.8,3.510
143.8,3.510
143.8,3.510
143.8,3.510
143.8,3.510
143.8,3.510
143.8,3.510
143.8,3.510
143.8,3.510
143.8,3.510
143.9,3.510
143.9,3.510
143.9,3.510
143.9,3.510
143.9,3.510
143.9,3.510
144.0,3.510
144.0,3.510
144.0,3.510
144.0,3.510
144.0,3.510
144.0,3.510
144.0,3.510
144.1,3.510
144.1,3.510
144.1,3.510
144.1,3.510
144.1,3.510
144.1,3.510
144.1,3.510
144.1,3.510
144.2,3.510
144.2,3.510
144.2,3.510
144.2,3.510
144.2,3.510
144.2,3.510
144.2,3.510
144.2,3.510
144.3,3.510
144.3,3.510
144.3,3.510
144.3,3.510
144.3,3.510
144.3,3.510
144.4,3.510
144.4,3.510
144.4,3.510
144.5,3.510
144.4,3.510
144.4,3.510
144.4,3.510
144.4,3.510
144.4,3.510
144.4,3.510
144.4,3.510
144.5,3.510
144.5,3.510
144.5,3.510
144.5,3.510
144.5,3.510
144.5,3.510
144.5,3.510
144.5,3.510
144.6,3.510
144.6,3.510
144.6,3.510
144.6,3.510
144.6,3.510
144.6,3.510
144.6,3.510
144.7,3.510
144.8,3.510
144.8,3.510
144.8,3.510
144.8,3.510
144.8,3.510
144.8,3.510
144.8,3.510
144.8,3.510
144.8,3.510
144.8,3.510
144.8,3.510
144.8,3.510
144.8,3.510
144.8,3.510
144.8,3.510
144.8,3.510
144.9,3.510
144.9,3.510
144.9,3.510
145.0,3.510
144.9,3.510
145.0,3.510
145.1,3.510
145.1,3.510
145.1,3.510
145.1,3.510
145.1,3.515
145.1,3.515
145.1,3.515
145.1,3.515
145.1,3.515
145.1,3.515
145.1,3.515
145.1,3.515
145.1,3.515
145.1,3.515
145.2,3.515
145.2,3.515
145.2,3.515
145.2,3.515
145.2,3.515
145.2,3.515
145.2,3.515
145.2,3.515
145.2,3.515
145.2,3.515
145.3,3.515
145.3,3.515
145.3,3.515
145.3,3.515
145.3,3.515
145.3,3.515
145.3,3.515
145.3,3.515
145.4,3.515
145.4,3.515
145.4,3.515
145.4,3.515
145.4,3.515
145.4,3.515
145.5,3.515
145.5,3.515
145.5,3.515
145.5,3.515
145.5,3.515
145.5,3.515
145.5,3.515
145.5,3.515
145.6,3.515
145.6,3.515
145.6,3.515
145.6,3.515
145.6,3.515
145.6,3.515
145.6,3.515
145.6,3.515
145.6,3.515
145.7,3.515
145.7,3.515
145.7,3.515
145.7,3.515
145.7,3.515
145.7,3.515
145.7,3.515
145.7,3.515
145.8,3.515
145.8,3.515
145.8,3.515
145.8,3.515
145.8,3.515
145.8,3.515
145.8,3.515
145.8,3.515
145.9,3.515
145.9,3.515
145.9,3.515
145.9,3.515
145.9,3.515
145.9,3.515
145.9,3.515
146.0,3.515
145.9,3.515
146.0,3.515
146.0,3.515
146.1,3.515
146.1,3.515
146.0,3.515
146.0,3.515
146.1,3.515
146.1,3.515
146.1,3.515
146.1,3.515
146.1,3.515
146.1,3.515
146.1,3.515
146.1,3.515
146.2,3.515
146.2,3.515
146.2,3.515
146.2,3.515
146.2,3.515
146.2,3.515
146.2,3.515
146.3,3.515
146.3,3.515
146.3,3.515
146.3,3.515
146.3,3.515
146.3,3.515
146.3,3.515
146.3,3.515
146.3,3.515
146.4,3.515
146.4,3.515
146.4,3.515
146.4,3.515
146.4,3.515
146.4,3.515
146.4,3.515
146.4,3.515
146.4,3.515
146.4,3.515
146.4,3.515
146.6,3.515
146.6,3.515
146.6,3.515
146.6,3.515
146.6,3.515
146.6,3.515
146.6,3.515
146.6,3.515
146.6,3.515
146.6,3.515
146.6,3.515
146.7,3.515
146.7,3.515
146.7,3.515
146.7,3.515
146.7,3.515
146.7,3.515
146.7,3.515
146.7,3.515
146.8,3.515
146.8,3.515
146.8,3.515
146.8,3.515
146.8,3.515
146.8,3.515
146.8,3.515
146.8,3.515
146.9,3.515
147.0,3.515
147.0,3.515
147.0,3.515
147.0,3.515
147.0,3.515
147.0,3.515
147.0,3.515
147.0,3.515
147.0,3.515
147.0,3.515
147.0,3.515
147.0,3.515
147.1,3.515
147.1,3.515
147.1,3.515
147.1,3.515
147.2,3.515
147.1,3.515
147.1,3.515
147.1,3.515
147.2,3.515
147.2,3.515
147.2,3.515
147.2,3.515
147.2,3.515
147.2,3.515
147.2,3.515
147.3,3.515
147.3,3.515
147.3,3.515
147.3,3.515
147.3,3.515
147.3,3.515
147.3,3.515
147.3,3.515
147.3,3.515
147.4,3.515
147.4,3.515
147.4,3.515
147.4,3.515
147.4,3.515
147.4,3.515
147.5,3.515
147.5,3.515
147.5,3.515
147.5,3.515
147.5,3.515
147.5,3.515
147.5,3.515
147.5,3.515
147.5,3.515
147.5,3.515
147.5,3.515
147.6,3.515
147.6,3.515
147.6,3.515
147.6,3.515
147.6,3.515
147.6,3.515
147.6,3.515
147.6,3.515
147.6,3.515
147.6,3.515
147.7,3.515
147.7,3.515
147.7,3.515
147.7,3.515
147.7,3.515
147.7,3.515
147.8,3.515
147.8,3.515
147.8,3.515
147.8,3.515
147.8,3.515
147.8,3.515
147.8,3.515
147.9,3.515
147.9,3.515
147.9,3.515
147.9,3.515
147.9,3.515
147.9,3.515
147.9,3.515
147.9,3.515
148.0,3.515
148.0,3.515
148.0,3.515
148.0,3.515
148.0,3.515
148.0,3.515
148.0,3.515
148.0,3.515
148.0,3.515
148.0,3.515
148.0,3.515
148.0,3.515
148.0,3.515
148.0,3.515
148.0,3.515
148.1,3.515
148.1,3.515
148.2,3.515
148.2,3.515
148.2,3.515
148.2,3.515
148.2,3.515
148.2,3.515
148.2,3.515
148.2,3.515
148.2,3.515
148.2,3.515
148.2,3.515
148.3,3.515
148.3,3.515
148.3,3.515
148.3,3.515
148.3,3.515
148.3,3.515
148.3,3.515
148.4,3.515
148.4,3.515
148.4,3.515
148.4,3.515
148.4,3.515
148.4,3.515
148.4,3.515
148.4,3.515
148.4,3.515
148.5,3.515
148.5,3.515
148.5,3.515
148.5,3.515
148.5,3.515
148.5,3.515
148.5,3.515
148.5,3.515
148.5,3.515
148.5,3.515
148.6,3.515
148.6,3.515
148.6,3.515
148.6,3.515
148.6,3.515
148.6,3.515
148.6,3.515
148.6,3.515
148.7,3.515
148.7,3.515
148.7,3.515
148.7,3.515
148.7,3.515
148.7,3.515
148.7,3.515
148.7,3.515
148.7,3.515
148.7,3.515
148.8,3.515
148.8,3.515
148.8,3.515
148.8,3.515
148.8,3.515
148.8,3.515
148.8,3.515
148.8,3.515
148.8,3.515
148.8,3.515
148.8,3.515
148.8,3.515
148.8,3.515
148.8,3.515
148.9,3.515
148.9,3.515
148.9,3.515
148.9,3.515
148.9,3.515
148.9,3.515
148.9,3.515
148.9,3.515
148.9,3.515
148.9,3.515
149.0,3.515
149.0,3.515
149.0,3.515
149.0,3.515
149.0,3.515
149.0,3.515
149.0,3.515
149.0,3.515
149.0,3.515
149.0,3.515
149.0,3.515
149.0,3.515
149.0,3.515
149.1,3.515
149.1,3.515
149.1,3.515
149.1,3.515
149.1,3.515
149.1,3.515
149.2,3.515
149.2,3.515
149.2,3.515
149.2,3.515
149.2,3.515
149.2,3.515
149.2,3.515
149.2,3.515
149.2,3.515
149.2,3.515
149.3,3.515
149.3,3.515
149.3,3.515
149.3,3.515
149.3,3.515
149.3,3.515
149.3,3.515
149.3,3.515
149.3,3.515
149.4,3.515
149.4,3.515
149.4,3.515
149.4,3.515
149.4,3.515
149.4,3.515
149.4,3.515
149.4,3.515
149.4,3.515
149.5,3.515
149.5,3.515
149.5,3.515
149.5,3.515
149.5,3.515
149.5,3.515
149.5,3.515
149.5,3.515
149.5,3.515
149.5,3.515
149.5,3.515
149.6,3.515
149.6,3.515
149.6,3.515
149.6,3.515
149.6,3.515
149.6,3.515
149.6,3.515
149.6,3.515
149.7,3.515
149.8,3.515
149.7,3.515
149.7,3.515
149.7,3.515
149.7,3.515
149.7,3.515
149.7,3.515
149.7,3.515
149.8,3.515
149.8,3.515
149.8,3.515
149.8,3.515
149.8,3.515
149.8,3.515
149.8,3.515
149.8,3.515
149.8,3.515
149.8,3.515
149.9,3.515
149.9,3.515
149.9,3.515
149.9,3.515
149.9,3.515
149.9,3.515
149.9,3.515
149.9,3.515
149.9,3.515
150.0,3.515
150.0,3.515
150.0,3.515
150.0,3.515
150.0,3.515
150.0,3.515
150.0,3.515
150.0,3.515
150.0,3.515
150.0,3.515
150.0,3.515
150.1,3.515
150.1,3.515
150.1,3.515
150.1,3.515
150.1,3.515
150.1,3.515
150.1,3.515
150.1,3.515
150.1,3.515
150.1,3.515
150.1,3.515
150.1,3.515
150.1,3.515
150.2,3.515
150.2,3.515
150.2,3.515
150.2,3.515
150.2,3.515
150.2,3.515
150.2,3.515
150.2,3.515
150.2,3.520
150.2,3.520
150.2,3.520
150.4,3.520
150.4,3.520
150.4,3.520
150.4,3.520
150.4,3.520
150.4,3.520
150.4,3.520
150.4,3.520
150.4,3.520
150.4,3.520
150.4,3.520
150.4,3.520
150.4,3.520
150.4,3.520
150.4,3.520
150.4,3.520
150.4,3.520
150.4,3.520
150.5,3.520
150.5,3.520
150.5,3.520
150.5,3.520
150.5,3.520
150.5,3.520
150.5,3.520
150.5,3.520
150.6,3.520
150.6,3.520
150.6,3.520
150.6,3.520
150.6,3.520
150.6,3.520
150.6,3.520
150.6,3.520
150.6,3.520
150.6,3.520
150.6,3.520
150.6,3.520
150.6,3.520
150.7,3.520
150.7,3.520
150.7,3.520
150.7,3.520
150.7,3.520
150.7,3.520
150.7,3.520
150.7,3.520
150.7,3.520
150.7,3.520
150.7,3.520
150.7,3.520
150.8,3.520
150.8,3.520
150.8,3.520
150.8,3.520
150.8,3.520
150.8,3.520
150.8,3.520
150.8,3.520
150.8,3.520
150.8,3.520
150.8,3.520
150.9,3.520
150.9,3.520
150.9,3.520
150.9,3.520
150.9,3.520
150.9,3.520
150.9,3.520
150.9,3.520
150.9,3.520
150.9,3.520
150.9,3.520
150.9,3.520
150.9,3.520
151.0,3.520
151.0,3.520
151.0,3.520
151.0,3.520
151.0,3.520
151.0,3.520
151.1,3.520
151.1,3.520
151.1,3.520
151.1,3.520
151.1,3.520
151.1,3.520
151.1,3.520
151.1,3.520
151.1,3.520
151.1,3.520
151.1,3.520
151.1,3.520
151.1,3.520
151.2,3.520
151.2,3.520
151.2,3.520
151.2,3.520
151.2,3.520
151.2,3.520
151.2,3.520
151.2,3.520
151.2,3.520
151.2,3.520
151.2,3.520
151.2,3.520
151.3,3.520
151.3,3.520
151.3,3.520
151.3,3.520
151.3,3.520
151.3,3.520
151.3,3.520
151.3,3.520
151.3,3.520
151.3,3.520
151.3,3.520
151.3,3.520
151.3,3.520
151.3,3.520
151.3,3.520
151.3,3.520
151.3,3.520
151.4,3.520
151.4,3.520
151.4,3.520
151.4,3.520
151.4,3.520
151.4,3.520
151.4,3.520
151.4,3.520
151.5,3.520
151.5,3.520
151.5,3.520
151.5,3.520
151.5,3.520
151.5,3.520
151.5,3.520
151.5,3.520
151.5,3.520
151.5,3.520
151.5,3.520
151.5,3.520
151.6,3.520
151.6,3.520
151.6,3.520
151.6,3.520
151.6,3.520
151.6,3.520
151.6,3.520
151.6,3.520
151.7,3.520
151.7,3.520
151.7,3.520
151.7,3.520
151.7,3.520
151.7,3.520
151.7,3.520
151.7,3.520
151.7,3.520
151.7,3.520
151.7,3.520
151.7,3.520
151.7,3.520
151.8,3.520
151.8,3.520
151.8,3.520
151.8,3.520
151.8,3.520
151.8,3.520
151.8,3.520
151.8,3.520
151.8,3.520
151.8,3.520
151.9,3.520
151.9,3.520
151.9,3.520
151.9,3.520
151.9,3.520
152.0,3.520
152.0,3.520
152.0,3.520
152.0,3.520
152.0,3.520
152.0,3.520
152.0,3.520
152.0,3.520
152.0,3.520
152.0,3.520
152.0,3.520
152.0,3.520
152.0,3.520
152.0,3.520
152.0,3.520
152.0,3.520
152.0,3.520
152.1,3.520
152.1,3.520
152.1,3.520
152.1,3.520
152.1,3.520
152.1,3.520
152.1,3.520
152.1,3.520
152.1,3.520
152.1,3.520
152.1,3.520
152.1,3.520
152.1,3.520
152.1,3.520
152.1,3.520
152.1,3.520
152.1,3.520
152.1,3.520
152.2,3.520
152.2,3.520
152.2,3.520
152.2,3.520
152.2,3.520
152.2,3.520
152.2,3.520
152.2,3.520
152.2,3.520
152.2,3.520
152.3,3.520
152.3,3.520
152.3,3.520
152.3,3.520
152.3,3.520
152.3,3.520
152.3,3.520
152.4,3.520
152.4,3.520
152.4,3.520
152.4,3.520
152.4,3.520
152.4,3.520
152.4,3.520
152.4,3.520
152.4,3.520
152.4,3.520
152.4,3.520
152.4,3.520
152.4,3.520
152.4,3.520
152.4,3.520
152.5,3.520
152.5,3.520
152.5,3.520
152.5,3.520
152.5,3.520
152.5,3.520
152.5,3.520
152.5,3.520
152.5,3.520
152.5,3.520
152.5,3.520
152.5,3.520
152.5,3.520
152.5,3.520
152.5,3.520
152.5,3.520
152.5,3.520
152.5,3.520
152.6,3.520
152.6,3.520
152.6,3.520
152.6,3.520
152.6,3.520
152.6,3.520
152.6,3.520
152.6,3.520
152.6,3.520
152.6,3.520
152.6,3.520
152.6,3.520
152.6,3.520
152.7,3.520
152.7,3.520
152.7,3.520
152.7,3.520
152.7,3.520
152.7,3.520
152.7,3.520
152.7,3.520
152.7,3.520
152.7,3.520
152.7,3.520
152.8,3.520
152.8,3.520
152.8,3.520
152.8,3.520
152.8,3.520
152.8,3.520
152.8,3.520
152.8,3.520
152.8,3.520
152.8,3.520
152.8,3.520
152.8,3.520
152.9,3.520
152.9,3.520
152.9,3.520
152.9,3.520
152.9,3.520
152.9,3.520
152.9,3.520
153.0,3.520
153.0,3.520
153.0,3.520
153.0,3.520
153.0,3.520
153.0,3.520
153.0,3.520
153.0,3.520
153.0,3.520
153.0,3.520
153.1,3.520
153.1,3.520
153.1,3.520
153.1,3.520
153.1,3.520
153.1,3.520
153.1,3.520
153.1,3.520
153.1,3.520
153.1,3.520
153.1,3.520
153.1,3.520
153.2,3.520
153.2,3.520
153.2,3.520
153.2,3.520
153.2,3.520
153.2,3.520
153.2,3.520
153.2,3.520
153.2,3.520
153.2,3.520
153.2,3.520
153.2,3.520
153.2,3.520
153.2,3.520
153.3,3.520
153.3,3.520
153.3,3.520
153.3,3.520
153.3,3.520
153.3,3.520
153.3,3.520
153.3,3.520
153.3,3.520
153.3,3.520
153.3,3.520
153.3,3.520
153.3,3.520
153.4,3.520
153.4,3.520
153.4,3.520
153.4,3.520
153.4,3.520
153.5,3.520
153.5,3.520
153.5,3.520
153.5,3.520
153.5,3.520
153.5,3.520
153.5,3.520
153.5,3.520
153.5,3.520
153.5,3.520
153.5,3.520
153.6,3.520
153.6,3.520
153.6,3.520
153.6,3.520
153.6,3.520
153.6,3.520
153.6,3.520
153.6,3.520
153.6,3.520
153.6,3.520
153.7,3.520
153.7,3.520
153.7,3.520
153.7,3.520
153.7,3.520
153.7,3.520
153.8,3.520
153.8,3.520
153.8,3.520
153.8,3.520
153.8,3.520
153.8,3.520
153.8,3.520
153.8,3.520
153.8,3.520
153.8,3.520
153.8,3.520
153.8,3.520
153.8,3.520
153.8,3.520
153.8,3.520
153.9,3.520
153.9,3.520
153.9,3.520
153.9,3.520
153.9,3.520
153.9,3.520
153.9,3.520
153.9,3.520
153.9,3.520
153.9,3.520
154.0,3.520
154.0,3.520
154.0,3.520
154.0,3.520
154.0,3.520
154.0,3.520
154.0,3.520
154.0,3.520
154.0,3.520
154.1,3.520
154.1,3.520
154.1,3.520
154.1,3.520
154.1,3.520
154.1,3.520
154.1,3.520
154.1,3.520
154.1,3.520
154.1,3.520
154.1,3.520
154.1,3.520
154.1,3.520
154.1,3.520
154.2,3.520
154.2,3.520
154.2,3.520
154.2,3.520
154.2,3.520
154.3,3.520
154.3,3.520
154.3,3.520
154.3,3.520
154.3,3.520
154.3,3.520
154.3,3.520
154.3,3.520
154.3,3.520
154.3,3.520
154.4,3.520
154.4,3.520
154.4,3.520
154.4,3.520
154.4,3.520
154.4,3.520
154.4,3.520
154.4,3.520
154.4,3.520
154.4,3.520
154.4,3.520
154.4,3.520
154.4,3.520
154.5,3.520
154.5,3.520
154.5,3.520
154.5,3.520
154.5,3.520
154.5,3.520
154.5,3.520
154.5,3.520
154.5,3.520
154.6,3.520
154.6,3.520
154.6,3.520
154.6,3.520
154.6,3.520
154.6,3.520
154.6,3.520
154.6,3.520
154.6,3.520
154.6,3.520
154.6,3.520
154.6,3.520
154.6,3.520
154.6,3.520
154.7,3.520
154.7,3.520
154.7,3.520
154.7,3.520
154.7,3.520
154.8,3.520
154.8,3.520
154.8,3.520
154.8,3.520
154.8,3.520
154.8,3.520
154.8,3.520
154.8,3.520
154.9,3.520
154.9,3.520
154.9,3.520
154.9,3.520
154.9,3.520
154.9,3.520
155.0,3.520
155.0,3.520
155.0,3.520
155.0,3.520
155.0,3.520
155.0,3.520
155.0,3.520
155.0,3.520
155.0,3.520
155.0,3.520
155.0,3.520
155.1,3.520
155.1,3.520
155.1,3.520
155.1,3.520
155.1,3.520
155.1,3.520
155.1,3.520
155.1,3.520
155.1,3.520
155.1,3.520
155.1,3.520
155.2,3.520
155.2,3.520
155.2,3.520
155.2,3.520
155.2,3.520
155.2,3.520
155.2,3.520
155.3,3.520
155.3,3.520
155.3,3.520
155.3,3.520
155.3,3.520
155.3,3.520
155.3,3.520
155.3,3.520
155.4,3.520
155.4,3.520
155.4,3.520
155.4,3.520
155.4,3.520
155.4,3.520
155.4,3.520
155.4,3.520
155.4,3.520
155.4,3.520
155.4,3.520
155.4,3.525
155.4,3.525
155.4,3.525
155.5,3.525
155.5,3.525
155.5,3.525
155.5,3.525
155.5,3.525
155.6,3.525
155.6,3.525
155.6,3.525
155.6,3.525
155.6,3.525
155.7,3.525
155.7,3.525
155.7,3.525
155.7,3.525
155.7,3.525
155.7,3.525
155.7,3.525
155.7,3.525
155.7,3.525
155.7,3.525
155.7,3.525
155.7,3.525
155.7,3.525
155.7,3.525
155.7,3.525
155.7,3.525
155.8,3.525
155.8,3.525
155.8,3.525
155.8,3.525
155.8,3.525
155.8,3.525
155.8,3.525
155.8,3.525
155.8,3.525
155.9,3.525
155.9,3.525
155.9,3.525
155.9,3.525
155.9,3.525
155.9,3.525
155.9,3.525
155.9,3.525
155.9,3.525
155.9,3.525
155.9,3.525
155.9,3.525
156.0,3.525
156.0,3.525
156.0,3.525
156.0,3.525
156.1,3.525
156.1,3.525
156.1,3.525
156.1,3.525
156.2,3.525
156.2,3.525
156.2,3.525
156.2,3.525
156.2,3.525
156.2,3.525
156.2,3.525
156.2,3.525
156.2,3.525
156.2,3.525
156.2,3.525
156.2,3.525
156.2,3.525
156.2,3.525
156.2,3.525
156.2,3.525
156.2,3.525
156.2,3.525
156.3,3.525
156.3,3.525
156.3,3.525
156.3,3.525
156.3,3.525
156.4,3.525
156.4,3.525
156.4,3.525
156.4,3.525
156.4,3.525
156.4,3.525
156.4,3.525
156.4,3.525
156.4,3.525
156.4,3.525
156.4,3.525
156.4,3.525
156.4,3.525
156.4,3.525
156.4,3.525
156.4,3.525
156.5,3.525
156.5,3.525
156.5,3.525
156.5,3.525
156.5,3.525
156.5,3.525
156.5,3.525
156.6,3.525
156.6,3.525
156.6,3.525
156.6,3.525
156.6,3.525
156.6,3.525
156.6,3.525
156.6,3.525
156.6,3.525
156.6,3.525
156.7,3.525
156.7,3.525
156.7,3.525
156.7,3.525
156.7,3.525
156.7,3.525
156.7,3.525
156.7,3.525
156.7,3.525
156.7,3.525
156.7,3.525
156.7,3.525
156.7,3.525
156.7,3.525
156.7,3.525
156.8,3.525
156.8,3.525
156.8,3.525
156.8,3.525
156.8,3.525
156.9,3.525
156.9,3.525
156.9,3.525
156.9,3.525
156.9,3.525
156.9,3.525
156.9,3.525
156.9,3.525
156.9,3.525
156.9,3.525
156.9,3.525
156.9,3.525
156.9,3.525
156.9,3.525
156.9,3.525
156.9,3.525
156.9,3.525
156.9,3.525
157.0,3.525
157.0,3.525
157.0,3.525
157.0,3.525
157.0,3.525
157.0,3.525
157.0,3.525
157.0,3.525
157.0,3.525
157.0,3.525
157.0,3.525
157.0,3.525
157.1,3.525
157.1,3.525
157.1,3.525
157.1,3.525
157.1,3.525
157.1,3.525
157.1,3.525
157.1,3.525
157.1,3.525
157.1,3.525
157.1,3.525
157.1,3.525
157.1,3.525
157.1,3.525
157.1,3.525
157.2,3.525
157.2,3.525
157.2,3.525
157.2,3.525
157.2,3.525
157.2,3.525
157.2,3.525
157.3,3.525
157.3,3.525
157.3,3.525
157.3,3.525
157.3,3.525
157.3,3.525
157.3,3.525
157.3,3.525
157.3,3.525
157.3,3.525
157.3,3.525
157.3,3.525
157.3,3.525
157.3,3.525
157.4,3.525
157.4,3.525
157.4,3.525
157.4,3.525
157.4,3.525
157.4,3.525
157.4,3.525
157.4,3.525
157.4,3.525
157.5,3.525
157.5,3.525
157.5,3.525
157.5,3.525
157.5,3.525
157.5,3.525
157.5,3.525
157.5,3.525
157.5,3.525
157.5,3.525
157.5,3.525
157.5,3.525
157.5,3.525
157.5,3.525
157.5,3.525
157.5,3.525
157.5,3.525
157.5,3.525
157.5,3.525
157.6,3.525
157.6,3.525
157.6,3.525
157.6,3.525
157.6,3.525
157.6,3.525
157.6,3.525
157.6,3.525
157.6,3.525
157.6,3.525
157.7,3.525
157.7,3.525
157.7,3.525
157.7,3.525
157.7,3.525
157.7,3.525
157.7,3.525
157.7,3.525
157.7,3.525
157.7,3.525
157.7,3.525
157.7,3.525
157.7,3.525
157.7,3.525
157.8,3.525
157.8,3.525
157.8,3.525
157.8,3.525
157.8,3.525
157.8,3.525
157.8,3.525
157.8,3.525
157.8,3.525
157.8,3.525
157.8,3.525
157.8,3.525
157.8,3.525
157.8,3.525
157.9,3.525
157.9,3.525
157.9,3.525
157.9,3.525
157.9,3.525
157.9,3.525
157.9,3.525
157.9,3.525
157.9,3.525
157.9,3.525
157.9,3.525
157.9,3.525
157.9,3.525
158.0,3.525
158.0,3.525
158.0,3.525
158.0,3.525
158.0,3.525
158.0,3.525
158.0,3.525
158.0,3.525
158.0,3.525
158.0,3.525
158.0,3.525
158.0,3.525
158.0,3.525
158.0,3.525
158.0,3.525
158.0,3.525
158.1,3.525
158.1,3.525
158.1,3.525
158.1,3.525
158.1,3.525
158.1,3.525
158.1,3.525
158.1,3.525
158.1,3.525
158.1,3.525
158.1,3.525
158.1,3.525
158.1,3.525
158.1,3.525
158.1,3.525
158.2,3.525
158.2,3.525
158.2,3.525
158.2,3.525
158.2,3.525
158.2,3.525
158.2,3.525
158.2,3.525
158.2,3.525
158.2,3.525
158.2,3.525
158.2,3.525
158.2,3.525
158.2,3.525
158.2,3.525
158.3,3.525
158.3,3.525
158.3,3.525
158.3,3.525
158.3,3.525
158.3,3.525
158.3,3.525
158.3,3.525
158.4,3.525
158.4,3.525
158.4,3.525
158.4,3.525
158.4,3.525
158.4,3.525
158.4,3.525
158.4,3.525
158.4,3.525
158.4,3.525
158.4,3.525
158.4,3.525
158.4,3.525
158.4,3.525
158.5,3.525
158.5,3.525
158.5,3.525
158.5,3.525
158.5,3.525
158.5,3.525
158.5,3.525
158.5,3.525
158.5,3.525
158.5,3.525
158.5,3.525
158.5,3.525
158.5,3.525
158.5,3.525
158.5,3.525
158.5,3.525
158.5,3.525
158.5,3.525
158.5,3.525
158.6,3.525
158.6,3.525
158.6,3.525
158.6,3.525
158.6,3.525
158.6,3.525
158.6,3.525
158.6,3.525
158.6,3.525
158.6,3.525
158.6,3.525
158.6,3.525
158.7,3.525
158.7,3.525
158.7,3.525
158.7,3.525
158.7,3.525
158.7,3.525
158.7,3.525
158.7,3.525
158.7,3.525
158.7,3.525
158.7,3.525
158.7,3.525
158.7,3.525
158.7,3.525
158.7,3.525
158.7,3.525
158.8,3.525
158.8,3.525
158.8,3.525
158.8,3.525
158.8,3.525
158.8,3.525
158.8,3.525
158.8,3.525
158.8,3.525
158.8,3.525
158.9,3.525
158.9,3.525
158.9,3.525
158.9,3.525
158.9,3.525
158.9,3.525
158.9,3.525
158.9,3.525
158.9,3.525
158.9,3.525
158.9,3.525
159.0,3.525
159.0,3.525
159.0,3.525
159.0,3.525
159.0,3.525
159.0,3.525
159.0,3.525
159.0,3.525
159.0,3.525
159.0,3.525
159.0,3.525
159.0,3.525
159.0,3.525
159.0,3.525
159.1,3.525
159.1,3.525
159.1,3.525
159.1,3.525
159.1,3.525
159.1,3.525
159.1,3.525
159.1,3.525
159.1,3.525
159.1,3.525
159.1,3.525
159.1,3.525
159.1,3.525
159.1,3.525
159.1,3.525
159.1,3.525
159.1,3.525
159.2,3.525
159.2,3.525
159.2,3.525
159.2,3.525
159.2,3.525
159.2,3.525
159.2,3.525
159.2,3.525
159.2,3.525
159.2,3.525
159.3,3.525
159.3,3.525
159.3,3.525
159.3,3.525
159.3,3.525
159.3,3.525
159.3,3.525
159.3,3.525
159.3,3.525
159.3,3.525
159.3,3.525
159.3,3.525
159.3,3.525
159.3,3.525
159.3,3.525
159.3,3.525
159.3,3.525
159.4,3.525
159.4,3.525
159.4,3.525
159.4,3.525
159.4,3.525
159.4,3.525
159.4,3.525
159.4,3.525
159.4,3.525
159.4,3.525
159.4,3.525
159.5,3.525
159.5,3.525
159.5,3.525
159.5,3.525
159.5,3.525
159.5,3.525
159.5,3.525
159.5,3.525
159.5,3.525
159.5,3.525
159.5,3.525
159.5,3.525
159.5,3.525
159.5,3.525
159.5,3.525
159.5,3.525
159.6,3.525
159.6,3.525
159.6,3.525
159.6,3.525
159.6,3.525
159.6,3.525
159.6,3.525
159.6,3.525
159.6,3.525
159.6,3.525
159.6,3.525
159.6,3.525
159.6,3.525
159.7,3.525
159.7,3.525
159.7,3.525
159.7,3.525
159.7,3.525
159.7,3.525
159.7,3.525
159.7,3.525
159.7,3.525
159.7,3.525
159.7,3.525
159.7,3.525
159.7,3.525
159.7,3.525
159.7,3.525
159.7,3.525
159.7,3.525
159.7,3.525
159.7,3.525
159.7,3.525
159.7,3.525
159.7,3.525
159.7,3.525
159.8,3.525
159.8,3.525
159.8,3.525
159.8,3.525
159.8,3.525
159.8,3.525
159.8,3.525
159.8,3.525
159.8,3.525
159.8,3.525
159.8,3.525
159.8,3.525
159.9,3.525
159.9,3.525
159.9,3.525
159.9,3.525
159.9,3.525
159.9,3.525
159.9,3.525
160.0,3.525
160.0,3.525
160.0,3.525
160.0,3.525
160.0,3.525
160.0,3.525
160.0,3.525
160.0,3.525
160.0,3.525
160.0,3.525
160.0,3.525
160.0,3.525
160.1,3.525
160.1,3.525
160.1,3.525
160.1,3.525
160.1,3.525
160.1,3.525
160.1,3.525
160.1,3.525
160.1,3.525
160.1,3.525
160.2,3.525
160.2,3.525
160.2,3.525
160.2,3.525
160.2,3.525
160.2,3.525
160.2,3.525
160.2,3.525
160.2,3.525
160.2,3.525
160.2,3.525
160.2,3.525
160.2,3.525
160.2,3.525
160.2,3.525
160.2,3.525
160.3,3.525
160.3,3.525
160.3,3.525
160.3,3.525
160.3,3.525
160.3,3.525
160.3,3.525
160.3,3.525
160.3,3.525
160.3,3.525
160.3,3.525
160.3,3.525
160.3,3.525
160.3,3.525
160.4,3.525
160.4,3.525
160.4,3.525
160.4,3.525
160.4,3.525
160.4,3.525
160.4,3.525
160.5,3.525
160.5,3.525
160.5,3.525
160.5,3.525
160.5,3.525
160.5,3.525
160.5,3.525
160.5,3.525
160.5,3.525
160.5,3.525
160.5,3.525
160.5,3.525
160.5,3.525
160.5,3.525
160.5,3.525
160.5,3.525
160.5,3.525
160.5,3.525
160.5,3.525
160.5,3.525
160.5,3.525
160.5,3.525
160.5,3.525
160.5,3.525
160.5,3.525
160.5,3.525
160.6,3.525
160.6,3.525
160.6,3.525
160.6,3.525
160.6,3.525
160.6,3.525
160.6,3.525
160.6,3.525
160.6,3.525
160.6,3.525
160.7,3.525
160.7,3.525
160.7,3.525
160.7,3.525
160.7,3.525
160.7,3.525
160.7,3.530
160.7,3.530
160.7,3.530
160.7,3.530
160.8,3.530
160.8,3.530
160.8,3.530
160.8,3.530
160.8,3.530
160.8,3.530
160.8,3.530
160.8,3.530
160.8,3.530
160.8,3.530
160.9,3.530
160.9,3.530
160.9,3.530
160.9,3.530
160.9,3.530
160.9,3.530
160.9,3.530
160.9,3.530
160.9,3.530
161.0,3.530
161.0,3.530
161.0,3.530
161.0,3.530
161.0,3.530
161.0,3.530
161.0,3.530
161.0,3.530
161.0,3.530
161.0,3.530
161.0,3.530
161.0,3.530
161.0,3.530
161.0,3.530
161.0,3.530
161.0,3.530
161.0,3.530
161.0,3.530
161.1,3.530
161.1,3.530
161.1,3.530
161.1,3.530
161.1,3.530
161.1,3.530
161.1,3.530
161.1,3.530
161.1,3.530
161.1,3.530
161.2,3.530
161.2,3.530
161.2,3.530
161.2,3.530
161.2,3.530
161.2,3.530
161.2,3.530
161.2,3.530
161.2,3.530
161.2,3.530
161.2,3.530
161.2,3.530
161.2,3.530
161.3,3.530
161.3,3.530
161.3,3.530
161.3,3.530
161.3,3.530
161.3,3.530
161.3,3.530
161.3,3.530
161.3,3.530
161.3,3.530
161.3,3.530
161.3,3.530
161.3,3.530
161.3,3.530
161.4,3.530
161.4,3.530
161.4,3.530
161.4,3.530
161.4,3.530
161.4,3.530
161.4,3.530
161.4,3.530
161.4,3.530
161.4,3.530
161.4,3.530
161.5,3.530
161.5,3.530
161.5,3.530
161.5,3.530
161.5,3.530
161.5,3.530
161.5,3.530
161.5,3.530
161.5,3.530
161.6,3.530
161.6,3.530
161.6,3.530
161.6,3.530
161.6,3.530
161.6,3.530
161.6,3.530
161.6,3.530
161.6,3.530
161.6,3.530
161.6,3.530
161.6,3.530
161.6,3.530
161.6,3.530
161.6,3.530
161.6,3.530
161.6,3.530
161.7,3.530
161.7,3.530
161.7,3.530
161.7,3.530
161.7,3.530
161.7,3.530
161.7,3.530
161.7,3.530
161.7,3.530
161.7,3.530
161.7,3.530
161.7,3.530
161.7,3.530
161.7,3.530
161.8,3.530
161.8,3.530
161.8,3.530
161.8,3.530
161.8,3.530
161.8,3.530
161.8,3.530
161.8,3.530
161.8,3.530
161.8,3.530
161.8,3.530
161.8,3.530
161.8,3.530
161.8,3.530
161.8,3.530
161.8,3.530
161.9,3.530
161.9,3.530
161.9,3.530
161.9,3.530
161.9,3.530
161.9,3.530
161.9,3.530
161.9,3.530
161.9,3.530
161.9,3.530
161.9,3.530
161.9,3.530
162.0,3.530
162.0,3.530
162.0,3.530
162.0,3.530
162.0,3.530
162.0,3.530
162.0,3.530
162.0,3.530
162.0,3.530
162.0,3.530
162.0,3.530
162.0,3.530
162.1,3.530
162.1,3.530
162.1,3.530
162.1,3.530
162.1,3.530
162.1,3.530
162.1,3.530
162.1,3.530
162.1,3.530
162.1,3.530
162.1,3.530
162.1,3.530
162.1,3.530
162.1,3.530
162.1,3.530
162.1,3.530
162.1,3.530
162.1,3.530
162.1,3.530
162.1,3.530
162.1,3.530
162.1,3.530
162.1,3.530
162.1,3.530
162.2,3.530
162.2,3.530
162.2,3.530
162.2,3.530
162.3,3.530
162.3,3.530
162.3,3.530
162.3,3.530
162.3,3.530
162.3,3.530
162.3,3.530
162.3,3.530
162.3,3.530
162.3,3.530
162.4,3.530
162.4,3.530
162.4,3.530
162.4,3.530
162.4,3.530
162.4,3.530
162.4,3.530
162.4,3.530
162.4,3.530
162.4,3.530
162.4,3.530
162.4,3.530
162.4,3.530
162.4,3.530
162.4,3.530
162.4,3.530
162.4,3.530
162.4,3.530
162.4,3.530
162.5,3.530
162.5,3.530
162.5,3.530
162.5,3.530
162.5,3.530
162.5,3.530
162.5,3.530
162.5,3.530
162.5,3.530
162.5,3.530
162.5,3.530
162.5,3.530
162.5,3.530
162.5,3.530
162.5,3.530
162.5,3.530
162.5,3.530
162.6,3.530
162.6,3.530
162.6,3.530
162.6,3.530
162.6,3.530
162.6,3.530
162.6,3.530
162.6,3.530
162.6,3.530
162.6,3.530
162.6,3.530
162.6,3.530
162.6,3.530
162.7,3.530
162.7,3.530
162.7,3.530
162.7,3.530
162.7,3.530
162.7,3.530
162.7,3.530
162.7,3.530
162.7,3.530
162.7,3.530
162.7,3.530
162.7,3.530
162.7,3.530
162.7,3.530
162.7,3.530
162.7,3.530
162.8,3.530
162.8,3.530
162.8,3.530
162.8,3.530
162.8,3.530
162.8,3.530
162.8,3.530
162.8,3.530
162.8,3.530
162.8,3.530
162.8,3.530
162.8,3.530
162.8,3.530
162.8,3.530
162.8,3.530
162.8,3.530
162.8,3.530
162.9,3.530
162.9,3.530
162.9,3.530
162.9,3.530
162.9,3.530
162.9,3.530
162.9,3.530
162.9,3.530
162.9,3.530
162.9,3.530
162.9,3.530
162.9,3.530
162.9,3.530
162.9,3.530
162.9,3.530
162.9,3.530
163.0,3.530
163.0,3.530
163.0,3.530
163.0,3.530
163.0,3.530
163.0,3.530
163.0,3.530
163.0,3.530
163.0,3.530
163.0,3.530
163.1,3.530
163.1,3.530
163.1,3.530
163.1,3.530
163.1,3.530
163.1,3.530
163.1,3.530
163.1,3.530
163.1,3.530
163.1,3.530
163.1,3.530
163.1,3.530
163.1,3.530
163.1,3.530
163.1,3.530
163.1,3.530
163.1,3.530
163.1,3.530
163.1,3.530
163.1,3.530
163.1,3.530
163.2,3.530
163.2,3.530
163.2,3.530
163.2,3.530
163.2,3.530
163.2,3.530
163.2,3.530
163.2,3.530
163.2,3.530
163.2,3.530
163.2,3.530
163.2,3.530
163.2,3.530
163.2,3.530
163.2,3.530
163.3,3.530
163.3,3.530
163.3,3.530
163.3,3.530
163.3,3.530
163.3,3.530
163.3,3.530
163.3,3.530
163.3,3.530
163.3,3.530
163.3,3.530
163.3,3.530
163.3,3.530
163.3,3.530
163.3,3.530
163.4,3.530
163.4,3.530
163.4,3.530
163.4,3.530
163.4,3.530
163.4,3.530
163.4,3.530
163.5,3.530
163.5,3.530
163.5,3.530
163.5,3.530
163.5,3.530
163.5,3.530
163.5,3.530
163.5,3.530
163.5,3.530
163.5,3.530
163.5,3.530
163.5,3.530
163.5,3.530
163.5,3.530
163.5,3.530
163.5,3.530
163.5,3.530
163.5,3.530
163.5,3.530
163.5,3.530
163.5,3.530
163.6,3.530
163.6,3.530
163.6,3.530
163.6,3.530
163.6,3.530
163.6,3.530
163.6,3.530
163.6,3.530
163.6,3.530
163.6,3.530
163.6,3.530
163.6,3.530
163.6,3.530
163.7,3.530
163.7,3.530
163.7,3.530
163.7,3.530
163.7,3.530
163.7,3.530
163.7,3.530
163.8,3.530
163.8,3.530
163.8,3.530
163.8,3.530
163.8,3.530
163.8,3.530
163.8,3.530
163.8,3.530
163.8,3.530
163.8,3.530
163.8,3.530
163.8,3.530
163.8,3.530
163.8,3.530
163.8,3.530
163.8,3.530
163.8,3.530
163.9,3.530
163.9,3.530
163.9,3.530
163.9,3.530
163.9,3.530
163.9,3.530
163.9,3.530
163.9,3.530
163.9,3.530
163.9,3.530
163.9,3.530
163.9,3.530
164.0,3.530
164.0,3.530
164.0,3.530
164.0,3.530
164.0,3.530
164.0,3.530
164.0,3.530
164.0,3.530
164.0,3.530
164.0,3.530
164.0,3.530
164.0,3.530
164.0,3.530
164.0,3.530
164.0,3.530
164.0,3.530
164.1,3.530
164.1,3.530
164.1,3.530
164.1,3.530
164.1,3.530
164.1,3.530
164.1,3.530
164.1,3.530
164.1,3.530
164.1,3.530
164.1,3.530
164.1,3.530
164.1,3.530
164.1,3.530
164.2,3.530
164.2,3.530
164.2,3.530
164.2,3.530
164.2,3.530
164.2,3.530
164.2,3.530
164.2,3.530
164.2,3.530
164.2,3.530
164.2,3.530
164.2,3.530
164.2,3.530
164.2,3.530
164.3,3.530
164.3,3.530
164.3,3.530
164.3,3.530
164.3,3.530
164.3,3.530
164.3,3.530
164.3,3.530
164.3,3.530
164.3,3.530
164.3,3.530
164.3,3.530
164.4,3.530
164.4,3.530
164.4,3.530
164.4,3.530
164.4,3.530
164.4,3.530
164.4,3.530
164.5,3.530
164.5,3.530
164.5,3.530
164.5,3.530
164.5,3.530
164.5,3.530
164.5,3.530
164.6,3.530
164.5,3.530
164.6,3.530
164.6,3.530
164.6,3.530
164.6,3.530
164.6,3.530
164.6,3.530
164.6,3.530
164.6,3.530
164.6,3.530
164.6,3.530
164.7,3.530
164.7,3.530
164.7,3.530
164.7,3.530
164.7,3.530
164.7,3.530
164.7,3.530
164.7,3.530
164.7,3.530
164.7,3.530
164.7,3.530
164.7,3.530
164.7,3.530
164.7,3.530
164.7,3.530
164.7,3.530
164.8,3.530
164.8,3.530
164.8,3.530
164.8,3.530
164.8,3.530
164.8,3.530
164.8,3.530
164.8,3.530
164.8,3.530
164.8,3.530
164.8,3.530
164.8,3.530
164.8,3.530
164.9,3.530
164.9,3.530
164.9,3.530
164.9,3.530
164.9,3.530
164.9,3.530
164.9,3.530
164.9,3.530
164.9,3.530
164.9,3.530
164.9,3.530
164.9,3.530
164.9,3.530
165.0,3.530
165.0,3.530
165.0,3.530
165.0,3.530
165.0,3.530
165.0,3.530
165.0,3.530
165.0,3.530
165.0,3.530
165.0,3.530
165.0,3.530
165.0,3.530
165.0,3.530
165.1,3.530
165.1,3.530
165.1,3.530
165.1,3.530
165.1,3.530
165.1,3.530
165.1,3.530
165.1,3.530
165.1,3.530
165.1,3.530
165.2,3.530
165.2,3.530
165.2,3.530
165.2,3.530
165.2,3.530
165.2,3.530
165.2,3.530
165.2,3.530
165.3,3.530
165.3,3.530
165.3,3.530
165.3,3.530
165.3,3.530
165.3,3.530
165.3,3.530
165.3,3.530
165.3,3.530
165.3,3.530
165.3,3.530
165.3,3.530
165.4,3.530
165.4,3.530
165.4,3.530
165.4,3.530
165.4,3.530
165.4,3.530
165.4,3.530
165.4,3.530
165.4,3.530
165.4,3.530
165.5,3.530
165.5,3.530
165.5,3.530
165.5,3.530
165.5,3.530
165.5,3.530
165.5,3.530
165.5,3.530
165.5,3.530
165.5,3.530
165.5,3.530
165.5,3.530
165.5,3.530
165.5,3.530
165.5,3.530
165.6,3.530
165.6,3.530
165.6,3.530
165.7,3.530
165.6,3.530
165.6,3.530
165.6,3.530
165.6,3.530
165.6,3.530
165.7,3.530
165.7,3.530
165.7,3.530
165.7,3.530
165.7,3.530
165.7,3.530
165.7,3.530
165.7,3.530
165.7,3.530
165.7,3.530
165.7,3.530
165.7,3.530
165.7,3.530
165.7,3.530
165.7,3.530
165.7,3.530
165.8,3.530
165.8,3.530
165.8,3.530
165.8,3.530
165.8,3.530
165.8,3.530
165.8,3.530
165.8,3.535
165.8,3.535
165.8,3.535
165.9,3.535
165.9,3.535
165.9,3.535
165.9,3.535
165.9,3.535
165.9,3.535
165.9,3.535
165.9,3.535
165.9,3.535
165.9,3.535
165.9,3.535
165.9,3.535
165.9,3.535
165.9,3.535
165.9,3.535
165.9,3.535
166.0,3.535
166.0,3.535
166.0,3.535
166.0,3.535
166.0,3.535
166.0,3.535
166.0,3.535
166.0,3.535
166.0,3.535
166.0,3.535
166.1,3.535
166.1,3.535
166.1,3.535
166.1,3.535
166.1,3.535
166.1,3.535
166.1,3.535
166.1,3.535
166.1,3.535
166.1,3.535
166.1,3.535
166.1,3.535
166.1,3.535
166.2,3.535
166.2,3.535
166.2,3.535
166.2,3.535
166.2,3.535
166.2,3.535
166.2,3.535
166.2,3.535
166.2,3.535
166.2,3.535
166.2,3.535
166.2,3.535
166.2,3.535
166.2,3.535
166.2,3.535
166.2,3.535
166.3,3.535
166.3,3.535
166.3,3.535
166.3,3.535
166.3,3.535
166.3,3.535
166.3,3.535
166.3,3.535
166.3,3.535
166.4,3.535
166.4,3.535
166.4,3.535
166.4,3.535
166.4,3.535
166.4,3.535
166.4,3.535
166.4,3.535
166.4,3.535
166.4,3.535
166.4,3.535
166.4,3.535
166.4,3.535
166.4,3.535
166.5,3.535
166.5,3.535
166.5,3.535
166.5,3.535
166.5,3.535
166.5,3.535
166.5,3.535
166.5,3.535
166.5,3.535
166.5,3.535
166.5,3.535
166.5,3.535
166.6,3.535
166.6,3.535
166.6,3.535
166.6,3.535
166.6,3.535
166.6,3.535
166.6,3.535
166.6,3.535
166.6,3.535
166.6,3.535
166.6,3.535
166.6,3.535
166.6,3.535
166.6,3.535
166.6,3.535
166.6,3.535
166.7,3.535
166.7,3.535
166.7,3.535
166.8,3.535
166.7,3.535
166.7,3.535
166.7,3.535
166.7,3.535
166.7,3.535
166.7,3.535
166.8,3.535
166.8,3.535
166.8,3.535
166.8,3.535
166.8,3.535
166.8,3.535
166.8,3.535
166.8,3.535
166.8,3.535
166.8,3.535
166.8,3.535
166.8,3.535
166.8,3.535
166.8,3.535
166.8,3.535
166.8,3.535
166.8,3.535
166.8,3.535
166.9,3.535
166.9,3.535
166.9,3.535
166.9,3.535
166.9,3.535
166.9,3.535
166.9,3.535
166.9,3.535
166.9,3.535
166.9,3.535
166.9,3.535
166.9,3.535
166.9,3.535
166.9,3.535
166.9,3.535
167.0,3.535
167.0,3.535
167.0,3.535
167.0,3.535
167.0,3.535
167.0,3.535
167.0,3.535
167.0,3.535
167.1,3.535
167.1,3.535
167.1,3.535
167.1,3.535
167.1,3.535
167.1,3.535
167.1,3.535
167.1,3.535
167.1,3.535
167.1,3.535
167.1,3.535
167.1,3.535
167.2,3.535
167.2,3.535
167.2,3.535
167.2,3.535
167.2,3.535
167.2,3.535
167.2,3.535
167.2,3.535
167.2,3.535
167.2,3.535
167.2,3.535
167.2,3.535
167.2,3.535
167.2,3.535
167.2,3.535
167.3,3.535
167.3,3.535
167.3,3.535
167.3,3.535
167.3,3.535
167.3,3.535
167.3,3.535
167.3,3.535
167.3,3.535
167.3,3.535
167.3,3.535
167.3,3.535
167.3,3.535
167.3,3.535
167.3,3.535
167.3,3.535
167.3,3.535
167.3,3.535
167.3,3.535
167.4,3.535
167.4,3.535
167.4,3.535
167.4,3.535
167.4,3.535
167.4,3.535
167.4,3.535
167.4,3.535
167.4,3.535
167.4,3.535
167.4,3.535
167.4,3.535
167.5,3.535
167.5,3.535
167.5,3.535
167.5,3.535
167.5,3.535
167.5,3.535
167.5,3.535
167.5,3.535
167.5,3.535
167.5,3.535
167.5,3.535
167.5,3.535
167.5,3.535
167.5,3.535
167.5,3.535
167.5,3.535
167.5,3.535
167.6,3.535
167.6,3.535
167.6,3.535
167.6,3.535
167.6,3.535
167.6,3.535
167.7,3.535
167.7,3.535
167.7,3.535
167.7,3.535
167.7,3.535
167.7,3.535
167.7,3.535
167.7,3.535
167.7,3.535
167.7,3.535
167.7,3.535
167.7,3.535
167.7,3.535
167.7,3.535
167.8,3.535
167.8,3.535
167.8,3.535
167.8,3.535
167.8,3.535
167.8,3.535
167.8,3.535
167.8,3.535
167.8,3.535
167.8,3.535
167.8,3.535
167.8,3.535
167.8,3.535
167.8,3.535
167.8,3.535
167.8,3.535
167.8,3.535
167.8,3.535
167.8,3.535
167.8,3.535
167.8,3.535
167.8,3.535
168.0,3.535
167.9,3.535
167.9,3.535
167.9,3.535
167.9,3.535
168.0,3.535
168.0,3.535
168.0,3.535
168.0,3.535
168.0,3.535
168.0,3.535
168.0,3.535
168.0,3.535
168.0,3.535
168.0,3.535
168.0,3.535
168.0,3.535
168.1,3.535
168.1,3.535
168.1,3.535
168.1,3.535
168.1,3.535
168.1,3.535
168.1,3.535
168.1,3.535
168.1,3.535
168.1,3.535
168.1,3.535
168.1,3.535
168.1,3.535
168.1,3.535
168.1,3.535
168.1,3.535
168.1,3.535
168.1,3.535
168.1,3.535
168.2,3.535
168.2,3.535
168.2,3.535
168.2,3.535
168.2,3.535
168.2,3.535
168.2,3.535
168.2,3.535
168.2,3.535
168.2,3.535
168.2,3.535
168.3,3.535
168.3,3.535
168.3,3.535
168.3,3.535
168.3,3.535
168.3,3.535
168.3,3.535
168.4,3.535
168.4,3.535
168.4,3.535
168.4,3.535
168.4,3.535
168.4,3.535
168.4,3.535
168.4,3.535
168.4,3.535
168.4,3.535
168.4,3.535
168.4,3.535
168.4,3.535
168.4,3.535
168.4,3.535
168.4,3.535
168.4,3.535
168.4,3.535
168.5,3.535
168.5,3.535
168.5,3.535
168.5,3.535
168.5,3.535
168.5,3.535
168.5,3.535
168.5,3.535
168.5,3.535
168.5,3.535
168.5,3.535
168.5,3.535
168.5,3.535
168.5,3.535
168.5,3.535
168.5,3.535
168.6,3.535
168.6,3.535
168.6,3.535
168.6,3.535
168.6,3.535
168.6,3.535
168.6,3.535
168.6,3.535
168.6,3.535
168.6,3.535
168.6,3.535
168.6,3.535
168.7,3.535
168.7,3.535
168.7,3.535
168.7,3.535
168.7,3.535
168.7,3.535
168.7,3.535
168.7,3.535
168.7,3.535
168.7,3.535
168.7,3.535
168.7,3.535
168.7,3.535
168.7,3.535
168.7,3.535
168.7,3.535
168.7,3.535
168.7,3.535
168.7,3.535
168.7,3.535
168.8,3.535
168.8,3.535
168.8,3.535
168.8,3.535
168.8,3.535
168.8,3.535
168.8,3.535
168.8,3.535
168.9,3.535
168.9,3.535
168.9,3.535
168.9,3.535
168.9,3.535
168.9,3.535
168.9,3.535
168.9,3.535
168.9,3.535
168.9,3.535
168.9,3.535
168.9,3.535
168.9,3.535
168.9,3.535
168.9,3.535
168.9,3.535
168.9,3.535
169.0,3.535
169.0,3.535
169.0,3.535
169.0,3.535
169.0,3.535
169.0,3.535
169.0,3.535
169.0,3.535
169.0,3.535
169.0,3.535
169.0,3.535
169.0,3.535
169.0,3.535
169.0,3.535
169.1,3.535
169.1,3.535
169.1,3.535
169.1,3.535
169.1,3.535
169.1,3.535
169.1,3.535
169.1,3.535
169.2,3.535
169.2,3.535
169.2,3.535
169.2,3.535
169.2,3.535
169.2,3.535
169.2,3.535
169.2,3.535
169.2,3.535
169.2,3.535
169.2,3.535
169.2,3.535
169.2,3.535
169.2,3.535
169.2,3.535
169.2,3.535
169.2,3.535
169.2,3.535
169.2,3.535
169.2,3.535
169.2,3.535
169.2,3.535
169.2,3.535
169.4,3.535
169.3,3.535
169.3,3.535
169.3,3.535
169.3,3.535
169.3,3.535
169.3,3.535
169.3,3.535
169.4,3.535
169.4,3.535
169.4,3.535
169.4,3.535
169.4,3.535
169.4,3.535
169.4,3.535
169.4,3.535
169.4,3.535
169.4,3.535
169.4,3.535
169.4,3.535
169.4,3.535
169.5,3.535
169.5,3.535
169.5,3.535
169.5,3.535
169.5,3.535
169.5,3.535
169.5,3.535
169.5,3.535
169.5,3.535
169.5,3.535
169.5,3.535
169.5,3.535
169.5,3.535
169.5,3.535
169.5,3.535
169.6,3.535
169.6,3.535
169.6,3.535
169.6,3.535
169.6,3.535
169.6,3.535
169.6,3.535
169.6,3.535
169.6,3.535
169.6,3.535
169.6,3.535
169.7,3.535
169.7,3.535
169.7,3.535
169.7,3.535
169.7,3.535
169.7,3.535
169.7,3.535
169.7,3.535
169.7,3.535
169.8,3.535
169.8,3.535
169.8,3.535
169.8,3.535
169.8,3.535
169.8,3.535
169.8,3.535
169.8,3.535
169.8,3.535
169.8,3.535
169.8,3.535
169.9,3.535
169.9,3.535
169.9,3.535
169.9,3.535
169.9,3.535
169.9,3.535
169.9,3.535
169.9,3.535
169.9,3.535
169.9,3.535
169.9,3.535
169.9,3.535
169.9,3.535
170.0,3.535
170.0,3.535
170.0,3.535
170.0,3.535
170.0,3.535
170.0,3.535
170.0,3.535
170.0,3.535
170.0,3.535
170.0,3.535
170.0,3.535
170.0,3.535
170.0,3.535
170.0,3.535
170.0,3.535
170.0,3.535
170.0,3.535
170.1,3.535
170.1,3.535
170.1,3.535
170.1,3.535
170.1,3.535
170.1,3.535
170.1,3.535
170.1,3.535
170.1,3.535
170.1,3.535
170.2,3.535
170.2,3.535
170.2,3.535
170.2,3.535
170.2,3.535
170.2,3.535
170.2,3.535
170.2,3.535
170.2,3.535
170.2,3.535
170.2,3.535
170.2,3.535
170.2,3.535
170.2,3.535
170.3,3.535
170.3,3.535
170.3,3.535
170.3,3.535
170.3,3.535
170.3,3.535
170.3,3.535
170.3,3.535
170.3,3.535
170.3,3.535
170.3,3.535
170.3,3.535
170.4,3.535
170.4,3.535
170.4,3.535
170.4,3.535
170.4,3.535
170.4,3.535
170.4,3.535
170.5,3.535
170.5,3.535
170.5,3.535
170.5,3.535
170.5,3.535
170.5,3.535
170.5,3.535
170.5,3.535
170.5,3.535
170.5,3.535
170.5,3.535
170.5,3.535
170.5,3.535
170.6,3.535
170.6,3.535
170.6,3.535
170.6,3.535
170.6,3.535
170.6,3.535
170.6,3.535
170.6,3.535
170.6,3.535
170.6,3.535
170.6,3.535
170.6,3.535
170.7,3.540
170.7,3.540
170.7,3.540
170.7,3.540
170.7,3.540
170.7,3.540
170.7,3.540
170.7,3.540
170.7,3.540
170.7,3.540
170.7,3.540
170.7,3.540
170.8,3.540
170.8,3.540
170.8,3.540
170.8,3.540
170.8,3.540
170.8,3.540
170.9,3.540
170.9,3.540
170.9,3.540
170.9,3.540
170.9,3.540
170.9,3.540
170.9,3.540
170.9,3.540
170.9,3.540
170.9,3.540
170.9,3.540
170.9,3.540
170.9,3.540
171.0,3.540
171.0,3.540
171.0,3.540
171.0,3.540
171.0,3.540
171.0,3.540
171.0,3.540
171.0,3.540
171.0,3.540
171.0,3.540
171.0,3.540
171.0,3.540
171.0,3.540
171.1,3.540
171.1,3.540
171.1,3.540
171.1,3.540
171.1,3.540
171.1,3.540
171.1,3.540
171.1,3.540
171.1,3.540
171.1,3.540
171.2,3.540
171.2,3.540
171.2,3.540
171.2,3.540
171.2,3.540
171.2,3.540
171.3,3.540
171.3,3.540
171.3,3.540
171.3,3.540
171.3,3.540
171.3,3.540
171.3,3.540
171.3,3.540
171.3,3.540
171.4,3.540
171.4,3.540
171.4,3.540
171.4,3.540
171.5,3.540
171.4,3.540
171.4,3.540
171.4,3.540
171.4,3.540
171.4,3.540
171.4,3.540
171.4,3.540
171.4,3.540
171.4,3.540
171.5,3.540
171.5,3.540
171.5,3.540
171.5,3.540
171.5,3.540
171.5,3.540
171.5,3.540
171.5,3.540
171.5,3.540
171.5,3.540
171.6,3.540
171.6,3.540
171.6,3.540
171.6,3.540
171.6,3.540
171.7,3.540
171.7,3.540
171.7,3.540
171.7,3.540
171.7,3.540
171.7,3.540
171.7,3.540
171.7,3.540
171.7,3.540
171.7,3.540
171.7,3.540
171.8,3.540
171.8,3.540
171.8,3.540
171.8,3.540
171.8,3.540
171.8,3.540
171.8,3.540
171.8,3.540
171.8,3.540
171.8,3.540
171.9,3.540
171.9,3.540
171.9,3.540
171.9,3.540
171.9,3.540
171.9,3.540
171.9,3.540
171.9,3.540
171.9,3.540
171.9,3.540
171.9,3.540
171.9,3.540
172.0,3.540
172.0,3.540
172.0,3.540
172.0,3.540
172.0,3.540
172.0,3.540
172.0,3.540
172.0,3.540
172.1,3.540
172.1,3.540
172.1,3.540
172.1,3.540
172.1,3.540
172.1,3.540
172.1,3.540
172.1,3.540
172.1,3.540
172.1,3.540
172.1,3.540
172.2,3.540
172.2,3.540
172.2,3.540
172.2,3.540
172.2,3.540
172.2,3.540
172.2,3.540
172.3,3.540
172.3,3.540
172.3,3.540
172.3,3.540
172.3,3.540
172.3,3.540
172.3,3.540
172.3,3.540
172.3,3.540
172.3,3.540
172.3,3.540
172.3,3.540
172.3,3.540
172.4,3.540
172.4,3.540
172.4,3.540
172.4,3.540
172.4,3.540
172.4,3.540
172.4,3.540
172.4,3.540
172.5,3.540
172.6,3.540
172.6,3.540
172.6,3.540
172.6,3.540
172.6,3.540
172.6,3.540
172.6,3.540
172.6,3.540
172.6,3.540
172.6,3.540
172.6,3.540
172.6,3.540
172.7,3.540
172.7,3.540
172.7,3.540
172.7,3.540
172.7,3.540
172.7,3.540
172.7,3.540
172.7,3.540
172.7,3.540
172.7,3.540
172.7,3.540
172.7,3.540
172.7,3.540
172.7,3.540
172.7,3.540
172.7,3.540
172.7,3.540
172.8,3.540
172.8,3.540
172.8,3.540
172.8,3.540
172.8,3.540
172.8,3.540
172.8,3.540
172.9,3.540
172.9,3.540
172.9,3.540
172.9,3.540
172.9,3.540
172.9,3.540
172.9,3.540
172.9,3.540
172.9,3.540
173.0,3.540
173.0,3.540
173.0,3.540
173.0,3.540
173.0,3.540
173.0,3.540
173.0,3.540
173.0,3.540
173.0,3.540
173.0,3.540
173.0,3.540
173.0,3.540
173.0,3.540
173.1,3.540
173.1,3.540
173.1,3.540
173.1,3.540
173.1,3.540
173.1,3.540
173.1,3.540
173.2,3.540
173.2,3.540
173.2,3.540
173.2,3.540
173.2,3.540
173.2,3.540
173.2,3.540
173.3,3.540
173.3,3.540
173.3,3.540
173.3,3.540
173.3,3.540
173.4,3.540
173.3,3.540
173.4,3.540
173.4,3.540
173.4,3.540
173.4,3.540
173.4,3.540
173.4,3.540
173.4,3.540
173.4,3.540
173.4,3.540
173.4,3.540
173.4,3.540
173.4,3.540
173.5,3.540
173.6,3.540
173.5,3.540
173.5,3.540
173.5,3.540
173.5,3.540
173.6,3.540
173.6,3.540
173.6,3.540
173.6,3.540
173.6,3.540
173.6,3.540
173.6,3.540
173.6,3.540
173.6,3.540
173.6,3.540
173.6,3.540
173.6,3.540
173.7,3.540
173.7,3.540
173.7,3.540
173.7,3.540
173.7,3.540
173.7,3.540
173.8,3.540
173.8,3.540
173.8,3.540
173.8,3.540
173.8,3.540
173.8,3.540
173.8,3.540
173.8,3.540
173.8,3.540
173.8,3.540
173.9,3.540
173.9,3.540
173.9,3.540
173.9,3.540
173.9,3.540
173.9,3.540
173.9,3.540
173.9,3.540
173.9,3.540
173.9,3.540
173.9,3.540
173.9,3.540
173.9,3.540
173.9,3.540
174.0,3.540
174.0,3.540
174.0,3.540
174.0,3.540
174.0,3.540
174.0,3.540
174.0,3.540
174.0,3.540
174.1,3.540
174.1,3.540
174.1,3.540
174.1,3.540
174.1,3.540
174.1,3.540
174.1,3.540
174.1,3.540
174.2,3.540
174.2,3.540
174.2,3.540
174.2,3.540
174.2,3.540
174.2,3.540
174.2,3.540
174.2,3.540
174.2,3.540
174.2,3.540
174.2,3.540
174.2,3.540
174.3,3.540
174.3,3.540
174.3,3.540
174.3,3.540
174.3,3.540
174.3,3.540
174.3,3.540
174.3,3.540
174.3,3.540
174.3,3.540
174.4,3.540
174.4,3.540
174.4,3.540
174.4,3.540
174.4,3.540
174.4,3.540
174.4,3.540
174.5,3.540
174.5,3.540
174.5,3.540
174.5,3.540
174.5,3.540
174.5,3.540
174.5,3.540
174.5,3.540
174.5,3.540
174.5,3.540
174.5,3.540
174.5,3.540
174.6,3.540
174.6,3.540
174.6,3.540
174.6,3.540
174.6,3.540
174.6,3.540
174.6,3.540
174.6,3.540
174.7,3.540
174.7,3.540
174.7,3.540
174.7,3.540
174.7,3.540
174.7,3.540
174.7,3.540
174.7,3.540
174.7,3.540
174.7,3.540
174.8,3.540
174.8,3.540
174.8,3.540
174.8,3.540
174.8,3.540
174.9,3.540
174.9,3.540
174.9,3.540
174.9,3.540
174.9,3.540
174.9,3.540
174.9,3.540
174.9,3.540
174.9,3.540
174.9,3.540
174.9,3.540
175.0,3.540
174.9,3.540
174.9,3.540
174.9,3.540
175.0,3.540
175.0,3.540
175.0,3.540
175.0,3.540
175.0,3.540
175.1,3.540
175.1,3.540
175.1,3.540
175.1,3.540
175.1,3.540
175.1,3.540
175.1,3.540
175.1,3.540
175.1,3.540
175.1,3.540
175.1,3.540
175.1,3.540
175.1,3.540
175.1,3.540
175.2,3.540
175.2,3.540
175.2,3.540
175.2,3.540
175.2,3.540
175.2,3.540
175.2,3.540
175.2,3.540
175.3,3.540
175.3,3.540
175.3,3.540
175.3,3.540
175.3,3.540
175.3,3.540
175.3,3.540
175.3,3.540
175.3,3.540
175.3,3.540
175.4,3.540
175.4,3.540
175.4,3.540
175.4,3.540
175.4,3.540
175.4,3.540
175.4,3.540
175.4,3.540
175.5,3.540
175.5,3.540
175.5,3.540
175.5,3.540
175.5,3.540
175.5,3.540
175.5,3.540
175.5,3.540
175.5,3.540
175.5,3.540
175.5,3.540
175.5,3.540
175.5,3.540
175.5,3.540
175.6,3.540
175.6,3.540
175.6,3.540
175.6,3.540
175.6,3.540
175.6,3.540
175.6,3.540
175.6,3.540
175.7,3.540
175.7,3.540
175.7,3.540
175.7,3.540
175.7,3.540
175.7,3.540
175.7,3.540
175.7,3.540
175.7,3.540
175.7,3.540
175.8,3.540
175.8,3.540
175.8,3.540
175.8,3.540
175.8,3.540
175.8,3.540
175.8,3.540
175.8,3.540
175.9,3.540
175.9,3.540
175.9,3.540
175.9,3.540
175.9,3.540
175.9,3.540
175.9,3.540
175.9,3.545
175.9,3.545
175.9,3.545
175.9,3.545
175.9,3.545
175.9,3.545
175.9,3.545
176.0,3.545
176.0,3.545
176.0,3.545
176.0,3.545
176.0,3.545
176.0,3.545
176.0,3.545
176.0,3.545
176.1,3.545
176.1,3.545
176.1,3.545
176.1,3.545
176.1,3.545
176.1,3.545
176.1,3.545
176.1,3.545
176.1,3.545
176.1,3.545
176.2,3.545
176.2,3.545
176.2,3.545
176.2,3.545
176.2,3.545
176.2,3.545
176.2,3.545
176.2,3.545
176.2,3.545
176.3,3.545
176.3,3.545
176.3,3.545
176.3,3.545
176.3,3.545
176.3,3.545
176.3,3.545
176.3,3.545
176.3,3.545
176.3,3.545
176.3,3.545
176.3,3.545
176.3,3.545
176.3,3.545
176.3,3.545
176.4,3.545
176.4,3.545
176.4,3.545
176.4,3.545
176.4,3.545
176.4,3.545
176.4,3.545
176.5,3.545
176.5,3.545
176.5,3.545
176.5,3.545
176.5,3.545
176.5,3.545
176.5,3.545
176.5,3.545
176.5,3.545
176.6,3.545
176.6,3.545
176.6,3.545
176.6,3.545
176.6,3.545
176.6,3.545
176.6,3.545
176.7,3.545
176.7,3.545
176.7,3.545
176.7,3.545
176.7,3.545
176.7,3.545
176.7,3.545
176.7,3.545
176.7,3.545
176.7,3.545
176.7,3.545
176.7,3.545
176.8,3.545
176.8,3.545
176.8,3.545
176.8,3.545
176.8,3.545
176.8,3.545
176.9,3.545
176.9,3.545
176.9,3.545
176.9,3.545
176.9,3.545
176.9,3.545
176.9,3.545
176.9,3.545
176.9,3.545
176.9,3.545
176.9,3.545
176.9,3.545
176.9,3.545
176.9,3.545
176.9,3.545
177.0,3.545
177.0,3.545
177.0,3.545
177.0,3.545
177.0,3.545
177.0,3.545
177.1,3.545
177.1,3.545
177.1,3.545
177.1,3.545
177.1,3.545
177.1,3.545
177.1,3.545
177.1,3.545
177.1,3.545
177.2,3.545
177.2,3.545
177.2,3.545
177.2,3.545
177.2,3.545
177.2,3.545
177.2,3.545
177.2,3.545
177.2,3.545
177.2,3.545
177.2,3.545
177.2,3.545
177.3,3.545
177.3,3.545
177.3,3.545
177.3,3.545
177.3,3.545
177.3,3.545
177.3,3.545
177.3,3.545
177.3,3.545
177.3,3.545
177.3,3.545
177.3,3.545
177.4,3.545
177.4,3.545
177.4,3.545
177.4,3.545
177.4,3.545
177.4,3.545
177.5,3.545
177.5,3.545
177.5,3.545
177.5,3.545
177.5,3.545
177.5,3.545
177.5,3.545
177.6,3.545
177.5,3.545
177.5,3.545
177.5,3.545
177.5,3.545
177.6,3.545
177.6,3.545
177.6,3.545
177.6,3.545
177.6,3.545
177.6,3.545
177.6,3.545
177.6,3.545
177.6,3.545
177.6,3.545
177.6,3.545
177.7,3.545
177.7,3.545
177.7,3.545
177.7,3.545
177.7,3.545
177.7,3.545
177.8,3.545
177.8,3.545
177.8,3.545
177.8,3.545
177.8,3.545
177.8,3.545
177.8,3.545
177.8,3.545
177.8,3.545
177.8,3.545
177.8,3.545
177.8,3.545
177.8,3.545
177.8,3.545
177.9,3.545
177.9,3.545
177.9,3.545
177.9,3.545
177.9,3.545
177.9,3.545
177.9,3.545
177.9,3.545
177.9,3.545
177.9,3.545
177.9,3.545
177.9,3.545
177.9,3.545
178.0,3.545
178.0,3.545
178.0,3.545
178.1,3.545
178.0,3.545
178.0,3.545
178.0,3.545
178.0,3.545
178.0,3.545
178.1,3.545
178.1,3.545
178.1,3.545
178.1,3.545
178.1,3.545
178.1,3.545
178.1,3.545
178.1,3.545
178.1,3.545
178.1,3.545
178.1,3.545
178.1,3.545
178.1,3.545
178.1,3.545
178.1,3.545
178.1,3.545
178.1,3.545
178.1,3.545
178.1,3.545
178.2,3.545
178.2,3.545
178.2,3.545
178.2,3.545
178.2,3.545
178.3,3.545
178.3,3.545
178.3,3.545
178.3,3.545
178.3,3.545
178.3,3.545
178.3,3.545
178.3,3.545
178.3,3.545
178.3,3.545
178.3,3.545
178.3,3.545
178.3,3.545
178.3,3.545
178.3,3.545
178.4,3.545
178.4,3.545
178.4,3.545
178.4,3.545
178.4,3.545
178.4,3.545
178.4,3.545
178.4,3.545
178.4,3.545
178.5,3.545
178.5,3.545
178.5,3.545
178.5,3.545
178.5,3.545
178.5,3.545
178.5,3.545
178.5,3.545
178.5,3.545
178.5,3.545
178.5,3.545
178.5,3.545
178.5,3.545
178.5,3.545
178.6,3.545
178.6,3.545
178.6,3.545
178.6,3.545
178.6,3.545
178.6,3.545
178.6,3.545
178.6,3.545
178.7,3.545
178.7,3.545
178.7,3.545
178.7,3.545
178.7,3.545
178.7,3.545
178.7,3.545
178.7,3.545
178.7,3.545
178.7,3.545
178.7,3.545
178.7,3.545
178.7,3.545
178.8,3.545
178.8,3.545
178.8,3.545
178.8,3.545
178.8,3.545
178.8,3.545
178.8,3.545
178.9,3.545
178.9,3.545
178.9,3.545
178.9,3.545
178.9,3.545
178.9,3.545
178.9,3.545
178.9,3.545
178.9,3.545
178.9,3.545
178.9,3.545
178.9,3.545
179.0,3.545
179.0,3.545
179.0,3.545
179.0,3.545
179.0,3.545
179.0,3.545
179.0,3.545
179.0,3.545
179.0,3.545
179.0,3.545
179.0,3.545
179.1,3.545
179.1,3.545
179.1,3.545
179.1,3.545
179.1,3.545
179.1,3.545
179.1,3.545
179.1,3.545
179.1,3.545
179.1,3.545
179.1,3.545
179.1,3.545
179.1,3.545
179.1,3.545
179.2,3.545
179.2,3.545
179.2,3.545
179.2,3.545
179.2,3.545
179.2,3.545
179.2,3.545
179.3,3.545
179.3,3.545
179.3,3.545
179.3,3.545
179.3,3.545
179.3,3.545
179.3,3.545
179.3,3.545
179.3,3.545
179.3,3.545
179.3,3.545
179.3,3.545
179.3,3.545
179.3,3.545
179.3,3.545
179.3,3.545
179.3,3.545
179.4,3.545
179.4,3.545
179.4,3.545
179.4,3.545
179.4,3.545
179.4,3.545
179.4,3.545
179.4,3.545
179.4,3.545
179.4,3.545
179.4,3.545
179.5,3.545
179.5,3.545
179.5,3.545
179.5,3.545
179.5,3.545
179.5,3.545
179.5,3.545
179.6,3.545
179.6,3.545
179.6,3.545
179.6,3.545
179.6,3.545
179.6,3.545
179.6,3.545
179.6,3.545
179.6,3.545
179.6,3.545
179.6,3.545
179.6,3.545
179.6,3.545
179.6,3.545
179.6,3.545
179.7,3.545
179.7,3.545
179.7,3.545
179.7,3.545
179.7,3.545
179.7,3.545
179.7,3.545
179.7,3.545
179.7,3.545
179.8,3.545
179.8,3.545
179.8,3.545
179.8,3.545
179.8,3.545
179.8,3.545
179.8,3.545
179.8,3.545
179.8,3.545
179.8,3.545
179.8,3.545
179.8,3.545
179.8,3.545
179.8,3.545
179.8,3.545
179.9,3.545
179.9,3.545
179.9,3.545
179.9,3.545
179.9,3.545
179.9,3.545
179.9,3.545
179.9,3.545
179.9,3.545
179.9,3.545
179.9,3.545
179.9,3.545
179.9,3.545
179.9,3.545
179.9,3.545
180.0,3.545
180.0,3.545
180.0,3.545
180.0,3.545
180.0,3.545
180.0,3.545
180.0,3.545
180.0,3.545
180.0,3.545
180.0,3.545
180.0,3.545
180.1,3.545
180.1,3.545
180.1,3.545
180.1,3.545
180.1,3.545
180.1,3.545
180.1,3.545
180.1,3.545
180.1,3.545
180.1,3.545
180.1,3.545
180.1,3.545
180.1,3.545
180.1,3.545
180.1,3.545
180.1,3.545
180.1,3.545
180.2,3.545
180.2,3.545
180.2,3.545
180.2,3.545
180.2,3.545
180.2,3.545
180.2,3.545
180.2,3.545
180.2,3.545
180.2,3.545
180.2,3.545
180.3,3.545
180.3,3.545
180.3,3.545
180.3,3.545
180.3,3.545
180.3,3.545
180.3,3.545
180.4,3.545
180.4,3.545
180.4,3.545
180.4,3.545
180.4,3.545
180.4,3.545
180.4,3.545
180.4,3.545
180.4,3.545
180.4,3.545
180.4,3.545
180.4,3.545
180.4,3.545
180.4,3.545
180.4,3.545
180.4,3.545
180.4,3.545
180.4,3.545
180.4,3.545
180.5,3.545
180.5,3.545
180.5,3.545
180.5,3.545
180.5,3.545
180.5,3.545
180.5,3.545
180.5,3.545
180.5,3.545
180.5,3.545
180.5,3.545
180.6,3.545
180.6,3.545
180.6,3.545
180.6,3.545
180.6,3.545
180.6,3.545
180.6,3.545
180.6,3.545
180.7,3.545
180.7,3.545
180.7,3.545
180.7,3.545
180.7,3.545
180.7,3.545
180.7,3.545
180.7,3.545
180.7,3.545
180.7,3.545
180.7,3.545
180.7,3.545
180.7,3.545
180.7,3.545
180.7,3.545
180.7,3.545
180.7,3.545
180.7,3.545
180.7,3.545
180.7,3.545
180.7,3.545
180.7,3.545
180.7,3.545
180.7,3.545
180.7,3.545
180.7,3.545
180.7,3.545
180.7,3.545
180.8,3.545
180.8,3.545
180.8,3.545
180.8,3.545
180.8,3.545
180.8,3.545
180.8,3.545
180.8,3.545
180.8,3.545
180.8,3.545
180.8,3.545
180.8,3.545
180.9,3.545
180.9,3.545
180.9,3.545
180.9,3.545
180.9,3.545
180.9,3.545
180.9,3.545
180.9,3.545
180.9,3.545
180.9,3.545
180.9,3.545
180.9,3.545
180.9,3.545
180.9,3.545
180.9,3.545
180.9,3.545
181.0,3.545
181.0,3.545
181.0,3.545
181.0,3.545
181.0,3.545
181.0,3.545
181.0,3.550
181.0,3.550
181.0,3.550
181.0,3.550
181.1,3.550
181.1,3.550
181.1,3.550
181.1,3.550
181.1,3.550
181.1,3.550
181.1,3.550
181.1,3.550
181.1,3.550
181.1,3.550
181.1,3.550
181.1,3.550
181.1,3.550
181.1,3.550
181.1,3.550
181.1,3.550
181.1,3.550
181.1,3.550
181.1,3.550
181.1,3.550
181.1,3.550
181.1,3.550
181.1,3.550
181.1,3.550
181.1,3.550
181.1,3.550
181.1,3.550
181.1,3.550
181.1,3.550
181.1,3.550
181.1,3.550
181.1,3.550
181.2,3.550
181.3,3.550
181.3,3.550
181.3,3.550
181.3,3.550
181.3,3.550
181.3,3.550
181.3,3.550
181.3,3.550
181.3,3.550
181.3,3.550
181.3,3.550
181.3,3.550
181.3,3.550
181.3,3.550
181.3,3.550
181.3,3.550
181.3,3.550
181.3,3.550
181.3,3.550
181.3,3.550
181.3,3.550
181.3,3.550
181.3,3.550
181.3,3.550
181.3,3.550
181.4,3.550
181.4,3.550
181.4,3.550
181.4,3.550
181.4,3.550
181.4,3.550
181.4,3.550
181.4,3.550
181.4,3.550
181.4,3.550
181.4,3.550
181.4,3.550
181.4,3.550
181.4,3.550
181.4,3.550
181.4,3.550
181.4,3.550
181.4,3.550
181.4,3.550
181.4,3.550
181.4,3.550
181.4,3.550
181.5,3.550
181.5,3.550
181.5,3.550
181.5,3.550
181.5,3.550
181.5,3.550
181.5,3.550
181.5,3.550
181.5,3.550
181.5,3.550
181.5,3.550
181.6,3.550
181.6,3.550
181.6,3.550
181.6,3.550
181.6,3.550
181.6,3.550
181.6,3.550
181.6,3.550
181.6,3.550
181.6,3.550
181.6,3.550
181.6,3.550
181.6,3.550
181.6,3.550
181.6,3.550
181.6,3.550
181.6,3.550
181.6,3.550
181.6,3.550
181.6,3.550
181.6,3.550
181.7,3.550
181.7,3.550
181.7,3.550
181.7,3.550
181.7,3.550
181.7,3.550
181.7,3.550
181.7,3.550
181.7,3.550
181.7,3.550
181.7,3.550
181.7,3.550
181.7,3.550
181.8,3.550
181.8,3.550
181.8,3.550
181.8,3.550
181.8,3.550
181.8,3.550
181.8,3.550
181.8,3.550
181.8,3.550
181.8,3.550
181.9,3.550
181.9,3.550
181.9,3.550
181.9,3.550
181.9,3.550
181.9,3.550
181.9,3.550
181.9,3.550
181.9,3.550
181.9,3.550
181.9,3.550
181.9,3.550
181.9,3.550
181.9,3.550
181.9,3.550
181.9,3.550
181.9,3.550
182.0,3.550
182.0,3.550
182.0,3.550
182.0,3.550
182.0,3.550
182.0,3.550
182.0,3.550
182.0,3.550
182.0,3.550
182.0,3.550
182.0,3.550
182.1,3.550
182.1,3.550
182.1,3.550
182.1,3.550
182.1,3.550
182.1,3.550
182.1,3.550
182.1,3.550
182.1,3.550
182.1,3.550
182.1,3.550
182.1,3.550
182.1,3.550
182.1,3.550
182.1,3.550
182.2,3.550
182.2,3.550
182.2,3.550
182.2,3.550
182.2,3.550
182.2,3.550
182.2,3.550
182.2,3.550
182.3,3.550
182.3,3.550
182.3,3.550
182.3,3.550
182.3,3.550
182.3,3.550
182.3,3.550
182.3,3.550
182.3,3.550
182.3,3.550
182.3,3.550
182.3,3.550
182.3,3.550
182.3,3.550
182.4,3.550
182.4,3.550
182.4,3.550
182.4,3.550
182.4,3.550
182.4,3.550
182.4,3.550
182.4,3.550
182.4,3.550
182.4,3.550
182.4,3.550
182.5,3.550
182.5,3.550
182.5,3.550
182.5,3.550
182.5,3.550
182.5,3.550
182.5,3.550
182.5,3.550
182.5,3.550
182.5,3.550
182.5,3.550
182.5,3.550
182.5,3.550
182.6,3.550
182.6,3.550
182.6,3.550
182.6,3.550
182.6,3.550
182.6,3.550
182.6,3.550
182.6,3.550
182.6,3.550
182.6,3.550
182.6,3.550
182.6,3.550
182.6,3.550
182.6,3.550
182.6,3.550
182.6,3.550
182.6,3.550
182.7,3.550
182.7,3.550
182.7,3.550
182.7,3.550
182.7,3.550
182.7,3.550
182.7,3.550
182.7,3.550
182.7,3.550
182.7,3.550
182.8,3.550
182.8,3.550
182.8,3.550
182.8,3.550
182.8,3.550
182.8,3.550
182.8,3.550
182.8,3.550
182.8,3.550
182.8,3.550
182.8,3.550
182.8,3.550
182.8,3.550
182.8,3.550
182.8,3.550
182.9,3.550
182.9,3.550
182.9,3.550
182.9,3.550
182.9,3.550
182.9,3.550
182.9,3.550
183.0,3.550
183.0,3.550
183.0,3.550
183.0,3.550
183.0,3.550
183.0,3.550
183.0,3.550
183.0,3.550
183.0,3.550
183.0,3.550
183.0,3.550
183.0,3.550
183.1,3.550
183.1,3.550
183.1,3.550
183.1,3.550
183.1,3.550
183.1,3.550
183.1,3.550
183.1,3.550
183.1,3.550
183.1,3.550
183.2,3.550
183.2,3.550
183.2,3.550
183.2,3.550
183.2,3.550
183.2,3.550
183.2,3.550
183.2,3.550
183.2,3.550
183.2,3.550
183.2,3.550
183.2,3.550
183.2,3.550
183.2,3.550
183.2,3.550
183.3,3.550
183.3,3.550
183.4,3.550
183.3,3.550
183.3,3.550
183.3,3.550
183.3,3.550
183.3,3.550
183.3,3.550
183.3,3.550
183.3,3.550
183.3,3.550
183.3,3.550
183.3,3.550
183.4,3.550
183.4,3.550
183.4,3.550
183.4,3.550
183.4,3.550
183.4,3.550
183.4,3.550
183.4,3.550
183.4,3.550
183.5,3.550
183.5,3.550
183.5,3.550
183.5,3.550
183.5,3.550
183.5,3.550
183.5,3.550
183.5,3.550
183.5,3.550
183.5,3.550
183.6,3.550
183.6,3.550
183.6,3.550
183.6,3.550
183.6,3.550
183.6,3.550
183.6,3.550
183.6,3.550
183.6,3.550
183.6,3.550
183.6,3.550
183.6,3.550
183.6,3.550
183.7,3.550
183.7,3.550
183.7,3.550
183.7,3.550
183.8,3.550
183.7,3.550
183.7,3.550
183.7,3.550
183.8,3.550
183.8,3.550
183.8,3.550
183.8,3.550
183.8,3.550
183.8,3.550
183.8,3.550
183.8,3.550
183.8,3.550
183.8,3.550
183.8,3.550
183.8,3.550
183.8,3.550
183.8,3.550
183.8,3.550
183.8,3.550
183.8,3.550
183.8,3.550
183.8,3.550
183.9,3.550
183.9,3.550
183.9,3.550
183.9,3.550
183.9,3.550
183.9,3.550
184.0,3.550
184.0,3.550
184.0,3.550
184.0,3.550
184.0,3.550
184.0,3.550
184.0,3.550
184.0,3.550
184.0,3.550
184.0,3.550
184.0,3.550
184.0,3.550
184.0,3.550
184.1,3.550
184.1,3.550
184.1,3.550
184.1,3.550
184.1,3.550
184.1,3.550
184.1,3.550
184.1,3.550
184.1,3.550
184.1,3.550
184.2,3.550
184.2,3.550
184.2,3.550
184.2,3.550
184.2,3.550
184.2,3.550
184.2,3.550
184.2,3.550
184.2,3.550
184.2,3.550
184.2,3.550
184.2,3.550
184.3,3.550
184.3,3.550
184.3,3.550
184.3,3.550
184.3,3.550
184.3,3.550
184.3,3.550
184.3,3.550
184.3,3.550
184.3,3.550
184.3,3.550
184.4,3.550
184.4,3.550
184.4,3.550
184.4,3.550
184.4,3.550
184.4,3.550
184.4,3.550
184.4,3.550
184.4,3.550
184.4,3.550
184.4,3.550
184.4,3.550
184.4,3.550
184.4,3.550
184.4,3.550
184.5,3.550
184.5,3.550
184.5,3.550
184.5,3.550
184.5,3.550
184.5,3.550
184.5,3.550
184.5,3.550
184.5,3.550
184.5,3.550
184.5,3.550
184.5,3.550
184.5,3.550
184.5,3.550
184.6,3.550
184.6,3.550
184.6,3.550
184.6,3.550
184.6,3.550
184.6,3.550
184.6,3.550
184.6,3.550
184.6,3.550
184.7,3.550
184.7,3.550
184.7,3.550
184.7,3.550
184.7,3.550
184.7,3.550
184.7,3.550
184.7,3.550
184.7,3.550
184.7,3.550
184.8,3.550
184.8,3.550
184.8,3.550
184.8,3.550
184.8,3.550
184.8,3.550
184.8,3.550
184.8,3.550
184.8,3.550
184.8,3.550
184.8,3.550
184.8,3.550
184.8,3.550
184.9,3.550
184.9,3.550
184.9,3.550
184.9,3.550
184.9,3.550
184.9,3.550
184.9,3.550
184.9,3.550
184.9,3.550
184.9,3.550
185.0,3.550
185.0,3.550
185.0,3.550
185.0,3.550
185.0,3.550
185.0,3.550
185.0,3.550
185.0,3.550
185.0,3.550
185.0,3.550
185.0,3.550
185.0,3.550
185.0,3.550
185.0,3.550
185.0,3.550
185.0,3.550
185.0,3.550
185.0,3.550
185.0,3.550
185.0,3.550
185.0,3.550
185.1,3.550
185.1,3.550
185.1,3.550
185.1,3.550
185.1,3.550
185.1,3.550
185.1,3.550
185.1,3.550
185.1,3.550
185.1,3.550
185.1,3.550
185.2,3.550
185.2,3.550
185.2,3.550
185.2,3.550
185.2,3.550
185.2,3.550
185.2,3.550
185.2,3.550
185.2,3.550
185.2,3.550
185.2,3.550
185.2,3.550
185.2,3.550
185.3,3.550
185.3,3.550
185.3,3.550
185.3,3.550
185.3,3.550
185.3,3.550
185.4,3.550
185.4,3.550
185.4,3.550
185.4,3.550
185.4,3.550
185.4,3.550
185.4,3.550
185.4,3.550
185.4,3.550
185.4,3.550
185.4,3.550
185.4,3.550
185.4,3.550
185.4,3.550
185.4,3.550
185.4,3.550
185.4,3.550
185.4,3.550
185.4,3.550
185.4,3.550
185.4,3.550
185.5,3.550
185.5,3.550
185.5,3.550
185.5,3.550
185.5,3.550
185.5,3.550
185.5,3.550
185.5,3.550
185.5,3.550
185.5,3.550
185.5,3.550
185.5,3.550
185.5,3.550
185.5,3.550
185.6,3.550
185.6,3.550
185.6,3.550
185.6,3.550
185.6,3.550
185.6,3.550
185.6,3.550
185.6,3.550
185.6,3.550
185.6,3.550
185.6,3.550
185.6,3.550
185.6,3.550
185.6,3.550
185.6,3.550
185.7,3.550
185.7,3.550
185.7,3.550
185.7,3.550
185.7,3.550
185.7,3.550
185.7,3.550
185.7,3.550
185.7,3.550
185.7,3.550
185.8,3.550
185.8,3.550
185.8,3.550
185.8,3.550
185.8,3.550
185.8,3.550
185.8,3.550
185.8,3.550
185.8,3.550
185.8,3.550
185.8,3.550
185.9,3.550
185.9,3.550
185.9,3.550
185.9,3.550
185.9,3.550
185.9,3.550
185.9,3.550
185.9,3.550
185.9,3.550
185.9,3.550
185.9,3.550
185.9,3.550
185.9,3.550
185.9,3.550
185.9,3.550
185.9,3.550
185.9,3.550
186.0,3.550
186.0,3.550
186.0,3.550
186.0,3.555
186.0,3.555
186.0,3.555
186.0,3.555
186.0,3.555
186.0,3.555
186.0,3.555
186.0,3.555
186.0,3.555
186.0,3.555
186.0,3.555
186.0,3.555
186.1,3.555
186.1,3.555
186.1,3.555
186.1,3.555
186.1,3.555
186.1,3.555
186.1,3.555
186.1,3.555
186.1,3.555
186.1,3.555
186.1,3.555
186.1,3.555
186.1,3.555
186.1,3.555
186.2,3.555
186.2,3.555
186.2,3.555
186.2,3.555
186.2,3.555
186.2,3.555
186.2,3.555
186.2,3.555
186.2,3.555
186.2,3.555
186.3,3.555
186.3,3.555
186.3,3.555
186.3,3.555
186.3,3.555
186.3,3.555
186.3,3.555
186.4,3.555
186.4,3.555
186.4,3.555
186.4,3.555
186.4,3.555
186.4,3.555
186.4,3.555
186.4,3.555
186.4,3.555
186.4,3.555
186.4,3.555
186.4,3.555
186.4,3.555
186.4,3.555
186.4,3.555
186.4,3.555
186.4,3.555
186.4,3.555
186.4,3.555
186.5,3.555
186.5,3.555
186.5,3.555
186.5,3.555
186.5,3.555
186.5,3.555
186.5,3.555
186.5,3.555
186.5,3.555
186.5,3.555
186.5,3.555
186.5,3.555
186.5,3.555
186.5,3.555
186.5,3.555
186.5,3.555
186.5,3.555
186.5,3.555
186.5,3.555
186.6,3.555
186.6,3.555
186.6,3.555
186.6,3.555
186.6,3.555
186.6,3.555
186.6,3.555
186.6,3.555
186.6,3.555
186.6,3.555
186.6,3.555
186.6,3.555
186.6,3.555
186.6,3.555
186.7,3.555
186.7,3.555
186.7,3.555
186.7,3.555
186.7,3.555
186.7,3.555
186.7,3.555
186.7,3.555
186.7,3.555
186.7,3.555
186.7,3.555
186.7,3.555
186.7,3.555
186.8,3.555
186.8,3.555
186.8,3.555
186.8,3.555
186.8,3.555
186.8,3.555
186.8,3.555
186.8,3.555
186.9,3.555
186.9,3.555
186.9,3.555
186.9,3.555
186.9,3.555
186.9,3.555
186.9,3.555
186.9,3.555
186.9,3.555
186.9,3.555
186.9,3.555
186.9,3.555
186.9,3.555
186.9,3.555
186.9,3.555
186.9,3.555
186.9,3.555
187.0,3.555
187.0,3.555
187.0,3.555
187.0,3.555
187.0,3.555
187.0,3.555
187.0,3.555
187.0,3.555
187.0,3.555
187.0,3.555
187.0,3.555
187.0,3.555
187.0,3.555
187.0,3.555
187.0,3.555
187.0,3.555
187.0,3.555
187.0,3.555
187.0,3.555
187.0,3.555
187.1,3.555
187.1,3.555
187.1,3.555
187.1,3.555
187.1,3.555
187.1,3.555
187.1,3.555
187.1,3.555
187.1,3.555
187.1,3.555
187.1,3.555
187.1,3.555
187.2,3.555
187.2,3.555
187.2,3.555
187.2,3.555
187.2,3.555
187.2,3.555
187.2,3.555
187.2,3.555
187.2,3.555
187.2,3.555
187.2,3.555
187.2,3.555
187.2,3.555
187.2,3.555
187.2,3.555
187.2,3.555
187.2,3.555
187.2,3.555
187.3,3.555
187.3,3.555
187.3,3.555
187.3,3.555
187.3,3.555
187.3,3.555
187.3,3.555
187.3,3.555
187.3,3.555
187.3,3.555
187.3,3.555
187.3,3.555
187.4,3.555
187.4,3.555
187.4,3.555
187.4,3.555
187.4,3.555
187.4,3.555
187.4,3.555
187.5,3.555
187.5,3.555
187.5,3.555
187.5,3.555
187.5,3.555
187.5,3.555
187.5,3.555
187.5,3.555
187.5,3.555
187.5,3.555
187.5,3.555
187.5,3.555
187.5,3.555
187.5,3.555
187.5,3.555
187.5,3.555
187.5,3.555
187.5,3.555
187.5,3.555
187.5,3.555
187.6,3.555
187.6,3.555
187.6,3.555
187.6,3.555
187.6,3.555
187.6,3.555
187.6,3.555
187.6,3.555
187.6,3.555
187.6,3.555
187.6,3.555
187.6,3.555
187.6,3.555
187.6,3.555
187.6,3.555
187.6,3.555
187.7,3.555
187.7,3.555
187.7,3.555
187.7,3.555
187.7,3.555
187.7,3.555
187.8,3.555
187.8,3.555
187.8,3.555
187.8,3.555
187.8,3.555
187.8,3.555
187.8,3.555
187.8,3.555
187.8,3.555
187.8,3.555
187.8,3.555
187.8,3.555
187.8,3.555
187.9,3.555
187.9,3.555
187.9,3.555
187.9,3.555
187.9,3.555
187.9,3.555
187.9,3.555
187.9,3.555
187.9,3.555
187.9,3.555
187.9,3.555
187.9,3.555
187.9,3.555
187.9,3.555
188.0,3.555
188.0,3.555
188.0,3.555
188.0,3.555
188.0,3.555
188.0,3.555
188.0,3.555
188.0,3.555
188.0,3.555
188.0,3.555
188.0,3.555
188.0,3.555
188.1,3.555
188.1,3.555
188.1,3.555
188.1,3.555
188.1,3.555
188.1,3.555
188.1,3.555
188.1,3.555
188.1,3.555
188.1,3.555
188.1,3.555
188.1,3.555
188.1,3.555
188.1,3.555
188.1,3.555
188.1,3.555
188.1,3.555
188.1,3.555
188.2,3.555
188.2,3.555
188.2,3.555
188.2,3.555
188.2,3.555
188.2,3.555
188.2,3.555
188.2,3.555
188.2,3.555
188.2,3.555
188.2,3.555
188.3,3.555
188.3,3.555
188.3,3.555
188.3,3.555
188.3,3.555
188.3,3.555
188.3,3.555
188.3,3.555
188.3,3.555
188.3,3.555
188.3,3.555
188.3,3.555
188.3,3.555
188.4,3.555
188.4,3.555
188.4,3.555
188.4,3.555
188.4,3.555
188.4,3.555
188.4,3.555
188.4,3.555
188.4,3.555
188.4,3.555
188.4,3.555
188.4,3.555
188.4,3.555
188.5,3.555
188.5,3.555
188.5,3.555
188.5,3.555
188.5,3.555
188.5,3.555
188.5,3.555
188.5,3.555
188.5,3.555
188.5,3.555
188.5,3.555
188.5,3.555
188.5,3.555
188.5,3.555
188.5,3.555
188.5,3.555
188.5,3.555
188.5,3.555
188.6,3.555
188.6,3.555
188.6,3.555
188.6,3.555
188.6,3.555
188.6,3.555
188.6,3.555
188.6,3.555
188.6,3.555
188.6,3.555
188.6,3.555
188.6,3.555
188.7,3.555
188.7,3.555
188.7,3.555
188.7,3.555
188.7,3.555
188.7,3.555
188.7,3.555
188.7,3.555
188.7,3.555
188.7,3.555
188.7,3.555
188.7,3.555
188.7,3.555
188.8,3.555
188.8,3.555
188.8,3.555
188.8,3.555
188.8,3.555
188.8,3.555
188.8,3.555
188.8,3.555
188.8,3.555
188.8,3.555
188.8,3.555
188.8,3.555
188.8,3.555
188.8,3.555
188.8,3.555
188.8,3.555
188.8,3.555
188.8,3.555
188.9,3.555
188.9,3.555
188.9,3.555
188.9,3.555
188.9,3.555
188.9,3.555
188.9,3.555
188.9,3.555
188.9,3.555
188.9,3.555
188.9,3.555
188.9,3.555
188.9,3.555
189.0,3.555
189.0,3.555
189.0,3.555
189.0,3.555
189.0,3.555
189.0,3.555
189.0,3.555
189.0,3.555
189.0,3.555
189.0,3.555
189.0,3.555
189.0,3.555
189.0,3.555
189.0,3.555
189.1,3.555
189.1,3.555
189.1,3.555
189.1,3.555
189.1,3.555
189.1,3.555
189.1,3.555
189.1,3.555
189.1,3.555
189.1,3.555
189.1,3.555
189.1,3.555
189.1,3.555
189.1,3.555
189.1,3.555
189.1,3.555
189.1,3.555
189.1,3.555
189.2,3.555
189.2,3.555
189.2,3.555
189.2,3.555
189.2,3.555
189.2,3.555
189.3,3.555
189.3,3.555
189.3,3.555
189.3,3.555
189.3,3.555
189.3,3.555
189.3,3.555
189.3,3.555
189.3,3.555
189.3,3.555
189.3,3.555
189.3,3.555
189.3,3.555
189.3,3.555
189.3,3.555
189.3,3.555
189.3,3.555
189.4,3.555
189.4,3.555
189.4,3.555
189.4,3.555
189.4,3.555
189.4,3.555
189.4,3.555
189.4,3.555
189.4,3.555
189.4,3.555
189.4,3.555
189.4,3.555
189.4,3.555
189.4,3.555
189.5,3.555
189.5,3.555
189.5,3.555
189.5,3.555
189.5,3.555
189.5,3.555
189.5,3.555
189.5,3.555
189.5,3.555
189.5,3.555
189.5,3.555
189.5,3.555
189.5,3.555
189.5,3.555
189.5,3.555
189.5,3.555
189.5,3.555
189.6,3.555
189.6,3.555
189.6,3.555
189.6,3.555
189.6,3.555
189.6,3.555
189.6,3.555
189.6,3.555
189.6,3.555
189.6,3.555
189.6,3.555
189.6,3.555
189.6,3.555
189.6,3.555
189.6,3.555
189.6,3.555
189.6,3.555
189.6,3.555
189.6,3.555
189.6,3.555
189.6,3.555
189.6,3.555
189.6,3.555
189.6,3.555
189.7,3.555
189.7,3.555
189.7,3.555
189.7,3.555
189.7,3.555
189.7,3.555
189.7,3.555
189.7,3.555
189.8,3.555
189.8,3.555
189.8,3.555
189.8,3.555
189.8,3.555
189.8,3.555
189.8,3.555
189.8,3.555
189.8,3.555
189.8,3.555
189.8,3.555
189.9,3.555
189.9,3.555
189.9,3.555
189.9,3.555
189.9,3.555
189.9,3.555
189.9,3.555
189.9,3.555
189.9,3.555
189.9,3.555
189.9,3.555
189.9,3.555
189.9,3.555
189.9,3.555
189.9,3.555
189.9,3.555
189.9,3.555
189.9,3.555
189.9,3.555
189.9,3.555
189.9,3.555
189.9,3.555
189.9,3.555
189.9,3.555
189.9,3.555
189.9,3.555
190.0,3.555
190.0,3.555
190.0,3.555
190.0,3.555
190.0,3.555
190.0,3.555
190.0,3.555
190.0,3.555
190.0,3.555
190.0,3.555
190.1,3.555
190.1,3.555
190.1,3.555
190.1,3.555
190.1,3.555
190.1,3.555
190.1,3.555
190.1,3.555
190.1,3.555
190.1,3.555
190.1,3.555
190.1,3.555
190.1,3.555
190.1,3.555
190.2,3.555
190.2,3.555
190.2,3.555
190.2,3.555
190.2,3.555
190.2,3.555
190.2,3.555
190.2,3.555
190.2,3.555
190.2,3.555
190.2,3.555
190.3,3.555
190.3,3.555
190.3,3.555
190.3,3.555
190.3,3.555
190.3,3.555
190.3,3.555
190.3,3.555
190.3,3.555
190.3,3.555
190.3,3.555
190.3,3.555
190.3,3.555
190.3,3.555
190.3,3.555
190.4,3.555
190.4,3.555
190.4,3.555
190.4,3.555
190.4,3.555
190.4,3.555
190.4,3.555
190.4,3.555
190.4,3.555
190.4,3.555
190.4,3.555
190.4,3.555
190.4,3.555
190.4,3.555
190.4,3.555
190.4,3.555
190.4,3.555
190.5,3.555
190.5,3.555
190.5,3.555
190.5,3.555
190.5,3.555
190.5,3.555
190.5,3.555
190.5,3.555
190.5,3.555
190.5,3.555
190.5,3.555
190.5,3.555
190.5,3.555
190.5,3.555
190.5,3.555
190.5,3.555
190.5,3.555
190.5,3.560
190.5,3.560
190.5,3.560
190.6,3.560
190.6,3.560
190.6,3.560
190.6,3.560
190.6,3.560
190.6,3.560
190.6,3.560
190.6,3.560
190.6,3.560
190.6,3.560
190.6,3.560
190.6,3.560
190.6,3.560
190.6,3.560
190.6,3.560
190.6,3.560
190.6,3.560
190.6,3.560
190.6,3.560
190.6,3.560
190.6,3.560
190.6,3.560
190.6,3.560
190.6,3.560
190.6,3.560
190.6,3.560
190.6,3.560
190.6,3.560
190.6,3.560
190.7,3.560
190.7,3.560
190.7,3.560
190.7,3.560
190.7,3.560
190.7,3.560
190.7,3.560
190.7,3.560
190.7,3.560
190.7,3.560
190.7,3.560
190.8,3.560
190.8,3.560
190.8,3.560
190.8,3.560
190.8,3.560
190.8,3.560
190.8,3.560
190.8,3.560
190.8,3.560
190.8,3.560
190.8,3.560
190.9,3.560
190.9,3.560
190.9,3.560
190.9,3.560
190.9,3.560
190.9,3.560
190.9,3.560
190.9,3.560
190.9,3.560
190.9,3.560
190.9,3.560
190.9,3.560
190.9,3.560
190.9,3.560
190.9,3.560
190.9,3.560
190.9,3.560
190.9,3.560
191.0,3.560
191.0,3.560
191.0,3.560
191.0,3.560
191.0,3.560
191.0,3.560
191.0,3.560
191.0,3.560
191.0,3.560
191.0,3.560
191.0,3.560
191.0,3.560
191.0,3.560
191.0,3.560
191.0,3.560
191.1,3.560
191.1,3.560
191.1,3.560
191.1,3.560
191.1,3.560
191.1,3.560
191.1,3.560
191.1,3.560
191.1,3.560
191.1,3.560
191.1,3.560
191.1,3.560
191.1,3.560
191.1,3.560
191.1,3.560
191.1,3.560
191.1,3.560
191.1,3.560
191.1,3.560
191.1,3.560
191.1,3.560
191.1,3.560
191.1,3.560
191.2,3.560
191.2,3.560
191.2,3.560
191.2,3.560
191.2,3.560
191.2,3.560
191.2,3.560
191.2,3.560
191.2,3.560
191.2,3.560
191.2,3.560
191.2,3.560
191.2,3.560
191.2,3.560
191.3,3.560
191.3,3.560
191.3,3.560
191.3,3.560
191.3,3.560
191.3,3.560
191.3,3.560
191.3,3.560
191.3,3.560
191.4,3.560
191.4,3.560
191.4,3.560
191.4,3.560
191.4,3.560
191.4,3.560
191.4,3.560
191.4,3.560
191.4,3.560
191.4,3.560
191.4,3.560
191.4,3.560
191.4,3.560
191.4,3.560
191.4,3.560
191.4,3.560
191.4,3.560
191.4,3.560
191.4,3.560
191.4,3.560
191.5,3.560
191.5,3.560
191.5,3.560
191.5,3.560
191.5,3.560
191.5,3.560
191.5,3.560
191.5,3.560
191.5,3.560
191.5,3.560
191.5,3.560
191.5,3.560
191.5,3.560
191.5,3.560
191.5,3.560
191.5,3.560
191.6,3.560
191.6,3.560
191.6,3.560
191.6,3.560
191.6,3.560
191.6,3.560
191.6,3.560
191.6,3.560
191.6,3.560
191.6,3.560
191.6,3.560
191.6,3.560
191.6,3.560
191.6,3.560
191.6,3.560
191.6,3.560
191.6,3.560
191.6,3.560
191.6,3.560
191.6,3.560
191.6,3.560
191.7,3.560
191.7,3.560
191.7,3.560
191.7,3.560
191.7,3.560
191.7,3.560
191.7,3.560
191.7,3.560
191.8,3.560
191.8,3.560
191.8,3.560
191.8,3.560
191.8,3.560
191.8,3.560
191.8,3.560
191.8,3.560
191.8,3.560
191.8,3.560
191.8,3.560
191.9,3.560
191.8,3.560
191.8,3.560
191.8,3.560
191.8,3.560
191.8,3.560
191.9,3.560
191.9,3.560
191.9,3.560
191.9,3.560
191.9,3.560
191.9,3.560
191.9,3.560
191.9,3.560
191.9,3.560
191.9,3.560
191.9,3.560
191.9,3.560
191.9,3.560
191.9,3.560
191.9,3.560
191.9,3.560
191.9,3.560
191.9,3.560
191.9,3.560
191.9,3.560
192.0,3.560
192.0,3.560
192.0,3.560
192.0,3.560
192.0,3.560
192.0,3.560
192.0,3.560
192.1,3.560
192.1,3.560
192.1,3.560
192.1,3.560
192.1,3.560
192.1,3.560
192.1,3.560
192.1,3.560
192.1,3.560
192.1,3.560
192.1,3.560
192.1,3.560
192.1,3.560
192.1,3.560
192.1,3.560
192.1,3.560
192.1,3.560
192.1,3.560
192.1,3.560
192.1,3.560
192.1,3.560
192.1,3.560
192.2,3.560
192.2,3.560
192.2,3.560
192.2,3.560
192.2,3.560
192.2,3.560
192.2,3.560
192.2,3.560
192.2,3.560
192.2,3.560
192.2,3.560
192.2,3.560
192.2,3.560
192.2,3.560
192.2,3.560
192.2,3.560
192.2,3.560
192.2,3.560
192.2,3.560
192.2,3.560
192.2,3.560
192.2,3.560
192.2,3.560
192.3,3.560
192.3,3.560
192.3,3.560
192.3,3.560
192.3,3.560
192.3,3.560
192.3,3.560
192.3,3.560
192.3,3.560
192.3,3.560
192.3,3.560
192.3,3.560
192.3,3.560
192.3,3.560
192.3,3.560
192.3,3.560
192.4,3.560
192.4,3.560
192.4,3.560
192.4,3.560
192.4,3.560
192.4,3.560
192.4,3.560
192.4,3.560
192.4,3.560
192.4,3.560
192.4,3.560
192.4,3.560
192.4,3.560
192.4,3.560
192.4,3.560
192.4,3.560
192.4,3.560
192.4,3.560
192.5,3.560
192.5,3.560
192.5,3.560
192.5,3.560
192.5,3.560
192.5,3.560
192.5,3.560
192.5,3.560
192.5,3.560
192.6,3.560
192.6,3.560
192.6,3.560
192.6,3.560
192.6,3.560
192.6,3.560
192.6,3.560
192.6,3.560
192.6,3.560
192.6,3.560
192.6,3.560
192.6,3.560
192.6,3.560
192.6,3.560
192.6,3.560
192.6,3.560
192.6,3.560
192.6,3.560
192.7,3.560
192.7,3.560
192.7,3.560
192.7,3.560
192.7,3.560
192.7,3.560
192.7,3.560
192.7,3.560
192.7,3.560
192.7,3.560
192.7,3.560
192.7,3.560
192.8,3.560
192.8,3.560
192.8,3.560
192.8,3.560
192.8,3.560
192.8,3.560
192.8,3.560
192.8,3.560
192.8,3.560
192.8,3.560
192.8,3.560
192.8,3.560
192.8,3.560
192.8,3.560
192.8,3.560
192.8,3.560
192.8,3.560
192.8,3.560
192.8,3.560
192.8,3.560
192.8,3.560
192.8,3.560
192.8,3.560
192.8,3.560
192.8,3.560
192.8,3.560
192.9,3.560
192.9,3.560
192.9,3.560
192.9,3.560
192.9,3.560
192.9,3.560
192.9,3.560
192.9,3.560
192.9,3.560
192.9,3.560
192.9,3.560
193.0,3.560
193.0,3.560
193.0,3.560
193.0,3.560
193.0,3.560
193.0,3.560
193.0,3.560
193.0,3.560
193.0,3.560
193.0,3.560
193.0,3.560
193.0,3.560
193.0,3.560
193.0,3.560
193.0,3.560
193.1,3.560
193.1,3.560
193.1,3.560
193.1,3.560
193.1,3.560
193.1,3.560
193.1,3.560
193.1,3.560
193.1,3.560
193.1,3.560
193.1,3.560
193.1,3.560
193.1,3.560
193.1,3.560
193.1,3.560
193.1,3.560
193.1,3.560
193.2,3.560
193.2,3.560
193.2,3.560
193.2,3.560
193.2,3.560
193.2,3.560
193.2,3.560
193.2,3.560
193.2,3.560
193.2,3.560
193.2,3.560
193.2,3.560
193.2,3.560
193.2,3.560
193.2,3.560
193.2,3.560
193.2,3.560
193.2,3.560
193.2,3.560
193.2,3.560
193.3,3.560
193.3,3.560
193.3,3.560
193.3,3.560
193.3,3.560
193.3,3.560
193.3,3.560
193.3,3.560
193.3,3.560
193.3,3.560
193.3,3.560
193.3,3.560
193.3,3.560
193.3,3.560
193.3,3.560
193.4,3.560
193.4,3.560
193.4,3.560
193.4,3.560
193.4,3.560
193.4,3.560
193.4,3.560
193.4,3.560
193.4,3.560
193.4,3.560
193.4,3.560
193.4,3.560
193.4,3.560
193.4,3.560
193.4,3.560
193.4,3.560
193.4,3.560
193.4,3.560
193.4,3.560
193.4,3.560
193.4,3.560
193.4,3.560
193.5,3.560
193.5,3.560
193.5,3.560
193.5,3.560
193.5,3.560
193.5,3.560
193.5,3.560
193.5,3.560
193.5,3.560
193.5,3.560
193.5,3.560
193.5,3.560
193.5,3.560
193.5,3.560
193.5,3.560
193.5,3.560
193.5,3.560
193.5,3.560
193.5,3.560
193.5,3.560
193.5,3.560
193.5,3.560
193.5,3.560
193.5,3.560
193.5,3.560
193.6,3.560
193.6,3.560
193.6,3.560
193.6,3.560
193.6,3.560
193.6,3.560
193.6,3.560
193.6,3.560
193.6,3.560
193.6,3.560
193.6,3.560
193.6,3.560
193.6,3.560
193.6,3.560
193.6,3.560
193.7,3.560
193.7,3.560
193.7,3.560
193.7,3.560
193.7,3.560
193.7,3.560
193.7,3.560
193.7,3.560
193.7,3.560
193.7,3.560
193.7,3.560
193.7,3.560
193.7,3.560
193.7,3.560
193.7,3.560
193.7,3.560
193.7,3.560
193.7,3.560
193.7,3.560
193.7,3.560
193.8,3.560
193.8,3.560
193.8,3.560
193.8,3.560
193.8,3.560
193.8,3.560
193.8,3.560
193.8,3.560
193.8,3.560
193.8,3.560
193.8,3.560
193.8,3.560
193.8,3.560
193.8,3.560
193.8,3.560
193.8,3.560
193.8,3.560
193.8,3.560
193.8,3.560
193.8,3.560
193.8,3.560
193.8,3.560
193.9,3.560
193.9,3.560
193.9,3.560
193.9,3.560
193.9,3.560
193.9,3.560
193.9,3.560
193.9,3.560
193.9,3.560
193.9,3.560
193.9,3.560
193.9,3.560
193.9,3.560
193.9,3.560
193.9,3.560
193.9,3.560
193.9,3.560
193.9,3.560
193.9,3.560
193.9,3.560
193.9,3.560
193.9,3.560
194.0,3.560
194.0,3.560
194.0,3.560
194.0,3.560
194.0,3.560
194.0,3.560
194.0,3.560
194.1,3.560
194.1,3.560
194.1,3.560
194.1,3.560
194.1,3.560
194.1,3.560
194.1,3.560
194.1,3.560
194.1,3.560
194.1,3.560
194.1,3.560
194.1,3.560
194.1,3.560
194.1,3.560
194.1,3.560
194.1,3.560
194.1,3.560
194.1,3.560
194.1,3.560
194.1,3.560
194.1,3.560
194.1,3.560
194.1,3.560
194.2,3.560
194.2,3.560
194.2,3.560
194.2,3.560
194.2,3.560
194.2,3.560
194.2,3.560
194.2,3.560
194.2,3.560
194.2,3.560
194.2,3.560
194.2,3.560
194.2,3.560
194.2,3.560
194.2,3.560
194.2,3.560
194.2,3.560
194.3,3.560
194.3,3.560
194.3,3.560
194.3,3.560
194.3,3.560
194.3,3.560
194.3,3.560
194.3,3.560
194.3,3.560
194.3,3.560
194.3,3.560
194.3,3.560
194.3,3.560
194.3,3.560
194.3,3.560
194.3,3.560
194.3,3.560
194.3,3.560
194.3,3.560
194.3,3.560
194.3,3.560
194.3,3.560
194.3,3.560
194.3,3.560
194.3,3.560
194.3,3.560
194.3,3.560
194.3,3.560
194.3,3.560
194.3,3.560
194.3,3.560
194.4,3.560
194.4,3.560
194.4,3.560
194.4,3.560
194.4,3.560
194.4,3.560
194.4,3.560
194.4,3.560
194.4,3.560
194.4,3.560
194.4,3.560
194.4,3.560
194.4,3.560
194.4,3.560
194.5,3.560
194.5,3.560
194.5,3.560
194.5,3.560
194.5,3.560
194.5,3.560
194.5,3.560
194.5,3.560
194.5,3.560
194.5,3.560
194.5,3.560
194.5,3.560
194.5,3.560
194.5,3.560
194.5,3.560
194.5,3.560
194.5,3.560
194.5,3.560
194.5,3.560
194.5,3.560
194.5,3.560
194.5,3.560
194.5,3.560
194.5,3.560
194.5,3.560
194.5,3.560
194.6,3.560
194.6,3.560
194.6,3.560
194.6,3.560
194.6,3.560
194.6,3.560
194.6,3.560
194.6,3.560
194.6,3.560
194.6,3.560
194.6,3.560
194.6,3.560
194.6,3.560
194.6,3.560
194.6,3.560
194.6,3.560
194.6,3.560
194.6,3.560
194.6,3.560
194.6,3.560
194.6,3.560
194.6,3.560
194.7,3.560
194.7,3.560
194.7,3.560
194.7,3.560
194.7,3.560
194.7,3.560
194.7,3.560
194.7,3.560
194.7,3.560
194.7,3.560
194.7,3.560
194.7,3.560
194.7,3.560
194.7,3.560
194.7,3.560
194.7,3.560
194.7,3.560
194.7,3.560
194.8,3.560
194.8,3.560
194.8,3.560
194.8,3.560
194.8,3.560
194.8,3.560
194.8,3.560
194.8,3.560
194.8,3.560
194.8,3.560
194.8,3.560
194.8,3.560
194.8,3.560
194.8,3.560
194.8,3.560
194.8,3.560
194.8,3.560
194.8,3.560
194.8,3.560
194.8,3.560
194.8,3.560
194.8,3.560
194.8,3.560
194.8,3.560
194.8,3.560
194.8,3.560
194.8,3.560
194.9,3.560
194.9,3.560
194.9,3.560
194.9,3.560
194.9,3.560
194.9,3.560
194.9,3.560
194.9,3.560
194.9,3.560
194.9,3.560
194.9,3.560
194.9,3.560
194.9,3.560
194.9,3.560
194.9,3.560
194.9,3.560
194.9,3.560
194.9,3.560
194.9,3.560
194.9,3.560
194.9,3.560
194.9,3.560
194.9,3.560
194.9,3.560
194.9,3.560
195.0,3.560
195.0,3.560
195.0,3.560
195.0,3.560
195.0,3.560
195.0,3.560
195.0,3.560
195.0,3.560
195.0,3.560
195.0,3.560
195.0,3.560
195.0,3.560
195.0,3.560
195.0,3.560
195.0,3.560
195.0,3.560
195.0,3.560
195.0,3.560
195.0,3.560
195.0,3.560
195.0,3.560
195.0,3.560
195.0,3.560
195.1,3.560
195.1,3.560
195.1,3.560
195.1,3.560
195.1,3.560
195.1,3.560
195.1,3.560
195.1,3.560
195.1,3.560
195.1,3.560
195.1,3.560
195.1,3.560
195.1,3.560
195.1,3.560
195.1,3.560
195.1,3.560
195.1,3.560
195.1,3.560
195.1,3.560
195.1,3.560
195.1,3.560
195.1,3.560
195.1,3.560
195.1,3.560
195.1,3.560
195.1,3.560
195.1,3.560
195.1,3.560
195.1,3.560
195.1,3.560
195.1,3.560
195.1,3.560
195.1,3.560
195.1,3.560
195.1,3.560
195.1,3.560
195.1,3.560
195.1,3.560
195.1,3.560
195.1,3.560
195.1,3.560
195.1,3.560
195.1,3.560
195.1,3.560
195.1,3.560
195.1,3.560
195.2,3.560
195.2,3.560
195.2,3.560
195.2,3.560
195.2,3.560
195.2,3.560
195.2,3.560
195.2,3.560
195.2,3.560
195.2,3.560
195.2,3.560
195.2,3.560
195.2,3.560
195.2,3.560
195.2,3.560
195.2,3.560
195.2,3.560
195.2,3.560
195.2,3.560
195.2,3.560
195.2,3.560
195.2,3.560
195.2,3.560
195.2,3.560
195.2,3.560
195.2,3.560
195.2,3.560
195.2,3.560
195.2,3.560
195.2,3.560
195.2,3.560
195.2,3.560
195.2,3.560
195.2,3.560
195.2,3.560
195.2,3.560
195.2,3.560
195.2,3.560
195.2,3.560
195.2,3.560
195.2,3.560
195.2,3.560
195.3,3.560
195.3,3.560
195.3,3.560
195.3,3.560
195.3,3.560
195.3,3.560
195.3,3.560
195.3,3.560
195.3,3.560
195.3,3.560
195.3,3.560
195.3,3.560
195.3,3.560
195.3,3.560
195.3,3.560
195.3,3.560
195.3,3.560
195.3,3.560
195.3,3.560
195.3,3.560
195.3,3.560
195.3,3.560
195.3,3.560
195.3,3.560
195.3,3.560
195.3,3.560
195.3,3.560
195.3,3.560
195.3,3.560
195.3,3.560
195.3,3.560
195.3,3.560
195.3,3.560
195.3,3.560
195.3,3.560
195.3,3.560
195.3,3.560
195.3,3.560
195.3,3.560
195.3,3.560
195.3,3.560
195.3,3.560
195.3,3.560
195.3,3.560
195.3,3.560
195.3,3.560
195.3,3.560
195.3,3.560
195.3,3.560
195.3,3.560
195.3,3.560
195.3,3.560
195.3,3.560
195.3,3.560
195.3,3.560
195.3,3.560
195.3,3.560
195.3,3.560
195.3,3.560
195.3,3.560
195.3,3.560
195.3,3.560
195.3,3.560
195.3,3.560
195.3,3.560
195.3,3.560
195.3,3.560
195.3,3.560
195.3,3.560
195.3,3.560
195.3,3.560
195.3,3.560
195.3,3.560
195.3,3.560
195.3,3.560
195.3,3.560
195.3,3.560
195.3,3.560
195.4,3.560
195.4,3.560
195.4,3.560
195.4,3.560
195.4,3.560
195.4,3.560
195.4,3.560
195.4,3.560
195.4,3.560
195.4,3.560
195.4,3.560
195.4,3.560
195.4,3.560
195.4,3.560
195.4,3.560
195.4,3.560
195.4,3.560
195.4,3.560
195.4,3.560
195.4,3.560
195.4,3.560
195.4,3.560
195.4,3.560
195.4,3.560
195.4,3.560
195.4,3.560
195.4,3.560
195.4,3.560
195.4,3.560
195.4,3.560
195.4,3.560
195.4,3.560
195.4,3.560
195.4,3.560
195.4,3.560
195.4,3.560
195.4,3.560
195.4,3.560
195.4,3.560
195.4,3.560
195.4,3.560
195.4,3.560
195.4,3.560
195.4,3.560
195.4,3.560
195.3,3.560
195.3,3.560
195.3,3.560
195.3,3.560
195.3,3.560
195.3,3.560
195.3,3.560
195.3,3.560
195.3,3.560
195.3,3.560
195.3,3.560
195.3,3.560
195.3,3.560
195.3,3.560
195.3,3.560
195.3,3.560
195.3,3.560
195.3,3.560
195.3,3.560
195.3,3.560
195.3,3.560
195.3,3.560
195.3,3.560
195.3,3.560
195.3,3.560
195.3,3.560
195.3,3.560
195.3,3.560
195.3,3.560
195.4,3.560
195.4,3.560
195.4,3.560
195.4,3.560
195.4,3.560
195.4,3.560
195.4,3.560
195.4,3.560
195.4,3.560
195.4,3.560
195.4,3.560
195.4,3.560
195.4,3.560
195.4,3.560
195.4,3.560
195.4,3.560
195.4,3.560
195.4,3.560
195.4,3.560
195.4,3.560
195.3,3.560
195.3,3.560
195.3,3.560
195.3,3.560
195.3,3.560
195.3,3.560
195.3,3.560
195.3,3.560
195.3,3.560
195.3,3.560
195.3,3.560
195.3,3.560
195.3,3.560
195.3,3.560
195.3,3.560
195.3,3.560
195.3,3.560
195.3,3.560
195.3,3.560
195.3,3.560
195.3,3.560
195.3,3.560
195.3,3.560
195.3,3.560
195.3,3.560
195.3,3.560
195.3,3.560
195.3,3.560
195.3,3.560
195.3,3.560
195.3,3.560
195.3,3.560
195.3,3.560
195.3,3.560
195.3,3.560
195.3,3.560
195.3,3.560
195.3,3.560
195.3,3.560
195.3,3.560
195.3,3.560
195.3,3.560
195.3,3.560
195.3,3.560
195.3,3.560
195.3,3.560
195.3,3.560
195.3,3.560
195.3,3.560
195.3,3.560
195.3,3.560
195.3,3.560
195.3,3.560
195.3,3.560
195.3,3.560
195.3,3.560
195.3,3.560
195.3,3.560
195.3,3.560
195.3,3.560
195.3,3.560
195.3,3.560
195.3,3.560
195.3,3.560
195.3,3.560
195.3,3.560
195.3,3.560
195.3,3.560
195.3,3.560
195.3,3.560
195.3,3.560
195.3,3.560
195.3,3.560
195.3,3.560
195.2,3.560
195.2,3.560
195.2,3.560
195.2,3.560
195.2,3.560
195.2,3.560
195.2,3.560
195.2,3.560
195.2,3.560
195.2,3.560
195.2,3.560
195.2,3.560
195.2,3.560
195.2,3.560
195.2,3.560
195.2,3.560
195.2,3.560
195.2,3.560
195.2,3.560
195.2,3.560
195.2,3.560
195.2,3.560
195.2,3.560
195.2,3.560
195.2,3.560
195.2,3.560
195.2,3.560
195.2,3.560
195.2,3.560
195.2,3.560
195.2,3.560
195.2,3.560
195.2,3.560
195.2,3.560
195.2,3.560
195.2,3.560
195.2,3.560
195.2,3.560
195.2,3.560
195.2,3.560
195.2,3.560
195.2,3.560
195.2,3.560
195.2,3.560
195.2,3.560
195.2,3.560
195.2,3.560
195.2,3.560
195.2,3.560
195.2,3.560
195.2,3.560
195.2,3.560
195.2,3.560
195.2,3.560
195.2,3.560
195.2,3.560
195.2,3.560
195.2,3.560
195.2,3.560
195.2,3.560
195.2,3.560
195.2,3.560
195.2,3.560
195.2,3.560
195.2,3.560
195.2,3.560
195.2,3.560
195.2,3.560
195.2,3.560
195.2,3.560
195.2,3.560
195.2,3.560
195.2,3.560
195.2,3.560
195.2,3.560
195.2,3.560
195.2,3.560
195.2,3.560
195.2,3.560
195.2,3.560
195.2,3.560
195.2,3.560
195.2,3.560
195.2,3.560
195.2,3.560
195.2,3.560
195.2,3.560
195.2,3.560
195.2,3.560
195.2,3.560
195.2,3.560
195.2,3.560
195.2,3.560
195.2,3.560
195.2,3.560
195.2,3.560
195.2,3.560
195.2,3.560
195.2,3.560
195.2,3.560
195.2,3.560
195.2,3.560
195.2,3.560
195.2,3.560
195.2,3.560
195.2,3.560
195.2,3.560
195.2,3.560
195.2,3.560
195.2,3.560
195.2,3.560
195.2,3.560
195.2,3.560
195.2,3.560
195.2,3.560
195.2,3.560
195.2,3.560
195.2,3.560
195.2,3.560
195.2,3.560
195.2,3.560
195.1,3.560
195.1,3.560
195.1,3.560
195.1,3.560
195.1,3.560
195.2,3.560
195.2,3.560
195.2,3.560
195.2,3.560
195.2,3.560
195.2,3.560
195.2,3.560
195.2,3.560
195.2,3.560
195.2,3.560
195.2,3.560
195.2,3.560
195.2,3.560
195.2,3.560
195.2,3.560
195.1,3.560
195.1,3.560
195.1,3.560
195.1,3.560
195.1,3.560
195.1,3.560
195.1,3.560
195.1,3.560
195.1,3.560
195.1,3.560
195.1,3.560
195.1,3.560
195.1,3.560
195.1,3.560
195.1,3.560
195.1,3.560
195.1,3.560
195.1,3.560
195.1,3.560
195.1,3.560
195.1,3.560
195.1,3.560
195.1,3.560
195.1,3.560
195.1,3.560
195.1,3.560
195.1,3.560
195.1,3.560
195.1,3.560
195.1,3.560
195.1,3.560
195.1,3.560
195.1,3.560
195.1,3.560
195.1,3.560
195.1,3.560
195.1,3.560
195.1,3.560
195.1,3.560
195.1,3.560
195.1,3.560
195.1,3.560
195.1,3.560
195.1,3.560
195.1,3.560
195.1,3.560
195.1,3.560
195.1,3.560
195.1,3.560
195.1,3.560
195.1,3.560
195.1,3.560
195.1,3.560
195.1,3.560
195.1,3.560
195.1,3.560
195.1,3.560
195.1,3.560
195.1,3.560
195.1,3.560
195.1,3.560
195.1,3.560
195.1,3.560
195.1,3.560
195.1,3.560
195.1,3.560
195.1,3.560
195.1,3.560
195.1,3.560
195.1,3.560
195.1,3.560
195.1,3.560
195.1,3.560
195.1,3.560
195.1,3.560
195.1,3.560
195.1,3.560
195.1,3.560
195.1,3.560
195.1,3.560
195.1,3.560
195.1,3.560
195.1,3.560
195.1,3.560
195.1,3.560
195.1,3.560
195.1,3.560
195.1,3.560
195.1,3.560
195.1,3.560
195.1,3.560
195.1,3.560
195.0,3.560
195.0,3.560
195.0,3.560
195.0,3.560
195.0,3.560
195.0,3.560
195.0,3.560
195.0,3.560
195.0,3.560
195.0,3.560
195.0,3.560
195.0,3.560
195.0,3.560
195.0,3.560
195.0,3.560
195.0,3.560
195.0,3.560
195.0,3.560
195.0,3.560
195.0,3.560
195.0,3.560
195.0,3.560
195.0,3.560
195.0,3.560
195.0,3.560
195.0,3.560
195.0,3.560
195.0,3.560
195.0,3.560
195.0,3.560
195.0,3.560
195.0,3.560
195.0,3.560
195.0,3.560
195.0,3.560
195.0,3.560
195.0,3.560
195.0,3.560
195.0,3.560
195.0,3.560
195.0,3.560
195.0,3.560
195.0,3.560
195.0,3.560
195.0,3.560
195.0,3.560
195.0,3.560
195.0,3.560
195.0,3.560
195.0,3.560
195.0,3.560
195.0,3.560
195.0,3.560
195.0,3.560
195.0,3.560
195.0,3.560
195.0,3.560
195.0,3.560
195.0,3.560
195.0,3.560
195.0,3.560
195.0,3.560
195.0,3.560
195.0,3.560
195.0,3.560
195.0,3.560
195.0,3.560
195.0,3.560
195.0,3.560
195.0,3.560
195.0,3.560
195.0,3.560
195.0,3.560
195.0,3.560
195.0,3.560
195.0,3.560
195.0,3.560
195.0,3.560
195.0,3.560
194.9,3.560
194.9,3.560
194.9,3.560
194.9,3.560
194.9,3.560
194.9,3.560
194.9,3.560
194.9,3.560
194.9,3.560
195.0,3.560
195.0,3.560
195.0,3.560
195.0,3.560
195.0,3.560
195.0,3.560
195.0,3.560
195.0,3.560
195.0,3.560
195.0,3.560
195.0,3.560
195.0,3.560
195.0,3.560
194.9,3.560
194.9,3.560
194.9,3.560
194.9,3.560
194.9,3.560
194.9,3.560
194.9,3.560
194.9,3.560
194.9,3.560
194.9,3.560
194.9,3.560
194.9,3.560
194.9,3.560
194.9,3.560
194.9,3.560
194.9,3.560
194.9,3.560
194.9,3.560
194.9,3.560
194.9,3.560
194.9,3.560
194.9,3.560
194.9,3.560
194.9,3.560
194.9,3.560
194.9,3.560
194.9,3.560
194.9,3.560
194.9,3.560
194.9,3.560
194.9,3.560
194.9,3.560
194.9,3.560
194.9,3.560
194.9,3.560
194.9,3.560
194.9,3.560
194.9,3.560
194.9,3.560
194.9,3.560
194.9,3.560
194.9,3.560
194.9,3.560
194.9,3.560
194.9,3.560
194.9,3.560
194.9,3.560
194.9,3.560
194.9,3.560
194.9,3.560
194.9,3.560
194.9,3.560
194.9,3.560
194.9,3.560
194.9,3.560
194.9,3.560
194.9,3.560
194.9,3.560
194.9,3.560
194.9,3.560
194.9,3.560
194.9,3.560
194.9,3.560
194.9,3.560
194.9,3.560
194.9,3.560
194.9,3.560
194.9,3.560
194.9,3.560
194.9,3.560
194.9,3.560
194.9,3.560
194.9,3.560
194.9,3.560
194.9,3.560
194.9,3.560
194.9,3.560
194.9,3.560
194.9,3.560
194.9,3.560
194.9,3.560
194.9,3.560
194.9,3.560
194.9,3.560
194.9,3.560
194.9,3.560
194.9,3.560
194.9,3.560
194.9,3.560
194.9,3.560
194.9,3.560
194.9,3.560
194.9,3.560
194.9,3.560
194.9,3.560
194.9,3.560
194.9,3.560
194.9,3.560
194.9,3.560
194.9,3.560
194.9,3.560
194.9,3.560
194.9,3.560
194.9,3.560
194.9,3.560
194.9,3.560
194.9,3.560
194.9,3.560
194.9,3.560
194.9,3.560
194.9,3.560
194.9,3.560
194.9,3.560
194.9,3.560
194.9,3.560
194.9,3.560
194.9,3.560
194.9,3.560
194.9,3.560
194.9,3.560
194.9,3.560
194.9,3.560
194.9,3.560
194.9,3.560
194.9,3.560
194.9,3.560
194.9,3.560
194.9,3.560
194.9,3.560
194.9,3.560
194.9,3.560
194.9,3.560
194.9,3.560
194.9,3.560
194.9,3.560
194.9,3.560
194.9,3.560
194.9,3.560
194.9,3.560
194.9,3.560
194.9,3.560
194.9,3.560
194.9,3.560
194.9,3.560
194.9,3.560
194.9,3.560
194.9,3.560
194.9,3.560
194.9,3.560
194.9,3.560
194.9,3.560
194.9,3.560
194.9,3.560
194.9,3.560
194.9,3.560
194.9,3.560
194.9,3.560
194.9,3.560
194.9,3.560
194.9,3.560
194.9,3.560
194.9,3.560
194.9,3.560
194.9,3.560
194.9,3.560
194.9,3.560
194.9,3.560
194.9,3.560
194.9,3.560
194.9,3.560
194.9,3.560
194.9,3.560
194.9,3.560
194.9,3.560
194.9,3.560
194.9,3.560
194.9,3.560
194.9,3.560
194.9,3.560
194.9,3.560
194.9,3.560
194.9,3.560
194.9,3.560
194.9,3.560
194.9,3.560
194.9,3.560
194.9,3.560
194.9,3.560
194.9,3.560
194.9,3.560
194.9,3.560
194.9,3.560
194.9,3.560
194.9,3.560
194.9,3.560
194.9,3.560
194.9,3.560
194.9,3.560
194.9,3.560
194.8,3.560
194.8,3.560
194.8,3.560
194.8,3.560
194.8,3.560
194.8,3.560
194.8,3.560
194.8,3.560
194.8,3.560
194.8,3.560
194.8,3.560
194.9,3.560
194.9,3.560
194.9,3.560
194.9,3.560
194.9,3.560
194.9,3.560
194.9,3.560
194.9,3.560
194.9,3.560
194.9,3.560
194.9,3.560
194.9,3.560
194.9,3.560
194.9,3.560
194.9,3.560
194.9,3.560
194.9,3.560
194.9,3.560
194.9,3.560
194.9,3.560
194.9,3.560
194.9,3.560
194.8,3.560
194.8,3.560
194.8,3.560
194.8,3.560
194.8,3.560
194.8,3.560
194.8,3.560
194.8,3.560
194.8,3.560
194.8,3.560
194.8,3.560
194.8,3.560
194.8,3.560
194.8,3.560
194.8,3.560
194.8,3.560
194.8,3.560
194.8,3.560
194.8,3.560
194.8,3.560
194.8,3.560
194.8,3.560
194.8,3.560
194.8,3.560
194.8,3.560
194.8,3.560
194.8,3.560
194.8,3.560
194.8,3.560
194.8,3.560
194.8,3.560
194.8,3.560
194.8,3.560
194.8,3.560
194.8,3.560
194.8,3.560
194.8,3.560
194.8,3.560
194.8,3.560
194.8,3.560
194.8,3.560
194.8,3.560
194.7,3.560
194.7,3.560
194.7,3.560
194.7,3.560
194.7,3.560
194.7,3.560
194.7,3.560
194.7,3.560
194.7,3.560
194.7,3.560
194.7,3.560
194.7,3.560
194.7,3.560
194.7,3.560
194.7,3.560
194.7,3.560
194.7,3.560
194.7,3.560
194.7,3.560
194.7,3.560
194.7,3.560
194.7,3.560
194.7,3.560
194.7,3.560
194.7,3.560
194.7,3.560
194.7,3.560
194.7,3.560
194.7,3.560
194.7,3.560
194.7,3.560
194.7,3.560
194.7,3.560
194.7,3.560
194.7,3.560
194.7,3.560
194.7,3.560
194.7,3.560
194.7,3.560
194.7,3.560
194.7,3.560
194.7,3.560
194.7,3.560
194.7,3.560
194.7,3.560
194.7,3.560
194.7,3.560
194.7,3.560
194.7,3.560
194.7,3.560
194.7,3.560
194.7,3.560
194.7,3.560
194.7,3.560
194.7,3.560
194.7,3.560
194.7,3.560
194.7,3.560
194.7,3.560
194.7,3.560
194.7,3.560
194.7,3.560
194.7,3.560
194.7,3.560
194.7,3.560
194.7,3.560
194.7,3.560
194.6,3.560
194.6,3.560
194.6,3.560
194.6,3.560
194.6,3.560
194.6,3.560
194.6,3.560
194.6,3.560
194.6,3.560
194.6,3.560
194.6,3.560
194.6,3.560
194.6,3.560
194.6,3.560
194.6,3.560
194.6,3.560
194.6,3.560
194.6,3.560
194.6,3.560
194.6,3.560
194.6,3.560
194.6,3.560
194.6,3.560
194.6,3.560
194.6,3.560
194.6,3.560
194.6,3.560
194.6,3.560
194.6,3.560
194.6,3.560
194.6,3.560
194.6,3.560
194.6,3.560
194.6,3.560
194.6,3.560
194.6,3.560
194.6,3.560
194.6,3.560
194.6,3.560
194.6,3.560
194.6,3.560
194.6,3.560
194.6,3.560
194.6,3.560
194.6,3.560
194.6,3.560
194.6,3.560
194.6,3.560
194.6,3.560
194.6,3.560
194.6,3.560
194.6,3.560
194.6,3.560
194.6,3.560
194.6,3.560
194.6,3.560
194.6,3.560
194.6,3.560
194.6,3.560
194.6,3.560
194.6,3.560
194.6,3.560
194.6,3.560
194.6,3.560
194.6,3.560
194.6,3.560
194.6,3.560
194.6,3.560
194.6,3.560
194.6,3.560
194.6,3.560
194.6,3.560
194.6,3.560
194.6,3.560
194.6,3.560
194.5,3.560
194.5,3.560
194.5,3.560
194.5,3.560
194.5,3.560
194.5,3.560
194.5,3.560
194.5,3.560
194.5,3.560
194.5,3.560
194.5,3.560
194.5,3.560
194.5,3.560
194.5,3.560
194.5,3.560
194.5,3.560
194.5,3.560
194.5,3.560
194.5,3.560
194.5,3.560
194.5,3.560
194.5,3.560
194.5,3.560
194.5,3.560
194.5,3.560
194.5,3.560
194.5,3.560
194.5,3.560
194.5,3.560
194.5,3.560
194.5,3.560
194.5,3.560
194.5,3.560
194.5,3.560
194.5,3.560
194.5,3.560
194.5,3.560
194.5,3.560
194.5,3.560
194.5,3.560
194.5,3.560
194.5,3.560
194.5,3.560
194.5,3.560
194.5,3.560
194.5,3.560
194.5,3.560
194.5,3.560
194.5,3.560
194.5,3.560
194.5,3.560
194.5,3.560
194.5,3.560
194.5,3.560
194.5,3.560
194.4,3.560
194.4,3.560
194.4,3.560
194.4,3.560
194.4,3.560
194.4,3.560
194.4,3.560
194.4,3.560
194.4,3.560
194.4,3.560
194.4,3.560
194.4,3.560
194.4,3.560
194.4,3.560
194.4,3.560
194.4,3.560
194.4,3.560
194.4,3.560
194.4,3.560
194.4,3.560
194.4,3.560
194.4,3.560
194.4,3.560
194.4,3.560
194.4,3.560
194.4,3.560
194.4,3.560
194.4,3.560
194.4,3.560
194.4,3.560
194.4,3.560
194.4,3.560
194.4,3.560
194.4,3.560
194.4,3.560
194.4,3.560
194.4,3.560
194.4,3.560
194.4,3.560
194.4,3.560
194.4,3.560
194.4,3.560
194.4,3.560
194.4,3.560
194.4,3.560
194.4,3.560
194.4,3.560
194.4,3.560
194.4,3.560
194.4,3.560
194.4,3.560
194.4,3.560
194.4,3.560
194.4,3.560
194.4,3.560
194.4,3.560
194.4,3.560
194.4,3.560
194.3,3.560
194.3,3.560
194.3,3.560
194.3,3.560
194.3,3.560
194.3,3.560
194.3,3.560
194.3,3.560
194.3,3.560
194.3,3.560
194.3,3.560
194.3,3.560
194.3,3.560
194.3,3.560
194.3,3.560
194.3,3.560
194.3,3.560
194.3,3.560
194.3,3.560
194.3,3.560
194.3,3.560
194.3,3.560
194.3,3.560
194.3,3.560
194.3,3.560
194.3,3.560
194.3,3.560
194.3,3.560
194.3,3.560
194.3,3.560
194.3,3.560
194.3,3.560
194.2,3.560
194.2,3.560
194.2,3.560
194.2,3.560
194.2,3.560
194.2,3.560
194.2,3.560
194.2,3.560
194.2,3.560
194.2,3.560
194.2,3.560
194.2,3.560
194.2,3.560
194.2,3.560
194.2,3.560
194.2,3.560
194.2,3.560
194.2,3.560
194.2,3.560
194.2,3.560
194.2,3.560
194.2,3.560
194.2,3.560
194.2,3.560
194.2,3.560
194.2,3.560
194.2,3.560
194.2,3.560
194.2,3.560
194.2,3.560
194.2,3.560
194.1,3.560
194.1,3.560
194.1,3.560
194.1,3.560
194.1,3.560
194.1,3.560
194.1,3.560
194.1,3.560
194.1,3.560
194.1,3.560
194.1,3.560
194.1,3.560
194.1,3.560
194.1,3.560
194.1,3.560
194.1,3.560
194.1,3.560
194.1,3.560
194.0,3.560
194.0,3.560
194.0,3.560
194.0,3.560
194.0,3.560
194.0,3.560
194.0,3.560
194.0,3.560
194.0,3.560
194.0,3.560
194.0,3.560
194.0,3.560
194.0,3.560
194.0,3.560
194.0,3.560
194.0,3.560
194.0,3.560
194.0,3.560
194.0,3.560
194.0,3.560
194.0,3.560
194.0,3.560
194.0,3.560
194.0,3.560
194.0,3.560
194.0,3.560
194.0,3.560
194.0,3.560
194.0,3.560
194.0,3.560
194.0,3.560
194.0,3.560
193.9,3.560
193.9,3.560
193.9,3.560
193.9,3.560
193.9,3.560
193.9,3.560
193.9,3.560
193.9,3.560
193.9,3.560
193.9,3.560
193.9,3.560
193.9,3.560
193.9,3.560
193.9,3.560
193.9,3.560
193.9,3.560
193.9,3.560
193.9,3.560
193.9,3.560
193.9,3.560
193.9,3.560
193.8,3.560
193.8,3.560
193.8,3.560
193.8,3.560
193.8,3.560
193.8,3.560
193.8,3.560
193.8,3.560
193.8,3.560
193.8,3.560
193.8,3.560
193.8,3.560
193.8,3.560
193.8,3.560
193.7,3.560
193.7,3.560
193.7,3.560
193.7,3.560
193.7,3.560
193.7,3.560
193.7,3.560
193.7,3.560
193.7,3.560
193.7,3.560
193.7,3.560
193.7,3.560
193.7,3.560
193.7,3.560
193.7,3.560
193.7,3.560
193.6,3.560
193.6,3.560
193.6,3.560
193.6,3.560
193.6,3.560
193.6,3.560
193.6,3.560
193.6,3.560
193.6,3.560
193.6,3.560
193.5,3.560
193.5,3.560
193.5,3.560
193.5,3.560
193.5,3.560
193.5,3.560
193.5,3.560
193.5,3.560
193.5,3.560
193.5,3.560
193.5,3.560
193.5,3.560
193.5,3.560
193.5,3.560
193.5,3.560
193.5,3.560
193.5,3.560
193.5,3.560
193.4,3.560
193.4,3.560
193.4,3.560
193.4,3.560
193.4,3.560
193.4,3.560
193.4,3.560
193.4,3.560
193.4,3.560
193.4,3.560
193.4,3.560
193.4,3.560
193.4,3.560
193.4,3.560
193.4,3.560
193.3,3.560
193.3,3.560
193.3,3.560
193.3,3.560
193.3,3.560
193.2,3.560
193.2,3.560
193.2,3.560
193.2,3.560
193.2,3.560
193.2,3.560
193.2,3.560
193.2,3.560
193.2,3.560
193.2,3.560
193.2,3.560
193.2,3.560
193.2,3.560
193.2,3.560
193.2,3.560
193.2,3.560
193.2,3.560
193.1,3.560
193.1,3.560
193.1,3.560
193.1,3.560
193.1,3.560
193.1,3.560
193.1,3.560
193.1,3.560
193.1,3.560
193.1,3.560
193.1,3.560
193.1,3.560
193.1,3.560
193.0,3.560
193.0,3.560
193.0,3.560
193.0,3.560
193.0,3.560
193.0,3.560
192.9,3.560
192.9,3.560
192.9,3.560
192.9,3.560
192.9,3.560
192.9,3.560
192.9,3.560
192.9,3.560
192.9,3.560
192.9,3.560
192.9,3.560
192.9,3.560
192.9,3.560
192.8,3.560
192.8,3.560
192.8,3.560
192.8,3.560
192.8,3.560
192.8,3.560
192.8,3.560
192.8,3.560
192.8,3.560
192.8,3.560
192.8,3.560
192.8,3.560
192.8,3.560
192.7,3.560
192.7,3.560
192.7,3.560
192.7,3.560
192.7,3.560
192.7,3.560
192.7,3.560
192.6,3.560
192.6,3.560
192.6,3.560
192.6,3.560
192.6,3.560
192.6,3.560
192.6,3.560
192.6,3.560
192.6,3.560
192.6,3.560
192.6,3.560
192.6,3.560
192.5,3.560
192.5,3.560
192.5,3.560
192.5,3.560
192.5,3.560
192.5,3.560
192.5,3.560
192.5,3.560
192.5,3.560
192.5,3.560
192.5,3.560
192.4,3.560
192.4,3.560
192.4,3.560
192.4,3.560
192.4,3.560
192.4,3.560
192.4,3.560
192.4,3.560
192.3,3.560
192.3,3.560
192.3,3.560
192.3,3.560
192.3,3.560
192.3,3.560
192.3,3.560
192.3,3.560
192.3,3.560
192.3,3.560
192.3,3.560
192.3,3.560
192.3,3.560
192.2,3.560
192.2,3.560
192.1,3.560
192.2,3.560
192.2,3.560
192.1,3.560
192.1,3.560
192.1,3.560
192.1,3.560
192.1,3.560
192.1,3.560
192.1,3.560
192.1,3.560
192.1,3.560
192.1,3.560
192.1,3.560
192.1,3.560
192.1,3.560
192.0,3.560
192.0,3.560
192.0,3.560
192.0,3.560
192.0,3.560
192.0,3.560
192.0,3.560
191.9,3.560
191.9,3.560
191.9,3.560
191.9,3.560
191.9,3.560
191.9,3.560
191.9,3.560
191.9,3.560
191.9,3.560
191.9,3.560
191.8,3.560
191.8,3.560
191.8,3.560
191.8,3.560
191.8,3.560
191.8,3.560
191.8,3.560
191.8,3.560
191.8,3.560
191.8,3.560
191.7,3.560
191.7,3.560
191.7,3.560
191.7,3.560
191.7,3.560
191.7,3.560
191.7,3.560
191.7,3.560
191.6,3.560
191.6,3.560
191.6,3.560
191.6,3.560
191.6,3.560
191.6,3.560
191.6,3.560
191.6,3.560
191.6,3.560
191.6,3.560
191.6,3.560
191.5,3.560
191.5,3.560
191.5,3.560
191.5,3.560
191.5,3.560
191.5,3.560
191.4,3.560
191.5,3.560
191.5,3.560
191.5,3.560
191.4,3.560
191.4,3.560
191.4,3.560
191.4,3.560
191.4,3.560
191.4,3.560
191.4,3.560
191.3,3.560
191.3,3.560
191.3,3.560
191.3,3.560
191.3,3.560
191.3,3.560
191.3,3.560
191.3,3.560
191.3,3.560
191.3,3.560
191.3,3.560
191.3,3.560
191.2,3.560
191.2,3.560
191.2,3.560
191.2,3.560
191.2,3.560
191.2,3.560
191.2,3.560
191.2,3.560
191.2,3.560
191.2,3.560
191.2,3.560
191.1,3.560
191.1,3.560
191.1,3.560
191.1,3.560
191.1,3.560
191.1,3.560
191.1,3.560
191.0,3.560
191.0,3.560
191.0,3.560
191.0,3.560
191.0,3.560
191.0,3.560
191.0,3.560
191.0,3.560
191.0,3.560
191.0,3.560
191.0,3.560
191.0,3.560
191.0,3.560
190.9,3.560
190.9,3.560
190.9,3.560
190.9,3.560
190.9,3.560
190.9,3.560
190.9,3.560
190.9,3.560
190.9,3.560
190.8,3.560
190.8,3.560
190.8,3.560
190.8,3.560
190.8,3.560
190.8,3.560
190.8,3.560
190.8,3.560
190.8,3.560
190.7,3.560
190.7,3.560
190.7,3.560
190.7,3.560
190.7,3.560
190.7,3.560
190.7,3.560
190.7,3.560
190.7,3.560
190.6,3.560
190.6,3.560
190.6,3.560
190.6,3.560
190.6,3.560
190.6,3.560
190.6,3.560
190.6,3.560
190.6,3.560
190.6,3.560
190.6,3.560
190.5,3.560
190.5,3.560
190.5,3.560
190.5,3.560
190.5,3.560
190.5,3.560
190.5,3.560
190.5,3.560
190.5,3.560
190.5,3.560
190.5,3.560
190.4,3.560
190.4,3.560
190.4,3.560
190.4,3.560
190.4,3.560
190.4,3.560
190.4,3.560
190.4,3.560
190.4,3.560
190.3,3.560
190.2,3.560
190.2,3.560
190.2,3.560
190.2,3.560
190.2,3.560
190.2,3.560
190.2,3.560
190.2,3.560
190.2,3.560
190.2,3.560
190.2,3.560
190.2,3.560
190.2,3.560
190.2,3.560
190.2,3.560
190.2,3.560
190.2,3.560
190.2,3.560
190.2,3.560
190.1,3.560
190.1,3.560
190.1,3.560
190.1,3.560
190.1,3.560
190.0,3.560
190.0,3.560
190.0,3.560
190.0,3.560
190.0,3.560
190.0,3.560
190.0,3.560
190.0,3.560
189.9,3.560
189.9,3.560
189.9,3.560
189.9,3.560
189.9,3.560
189.9,3.560
189.9,3.560
189.9,3.560
189.9,3.560
189.9,3.560
189.9,3.560
189.8,3.560
189.8,3.560
189.8,3.560
189.8,3.560
189.8,3.560
189.7,3.560
189.7,3.560
189.7,3.560
189.7,3.560
189.7,3.560
189.7,3.560
189.7,3.560
189.7,3.560
189.7,3.560
189.7,3.560
189.6,3.560
189.6,3.560
189.6,3.560
189.6,3.560
189.6,3.560
189.6,3.560
189.6,3.560
189.6,3.560
189.6,3.560
189.5,3.560
189.5,3.560
189.5,3.560
189.5,3.560
189.5,3.560
189.5,3.560
189.4,3.560
189.4,3.560
189.4,3.560
189.4,3.560
189.4,3.560
189.4,3.560
189.3,3.560
189.3,3.560
189.3,3.560
189.3,3.560
189.3,3.560
189.3,3.560
189.3,3.560
189.3,3.560
189.3,3.560
189.2,3.560
189.2,3.560
189.2,3.560
189.2,3.560
189.2,3.560
189.1,3.560
189.1,3.560
189.1,3.560
189.1,3.560
189.1,3.560
189.1,3.560
189.1,3.560
189.1,3.560
189.1,3.560
189.1,3.560
189.0,3.560
189.0,3.560
189.0,3.560
189.0,3.560
189.0,3.560
189.0,3.560
189.0,3.560
189.0,3.560
189.0,3.560
188.9,3.560
188.9,3.560
188.9,3.560
188.9,3.560
188.9,3.560
188.9,3.560
188.9,3.560
188.9,3.560
188.9,3.560
188.8,3.560
188.8,3.560
188.8,3.560
188.8,3.560
188.7,3.560
188.7,3.560
188.7,3.560
188.7,3.560
188.7,3.560
188.7,3.560
188.7,3.555
188.7,3.555
188.6,3.555
188.5,3.555
188.5,3.555
188.5,3.555
188.5,3.555
188.5,3.555
188.5,3.555
188.5,3.555
188.5,3.555
188.5,3.555
188.4,3.555
188.4,3.555
188.4,3.555
188.4,3.555
188.4,3.555
188.4,3.555
188.4,3.555
188.4,3.555
188.3,3.555
188.3,3.555
188.2,3.555
188.2,3.555
188.2,3.555
188.1,3.555
188.1,3.555
188.1,3.555
188.1,3.555
188.1,3.555
188.1,3.555
188.1,3.555
188.1,3.555
188.1,3.555
188.1,3.555
188.1,3.555
188.1,3.555
188.1,3.555
188.1,3.555
188.0,3.555
188.0,3.555
188.0,3.555
188.0,3.555
188.0,3.555
187.9,3.555
187.9,3.555
187.9,3.555
187.8,3.555
187.8,3.555
187.9,3.555
187.9,3.555
187.8,3.555
187.8,3.555
187.8,3.555
187.8,3.555
187.8,3.555
187.8,3.555
187.8,3.555
187.6,3.555
187.7,3.555
187.7,3.555
187.6,3.555
187.6,3.555
187.6,3.555
187.6,3.555
187.6,3.555
187.5,3.555
187.5,3.555
187.5,3.555
187.4,3.555
187.4,3.555
187.4,3.555
187.4,3.555
187.4,3.555
187.4,3.555
187.4,3.555
187.4,3.555
187.3,3.555
187.3,3.555
187.3,3.555
187.3,3.555
187.3,3.555
187.3,3.555
187.3,3.555
187.2,3.555
187.2,3.555
187.2,3.555
187.2,3.555
187.2,3.555
187.1,3.555
187.2,3.555
187.2,3.555
187.2,3.555
187.2,3.555
187.1,3.555
187.1,3.555
187.1,3.555
187.1,3.555
187.0,3.555
186.9,3.555
186.9,3.555
186.9,3.555
186.9,3.555
186.9,3.555
186.8,3.555
186.9,3.555
186.9,3.555
186.9,3.555
186.9,3.555
186.8,3.555
186.8,3.555
186.8,3.555
186.8,3.555
186.7,3.555
186.7,3.555
186.7,3.555
186.7,3.555
186.7,3.555
186.7,3.555
186.7,3.555
186.6,3.555
186.6,3.555
186.6,3.555
186.6,3.555
186.5,3.555
186.5,3.555
186.5,3.555
186.5,3.555
186.5,3.555
186.5,3.555
186.5,3.555
186.4,3.555
186.4,3.555
186.4,3.555
186.4,3.555
186.3,3.555
186.3,3.555
186.3,3.555
186.3,3.555
186.3,3.555
186.2,3.555
186.2,3.555
186.2,3.555
186.2,3.555
186.2,3.555
186.2,3.555
186.2,3.555
186.2,3.555
186.2,3.555
186.1,3.555
186.1,3.555
186.0,3.555
186.1,3.555
186.0,3.555
186.0,3.555
186.0,3.555
186.0,3.555
186.0,3.555
185.9,3.555
185.9,3.555
185.9,3.555
185.9,3.555
185.8,3.555
185.8,3.555
185.8,3.555
185.8,3.555
185.8,3.555
185.7,3.555
185.7,3.555
185.8,3.555
185.7,3.555
185.7,3.555
185.6,3.555
185.6,3.555
185.6,3.555
185.6,3.555
185.5,3.555
185.6,3.555
185.6,3.555
185.5,3.555
185.5,3.555
185.5,3.555
185.5,3.555
185.4,3.555
185.4,3.555
185.4,3.555
185.3,3.555
185.3,3.555
185.3,3.555
185.3,3.555
185.2,3.555
185.2,3.555
185.2,3.555
185.2,3.555
185.2,3.555
185.2,3.555
185.2,3.555
185.2,3.555
185.1,3.555
185.1,3.555
185.0,3.555
185.0,3.555
185.0,3.555
185.0,3.555
185.0,3.555
185.0,3.555
185.0,3.555
185.0,3.555
185.0,3.555
185.0,3.555
185.0,3.555
184.9,3.555
184.9,3.555
184.9,3.555
184.8,3.555
184.8,3.555
184.7,3.555
184.7,3.555
184.7,3.555
184.7,3.555
184.7,3.555
184.7,3.555
184.7,3.555
184.7,3.555
184.6,3.555
184.5,3.555
184.5,3.555
184.5,3.555
184.4,3.555
184.4,3.555
184.4,3.555
184.4,3.555
184.4,3.555
184.4,3.555
184.3,3.555
184.4,3.555
184.3,3.555
184.2,3.555
184.2,3.555
184.2,3.555
184.2,3.555
184.2,3.555
184.1,3.555
184.1,3.555
184.1,3.555
184.1,3.555
184.0,3.555
184.1,3.555
184.1,3.555
184.1,3.555
184.1,3.555
184.0,3.555
184.0,3.555
184.0,3.555
184.0,3.555
184.0,3.555
184.0,3.555
183.8,3.555
183.8,3.550
183.8,3.550
183.7,3.550
183.7,3.550
183.7,3.550
183.7,3.550
183.7,3.550
183.7,3.550
183.7,3.550
183.7,3.550
183.7,3.550
183.5,3.550
183.5,3.550
183.5,3.550
183.4,3.550
183.4,3.550
183.4,3.550
183.4,3.550
183.4,3.550
183.4,3.550
183.4,3.550
183.3,3.550
183.3,3.550
183.2,3.550
183.2,3.550
183.1,3.550
183.1,3.550
183.1,3.550
183.1,3.550
183.1,3.550
183.1,3.550
183.1,3.550
183.0,3.550
183.0,3.550
182.9,3.550
182.9,3.550
182.9,3.550
182.9,3.550
182.9,3.550
182.9,3.550
182.9,3.550
182.9,3.550
182.9,3.550
182.9,3.550
182.8,3.550
182.8,3.550
182.7,3.550
182.7,3.550
182.7,3.550
182.7,3.550
182.6,3.550
182.6,3.550
182.6,3.550
182.6,3.550
182.5,3.550
182.5,3.550
182.5,3.550
182.5,3.550
182.4,3.550
182.4,3.550
182.4,3.550
182.3,3.550
182.3,3.550
182.3,3.550
182.3,3.550
182.3,3.550
182.2,3.550
182.2,3.550
182.2,3.550
182.2,3.550
182.1,3.550
182.1,3.550
182.1,3.550
182.1,3.550
182.1,3.550
182.0,3.550
182.0,3.550
182.0,3.550
182.0,3.550
182.0,3.550
182.0,3.550
182.0,3.550
182.0,3.550
181.9,3.550
181.9,3.550
181.9,3.550
181.8,3.550
181.8,3.550
181.7,3.550
181.7,3.550
181.7,3.550
181.7,3.550
181.7,3.550
181.7,3.550
181.7,3.550
181.7,3.550
181.6,3.550
181.6,3.550
181.5,3.550
181.5,3.550
181.5,3.550
181.5,3.550
181.4,3.550
181.5,3.550
181.5,3.550
181.5,3.550
181.4,3.550
181.3,3.550
181.3,3.550
181.3,3.550
181.2,3.550
181.2,3.550
181.2,3.550
181.2,3.550
181.2,3.550
181.1,3.550
181.1,3.550
181.1,3.550
181.1,3.550
181.1,3.550
181.0,3.550
181.0,3.550
181.0,3.550
181.0,3.550
180.9,3.550
180.9,3.550
180.9,3.550
180.9,3.550
180.9,3.550
180.8,3.550
180.8,3.550
180.8,3.550
180.7,3.550
180.7,3.550
180.7,3.550
180.7,3.550
180.7,3.550
180.6,3.550
180.6,3.550
180.6,3.550
180.6,3.550
180.5,3.550
180.5,3.550
180.5,3.550
180.5,3.550
180.5,3.550
180.4,3.550
180.4,3.550
180.4,3.550
180.3,3.550
180.3,3.550
180.3,3.550
180.3,3.550
180.3,3.550
180.3,3.550
180.3,3.550
180.3,3.550
180.3,3.550
180.3,3.550
180.2,3.550
180.1,3.550
180.2,3.550
180.1,3.550
180.1,3.550
180.0,3.550
180.0,3.550
180.0,3.550
180.0,3.550
179.9,3.550
179.9,3.550
179.9,3.550
179.9,3.550
179.9,3.550
179.8,3.550
179.8,3.550
179.8,3.550
179.8,3.550
179.8,3.550
179.7,3.550
179.6,3.550
179.6,3.550
179.6,3.550
179.6,3.550
179.5,3.550
179.5,3.550
179.5,3.550
179.5,3.550
179.5,3.550
179.5,3.550
179.5,3.550
179.5,3.550
179.4,3.550
179.4,3.550
179.3,3.550
179.3,3.550
179.3,3.550
179.3,3.550
179.3,3.550
179.3,3.550
179.3,3.550
179.3,3.550
179.3,3.550
179.3,3.550
179.3,3.550
179.2,3.550
179.2,3.550
179.2,3.550
179.1,3.550
179.1,3.550
179.0,3.550
179.0,3.550
178.9,3.550
178.9,3.550
178.9,3.550
178.9,3.550
178.9,3.550
178.9,3.550
178.8,3.550
178.8,3.550
178.8,3.550
178.8,3.550
178.7,3.550
178.7,3.550
178.7,3.550
178.6,3.550
178.6,3.550
178.6,3.550
178.5,3.550
178.5,3.545
178.5,3.545
178.5,3.545
178.5,3.545
178.5,3.545
178.5,3.545
178.4,3.545
178.5,3.545
178.4,3.545
178.4,3.545
178.3,3.545
178.3,3.545
178.3,3.545
178.3,3.545
178.3,3.545
178.3,3.545
178.2,3.545
178.2,3.545
178.2,3.545
178.2,3.545
178.1,3.545
178.1,3.545
178.1,3.545
178.1,3.545
178.0,3.545
178.0,3.545
177.9,3.545
177.9,3.545
177.9,3.545
177.9,3.545
177.9,3.545
177.8,3.545
177.8,3.545
177.7,3.545
177.7,3.545
177.7,3.545
177.7,3.545
177.7,3.545
177.7,3.545
177.7,3.545
177.7,3.545
177.7,3.545
177.6,3.545
177.6,3.545
177.5,3.545
177.5,3.545
177.4,3.545
177.4,3.545
177.3,3.545
177.3,3.545
177.3,3.545
177.3,3.545
177.3,3.545
177.3,3.545
177.3,3.545
177.2,3.545
177.2,3.545
177.1,3.545
177.1,3.545
177.1,3.545
177.1,3.545
177.0,3.545
177.0,3.545
177.0,3.545
177.0,3.545
177.0,3.545
176.9,3.545
176.9,3.545
176.9,3.545
176.9,3.545
176.8,3.545
176.8,3.545
176.8,3.545
176.7,3.545
176.7,3.545
176.7,3.545
176.7,3.545
176.7,3.545
176.7,3.545
176.7,3.545
176.6,3.545
176.5,3.545
176.5,3.545
176.5,3.545
176.4,3.545
176.4,3.545
176.3,3.545
176.3,3.545
176.3,3.545
176.3,3.545
176.3,3.545
176.2,3.545
176.2,3.545
176.2,3.545
176.2,3.545
176.1,3.545
176.1,3.545
176.1,3.545
176.1,3.545
176.0,3.545
176.0,3.545
176.0,3.545
175.9,3.545
175.9,3.545
175.9,3.545
175.9,3.545
175.8,3.545
175.8,3.545
175.8,3.545
175.7,3.545
175.7,3.545
175.7,3.545
175.6,3.545
175.6,3.545
175.6,3.545
175.5,3.545
175.5,3.545
175.5,3.545
175.4,3.545
175.4,3.545
175.4,3.545
175.4,3.545
175.4,3.545
175.3,3.545
175.3,3.545
175.2,3.545
175.2,3.545
175.2,3.545
175.1,3.545
175.1,3.545
175.1,3.545
175.1,3.545
175.1,3.545
175.0,3.545
175.0,3.545
175.0,3.545
174.9,3.545
174.9,3.545
174.9,3.545
174.9,3.545
174.8,3.545
174.8,3.545
174.7,3.545
174.7,3.545
174.7,3.545
174.7,3.545
174.6,3.545
174.6,3.545
174.5,3.545
174.5,3.545
174.5,3.545
174.4,3.545
174.4,3.545
174.4,3.545
174.4,3.545
174.3,3.545
174.3,3.545
174.3,3.545
174.2,3.545
174.2,3.545
174.2,3.545
174.1,3.545
174.1,3.545
174.1,3.545
174.1,3.545
174.0,3.545
174.0,3.545
174.0,3.545
173.9,3.545
173.9,3.545
173.9,3.545
173.8,3.545
173.8,3.545
173.8,3.545
173.8,3.545
173.7,3.545
173.7,3.545
173.7,3.545
173.6,3.545
173.6,3.545
173.5,3.545
173.5,3.545
173.4,3.545
173.4,3.545
173.4,3.545
173.4,3.545
173.4,3.545
173.3,3.545
173.3,3.545
173.3,3.545
173.3,3.545
173.2,3.545
173.2,3.540
173.1,3.540
173.1,3.540
173.0,3.540
173.0,3.540
172.9,3.540
172.9,3.540
172.9,3.540
172.9,3.540
172.8,3.540
172.8,3.540
172.8,3.540
172.7,3.540
172.7,3.540
172.7,3.540
172.6,3.540
172.6,3.540
172.6,3.540
172.5,3.540
172.5,3.540
172.5,3.540
172.4,3.540
172.4,3.540
172.4,3.540
172.4,3.540
172.4,3.540
172.3,3.540
172.2,3.540
172.2,3.540
172.2,3.540
172.1,3.540
172.1,3.540
172.1,3.540
172.0,3.540
172.0,3.540
172.0,3.540
172.0,3.540
171.9,3.540
171.9,3.540
171.9,3.540
171.8,3.540
171.8,3.540
171.8,3.540
171.8,3.540
171.7,3.540
171.7,3.540
171.6,3.540
171.6,3.540
171.6,3.540
171.5,3.540
171.5,3.540
171.5,3.540
171.4,3.540
171.4,3.540
171.3,3.540
171.3,3.540
171.3,3.540
171.3,3.540
171.2,3.540
171.2,3.540
171.1,3.540
171.1,3.540
171.1,3.540
171.0,3.540
171.0,3.540
171.0,3.540
171.0,3.540
170.9,3.540
170.9,3.540
170.8,3.540
170.8,3.540
170.8,3.540
170.7,3.540
170.7,3.540
170.6,3.540
170.6,3.540
170.6,3.540
170.6,3.540
170.5,3.540
170.5,3.540
170.5,3.540
170.4,3.540
170.4,3.540
170.4,3.540
170.4,3.540
170.3,3.540
170.3,3.540
170.3,3.540
170.3,3.540
170.2,3.540
170.2,3.540
170.1,3.540
170.0,3.540
170.0,3.540
169.9,3.540
169.9,3.540
169.9,3.540
169.9,3.540
169.9,3.540
169.8,3.540
169.8,3.540
169.8,3.540
169.7,3.540
169.7,3.540
169.7,3.540
169.6,3.540
169.6,3.540
169.5,3.540
169.5,3.540
169.4,3.540
169.4,3.540
169.4,3.540
169.3,3.540
169.3,3.540
169.3,3.540
169.3,3.540
169.2,3.540
169.2,3.540
169.1,3.540
169.1,3.540
169.1,3.540
169.0,3.540
169.0,3.540
169.0,3.540
168.9,3.540
168.9,3.540
168.8,3.540
168.8,3.540
168.8,3.540
168.7,3.540
168.7,3.540
168.6,3.540
168.6,3.540
168.6,3.540
168.6,3.540
168.6,3.540
168.5,3.540
168.5,3.540
168.5,3.540
168.4,3.540
168.4,3.540
168.3,3.540
168.3,3.540
168.3,3.540
168.2,3.540
168.2,3.540
168.2,3.540
168.1,3.540
168.1,3.540
168.0,3.540
168.0,3.540
168.0,3.540
167.9,3.540
167.9,3.540
167.8,3.535
167.8,3.535
167.7,3.535
167.7,3.535
167.7,3.535
167.7,3.535
167.6,3.535
167.6,3.535
167.5,3.535
167.5,3.535
167.5,3.535
167.4,3.535
167.4,3.535
167.3,3.535
167.3,3.535
167.2,3.535
167.2,3.535
167.2,3.535
167.2,3.535
167.1,3.535
167.1,3.535
167.0,3.535
167.0,3.535
166.9,3.535
166.9,3.535
166.9,3.535
166.8,3.535
166.8,3.535
166.8,3.535
166.8,3.535
166.7,3.535
166.6,3.535
166.6,3.535
166.6,3.535
166.5,3.535
166.5,3.535
166.4,3.535
166.4,3.535
166.3,3.535
166.3,3.535
166.2,3.535
166.2,3.535
166.2,3.535
166.1,3.535
166.1,3.535
166.0,3.535
166.0,3.535
166.0,3.535
165.9,3.535
165.9,3.535
165.9,3.535
165.8,3.535
165.8,3.535
165.7,3.535
165.7,3.535
165.6,3.535
165.6,3.535
165.6,3.535
165.5,3.535
165.5,3.535
165.4,3.535
165.4,3.535
165.3,3.535
165.3,3.535
165.3,3.535
165.3,3.535
165.2,3.535
165.2,3.535
165.1,3.535
165.1,3.535
165.1,3.535
165.0,3.535
165.0,3.535
165.0,3.535
164.9,3.535
164.9,3.535
164.8,3.535
164.8,3.535
164.7,3.535
164.7,3.535
164.6,3.535
164.6,3.535
164.6,3.535
164.5,3.535
164.5,3.535
164.5,3.535
164.4,3.535
164.4,3.535
164.3,3.535
164.3,3.535
164.2,3.535
164.2,3.535
164.1,3.535
164.1,3.535
164.1,3.535
164.0,3.535
164.0,3.535
164.0,3.535
163.9,3.535
163.9,3.535
163.9,3.535
163.8,3.535
163.8,3.535
163.7,3.535
163.6,3.535
163.6,3.535
163.6,3.535
163.5,3.535
163.5,3.535
163.5,3.535
163.4,3.535
163.4,3.535
163.3,3.535
163.3,3.535
163.2,3.535
163.1,3.535
163.1,3.535
163.0,3.535
163.0,3.535
163.0,3.535
163.0,3.535
162.9,3.535
162.9,3.535
162.9,3.535
162.8,3.535
162.8,3.535
162.8,3.530
162.7,3.530
162.7,3.530
162.6,3.530
162.6,3.530
162.5,3.530
162.5,3.530
162.4,3.530
162.4,3.530
162.4,3.530
162.3,3.530
162.3,3.530
162.2,3.530
162.2,3.530
162.2,3.530
162.1,3.530
162.1,3.530
162.0,3.530
162.0,3.530
162.0,3.530
161.9,3.530
161.9,3.530
161.8,3.530
161.8,3.530
161.8,3.530
161.7,3.530
161.7,3.530
161.6,3.530
161.6,3.530
161.5,3.530
161.5,3.530
161.4,3.530
161.4,3.530
161.3,3.530
161.3,3.530
161.3,3.530
161.3,3.530
161.2,3.530
161.2,3.530
161.1,3.530
161.1,3.530
161.0,3.530
161.0,3.530
161.0,3.530
160.9,3.530
160.9,3.530
160.8,3.530
160.8,3.530
160.8,3.530
160.7,3.530
160.7,3.530
160.7,3.530
160.6,3.530
160.6,3.530
160.5,3.530
160.5,3.530
160.4,3.530
160.4,3.530
160.4,3.530
160.3,3.530
160.3,3.530
160.2,3.530
160.2,3.530
160.2,3.530
160.1,3.530
160.1,3.530
160.1,3.530
160.0,3.530
160.0,3.530
159.9,3.530
159.9,3.530
159.9,3.530
159.9,3.530
159.8,3.530
159.7,3.530
159.7,3.530
159.7,3.530
159.6,3.530
159.6,3.530
159.5,3.530
159.5,3.530
159.5,3.530
159.4,3.530
159.4,3.530
159.3,3.530
159.3,3.530
159.2,3.530
159.2,3.530
159.2,3.530
159.1,3.530
159.1,3.530
159.1,3.530
159.0,3.530
159.0,3.530
159.0,3.530
158.9,3.530
158.9,3.530
158.9,3.530
158.8,3.530
158.8,3.530
158.8,3.530
158.8,3.530
158.7,3.530
158.7,3.530
158.6,3.530
158.6,3.530
158.5,3.530
158.5,3.530
158.4,3.530
158.4,3.530
158.3,3.530
158.3,3.530
158.2,3.530
158.2,3.530
158.1,3.530
158.1,3.530
158.1,3.530
158.0,3.530
158.0,3.530
158.0,3.530
157.9,3.530
157.9,3.530
157.9,3.530
157.8,3.530
157.8,3.530
157.8,3.530
157.7,3.530
157.6,3.530
157.6,3.530
157.6,3.530
157.5,3.530
157.5,3.530
157.4,3.525
157.4,3.525
157.4,3.525
157.4,3.525
157.3,3.525
157.3,3.525
157.3,3.525
157.3,3.525
157.2,3.525
157.2,3.525
157.1,3.525
157.1,3.525
157.0,3.525
157.0,3.525
156.9,3.525
156.9,3.525
156.9,3.525
156.9,3.525
156.8,3.525
156.8,3.525
156.7,3.525
156.7,3.525
156.7,3.525
156.6,3.525
156.6,3.525
156.5,3.525
156.5,3.525
156.5,3.525
156.4,3.525
156.4,3.525
156.3,3.525
156.3,3.525
156.2,3.525
156.2,3.525
156.2,3.525
156.1,3.525
156.1,3.525
156.1,3.525
156.0,3.525
156.0,3.525
156.0,3.525
155.9,3.525
155.9,3.525
155.8,3.525
155.8,3.525
155.7,3.525
155.7,3.525
155.7,3.525
155.6,3.525
155.6,3.525
155.6,3.525
155.6,3.525
155.5,3.525
155.4,3.525
155.4,3.525
155.4,3.525
155.4,3.525
155.3,3.525
155.3,3.525
155.3,3.525
155.2,3.525
155.2,3.525
155.1,3.525
155.1,3.525
155.0,3.525
154.9,3.525
154.9,3.525
154.9,3.525
154.8,3.525
154.8,3.525
154.8,3.525
154.8,3.525
154.7,3.525
154.7,3.525
154.7,3.525
154.6,3.525
154.6,3.525
154.5,3.525
154.5,3.525
154.5,3.525
154.4,3.525
154.4,3.525
154.3,3.525
154.3,3.525
154.3,3.525
154.3,3.525
154.2,3.525
154.2,3.525
154.2,3.525
154.1,3.525
154.1,3.525
154.1,3.525
154.0,3.525
154.0,3.525
153.9,3.525
153.9,3.525
153.9,3.525
153.8,3.525
153.8,3.525
153.7,3.525
153.7,3.525
153.7,3.525
153.6,3.525
153.6,3.525
153.5,3.525
153.5,3.525
153.4,3.525
153.4,3.525
153.4,3.525
153.4,3.525
153.3,3.525
153.3,3.525
153.2,3.525
153.2,3.525
153.1,3.525
153.1,3.525
153.1,3.525
153.0,3.525
153.0,3.525
153.0,3.525
153.0,3.525
153.0,3.525
152.9,3.525
152.9,3.525
152.9,3.525
152.8,3.525
152.8,3.525
152.7,3.525
152.7,3.525
152.7,3.525
152.6,3.525
152.6,3.525
152.6,3.525
152.5,3.525
152.5,3.525
152.5,3.525
152.5,3.525
152.4,3.525
152.3,3.525
152.3,3.525
152.2,3.525
152.2,3.525
152.2,3.525
152.1,3.525
152.1,3.525
152.1,3.520
152.1,3.520
152.0,3.520
152.0,3.520
151.9,3.520
151.9,3.520
151.9,3.520
151.8,3.520
151.8,3.520
151.7,3.520
151.7,3.520
151.7,3.520
151.6,3.520
151.6,3.520
151.5,3.520
151.5,3.520
151.5,3.520
151.4,3.520
151.4,3.520
151.4,3.520
151.3,3.520
151.3,3.520
151.3,3.520
151.2,3.520
151.2,3.520
151.1,3.520
151.1,3.520
151.1,3.520
151.0,3.520
151.0,3.520
150.9,3.520
150.9,3.520
150.9,3.520
150.8,3.520
150.8,3.520
150.7,3.520
150.7,3.520
150.7,3.520
150.7,3.520
150.6,3.520
150.6,3.520
150.6,3.520
150.6,3.520
150.5,3.520
150.5,3.520
150.4,3.520
150.4,3.520
150.4,3.520
150.3,3.520
150.3,3.520
150.2,3.520
150.2,3.520
150.2,3.520
150.2,3.520
150.1,3.520
150.1,3.520
150.0,3.520
150.0,3.520
149.9,3.520
149.8,3.520
149.8,3.520
149.8,3.520
149.8,3.520
149.7,3.520
149.7,3.520
149.7,3.520
149.6,3.520
149.6,3.520
149.6,3.520
149.5,3.520
149.4,3.520
149.4,3.520
149.4,3.520
149.4,3.520
149.3,3.520
149.3,3.520
149.3,3.520
149.2,3.520
149.2,3.520
149.1,3.520
149.1,3.520
149.1,3.520
149.1,3.520
149.0,3.520
149.0,3.520
149.0,3.520
149.0,3.520
148.9,3.520
148.9,3.520
148.8,3.520
148.8,3.520
148.7,3.520
148.7,3.520
148.7,3.520
148.6,3.520
148.6,3.520
148.6,3.520
148.6,3.520
148.5,3.520
148.5,3.520
148.5,3.520
148.4,3.520
148.4,3.520
148.4,3.520
148.3,3.520
148.3,3.520
148.3,3.520
148.2,3.520
148.2,3.520
148.2,3.520
148.1,3.520
148.1,3.520
148.1,3.520
148.0,3.520
148.0,3.520
147.9,3.520
147.9,3.520
147.9,3.520
147.8,3.520
147.8,3.520
147.8,3.520
147.7,3.520
147.7,3.520
147.6,3.520
147.6,3.520
147.5,3.520
147.5,3.520
147.5,3.520
147.5,3.520
147.4,3.520
147.4,3.520
147.4,3.520
147.4,3.520
147.3,3.520
147.3,3.520
147.2,3.520
147.2,3.520
147.2,3.520
147.2,3.520
147.2,3.520
147.1,3.520
147.2,3.520
147.1,3.520
147.0,3.520
147.0,3.520
146.9,3.520
146.9,3.520
146.9,3.520
146.9,3.520
146.8,3.520
146.8,3.520
146.8,3.515
146.8,3.515
146.7,3.515
146.7,3.515
146.7,3.515
146.6,3.515
146.6,3.515
146.6,3.515
146.5,3.515
146.5,3.515
146.5,3.515
146.5,3.515
146.5,3.515
146.4,3.515
146.4,3.515
146.4,3.515
146.3,3.515
146.2,3.515
146.2,3.515
146.2,3.515
146.2,3.515
146.2,3.515
146.1,3.515
146.1,3.515
146.1,3.515
146.0,3.515
146.0,3.515
145.9,3.515
145.9,3.515
145.9,3.515
145.8,3.515
145.8,3.515
145.8,3.515
145.7,3.515
145.7,3.515
145.7,3.515
145.6,3.515
145.6,3.515
145.6,3.515
145.6,3.515
145.5,3.515
145.5,3.515
145.4,3.515
145.4,3.515
145.4,3.515
145.4,3.515
145.3,3.515
145.3,3.515
145.2,3.515
145.2,3.515
145.2,3.515
145.1,3.515
145.1,3.515
145.1,3.515
145.1,3.515
145.1,3.515
145.0,3.515
145.0,3.515
145.0,3.515
144.9,3.515
144.9,3.515
144.8,3.515
144.8,3.515
144.8,3.515
144.8,3.515
144.7,3.515
144.7,3.515
144.7,3.515
144.7,3.515
144.6,3.515
144.6,3.515
144.6,3.515
144.5,3.515
144.5,3.515
144.4,3.515
144.4,3.515
144.4,3.515
144.3,3.515
144.3,3.515
144.3,3.515
144.3,3.515
144.2,3.515
144.2,3.515
144.2,3.515
144.1,3.515
144.1,3.515
144.1,3.515
144.0,3.515
144.0,3.515
144.0,3.515
143.9,3.515
143.9,3.515
143.9,3.515
143.8,3.515
143.8,3.515
143.7,3.515
143.7,3.515
143.7,3.515
143.6,3.515
143.6,3.515
143.6,3.515
143.5,3.515
143.5,3.515
143.5,3.515
143.4,3.515
143.4,3.515
143.3,3.515
143.3,3.515
143.3,3.515
143.2,3.515
143.2,3.515
143.1,3.515
143.1,3.515
143.1,3.515
143.0,3.515
143.0,3.515
142.9,3.515
142.9,3.515
142.8,3.515
142.8,3.515
142.8,3.515
142.7,3.515
142.7,3.515
142.6,3.515
142.6,3.515
142.6,3.515
142.5,3.515
142.5,3.515
142.5,3.515
142.4,3.515
142.4,3.515
142.3,3.515
142.3,3.515
142.3,3.515
142.2,3.515
142.2,3.515
142.2,3.515
142.1,3.515
142.1,3.515
142.0,3.515
142.0,3.515
142.0,3.515
141.9,3.515
141.9,3.515
141.8,3.515
141.8,3.515
141.7,3.515
141.7,3.515
141.7,3.515
141.6,3.515
141.6,3.515
141.6,3.515
141.5,3.515
141.5,3.515
141.4,3.515
141.4,3.515
141.3,3.515
141.3,3.510
141.2,3.510
141.2,3.510
141.2,3.510
141.1,3.510
141.1,3.510
141.0,3.510
141.0,3.510
141.0,3.510
140.9,3.510
140.9,3.510
140.8,3.510
140.8,3.510
140.8,3.510
140.7,3.510
140.7,3.510
140.6,3.510
140.5,3.510
140.5,3.510
140.5,3.510
140.4,3.510
140.4,3.510
140.3,3.510
140.3,3.510
140.3,3.510
140.2,3.510
140.2,3.510
140.2,3.510
140.1,3.510
140.1,3.510
140.0,3.510
140.0,3.510
139.9,3.510
139.9,3.510
139.8,3.510
139.8,3.510
139.8,3.510
139.7,3.510
139.7,3.510
139.6,3.510
139.6,3.510
139.5,3.510
139.5,3.510
139.4,3.510
139.4,3.510
139.3,3.510
139.3,3.510
139.2,3.510
139.2,3.510
139.1,3.510
139.1,3.510
139.0,3.510
139.0,3.510
138.9,3.510
138.9,3.510
138.8,3.510
138.8,3.510
138.8,3.510
138.7,3.510
138.7,3.510
138.7,3.510
138.6,3.510
138.6,3.510
138.5,3.510
138.4,3.510
138.4,3.510
138.3,3.510
138.3,3.510
138.2,3.510
138.2,3.510
138.2,3.510
138.1,3.510
138.0,3.510
138.0,3.510
137.9,3.510
137.9,3.510
137.8,3.510
137.8,3.510
137.7,3.510
137.7,3.510
137.7,3.510
137.6,3.510
137.5,3.510
137.5,3.510
137.4,3.510
137.4,3.510
137.3,3.510
137.3,3.510
137.2,3.510
137.2,3.510
137.1,3.510
137.1,3.510
137.0,3.510
137.0,3.510
136.9,3.510
136.9,3.510
136.9,3.510
136.8,3.510
136.8,3.510
136.7,3.510
136.6,3.510
136.6,3.510
136.6,3.510
136.5,3.510
136.5,3.510
136.5,3.510
136.4,3.510
136.4,3.505
136.3,3.505
136.3,3.505
136.3,3.505
136.2,3.505
136.1,3.505
136.1,3.505
136.0,3.505
136.0,3.505
135.9,3.505
135.9,3.505
135.9,3.505
135.8,3.505
135.8,3.505
135.7,3.505
135.7,3.505
135.6,3.505
135.5,3.505
135.5,3.505
135.4,3.505
135.4,3.505
135.3,3.505
135.3,3.505
135.3,3.505
135.2,3.505
135.2,3.505
135.1,3.505
135.1,3.505
135.0,3.505
135.0,3.505
134.9,3.505
134.8,3.505
134.8,3.505
134.7,3.505
134.7,3.505
134.6,3.505
134.5,3.505
134.5,3.505
134.4,3.505
134.4,3.505
134.4,3.505
134.3,3.505
134.2,3.505
134.2,3.505
134.1,3.505
134.1,3.505
134.0,3.505
134.0,3.505
133.9,3.505
133.9,3.505
133.8,3.505
133.8,3.505
133.7,3.505
133.7,3.505
133.6,3.505
133.6,3.505
133.5,3.505
133.5,3.505
133.4,3.505
133.4,3.505
133.3,3.505
133.3,3.505
133.3,3.505
133.2,3.505
133.1,3.505
133.0,3.505
133.0,3.505
132.9,3.505
132.9,3.505
132.8,3.505
132.8,3.505
132.8,3.505
132.7,3.505
132.6,3.505
132.6,3.505
132.5,3.505
132.5,3.505
132.4,3.505
132.4,3.505
132.3,3.505
132.3,3.505
132.2,3.505
132.2,3.505
132.1,3.505
132.1,3.505
132.0,3.505
131.9,3.505
131.9,3.505
131.8,3.505
131.7,3.505
131.7,3.505
131.7,3.505
131.6,3.505
131.6,3.505
131.6,3.505
131.5,3.505
131.4,3.505
131.4,3.505
131.3,3.505
131.3,3.505
131.2,3.505
131.1,3.505
131.1,3.500
131.1,3.500
131.0,3.500
131.0,3.500
130.9,3.500
130.9,3.500
130.8,3.500
130.7,3.500
130.7,3.500
130.6,3.500
130.6,3.500
130.5,3.500
130.5,3.500
130.4,3.500
130.4,3.500
130.3,3.500
130.3,3.500
130.2,3.500
130.2,3.500
130.1,3.500
130.1,3.500
130.0,3.500
130.0,3.500
129.9,3.500
129.9,3.500
129.9,3.500
129.8,3.500
129.8,3.500
129.7,3.500
129.7,3.500
129.6,3.500
129.5,3.500
129.5,3.500
129.4,3.500
129.4,3.500
129.3,3.500
129.3,3.500
129.2,3.500
129.2,3.500
129.2,3.500
129.1,3.500
129.0,3.500
128.9,3.500
128.9,3.500
128.8,3.500
128.8,3.500
128.7,3.500
128.7,3.500
128.7,3.500
128.6,3.500
128.6,3.500
128.6,3.500
128.5,3.500
128.5,3.500
128.4,3.500
128.4,3.500
128.3,3.500
128.3,3.500
128.2,3.500
128.2,3.500
128.1,3.500
128.1,3.500
128.0,3.500
128.0,3.500
127.9,3.500
127.9,3.500
127.8,3.500
127.8,3.500
127.7,3.500
127.7,3.500
127.6,3.500
127.6,3.500
127.5,3.500
127.5,3.500
127.5,3.500
127.4,3.500
127.4,3.500
127.3,3.500
127.3,3.500
127.2,3.500
127.2,3.500
127.2,3.500
127.1,3.500
127.1,3.500
127.0,3.500
127.0,3.500
126.9,3.500
126.9,3.500
126.8,3.500
126.8,3.500
126.7,3.500
126.7,3.500
126.7,3.500
126.6,3.500
126.6,3.500
126.5,3.500
126.5,3.500
126.4,3.500
126.4,3.500
126.4,3.500
126.3,3.500
126.3,3.500
126.3,3.500
126.2,3.500
126.2,3.500
126.1,3.500
126.0,3.495
126.0,3.495
125.9,3.495
125.9,3.495
125.8,3.495
125.8,3.495
125.8,3.495
125.8,3.495
125.7,3.495
125.7,3.495
125.6,3.495
125.6,3.495
125.6,3.495
125.5,3.495
125.5,3.495
125.4,3.495
125.4,3.495
125.3,3.495
125.3,3.495
125.2,3.495
125.2,3.495
125.2,3.495
125.1,3.495
125.1,3.495
125.0,3.495
124.9,3.495
124.9,3.495
124.9,3.495
124.9,3.495
124.8,3.495
124.8,3.495
124.8,3.495
124.7,3.495
124.7,3.495
124.6,3.495
124.6,3.495
124.5,3.495
124.5,3.495
124.5,3.495
124.4,3.495
124.4,3.495
124.3,3.495
124.3,3.495
124.3,3.495
124.2,3.495
124.1,3.495
124.1,3.495
124.0,3.495
124.0,3.495
124.0,3.495
123.9,3.495
123.9,3.495
123.8,3.495
123.8,3.495
123.7,3.495
123.7,3.495
123.7,3.495
123.6,3.495
123.6,3.495
123.5,3.495
123.5,3.495
123.4,3.495
123.4,3.495
123.4,3.495
123.3,3.495
123.3,3.495
123.3,3.495
123.2,3.495
123.2,3.495
123.1,3.495
123.1,3.495
123.0,3.495
123.0,3.495
122.9,3.495
122.9,3.495
122.9,3.495
122.8,3.495
122.8,3.495
122.7,3.495
122.7,3.495
122.6,3.495
122.6,3.495
122.5,3.495
122.5,3.495
122.4,3.495
122.4,3.495
122.3,3.495
122.3,3.495
122.3,3.495
122.2,3.495
122.2,3.495
122.1,3.495
122.0,3.495
122.0,3.495
122.0,3.495
122.0,3.495
121.9,3.495
121.9,3.495
121.8,3.495
121.8,3.495
121.8,3.495
121.7,3.495
121.7,3.495
121.7,3.495
121.6,3.495
121.6,3.495
121.5,3.495
121.5,3.495
121.4,3.495
121.4,3.495
121.4,3.495
121.3,3.495
121.2,3.495
121.2,3.490
121.2,3.490
121.1,3.490
121.1,3.490
121.0,3.490
121.0,3.490
120.9,3.490
120.9,3.490
120.9,3.490
120.8,3.490
120.7,3.490
120.7,3.490
120.7,3.490
120.6,3.490
120.6,3.490
120.5,3.490
120.5,3.490
120.4,3.490
120.4,3.490
120.3,3.490
120.3,3.490
120.3,3.490
120.3,3.490
120.2,3.490
120.2,3.490
120.1,3.490
120.1,3.490
120.1,3.490
120.0,3.490
120.0,3.490
120.0,3.490
119.9,3.490
119.9,3.490
119.8,3.490
119.8,3.490
119.7,3.490
119.7,3.490
119.6,3.490
119.6,3.490
119.6,3.490
119.5,3.490
119.4,3.490
119.4,3.490
119.4,3.490
119.3,3.490
119.3,3.490
119.2,3.490
119.2,3.490
119.2,3.490
119.1,3.490
119.1,3.490
119.0,3.490
118.9,3.490
118.9,3.490
118.9,3.490
118.8,3.490
118.8,3.490
118.8,3.490
118.8,3.490
118.7,3.490
118.7,3.490
118.6,3.490
118.6,3.490
118.6,3.490
118.5,3.490
118.5,3.490
118.4,3.490
118.4,3.490
118.4,3.490
118.3,3.490
118.3,3.490
118.2,3.490
118.2,3.490
118.2,3.490
118.1,3.490
118.1,3.490
118.0,3.490
118.0,3.490
117.9,3.490
117.9,3.490
117.8,3.490
117.8,3.490
117.7,3.490
117.7,3.490
117.6,3.490
117.6,3.490
117.6,3.490
117.6,3.490
117.6,3.490
117.5,3.490
117.5,3.490
117.5,3.490
117.4,3.490
117.3,3.490
117.3,3.490
117.3,3.490
117.2,3.490
117.2,3.490
117.1,3.490
117.1,3.490
117.1,3.490
117.0,3.490
117.0,3.490
116.9,3.490
116.9,3.490
116.8,3.490
116.8,3.490
116.8,3.490
116.7,3.490
116.7,3.490
116.7,3.490
116.6,3.490
116.6,3.490
116.6,3.490
116.5,3.490
116.5,3.490
116.4,3.490
116.3,3.485
116.3,3.485
116.2,3.485
116.2,3.485
116.1,3.485
116.1,3.485
116.1,3.485
116.0,3.485
116.0,3.485
115.9,3.485
115.9,3.485
115.9,3.485
115.8,3.485
115.8,3.485
115.8,3.485
115.7,3.485
115.7,3.485
115.7,3.485
115.6,3.485
115.6,3.485
115.5,3.485
115.5,3.485
115.4,3.485
115.4,3.485
115.3,3.485
115.3,3.485
115.2,3.485
115.2,3.485
115.2,3.485
115.1,3.485
115.1,3.485
115.0,3.485
115.0,3.485
114.9,3.485
114.9,3.485
114.8,3.485
114.8,3.485
114.8,3.485
114.7,3.485
114.7,3.485
114.6,3.485
114.6,3.485
114.5,3.485
114.5,3.485
114.4,3.485
114.4,3.485
114.3,3.485
114.3,3.485
114.2,3.485
114.2,3.485
114.1,3.485
114.1,3.485
114.0,3.485
114.0,3.485
113.9,3.485
113.9,3.485
113.8,3.485
113.8,3.485
113.7,3.485
113.7,3.485
113.6,3.485
113.6,3.485
113.6,3.485
113.5,3.485
113.5,3.485
113.4,3.485
113.4,3.485
113.3,3.485
113.3,3.485
113.3,3.485
113.3,3.485
113.2,3.485
113.2,3.485
113.1,3.485
113.0,3.485
113.0,3.485
112.9,3.485
112.9,3.485
112.8,3.485
112.8,3.485
112.7,3.485
112.7,3.485
112.7,3.485
112.6,3.485
112.6,3.485
112.5,3.485
112.5,3.485
112.4,3.485
112.4,3.485
112.3,3.485
112.3,3.485
112.3,3.485
112.2,3.485
112.1,3.485
112.1,3.485
112.0,3.485
112.0,3.485
111.9,3.485
111.9,3.485
111.8,3.485
111.8,3.485
111.7,3.485
111.7,3.485
111.6,3.485
111.6,3.485
111.5,3.485
111.5,3.485
111.4,3.485
111.4,3.485
111.4,3.485
111.3,3.480
111.2,3.480
111.2,3.480
111.2,3.480
111.1,3.480
111.1,3.480
111.0,3.480
111.0,3.480
110.9,3.480
110.9,3.480
110.8,3.480
110.8,3.480
110.8,3.480
110.7,3.480
110.6,3.480
110.6,3.480
110.6,3.480
110.5,3.480
110.5,3.480
110.4,3.480
110.3,3.480
110.3,3.480
110.3,3.480
110.2,3.480
110.2,3.480
110.2,3.480
110.1,3.480
110.1,3.480
110.0,3.480
110.0,3.480
109.9,3.480
109.9,3.480
109.8,3.480
109.8,3.480
109.7,3.480
109.7,3.480
109.6,3.480
109.5,3.480
109.5,3.480
109.4,3.480
109.4,3.480
109.4,3.480
109.3,3.480
109.3,3.480
109.2,3.480
109.2,3.480
109.1,3.480
109.1,3.480
109.0,3.480
109.0,3.480
108.9,3.480
108.9,3.480
108.8,3.480
108.7,3.480
108.7,3.480
108.6,3.480
108.6,3.480
108.5,3.480
108.5,3.480
108.5,3.480
108.5,3.480
108.4,3.480
108.4,3.480
108.4,3.480
108.3,3.480
108.3,3.480
108.3,3.480
108.2,3.480
108.1,3.480
108.1,3.480
108.0,3.480
108.0,3.480
107.9,3.480
107.8,3.480
107.8,3.480
107.7,3.480
107.7,3.480
107.6,3.480
107.6,3.480
107.5,3.480
107.5,3.480
107.5,3.480
107.4,3.480
107.4,3.480
107.4,3.480
107.3,3.480
107.2,3.480
107.2,3.480
107.1,3.480
107.1,3.480
107.0,3.480
106.9,3.480
106.9,3.480
106.9,3.480
106.8,3.480
106.8,3.480
106.7,3.480
106.7,3.480
106.6,3.480
106.6,3.480
106.6,3.480
106.5,3.480
106.5,3.480
106.4,3.480
106.4,3.480
106.3,3.480
106.2,3.475
106.2,3.475
106.2,3.475
106.1,3.475
106.1,3.475
106.0,3.475
105.9,3.475
105.9,3.475
105.9,3.475
105.8,3.475
105.8,3.475
105.7,3.475
105.7,3.475
105.6,3.475
105.5,3.475
105.5,3.475
105.5,3.475
105.4,3.475
105.4,3.475
105.3,3.475
105.2,3.475
105.2,3.475
105.2,3.475
105.1,3.475
105.1,3.475
105.0,3.475
105.0,3.475
104.9,3.475
104.9,3.475
104.8,3.475
104.8,3.475
104.7,3.475
104.7,3.475
104.6,3.475
104.5,3.475
104.5,3.475
104.5,3.475
104.4,3.475
104.4,3.475
104.3,3.475
104.3,3.475
104.2,3.475
104.2,3.475
104.1,3.475
104.1,3.475
104.0,3.475
104.0,3.475
103.9,3.475
103.9,3.475
103.8,3.475
103.8,3.475
103.7,3.475
103.7,3.475
103.6,3.475
103.6,3.475
103.5,3.475
103.5,3.475
103.5,3.475
103.4,3.475
103.4,3.475
103.3,3.475
103.3,3.475
103.2,3.475
103.2,3.475
103.1,3.475
103.0,3.475
103.0,3.475
103.0,3.475
102.9,3.475
102.9,3.475
102.8,3.475
102.8,3.475
102.7,3.475
102.7,3.475
102.7,3.475
102.6,3.475
102.6,3.475
102.5,3.475
102.5,3.475
102.5,3.475
102.4,3.475
102.3,3.475
102.2,3.475
102.2,3.475
102.1,3.475
102.1,3.475
102.0,3.475
102.0,3.475
101.9,3.475
101.9,3.475
101.9,3.475
101.8,3.475
101.8,3.475
101.7,3.475
101.6,3.475
101.6,3.470
101.5,3.470
101.5,3.470
101.4,3.470
101.4,3.470
101.3,3.470
101.3,3.470
101.3,3.470
101.3,3.470
101.2,3.470
101.2,3.470
101.2,3.470
101.1,3.470
101.0,3.470
100.9,3.470
100.9,3.470
100.8,3.470
100.8,3.470
100.7,3.470
100.7,3.470
100.7,3.470
100.7,3.470
100.6,3.470
100.5,3.470
100.5,3.470
100.4,3.470
100.4,3.470
100.3,3.470
100.3,3.470
100.2,3.470
100.2,3.470
100.1,3.470
100.1,3.470
100.1,3.470
100.1,3.470
100.0,3.470
100.0,3.470
99.9,3.470
99.9,3.470
99.8,3.470
99.8,3.470
99.7,3.470
99.6,3.470
99.6,3.470
99.5,3.470
99.5,3.470
99.4,3.470
99.4,3.470
99.4,3.470
99.3,3.470
99.3,3.470
99.3,3.470
99.2,3.470
99.2,3.470
99.1,3.470
99.1,3.470
99.0,3.470
98.9,3.470
98.9,3.470
98.9,3.470
98.8,3.470
98.8,3.470
98.8,3.470
98.7,3.470
98.7,3.470
98.6,3.470
98.6,3.470
98.6,3.470
98.5,3.470
98.4,3.470
98.4,3.470
98.3,3.470
98.3,3.470
98.3,3.470
98.2,3.470
98.2,3.470
98.1,3.470
98.1,3.470
98.1,3.470
98.0,3.470
97.9,3.470
97.9,3.470
97.9,3.470
97.8,3.470
97.8,3.470
97.7,3.470
97.7,3.470
97.7,3.470
97.6,3.470
97.6,3.470
97.5,3.470
97.5,3.470
97.4,3.470
97.4,3.470
97.3,3.470
97.3,3.470
97.2,3.470
97.2,3.470
97.2,3.470
97.1,3.470
97.1,3.470
97.0,3.470
97.0,3.470
97.0,3.470
96.9,3.470
96.9,3.470
96.9,3.470
96.8,3.470
96.8,3.470
96.7,3.470
96.7,3.470
96.6,3.470
96.6,3.465
96.6,3.465
96.5,3.465
96.5,3.465
96.5,3.465
96.4,3.465
96.4,3.465
96.3,3.465
96.3,3.465
96.2,3.465
96.1,3.465
96.1,3.465
96.1,3.465
96.0,3.465
96.0,3.465
95.9,3.465
95.9,3.465
95.9,3.465
95.9,3.465
95.8,3.465
95.8,3.465
95.8,3.465
95.7,3.465
95.7,3.465
95.6,3.465
95.6,3.465
95.5,3.465
95.5,3.465
95.4,3.465
95.4,3.465
95.3,3.465
95.3,3.465
95.3,3.465
95.2,3.465
95.2,3.465
95.1,3.465
95.0,3.465
95.0,3.465
95.0,3.465
94.9,3.465
94.9,3.465
94.9,3.465
94.8,3.465
94.8,3.465
94.8,3.465
94.7,3.465
94.7,3.465
94.6,3.465
94.6,3.465
94.6,3.465
94.5,3.465
94.5,3.465
94.4,3.465
94.4,3.465
94.3,3.465
94.3,3.465
94.3,3.465
94.2,3.465
94.1,3.465
94.1,3.465
94.1,3.465
94.0,3.465
94.0,3.465
94.0,3.465
93.9,3.465
93.9,3.465
93.8,3.465
93.8,3.465
93.8,3.465
93.7,3.465
93.7,3.465
93.7,3.465
93.6,3.465
93.6,3.465
93.6,3.465
93.5,3.465
93.5,3.465
93.4,3.465
93.4,3.465
93.4,3.465
93.3,3.465
93.3,3.465
93.2,3.465
93.2,3.465
93.1,3.465
93.0,3.465
93.0,3.465
93.0,3.465
92.9,3.465
92.9,3.465
92.8,3.465
92.8,3.465
92.8,3.465
92.8,3.465
92.7,3.465
92.7,3.465
92.6,3.465
92.6,3.465
92.5,3.465
92.5,3.465
92.4,3.465
92.4,3.465
92.4,3.465
92.4,3.465
92.3,3.465
92.3,3.465
92.2,3.465
92.2,3.465
92.2,3.465
92.1,3.465
92.1,3.465
92.0,3.465
92.0,3.465
92.0,3.465
91.9,3.465
91.9,3.465
91.8,3.465
91.8,3.465
91.8,3.465
91.7,3.465
91.6,3.465
91.6,3.465
91.6,3.465
91.5,3.465
91.5,3.465
91.4,3.465
91.4,3.460
91.3,3.460
91.3,3.460
91.2,3.460
91.2,3.460
91.2,3.460
91.2,3.460
91.1,3.460
91.1,3.460
91.0,3.460
91.0,3.460
90.9,3.460
90.9,3.460
90.9,3.460
90.8,3.460
90.8,3.460
90.7,3.460
90.7,3.460
90.6,3.460
90.6,3.460
90.6,3.460
90.5,3.460
90.5,3.460
90.4,3.460
90.4,3.460
90.3,3.460
90.3,3.460
90.2,3.460
90.2,3.460
90.2,3.460
90.1,3.460
90.1,3.460
90.1,3.460
90.0,3.460
90.0,3.460
89.9,3.460
89.9,3.460
89.8,3.460
89.8,3.460
89.8,3.460
89.7,3.460
89.7,3.460
89.6,3.460
89.5,3.460
89.5,3.460
89.5,3.460
89.4,3.460
89.4,3.460
89.4,3.460
89.4,3.460
89.3,3.460
89.3,3.460
89.2,3.460
89.2,3.460
89.1,3.460
89.1,3.460
89.0,3.460
89.0,3.460
88.9,3.460
88.9,3.460
88.8,3.460
88.8,3.460
88.8,3.460
88.7,3.460
88.7,3.460
88.7,3.460
88.6,3.460
88.6,3.460
88.5,3.460
88.5,3.460
88.5,3.460
88.4,3.460
88.4,3.460
88.3,3.460
88.3,3.460
88.3,3.460
88.2,3.460
88.2,3.460
88.1,3.460
88.1,3.460
88.1,3.460
88.0,3.460
88.0,3.460
87.9,3.460
87.8,3.460
87.8,3.460
87.8,3.460
87.7,3.460
87.7,3.460
87.6,3.460
87.6,3.460
87.5,3.460
87.5,3.460
87.4,3.460
87.4,3.460
87.4,3.460
87.4,3.460
87.3,3.460
87.3,3.460
87.2,3.460
87.2,3.460
87.1,3.460
87.1,3.460
87.0,3.460
87.0,3.460
86.9,3.460
86.9,3.460
86.9,3.460
86.8,3.460
86.8,3.460
86.7,3.460
86.7,3.460
86.7,3.460
86.6,3.460
86.6,3.460
86.6,3.460
86.5,3.460
86.5,3.460
86.5,3.460
86.4,3.460
86.4,3.460
86.3,3.460
86.3,3.455
86.3,3.455
86.2,3.455
86.2,3.455
86.2,3.455
86.1,3.455
86.0,3.455
86.0,3.455
85.9,3.455
85.8,3.455
85.8,3.455
85.7,3.455
85.7,3.455
85.7,3.455
85.6,3.455
85.6,3.455
85.6,3.455
85.6,3.455
85.5,3.455
85.4,3.455
85.4,3.455
85.4,3.455
85.4,3.455
85.3,3.455
85.2,3.455
85.2,3.455
85.2,3.455
85.2,3.455
85.1,3.455
85.0,3.455
85.0,3.455
85.0,3.455
84.9,3.455
84.9,3.455
84.8,3.455
84.8,3.455
84.8,3.455
84.7,3.455
84.7,3.455
84.6,3.455
84.6,3.455
84.6,3.455
84.5,3.455
84.5,3.455
84.5,3.455
84.4,3.455
84.4,3.455
84.3,3.455
84.2,3.455
84.2,3.455
84.2,3.455
84.1,3.455
84.1,3.455
84.1,3.455
84.0,3.455
84.0,3.455
84.0,3.455
83.9,3.455
83.9,3.455
83.9,3.455
83.9,3.455
83.8,3.455
83.7,3.455
83.7,3.455
83.7,3.455
83.6,3.455
83.6,3.455
83.5,3.455
83.5,3.455
83.5,3.455
83.4,3.455
83.4,3.455
83.4,3.455
83.3,3.455
83.3,3.455
83.3,3.455
83.2,3.455
83.1,3.455
83.1,3.455
83.1,3.455
83.0,3.455
83.0,3.455
82.9,3.455
82.9,3.455
82.9,3.455
82.8,3.455
82.8,3.455
82.8,3.455
82.7,3.455
82.7,3.455
82.6,3.455
82.6,3.455
82.6,3.455
82.5,3.455
82.5,3.455
82.5,3.455
82.4,3.455
82.4,3.455
82.4,3.455
82.3,3.455
82.3,3.455
82.2,3.455
82.2,3.455
82.2,3.455
82.2,3.455
82.1,3.455
82.1,3.455
82.0,3.455
82.0,3.455
81.9,3.455
81.9,3.455
81.9,3.455
81.8,3.455
81.8,3.455
81.8,3.455
81.8,3.455
81.7,3.455
81.6,3.455
81.6,3.455
81.6,3.455
81.5,3.455
81.5,3.455
81.4,3.455
81.4,3.455
81.4,3.455
81.3,3.455
81.3,3.450
81.3,3.450
81.2,3.450
81.2,3.450
81.1,3.450
81.1,3.450
81.1,3.450
81.0,3.450
81.0,3.450
80.9,3.450
80.9,3.450
80.9,3.450
80.8,3.450
80.8,3.450
80.8,3.450
80.7,3.450
80.7,3.450
80.7,3.450
80.6,3.450
80.6,3.450
80.5,3.450
80.5,3.450
80.4,3.450
80.4,3.450
80.3,3.450
80.3,3.450
80.3,3.450
80.3,3.450
80.3,3.450
80.2,3.450
80.2,3.450
80.1,3.450
80.1,3.450
80.0,3.450
80.0,3.450
79.9,3.450
79.9,3.450
79.9,3.450
79.8,3.450
79.8,3.450
79.8,3.450
79.7,3.450
79.7,3.450
79.7,3.450
79.6,3.450
79.6,3.450
79.5,3.450
79.5,3.450
79.5,3.450
79.4,3.450
79.4,3.450
79.3,3.450
79.3,3.450
79.2,3.450
79.2,3.450
79.1,3.450
79.1,3.450
79.1,3.450
79.0,3.450
79.0,3.450
78.9,3.450
78.9,3.450
78.9,3.450
78.8,3.450
78.8,3.450
78.7,3.450
78.7,3.450
78.6,3.450
78.6,3.450
78.6,3.450
78.5,3.450
78.5,3.450
78.5,3.450
78.5,3.450
78.4,3.450
78.4,3.450
78.3,3.450
78.3,3.450
78.2,3.450
78.2,3.450
78.1,3.450
78.1,3.450
78.1,3.450
78.0,3.450
78.0,3.450
78.0,3.450
77.9,3.450
77.9,3.450
77.8,3.450
77.8,3.450
77.7,3.450
77.7,3.450
77.6,3.450
77.6,3.450
77.6,3.450
77.5,3.450
77.5,3.450
77.5,3.450
77.4,3.450
77.4,3.450
77.4,3.450
77.3,3.450
77.3,3.450
77.3,3.450
77.3,3.450
77.2,3.450
77.2,3.450
77.1,3.450
77.1,3.450
77.0,3.450
77.0,3.450
76.9,3.450
76.8,3.450
76.8,3.450
76.7,3.450
76.7,3.450
76.7,3.450
76.6,3.450
76.6,3.450
76.6,3.450
76.5,3.450
76.5,3.450
76.5,3.450
76.4,3.450
76.4,3.450
76.3,3.450
76.3,3.450
76.3,3.450
76.2,3.450
76.2,3.450
76.2,3.445
76.1,3.445
76.1,3.445
76.1,3.445
76.0,3.445
76.0,3.445
75.9,3.445
75.9,3.445
75.9,3.445
75.8,3.445
75.8,3.445
75.7,3.445
75.7,3.445
75.7,3.445
75.6,3.445
75.6,3.445
75.5,3.445
75.5,3.445
75.5,3.445
75.4,3.445
75.3,3.445
75.3,3.445
75.3,3.445
75.2,3.445
75.2,3.445
75.2,3.445
75.1,3.445
75.1,3.445
75.1,3.445
75.0,3.445
75.0,3.445
75.0,3.445
74.9,3.445
74.9,3.445
74.8,3.445
74.8,3.445
74.8,3.445
74.7,3.445
74.7,3.445
74.6,3.445
74.6,3.445
74.5,3.445
74.5,3.445
74.4,3.445
74.4,3.445
74.4,3.445
74.3,3.445
74.3,3.445
74.3,3.445
74.2,3.445
74.2,3.445
74.2,3.445
74.1,3.445
74.0,3.445
74.0,3.445
74.0,3.445
73.9,3.445
73.9,3.445
73.8,3.445
73.8,3.445
73.8,3.445
73.8,3.445
73.7,3.445
73.7,3.445
73.6,3.445
73.6,3.445
73.5,3.445
73.5,3.445
73.4,3.445
73.4,3.445
73.3,3.445
73.3,3.445
73.3,3.445
73.3,3.445
73.2,3.445
73.2,3.445
73.1,3.445
73.1,3.445
73.0,3.445
73.0,3.445
73.0,3.445
73.0,3.445
72.9,3.445
72.8,3.445
72.8,3.445
72.8,3.445
72.7,3.445
72.6,3.445
72.6,3.445
72.6,3.445
72.5,3.445
72.5,3.445
72.4,3.445
72.4,3.445
72.4,3.445
72.3,3.445
72.3,3.445
72.2,3.445
72.2,3.445
72.1,3.445
72.1,3.445
72.1,3.445
72.0,3.445
72.0,3.445
71.9,3.445
71.9,3.445
71.8,3.445
71.8,3.445
71.7,3.445
71.7,3.445
71.7,3.445
71.6,3.445
71.6,3.445
71.6,3.445
71.5,3.445
71.5,3.445
71.4,3.445
71.4,3.445
71.4,3.445
71.3,3.445
71.3,3.445
71.2,3.445
71.2,3.445
71.2,3.445
71.1,3.445
71.1,3.445
71.0,3.445
71.0,3.445
71.0,3.445
70.9,3.445
70.8,3.440
70.8,3.440
70.8,3.440
70.7,3.440
70.7,3.440
70.6,3.440
70.6,3.440
70.6,3.440
70.5,3.440
70.5,3.440
70.5,3.440
70.4,3.440
70.4,3.440
70.4,3.440
70.3,3.440
70.3,3.440
70.2,3.440
70.2,3.440
70.1,3.440
70.1,3.440
70.1,3.440
70.0,3.440
70.0,3.440
69.9,3.440
69.9,3.440
69.9,3.440
69.9,3.440
69.8,3.440
69.8,3.440
69.7,3.440
69.7,3.440
69.6,3.440
69.6,3.440
69.5,3.440
69.5,3.440
69.4,3.440
69.4,3.440
69.4,3.440
69.3,3.440
69.3,3.440
69.3,3.440
69.2,3.440
69.2,3.440
69.1,3.440
69.1,3.440
69.1,3.440
69.0,3.440
68.9,3.440
68.9,3.440
68.8,3.440
68.8,3.440
68.8,3.440
68.7,3.440
68.7,3.440
68.7,3.440
68.6,3.440
68.5,3.440
68.5,3.440
68.5,3.440
68.5,3.440
68.4,3.440
68.4,3.440
68.4,3.440
68.3,3.440
68.2,3.440
68.2,3.440
68.1,3.440
68.1,3.440
68.1,3.440
68.0,3.440
68.0,3.440
68.0,3.440
67.9,3.440
67.9,3.440
67.8,3.440
67.8,3.440
67.7,3.440
67.7,3.440
67.7,3.440
67.6,3.440
67.6,3.440
67.5,3.440
67.5,3.440
67.4,3.440
67.4,3.440
67.4,3.440
67.3,3.440
67.3,3.440
67.3,3.440
67.2,3.440
67.2,3.440
67.2,3.440
67.1,3.440
67.1,3.440
67.0,3.440
67.0,3.440
67.0,3.440
66.9,3.440
66.9,3.440
66.8,3.440
66.8,3.440
66.8,3.440
66.7,3.440
66.7,3.440
66.7,3.440
66.6,3.440
66.5,3.440
66.5,3.440
66.4,3.440
66.4,3.440
66.4,3.440
66.3,3.440
66.3,3.440
66.2,3.440
66.2,3.440
66.2,3.440
66.1,3.440
66.0,3.440
66.0,3.440
66.0,3.440
66.0,3.440
65.9,3.440
65.8,3.440
65.8,3.440
65.8,3.440
65.8,3.440
65.7,3.435
65.7,3.435
65.6,3.435
65.6,3.435
65.5,3.435
65.5,3.435
65.4,3.435
65.4,3.435
65.4,3.435
65.3,3.435
65.3,3.435
65.2,3.435
65.2,3.435
65.1,3.435
65.1,3.435
65.0,3.435
65.0,3.435
65.0,3.435
64.9,3.435
64.9,3.435
64.8,3.435
64.8,3.435
64.8,3.435
64.7,3.435
64.7,3.435
64.6,3.435
64.6,3.435
64.6,3.435
64.5,3.435
64.5,3.435
64.4,3.435
64.4,3.435
64.3,3.435
64.3,3.435
64.3,3.435
64.3,3.435
64.2,3.435
64.2,3.435
64.1,3.435
64.1,3.435
64.0,3.435
64.0,3.435
63.9,3.435
63.9,3.435
63.9,3.435
63.8,3.435
63.8,3.435
63.8,3.435
63.7,3.435
63.7,3.435
63.6,3.435
63.6,3.435
63.6,3.435
63.5,3.435
63.5,3.435
63.4,3.435
63.4,3.435
63.3,3.435
63.3,3.435
63.3,3.435
63.2,3.435
63.2,3.435
63.1,3.435
63.0,3.435
63.0,3.435
63.0,3.435
62.9,3.435
62.9,3.435
62.8,3.435
62.8,3.435
62.8,3.435
62.7,3.435
62.7,3.435
62.7,3.435
62.6,3.435
62.6,3.435
62.6,3.435
62.5,3.435
62.5,3.435
62.4,3.435
62.4,3.435
62.3,3.435
62.3,3.435
62.3,3.435
62.2,3.435
62.1,3.435
62.1,3.435
62.1,3.435
62.0,3.435
62.0,3.435
62.0,3.435
61.9,3.435
61.9,3.435
61.8,3.435
61.8,3.435
61.7,3.435
61.7,3.435
61.6,3.435
61.5,3.435
61.5,3.435
61.5,3.435
61.5,3.435
61.4,3.435
61.4,3.435
61.4,3.435
61.3,3.435
61.3,3.435
61.2,3.435
61.2,3.435
61.1,3.435
61.1,3.435
61.0,3.435
61.0,3.435
61.0,3.435
60.9,3.435
60.9,3.435
60.9,3.435
60.8,3.435
60.8,3.435
60.7,3.435
60.7,3.435
60.6,3.435
60.6,3.435
60.6,3.435
60.6,3.435
60.5,3.430
60.5,3.430
60.4,3.430
60.4,3.430
60.3,3.430
60.2,3.430
60.2,3.430
60.1,3.430
60.1,3.430
60.1,3.430
60.0,3.430
60.0,3.430
60.0,3.430
60.0,3.430
59.9,3.430
59.9,3.430
59.8,3.430
59.8,3.430
59.7,3.430
59.7,3.430
59.6,3.430
59.6,3.430
59.5,3.430
59.5,3.430
59.4,3.430
59.4,3.430
59.4,3.430
59.3,3.430
59.3,3.430
59.2,3.430
59.2,3.430
59.2,3.430
59.1,3.430
59.1,3.430
59.0,3.430
59.0,3.430
58.9,3.430
58.9,3.430
58.9,3.430
58.8,3.430
58.8,3.430
58.7,3.430
58.6,3.430
58.6,3.430
58.6,3.430
58.5,3.430
58.5,3.430
58.5,3.430
58.4,3.430
58.4,3.430
58.3,3.430
58.3,3.430
58.3,3.430
58.2,3.430
58.2,3.430
58.1,3.430
58.1,3.430
58.0,3.430
58.0,3.430
58.0,3.430
57.9,3.430
57.9,3.430
57.9,3.430
57.8,3.430
57.8,3.430
57.8,3.430
57.7,3.430
57.7,3.430
57.6,3.430
57.6,3.430
57.6,3.430
57.5,3.430
57.4,3.430
57.4,3.430
57.3,3.430
57.3,3.430
57.3,3.430
57.2,3.430
57.2,3.430
57.1,3.430
57.1,3.430
57.1,3.430
57.0,3.430
57.0,3.430
56.9,3.430
56.9,3.430
56.9,3.430
56.8,3.430
56.8,3.430
56.7,3.430
56.7,3.430
56.7,3.430
56.6,3.430
56.6,3.430
56.6,3.430
56.5,3.430
56.5,3.430
56.4,3.430
56.4,3.430
56.3,3.430
56.3,3.430
56.2,3.430
56.2,3.430
56.2,3.430
56.1,3.430
56.1,3.430
56.1,3.430
56.1,3.430
56.0,3.430
55.9,3.430
55.9,3.430
55.8,3.430
55.8,3.430
55.7,3.430
55.7,3.430
55.7,3.425
55.7,3.425
55.7,3.425
55.6,3.425
55.6,3.425
55.6,3.425
55.5,3.425
55.4,3.425
55.4,3.425
55.3,3.425
55.3,3.425
55.2,3.425
55.2,3.425
55.2,3.425
55.1,3.425
55.1,3.425
55.1,3.425
55.0,3.425
55.0,3.425
55.0,3.425
54.9,3.425
54.9,3.425
54.9,3.425
54.9,3.425
54.9,3.425
54.8,3.425
54.7,3.425
54.7,3.425
54.7,3.425
54.6,3.425
54.5,3.425
54.5,3.425
54.5,3.425
54.4,3.425
54.4,3.425
54.4,3.425
54.3,3.425
54.3,3.425
54.3,3.425
54.3,3.425
54.2,3.425
54.2,3.425
54.1,3.425
54.1,3.425
54.0,3.425
54.0,3.425
54.0,3.425
54.0,3.425
53.9,3.425
53.9,3.425
53.8,3.425
53.8,3.425
53.8,3.425
53.8,3.425
53.7,3.425
53.7,3.425
53.6,3.425
53.6,3.425
53.6,3.425
53.5,3.425
53.5,3.425
53.5,3.425
53.4,3.425
53.4,3.425
53.3,3.425
53.3,3.425
53.3,3.425
53.2,3.425
53.2,3.425
53.1,3.425
53.1,3.425
53.1,3.425
53.0,3.425
53.0,3.425
52.9,3.425
52.9,3.425
52.9,3.425
52.8,3.425
52.8,3.425
52.8,3.425
52.7,3.425
52.7,3.425
52.7,3.425
52.6,3.425
52.6,3.425
52.6,3.425
52.5,3.425
52.5,3.425
52.5,3.425
52.4,3.425
52.4,3.425
52.3,3.425
52.3,3.425
52.3,3.425
52.2,3.425
52.2,3.425
52.1,3.425
52.1,3.425
52.1,3.425
52.1,3.425
52.0,3.425
52.0,3.425
52.0,3.425
51.9,3.425
51.9,3.425
51.8,3.425
51.8,3.425
51.8,3.425
51.7,3.425
51.7,3.425
51.6,3.425
51.6,3.425
51.5,3.425
51.5,3.425
51.5,3.425
51.4,3.425
51.4,3.425
51.4,3.425
51.3,3.425
51.3,3.425
51.3,3.425
51.2,3.425
51.2,3.425
51.2,3.425
51.1,3.425
51.1,3.425
51.1,3.425
51.0,3.425
51.0,3.425
50.9,3.425
50.9,3.425
50.9,3.425
50.8,3.425
50.8,3.425
50.7,3.425
50.7,3.425
50.7,3.420
50.6,3.420
50.6,3.420
50.6,3.420
50.5,3.420
50.5,3.420
50.5,3.420
50.4,3.420
50.4,3.420
50.3,3.420
50.3,3.420
50.2,3.420
50.2,3.420
50.1,3.420
50.1,3.420
50.0,3.420
50.0,3.420
50.0,3.420
50.0,3.420
50.0,3.420
49.9,3.420
49.9,3.420
49.8,3.420
49.8,3.420
49.7,3.420
49.7,3.420
49.6,3.420
49.6,3.420
49.6,3.420
49.6,3.420
49.6,3.420
49.5,3.420
49.5,3.420
49.4,3.420
49.4,3.420
49.3,3.420
49.3,3.420
49.2,3.420
49.2,3.420
49.1,3.420
49.1,3.420
49.1,3.420
49.0,3.420
49.0,3.420
49.0,3.420
48.9,3.420
48.9,3.420
48.8,3.420
48.8,3.420
48.7,3.420
48.7,3.420
48.6,3.420
48.6,3.420
48.6,3.420
48.5,3.420
48.5,3.420
48.5,3.420
48.4,3.420
48.4,3.420
48.4,3.420
48.3,3.420
48.3,3.420
48.2,3.420
48.2,3.420
48.2,3.420
48.2,3.420
48.1,3.420
48.1,3.420
48.0,3.420
48.0,3.420
47.9,3.420
47.8,3.420
47.8,3.420
47.8,3.420
47.7,3.420
47.7,3.420
47.6,3.420
47.6,3.420
47.6,3.420
47.5,3.420
47.4,3.420
47.4,3.420
47.4,3.420
47.3,3.420
47.3,3.420
47.2,3.420
47.2,3.420
47.2,3.420
47.1,3.420
47.1,3.420
47.0,3.420
47.0,3.420
46.9,3.420
46.9,3.420
46.8,3.420
46.8,3.420
46.8,3.420
46.8,3.420
46.7,3.420
46.7,3.420
46.7,3.420
46.6,3.420
46.6,3.420
46.6,3.420
46.5,3.420
46.5,3.420
46.5,3.420
46.4,3.420
46.4,3.420
46.3,3.420
46.2,3.420
46.2,3.420
46.2,3.420
46.1,3.420
46.1,3.420
46.0,3.420
46.0,3.420
46.0,3.420
45.9,3.420
45.9,3.420
45.8,3.415
45.8,3.415
45.8,3.415
45.7,3.415
45.7,3.415
45.6,3.415
45.6,3.415
45.6,3.415
45.6,3.415
45.5,3.415
45.5,3.415
45.4,3.415
45.4,3.415
45.3,3.415
45.3,3.415
45.2,3.415
45.2,3.415
45.1,3.415
45.1,3.415
45.0,3.415
45.0,3.415
44.9,3.415
44.9,3.415
44.9,3.415
44.9,3.415
44.8,3.415
44.8,3.415
44.7,3.415
44.7,3.415
44.6,3.415
44.5,3.415
44.5,3.415
44.5,3.415
44.4,3.415
44.4,3.415
44.4,3.415
44.3,3.415
44.3,3.415
44.3,3.415
44.2,3.415
44.2,3.415
44.2,3.415
44.1,3.415
44.1,3.415
44.0,3.415
44.0,3.415
43.9,3.415
43.9,3.415
43.8,3.415
43.8,3.415
43.8,3.415
43.7,3.415
43.7,3.415
43.7,3.415
43.6,3.415
43.6,3.415
43.6,3.415
43.6,3.415
43.5,3.415
43.5,3.415
43.4,3.415
43.4,3.415
43.3,3.415
43.3,3.415
43.3,3.415
43.2,3.415
43.2,3.415
43.1,3.415
43.1,3.415
43.0,3.415
43.0,3.415
43.0,3.415
42.9,3.415
42.9,3.415
42.9,3.415
42.8,3.415
42.8,3.415
42.7,3.415
42.7,3.415
42.6,3.415
42.6,3.415
42.6,3.415
42.6,3.415
42.5,3.415
42.5,3.415
42.5,3.415
42.4,3.415
42.4,3.415
42.3,3.415
42.3,3.415
42.2,3.415
42.2,3.415
42.2,3.415
42.1,3.415
42.1,3.415
42.1,3.415
42.1,3.415
42.1,3.415
42.0,3.415
42.0,3.415
41.9,3.415
41.9,3.415
41.9,3.415
41.9,3.415
41.9,3.415
41.8,3.415
41.8,3.415
41.8,3.415
41.8,3.415
41.8,3.415
41.8,3.415
41.8,3.410
41.8,3.410
41.7,3.410
41.7,3.410
41.7,3.410
41.7,3.410
41.7,3.410
41.7,3.410
41.9,3.410
42.0,3.410
42.1,3.410
42.2,3.410
42.4,3.410
42.6,3.410
42.8,3.410
43.0,3.410
43.2,3.410
43.4,3.410
43.5,3.410
43.6,3.410
43.7,3.410
43.8,3.410
43.8,3.410
43.8,3.410
43.8,3.410
43.8,3.410
43.8,3.410
43.8,3.410
43.7,3.410
43.8,3.410
43.8,3.410
43.8,3.410
43.8,3.410
43.8,3.410
43.8,3.410
43.8,3.410
43.7,3.410
43.7,3.410
43.7,3.410
43.7,3.410
43.7,3.410
43.7,3.410
43.7,3.410
43.7,3.410
43.7,3.410
43.8,3.410
43.8,3.410
43.8,3.410
43.8,3.410
43.8,3.410
43.8,3.410
43.8,3.410
43.8,3.410
43.8,3.410
43.8,3.410
43.8,3.410
43.8,3.410
43.8,3.410
43.8,3.410
43.8,3.410
43.8,3.410
43.8,3.410
43.8,3.410
43.8,3.410
43.8,3.410
43.9,3.410
43.9,3.410
43.9,3.410
43.9,3.410
43.9,3.410
43.9,3.410
43.9,3.410
43.9,3.410
43.9,3.410
43.9,3.410
43.9,3.410
43.9,3.410
43.9,3.410
43.9,3.410
43.9,3.410
43.9,3.410
43.9,3.410
43.9,3.410
43.9,3.410
43.9,3.410
43.9,3.410
43.9,3.410
43.9,3.410
43.9,3.410
43.9,3.410
43.9,3.410
43.9,3.410
43.9,3.410
43.9,3.410
43.9,3.410
43.9,3.410
43.9,3.410
43.9,3.410
43.9,3.410
43.9,3.410
43.9,3.410
43.9,3.410
43.9,3.410
43.9,3.410
43.9,3.410
43.9,3.410
43.9,3.410
43.9,3.410
43.9,3.410
43.9,3.410
43.9,3.410
43.9,3.405
43.9,3.405
43.9,3.405
43.9,3.405
43.9,3.405
43.9,3.405
43.9,3.405
43.9,3.405
43.9,3.405
43.9,3.405
43.9,3.405
43.9,3.405
43.9,3.405
43.9,3.405
43.9,3.405
43.9,3.405
43.9,3.405
43.9,3.405
43.9,3.405
43.9,3.405
43.9,3.405
43.9,3.405
43.9,3.405
43.9,3.405
43.9,3.405
43.9,3.405
43.9,3.405
43.9,3.405
43.9,3.405
43.9,3.405
43.9,3.405
43.9,3.405
43.9,3.405
43.9,3.405
43.9,3.405
43.9,3.405
43.9,3.405
43.9,3.405
43.9,3.405
43.9,3.405
43.9,3.405
43.9,3.405
43.9,3.405
43.9,3.405
43.9,3.405
43.9,3.405
43.9,3.405
43.9,3.405
43.9,3.405
43.9,3.405
43.9,3.405
43.9,3.405
43.9,3.405
43.9,3.405
43.9,3.405
43.9,3.405
43.9,3.405
43.9,3.405
43.9,3.405
43.9,3.405
43.9,3.405
43.9,3.405
43.9,3.405
43.9,3.405
43.9,3.405
43.9,3.405
43.9,3.405
43.9,3.405
43.9,3.405
43.9,3.405
43.9,3.405
43.9,3.405
43.9,3.405
43.9,3.405
43.9,3.405
43.9,3.405
43.9,3.405
43.9,3.405
43.9,3.405
43.9,3.405
43.9,3.405
43.9,3.405
43.9,3.405
43.9,3.405
43.9,3.405
43.9,3.405
43.9,3.405
43.9,3.405
43.9,3.405
43.9,3.405
43.9,3.405
43.9,3.405
43.9,3.405
43.9,3.405
43.9,3.405
43.9,3.405
43.9,3.405
43.9,3.405
43.9,3.405
43.9,3.405
43.9,3.405
43.9,3.405
43.9,3.405
43.9,3.405
43.9,3.405
43.9,3.405
43.9,3.405
43.9,3.400
43.9,3.400
43.9,3.400
43.9,3.400
43.9,3.400
43.9,3.400
43.9,3.400
43.9,3.400
43.9,3.400
43.9,3.400
43.9,3.400
43.9,3.400
43.9,3.400
43.9,3.400
43.9,3.400
43.9,3.400
43.9,3.400
43.9,3.400
43.9,3.400
43.9,3.400
43.9,3.400
43.9,3.400
43.9,3.400
43.9,3.400
43.9,3.400
43.9,3.400
43.9,3.400
43.9,3.400
43.9,3.400
43.9,3.400
43.9,3.400
43.9,3.400
43.9,3.400
43.9,3.400
43.9,3.400
43.9,3.400
43.9,3.400
43.9,3.400
43.9,3.400
43.9,3.400
43.9,3.400
43.9,3.400
43.9,3.400
43.9,3.400
43.9,3.400
43.9,3.400
43.9,3.400
43.9,3.400
43.9,3.400
43.9,3.400
43.9,3.400
43.9,3.400
43.9,3.400
43.9,3.400
43.9,3.400
43.9,3.400
43.9,3.400
43.9,3.400
43.9,3.400
43.9,3.400
43.9,3.400
43.9,3.400
43.9,3.400
43.9,3.400
43.9,3.400
43.9,3.400
43.9,3.400
43.9,3.400
43.9,3.400
43.9,3.400
43.9,3.400
43.9,3.400
43.9,3.400
43.9,3.400
43.9,3.400
43.9,3.400
43.9,3.400
43.9,3.400
43.9,3.400
43.9,3.400
43.9,3.400
43.9,3.400
43.9,3.400
43.9,3.400
43.9,3.400
43.9,3.400
43.9,3.400
43.9,3.400
43.9,3.400
43.9,3.400
43.9,3.400
43.9,3.400
43.9,3.400
43.9,3.400
43.9,3.400
43.9,3.400
43.9,3.400
43.9,3.400
43.9,3.400
43.9,3.400
43.9,3.400
43.9,3.400
43.9,3.400
43.9,3.400
43.9,3.400
43.9,3.400
43.9,3.395
43.9,3.395
43.9,3.395
43.9,3.395
43.9,3.395
43.9,3.395
43.9,3.395
43.9,3.395
43.9,3.395
43.9,3.395
43.9,3.395
43.9,3.395
43.9,3.395
43.9,3.395
43.9,3.395
43.9,3.395
43.9,3.395
43.9,3.395
43.9,3.395
43.9,3.395
43.9,3.395
43.9,3.395
43.9,3.395
43.9,3.395
43.9,3.395
43.9,3.395
43.9,3.395
43.9,3.395
43.9,3.395
43.9,3.395
43.9,3.395
43.9,3.395
43.9,3.395
43.9,3.395
43.9,3.395
43.9,3.395
43.9,3.395
43.9,3.395
43.9,3.395
43.9,3.395
43.9,3.395
43.9,3.395
43.9,3.395
43.9,3.395
43.9,3.395
43.9,3.395
43.9,3.395
43.9,3.395
43.9,3.395
43.9,3.395
43.9,3.395
43.9,3.395
43.9,3.395
43.9,3.395
43.9,3.395
43.9,3.395
43.9,3.395
43.9,3.395
43.9,3.395
43.9,3.395
43.9,3.395
43.9,3.395
43.9,3.395
43.8,3.395
43.8,3.395
43.8,3.395
43.8,3.395
43.8,3.395
43.8,3.395
43.8,3.395
43.8,3.395
43.8,3.395
43.8,3.395
43.8,3.395
43.8,3.395
43.8,3.395
43.8,3.395
43.8,3.395
43.8,3.395
43.8,3.395
43.8,3.395
43.8,3.395
43.8,3.395
43.8,3.395
43.8,3.395
43.8,3.395
43.8,3.395
43.8,3.390
43.8,3.390
43.8,3.390
43.8,3.390
43.8,3.390
43.8,3.390
43.8,3.390
43.8,3.390
43.8,3.390
43.8,3.390
43.8,3.390
43.8,3.390
43.8,3.390
43.8,3.390
43.8,3.390
43.7,3.390
43.7,3.390
43.7,3.390
43.7,3.390
43.7,3.390
43.7,3.390
43.7,3.390
43.7,3.390
43.7,3.390
43.7,3.390
43.7,3.390
43.7,3.390
43.7,3.390
43.7,3.390
43.7,3.390
43.7,3.390
43.7,3.390
43.7,3.390
43.7,3.390
43.7,3.390
43.7,3.390
43.7,3.390
43.7,3.390
43.7,3.390
43.7,3.390
43.7,3.390
43.7,3.390
43.7,3.390
43.7,3.390
43.7,3.390
43.7,3.390
43.7,3.390
43.7,3.390
43.7,3.390
43.7,3.390
43.7,3.390
43.7,3.390
43.7,3.390
43.7,3.390
43.7,3.390
43.7,3.390
43.7,3.390
43.7,3.390
43.7,3.390
43.7,3.390
43.7,3.390
43.7,3.390
43.7,3.390
43.7,3.390
43.7,3.390
43.7,3.390
43.7,3.390
43.7,3.390
43.7,3.390
43.7,3.390
43.7,3.390
43.7,3.390
43.7,3.390
43.7,3.390
43.7,3.390
43.7,3.390
43.7,3.390
43.7,3.390
43.7,3.390
43.7,3.390
43.7,3.390
43.7,3.390
43.7,3.390
43.7,3.390
43.7,3.385
43.7,3.385
43.7,3.385
43.7,3.385
43.7,3.385
43.7,3.385
43.7,3.385
43.7,3.385
43.7,3.385
43.7,3.385
43.7,3.385
43.7,3.385
43.7,3.385
43.7,3.385
43.7,3.385
43.7,3.385
43.7,3.385
43.7,3.385
43.7,3.385
43.7,3.385
43.7,3.385
43.7,3.385
43.7,3.385
43.7,3.385
43.6,3.385
43.6,3.385
43.6,3.385
43.6,3.385
43.6,3.385
43.6,3.385
43.6,3.385
43.6,3.385
43.6,3.385
43.6,3.385
43.6,3.385
43.6,3.385
43.6,3.385
43.6,3.385
43.6,3.385
43.6,3.385
43.6,3.385
43.6,3.385
43.6,3.385
43.6,3.385
43.6,3.385
43.6,3.385
43.6,3.385
43.6,3.385
43.6,3.385
43.6,3.385
43.6,3.385
43.6,3.385
43.6,3.385
43.6,3.385
43.6,3.385
43.6,3.385
43.6,3.385
43.6,3.385
43.6,3.385
43.6,3.385
43.6,3.385
43.6,3.385
43.6,3.385
43.6,3.385
43.6,3.385
43.6,3.385
43.6,3.385
43.6,3.385
43.6,3.385
43.6,3.385
43.6,3.385
43.6,3.385
43.6,3.385
43.6,3.385
43.6,3.385
43.6,3.385
43.6,3.385
43.6,3.385
43.6,3.385
43.6,3.385
43.6,3.385
43.6,3.385
43.6,3.385
43.6,3.380
43.6,3.380
43.6,3.380
43.6,3.380
43.6,3.380
43.6,3.380
43.6,3.380
43.6,3.380
43.6,3.380
43.6,3.380
43.6,3.380
43.6,3.380
43.6,3.380
43.6,3.380
43.6,3.380
43.5,3.380
43.5,3.380
43.5,3.380
43.5,3.380
43.5,3.380
43.5,3.380
43.5,3.380
43.5,3.380
43.5,3.380
43.5,3.380
43.5,3.380
43.5,3.380
43.5,3.380
43.5,3.380
43.5,3.380
43.5,3.380
43.5,3.380
43.5,3.380
43.5,3.380
43.5,3.380
43.5,3.380
43.5,3.380
43.5,3.380
43.5,3.380
43.5,3.380
43.5,3.380
43.5,3.380
43.5,3.380
43.5,3.380
43.5,3.380
43.5,3.380
43.5,3.380
43.5,3.380
43.5,3.380
43.5,3.380
43.5,3.380
43.5,3.380
43.5,3.380
43.5,3.380
43.5,3.380
43.5,3.380
43.5,3.380
43.5,3.380
43.5,3.380
43.5,3.380
43.5,3.380
43.5,3.380
43.5,3.380
43.5,3.380
43.5,3.380
43.5,3.380
43.5,3.380
43.5,3.380
43.5,3.380
43.5,3.380
43.5,3.380
43.5,3.380
43.5,3.380
43.5,3.380
43.5,3.380
43.5,3.380
43.5,3.380
43.5,3.375
43.5,3.375
43.5,3.375
43.5,3.375
43.4,3.375
43.4,3.375
43.4,3.375
43.4,3.375
43.4,3.375
43.4,3.375
43.4,3.375
43.4,3.375
43.4,3.375
43.4,3.375
43.4,3.375
43.4,3.375
43.4,3.375
43.4,3.375
43.4,3.375
43.4,3.375
43.4,3.375
43.4,3.375
43.4,3.375
43.4,3.375
43.4,3.375
43.4,3.375
43.4,3.375
43.4,3.375
43.4,3.375
43.4,3.375
43.4,3.375
43.4,3.375
43.4,3.375
43.4,3.375
43.4,3.375
43.4,3.375
43.4,3.375
43.4,3.375
43.4,3.375
43.4,3.375
43.4,3.375
43.4,3.375
43.4,3.375
43.4,3.375
43.4,3.375
43.4,3.375
43.4,3.375
43.4,3.375
43.4,3.375
43.4,3.375
43.4,3.375
43.4,3.375
43.4,3.375
43.4,3.375
43.4,3.375
43.4,3.375
43.4,3.375
43.4,3.375
43.4,3.375
43.4,3.375
43.4,3.375
43.4,3.375
43.4,3.375
43.4,3.375
43.4,3.375
43.4,3.375
43.4,3.375
43.4,3.370
43.4,3.370
43.4,3.370
43.4,3.370
43.4,3.370
43.4,3.370
43.4,3.370
43.4,3.370
43.4,3.370
43.4,3.370
43.4,3.370
43.4,3.370
43.4,3.370
43.4,3.370
43.4,3.370
43.4,3.370
43.4,3.370
43.4,3.370
43.4,3.370
43.4,3.370
43.5,3.370
43.5,3.370
43.5,3.370
43.5,3.370
43.5,3.370
43.5,3.370
43.5,3.370
43.5,3.370
43.5,3.370
43.5,3.370
43.5,3.370
43.5,3.370
43.5,3.370
43.5,3.370
43.5,3.370
43.5,3.370
43.4,3.370
43.4,3.370
43.4,3.370
43.4,3.370
43.4,3.370
43.4,3.370
43.4,3.370
43.4,3.370
43.4,3.370
43.4,3.370
43.4,3.370
43.4,3.370
43.4,3.370
43.4,3.370
43.4,3.370
43.4,3.370
43.4,3.370
43.4,3.370
43.4,3.370
43.4,3.370
43.4,3.370
43.4,3.370
43.4,3.370
43.4,3.370
43.4,3.370
43.4,3.370
43.4,3.365
43.4,3.365
43.4,3.365
43.4,3.365
43.4,3.365
43.4,3.365
43.4,3.365
43.4,3.365
43.4,3.365
43.4,3.365
43.4,3.365
43.4,3.365
43.4,3.365
43.4,3.365
43.4,3.365
43.4,3.365
43.4,3.365
43.4,3.365
43.4,3.365
43.4,3.365
43.4,3.365
43.4,3.365
43.4,3.365
43.4,3.365
43.4,3.365
43.4,3.365
43.4,3.365
43.4,3.365
43.4,3.365
43.4,3.365
43.4,3.365
43.5,3.365
43.5,3.365
43.5,3.365
43.5,3.365
43.5,3.365
43.5,3.365
43.5,3.365
43.5,3.365
43.5,3.365
43.5,3.365
43.5,3.365
43.5,3.365
43.5,3.365
43.5,3.365
43.5,3.365
43.5,3.365
43.5,3.365
43.5,3.365
43.5,3.365
43.5,3.365
43.5,3.365
43.5,3.365
43.5,3.365
43.5,3.365
43.5,3.365
43.5,3.365
43.5,3.365
43.5,3.365
43.5,3.365
43.5,3.365
43.5,3.360
43.5,3.360
43.5,3.360
43.5,3.360
43.4,3.360
43.4,3.360
43.4,3.360
43.4,3.360
43.4,3.360
43.4,3.360
43.4,3.360
43.4,3.360
43.4,3.360
43.4,3.360
43.4,3.360
43.4,3.360
43.4,3.360
43.4,3.360
43.4,3.360
43.4,3.360
43.4,3.360
43.4,3.360
43.4,3.360
43.4,3.360
43.4,3.360
43.4,3.360
43.4,3.360
43.4,3.360
43.4,3.360
43.4,3.360
43.4,3.360
43.4,3.360
43.4,3.360
43.4,3.360
43.4,3.360
43.4,3.360
43.4,3.360
43.4,3.360
43.4,3.360
43.4,3.360
43.4,3.360
43.4,3.360
43.4,3.360
43.4,3.360
43.4,3.360
43.4,3.360
43.4,3.360
43.4,3.360
43.4,3.360
43.4,3.360
43.4,3.360
43.4,3.360
43.4,3.360
43.4,3.355
43.4,3.355
43.4,3.355
43.4,3.355
43.4,3.355
43.4,3.355
43.4,3.355
43.4,3.355
43.4,3.355
43.4,3.355
43.4,3.355
43.4,3.355
43.4,3.355
43.4,3.355
43.4,3.355
43.4,3.355
43.4,3.355
43.4,3.355
43.4,3.355
43.4,3.355
43.4,3.355
43.4,3.355
43.4,3.355
43.4,3.355
43.4,3.355
43.4,3.355
43.4,3.355
43.4,3.355
43.4,3.355
43.4,3.355
43.4,3.355
43.4,3.355
43.4,3.355
43.4,3.355
43.4,3.355
43.4,3.355
43.4,3.355
43.4,3.355
43.4,3.355
43.4,3.355
43.4,3.355
43.4,3.355
43.4,3.355
43.4,3.355
43.4,3.355
43.4,3.355
43.4,3.355
43.4,3.355
43.4,3.355
43.4,3.355
43.4,3.350
43.4,3.350
43.4,3.350
43.4,3.350
43.4,3.350
43.4,3.350
43.4,3.350
43.4,3.350
43.4,3.350
43.4,3.350
43.4,3.350
43.4,3.350
43.4,3.350
43.4,3.350
43.4,3.350
43.4,3.350
43.4,3.350
43.3,3.350
43.4,3.350
43.3,3.350
43.3,3.350
43.3,3.350
43.3,3.350
43.3,3.350
43.3,3.350
43.3,3.350
43.3,3.350
43.3,3.350
43.3,3.350
43.3,3.350
43.3,3.350
43.3,3.350
43.3,3.350
43.3,3.350
43.3,3.350
43.3,3.350
43.3,3.350
43.3,3.350
43.3,3.350
43.3,3.350
43.3,3.350
43.3,3.350
43.3,3.345
43.3,3.345
43.3,3.345
43.3,3.345
43.3,3.345
43.3,3.345
43.3,3.345
43.3,3.345
43.3,3.345
43.3,3.345
43.3,3.345
43.3,3.345
43.3,3.345
43.3,3.345
43.3,3.345
43.3,3.345
43.3,3.345
43.3,3.345
43.3,3.345
43.3,3.345
43.3,3.345
43.3,3.345
43.3,3.345
43.3,3.345
43.3,3.345
43.3,3.345
43.3,3.345
43.3,3.345
43.3,3.345
43.3,3.345
43.3,3.345
43.3,3.345
43.3,3.345
43.3,3.345
43.3,3.345
43.3,3.345
43.3,3.345
43.3,3.345
43.3,3.345
43.3,3.345
43.3,3.345
43.3,3.340
43.3,3.340
43.3,3.340
43.3,3.340
43.3,3.340
43.3,3.340
43.3,3.340
43.3,3.340
43.3,3.340
43.3,3.340
43.3,3.340
43.3,3.340
43.3,3.340
43.3,3.340
43.3,3.340
43.3,3.340
43.3,3.340
43.3,3.340
43.4,3.340
43.4,3.340
43.4,3.340
43.4,3.340
43.4,3.340
43.4,3.340
43.4,3.340
43.4,3.340
43.4,3.340
43.4,3.340
43.4,3.340
43.4,3.340
43.4,3.340
43.3,3.340
43.3,3.340
43.3,3.340
43.3,3.340
43.3,3.340
43.3,3.340
43.3,3.335
43.3,3.335
43.3,3.335
43.3,3.335
43.3,3.335
43.3,3.335
43.3,3.335
43.3,3.335
43.3,3.335
43.3,3.335
43.3,3.335
43.3,3.335
43.3,3.335
43.3,3.335
43.3,3.335
43.3,3.335
43.3,3.335
43.3,3.335
43.3,3.335
43.3,3.335
43.3,3.335
43.3,3.335
43.3,3.335
43.3,3.335
43.3,3.335
43.3,3.335
43.3,3.335
43.3,3.335
43.3,3.335
43.3,3.335
43.3,3.335
43.3,3.335
43.3,3.330
43.2,3.330
43.2,3.330
43.2,3.330
43.2,3.330
43.2,3.330
43.2,3.330
43.2,3.330
43.2,3.330
43.2,3.330
43.2,3.330
43.2,3.330
43.2,3.330
43.2,3.330
43.2,3.330
43.2,3.330
43.2,3.330
43.2,3.330
43.2,3.330
43.2,3.330
43.2,3.330
43.2,3.330
43.2,3.330
43.2,3.330
43.2,3.330
43.2,3.330
43.2,3.330
43.2,3.330
43.2,3.330
43.2,3.325
43.2,3.325
43.2,3.325
43.2,3.325
43.2,3.325
43.2,3.325
43.2,3.325
43.2,3.325
43.2,3.325
43.2,3.325
43.2,3.325
43.2,3.325
43.2,3.325
43.2,3.325
43.2,3.325
43.2,3.325
43.2,3.325
43.2,3.325
43.2,3.325
43.2,3.325
43.2,3.325
43.2,3.325
43.2,3.325
43.2,3.325
43.2,3.325
43.2,3.325
43.2,3.325
43.2,3.325
43.2,3.325
43.2,3.320
43.2,3.320
43.2,3.320
43.2,3.320
43.2,3.320
43.2,3.320
43.2,3.320
43.2,3.320
43.2,3.320
43.2,3.320
43.2,3.320
43.2,3.320
43.2,3.320
43.2,3.320
43.2,3.320
43.2,3.320
43.2,3.320
43.2,3.320
43.2,3.320
43.2,3.320
43.2,3.320
43.2,3.320
43.2,3.320
43.2,3.320
43.2,3.320
43.2,3.320
43.2,3.320
43.2,3.320
43.2,3.315
43.2,3.315
43.2,3.315
43.2,3.315
43.2,3.315
43.2,3.315
43.2,3.315
43.2,3.315
43.2,3.315
43.2,3.315
43.2,3.315
43.2,3.315
43.2,3.315
43.2,3.315
43.2,3.315
43.2,3.315
43.2,3.315
43.2,3.315
43.2,3.315
43.2,3.315
43.2,3.315
43.2,3.315
43.1,3.315
43.1,3.315
43.1,3.315
43.1,3.310
43.1,3.310
43.1,3.310
43.1,3.310
43.1,3.310
43.1,3.310
43.1,3.310
43.1,3.310
43.1,3.310
43.1,3.310
43.1,3.310
43.1,3.310
43.1,3.310
43.1,3.310
43.1,3.310
43.1,3.310
43.1,3.310
43.1,3.310
43.1,3.310
43.1,3.310
43.1,3.310
43.1,3.310
43.1,3.310
43.1,3.310
43.1,3.310
43.1,3.305
43.1,3.305
43.1,3.305
43.1,3.305
43.1,3.305
43.1,3.305
43.1,3.305
43.1,3.305
43.1,3.305
43.1,3.305
43.1,3.305
43.1,3.305
43.1,3.305
43.1,3.305
43.1,3.305
43.1,3.305
43.1,3.305
43.1,3.305
43.1,3.305
43.1,3.305
43.1,3.305
43.1,3.305
43.1,3.305
43.1,3.305
43.1,3.305
43.1,3.300
43.1,3.300
43.1,3.300
43.1,3.300
43.1,3.300
43.1,3.300
43.1,3.300
43.1,3.300
43.1,3.300
43.1,3.300
43.1,3.300
43.1,3.300
43.1,3.300
43.1,3.300
43.1,3.300
43.1,3.300
43.2,3.300
43.2,3.300
43.2,3.300
43.2,3.300
43.2,3.300
43.2,3.300
43.2,3.300
43.2,3.300
43.2,3.295
43.2,3.295
43.2,3.295
43.2,3.295
43.2,3.295
43.2,3.295
43.2,3.295
43.2,3.295
43.2,3.295
43.2,3.295
43.2,3.295
43.2,3.295
43.2,3.295
43.2,3.295
43.2,3.295
43.1,3.295
43.1,3.295
43.1,3.295
43.1,3.295
43.1,3.295
43.1,3.295
43.1,3.295
43.1,3.295
43.1,3.290
43.1,3.290
43.1,3.290
43.1,3.290
43.1,3.290
43.1,3.290
43.1,3.290
43.1,3.290
43.1,3.290
43.1,3.290
43.1,3.290
43.1,3.290
43.1,3.290
43.1,3.290
43.1,3.290
43.1,3.290
43.1,3.290
43.1,3.290
43.1,3.290
43.1,3.290
43.1,3.290
43.1,3.290
43.1,3.290
43.1,3.290
43.1,3.290
43.1,3.285
43.1,3.285
43.1,3.285
43.1,3.285
43.1,3.285
43.1,3.285
43.1,3.285
43.1,3.285
43.1,3.285
43.1,3.285
43.1,3.285
43.1,3.285
43.1,3.285
43.1,3.285
43.1,3.285
43.1,3.285
43.1,3.285
43.1,3.285
43.1,3.285
43.1,3.285
43.1,3.285
43.1,3.285
43.1,3.285
43.1,3.285
43.1,3.285
43.1,3.280
43.1,3.280
43.1,3.280
43.1,3.280
43.1,3.280
43.1,3.280
43.0,3.280
43.0,3.280
43.0,3.280
43.0,3.280
43.0,3.280
43.0,3.280
43.0,3.280
43.0,3.280
43.0,3.280
43.0,3.280
43.0,3.280
43.0,3.280
43.0,3.280
43.0,3.280
43.0,3.280
43.0,3.280
43.0,3.280
43.0,3.280
43.0,3.280
43.0,3.280
43.0,3.275
43.0,3.275
43.0,3.275
43.0,3.275
43.0,3.275
43.0,3.275
43.0,3.275
43.0,3.275
43.0,3.275
43.0,3.275
43.0,3.275
43.0,3.275
43.0,3.275
43.0,3.275
43.0,3.275
43.0,3.275
43.0,3.275
43.0,3.275
43.0,3.275
43.0,3.275
43.0,3.275
43.0,3.275
43.0,3.275
43.0,3.275
43.0,3.275
43.0,3.275
43.0,3.270
43.0,3.270
43.0,3.270
43.0,3.270
43.0,3.270
43.0,3.270
43.0,3.270
43.0,3.270
43.0,3.270
43.0,3.270
43.0,3.270
43.0,3.270
43.0,3.270
43.0,3.270
43.0,3.270
43.0,3.270
43.0,3.270
43.0,3.270
43.0,3.270
43.0,3.270
43.0,3.270
43.0,3.270
43.0,3.270
43.0,3.270
43.0,3.265
43.0,3.265
43.0,3.265
43.0,3.265
43.0,3.265
43.0,3.265
43.0,3.265
43.0,3.265
43.0,3.265
43.0,3.265
43.0,3.265
43.0,3.265
43.0,3.265
43.0,3.265
43.0,3.265
43.0,3.265
43.0,3.265
43.0,3.265
43.0,3.265
43.0,3.265
43.0,3.265
43.0,3.265
43.0,3.265
43.0,3.265
43.0,3.265
43.0,3.265
43.0,3.260
43.0,3.260
43.0,3.260
43.0,3.260
43.0,3.260
43.0,3.260
43.0,3.260
43.0,3.260
43.0,3.260
43.0,3.260
43.0,3.260
43.0,3.260
43.0,3.260
43.0,3.260
43.0,3.260
43.0,3.260
43.0,3.260
43.0,3.260
43.0,3.260
43.0,3.260
43.0,3.260
43.0,3.260
43.0,3.260
43.0,3.260
43.0,3.260
43.0,3.255
43.0,3.255
43.0,3.255
43.0,3.255
43.0,3.255
43.0,3.255
43.0,3.255
43.0,3.255
43.0,3.255
43.0,3.255
43.0,3.255
43.0,3.255
43.0,3.255
43.0,3.255
43.0,3.255
43.0,3.255
43.0,3.255
43.0,3.255
43.0,3.255
43.0,3.255
43.0,3.255
43.0,3.255
43.0,3.255
43.0,3.255
43.0,3.250
43.0,3.250
43.0,3.250
43.0,3.250
43.0,3.250
43.0,3.250
43.0,3.250
43.0,3.250
43.0,3.250
43.0,3.250
43.0,3.250
43.0,3.250
43.0,3.250
43.0,3.250
43.0,3.250
43.0,3.250
43.0,3.250
43.0,3.250
43.0,3.250
43.0,3.250
43.0,3.250
43.0,3.250
43.0,3.250
43.0,3.250
43.0,3.245
43.0,3.245
43.0,3.245
43.0,3.245
43.0,3.245
43.0,3.245
43.0,3.245
43.0,3.245
43.0,3.245
43.0,3.245
43.0,3.245
43.0,3.245
43.0,3.245
43.0,3.245
43.0,3.245
43.0,3.245
43.0,3.245
43.0,3.245
43.0,3.245
43.0,3.245
43.0,3.245
43.0,3.245
43.0,3.245
43.0,3.245
43.0,3.245
43.0,3.240
43.0,3.240
43.0,3.240
43.0,3.240
43.0,3.240
43.0,3.240
43.0,3.240
43.0,3.240
43.0,3.240
43.0,3.240
43.0,3.240
43.0,3.240
43.0,3.240
43.0,3.240
43.0,3.240
43.0,3.240
43.0,3.240
43.0,3.240
43.0,3.240
43.0,3.240
43.0,3.240
43.0,3.240
43.0,3.240
43.0,3.240
43.0,3.240
43.0,3.240
43.0,3.235
43.0,3.235
43.0,3.235
43.0,3.235
43.0,3.235
43.0,3.235
43.0,3.235
43.0,3.235
43.0,3.235
43.0,3.235
43.0,3.235
43.0,3.235
43.0,3.235
43.0,3.235
43.0,3.235
43.0,3.235
43.0,3.235
43.0,3.235
43.0,3.235
43.0,3.235
43.0,3.235
43.0,3.235
43.0,3.235
43.0,3.235
43.0,3.230
43.0,3.230
43.0,3.230
43.0,3.230
43.0,3.230
43.0,3.230
43.0,3.230
43.0,3.230
43.0,3.230
43.0,3.230
43.0,3.230
43.0,3.230
43.0,3.230
43.0,3.230
43.0,3.230
43.0,3.230
43.0,3.230
43.0,3.230
43.0,3.230
43.0,3.230
43.0,3.230
43.0,3.230
43.0,3.230
43.0,3.230
43.0,3.230
43.0,3.230
43.0,3.230
43.0,3.225
43.0,3.225
43.0,3.225
43.0,3.225
43.0,3.225
43.0,3.225
43.0,3.225
43.1,3.225
43.0,3.225
43.1,3.225
43.1,3.225
43.1,3.225
43.1,3.225
43.1,3.225
43.1,3.225
43.1,3.225
43.1,3.225
43.1,3.225
43.1,3.225
43.1,3.225
43.1,3.225
43.1,3.225
43.1,3.225
43.1,3.225
43.1,3.225
43.1,3.225
43.1,3.225
43.1,3.225
43.1,3.220
43.1,3.220
43.1,3.220
43.1,3.220
43.1,3.220
43.1,3.220
43.1,3.220
43.1,3.220
43.1,3.220
43.1,3.220
43.1,3.220
43.1,3.220
43.1,3.220
43.1,3.220
43.1,3.220
43.1,3.220
43.1,3.220
43.1,3.220
43.1,3.220
43.1,3.220
43.1,3.220
43.1,3.220
43.1,3.220
43.1,3.220
43.1,3.220
43.1,3.220
43.1,3.220
43.1,3.220
43.1,3.220
43.1,3.215
43.1,3.215
43.1,3.215
43.1,3.215
43.1,3.215
43.1,3.215
43.1,3.215
43.1,3.215
43.1,3.215
43.1,3.215
43.1,3.215
43.1,3.215
43.1,3.215
43.1,3.215
43.1,3.215
43.1,3.215
43.1,3.215
43.1,3.215
43.1,3.215
43.1,3.215
43.1,3.215
43.1,3.215
43.1,3.215
43.1,3.215
43.1,3.215
43.1,3.215
43.1,3.215
43.1,3.210
43.1,3.210
43.1,3.210
43.1,3.210
43.1,3.210
43.1,3.210
43.1,3.210
43.1,3.210
43.1,3.210
43.1,3.210
43.1,3.210
43.1,3.210
43.1,3.210
43.1,3.210
43.1,3.210
43.1,3.210
43.1,3.210
43.1,3.210
43.1,3.210
43.1,3.210
43.1,3.210
43.1,3.210
43.1,3.210
43.1,3.210
43.1,3.210
43.1,3.210
43.1,3.210
43.1,3.210
43.1,3.210
43.1,3.205
43.1,3.205
43.1,3.205
43.1,3.205
43.1,3.205
43.1,3.205
43.1,3.205
43.1,3.205
43.1,3.205
43.1,3.205
43.1,3.205
43.1,3.205
43.1,3.205
43.1,3.205
43.1,3.205
43.1,3.205
43.1,3.205
43.1,3.205
43.1,3.205
43.1,3.205
43.1,3.205
43.0,3.205
43.0,3.205
43.0,3.205
43.0,3.205
43.0,3.205
43.0,3.205
43.0,3.205
43.0,3.205
43.0,3.205
43.0,3.200
43.0,3.200
43.0,3.200
43.0,3.200
43.0,3.200
43.0,3.200
43.0,3.200
43.0,3.200
43.0,3.200
43.0,3.200
43.0,3.200
43.0,3.200
43.0,3.200
43.0,3.200
43.0,3.200
43.0,3.200
43.0,3.200
43.0,3.200
43.0,3.200
43.0,3.200
43.0,3.200
43.0,3.200
43.0,3.200
43.0,3.200
43.0,3.200
43.0,3.200
43.0,3.200
43.0,3.200
43.0,3.200
43.0,3.195
43.0,3.195
43.0,3.195
43.0,3.195
43.0,3.195
43.0,3.195
43.0,3.195
43.0,3.195
43.0,3.195
43.0,3.195
43.0,3.195
43.0,3.195
43.0,3.195
43.0,3.195
43.0,3.195
43.0,3.195
43.0,3.195
43.0,3.195
43.0,3.195
43.0,3.195
43.0,3.195
43.0,3.195
43.0,3.195
43.0,3.195
43.0,3.195
42.9,3.195
42.9,3.195
42.9,3.195
42.9,3.195
42.9,3.190
42.9,3.190
42.9,3.190
42.9,3.190
42.9,3.190
42.9,3.190
42.9,3.190
42.9,3.190
42.9,3.190
42.9,3.190
42.9,3.190
42.9,3.190
42.9,3.190
42.9,3.190
42.9,3.190
42.9,3.190
42.9,3.190
42.9,3.190
42.9,3.190
42.9,3.190
42.9,3.190
42.9,3.190
42.9,3.190
42.9,3.190
42.9,3.190
42.9,3.190
42.9,3.190
42.9,3.185
42.9,3.185
42.9,3.185
42.9,3.185
42.9,3.185
42.9,3.185
42.9,3.185
42.9,3.185
42.9,3.185
42.9,3.185
42.9,3.185
42.9,3.185
42.9,3.185
42.9,3.185
42.9,3.185
42.9,3.185
42.9,3.185
42.9,3.185
42.9,3.185
42.9,3.185
42.9,3.185
42.9,3.185
42.9,3.185
42.9,3.185
42.9,3.185
43.0,3.185
43.0,3.185
43.0,3.185
43.0,3.180
43.0,3.180
43.0,3.180
43.0,3.180
43.0,3.180
43.0,3.180
43.0,3.180
43.0,3.180
43.0,3.180
43.0,3.180
43.0,3.180
43.0,3.180
43.0,3.180
43.0,3.180
43.0,3.180
43.0,3.180
43.0,3.180
43.0,3.180
43.0,3.180
43.0,3.180
43.0,3.180
43.0,3.180
43.0,3.180
43.0,3.180
43.0,3.180
43.0,3.180
43.0,3.180
43.0,3.180
43.0,3.175
43.0,3.175
43.0,3.175
43.0,3.175
43.0,3.175
43.0,3.175
43.0,3.175
43.0,3.175
43.0,3.175
43.0,3.175
43.0,3.175
43.0,3.175
43.0,3.175
43.0,3.175
42.9,3.175
42.9,3.175
42.9,3.175
42.9,3.175
42.9,3.175
42.9,3.175
42.9,3.175
42.9,3.175
42.9,3.175
42.9,3.175
42.9,3.175
42.9,3.175
42.9,3.170
42.9,3.170
42.9,3.170
42.9,3.170
42.9,3.170
42.9,3.170
42.9,3.170
42.9,3.170
42.9,3.170
42.9,3.170
42.9,3.170
42.9,3.170
42.9,3.170
42.9,3.170
42.9,3.170
42.9,3.170
42.9,3.170
42.9,3.170
42.9,3.170
42.9,3.170
42.9,3.170
42.9,3.170
42.9,3.170
42.9,3.170
42.9,3.170
42.9,3.170
42.9,3.165
42.9,3.165
42.9,3.165
42.9,3.165
42.9,3.165
42.9,3.165
42.9,3.165
42.9,3.165
42.9,3.165
42.9,3.165
42.9,3.165
42.8,3.165
42.8,3.165
42.8,3.165
42.8,3.165
42.8,3.165
42.8,3.165
42.8,3.165
42.8,3.165
42.8,3.165
42.8,3.165
42.8,3.165
42.8,3.165
42.8,3.165
42.8,3.165
42.8,3.165
42.8,3.160
42.8,3.160
42.8,3.160
42.8,3.160
42.8,3.160
42.8,3.160
42.8,3.160
42.8,3.160
42.8,3.160
42.8,3.160
42.8,3.160
42.8,3.160
42.8,3.160
42.8,3.160
42.8,3.160
42.8,3.160
42.8,3.160
42.8,3.160
42.8,3.160
42.8,3.160
42.8,3.160
42.8,3.160
42.8,3.160
42.8,3.160
42.8,3.160
42.8,3.160
42.8,3.155
42.8,3.155
42.8,3.155
42.8,3.155
42.8,3.155
42.8,3.155
42.7,3.155
42.7,3.155
42.7,3.155
42.7,3.155
42.7,3.155
42.7,3.155
42.7,3.155
42.7,3.155
42.7,3.155
42.8,3.155
42.8,3.155
42.8,3.155
42.8,3.155
42.8,3.155
42.8,3.155
42.8,3.155
42.7,3.155
42.7,3.150
42.7,3.150
42.7,3.150
42.7,3.150
42.7,3.150
42.7,3.150
42.7,3.150
42.7,3.150
42.7,3.150
42.7,3.150
42.7,3.150
42.7,3.150
42.7,3.150
42.7,3.150
42.7,3.150
42.7,3.150
42.7,3.150
42.7,3.150
42.7,3.150
42.7,3.150
42.7,3.150
42.7,3.150
42.7,3.150
42.7,3.150
42.7,3.145
42.7,3.145
42.7,3.145
42.7,3.145
42.7,3.145
42.7,3.145
42.7,3.145
42.7,3.145
42.7,3.145
42.7,3.145
42.7,3.145
42.7,3.145
42.7,3.145
42.7,3.145
42.7,3.145
42.7,3.145
42.6,3.145
42.6,3.145
42.6,3.145
42.6,3.145
42.6,3.145
42.6,3.145
42.6,3.145
42.6,3.145
42.6,3.140
42.6,3.140
42.6,3.140
42.6,3.140
42.6,3.140
42.6,3.140
42.6,3.140
42.6,3.140
42.6,3.140
42.6,3.140
42.6,3.140
42.6,3.140
42.6,3.140
42.6,3.140
42.6,3.140
42.6,3.140
42.6,3.140
42.6,3.140
42.6,3.140
42.6,3.140
42.6,3.140
42.6,3.140
42.6,3.140
42.6,3.135
42.6,3.135
42.6,3.135
42.6,3.135
42.6,3.135
42.6,3.135
42.6,3.135
42.6,3.135
42.6,3.135
42.5,3.135
42.5,3.135
42.5,3.135
42.5,3.135
42.5,3.135
42.5,3.135
42.5,3.135
42.5,3.135
42.5,3.135
42.5,3.135
42.5,3.135
42.5,3.135
42.5,3.135
42.5,3.130
42.5,3.130
42.5,3.130
42.5,3.130
42.5,3.130
42.5,3.130
42.5,3.130
42.5,3.130
42.5,3.130
42.5,3.130
42.5,3.130
42.5,3.130
42.5,3.130
42.5,3.130
42.5,3.130
42.5,3.130
42.5,3.130
42.5,3.130
42.5,3.130
42.5,3.130
42.5,3.130
42.5,3.130
42.5,3.125
42.5,3.125
42.5,3.125
42.5,3.125
42.5,3.125
42.5,3.125
42.5,3.125
42.5,3.125
42.4,3.125
42.4,3.125
42.4,3.125
42.4,3.125
42.4,3.125
42.4,3.125
42.4,3.125
42.4,3.125
42.4,3.125
42.4,3.125
42.4,3.125
42.4,3.125
42.4,3.125
42.4,3.125
42.4,3.120
42.4,3.120
42.4,3.120
42.4,3.120
42.4,3.120
42.4,3.120
42.4,3.120
42.4,3.120
42.4,3.120
42.4,3.120
42.4,3.120
42.4,3.120
42.4,3.120
42.4,3.120
42.4,3.120
42.4,3.120
42.4,3.120
42.4,3.120
42.4,3.120
42.4,3.120
42.4,3.120
42.4,3.120
42.4,3.115
42.4,3.115
42.4,3.115
42.4,3.115
42.4,3.115
42.4,3.115
42.4,3.115
42.4,3.115
42.4,3.115
42.4,3.115
42.4,3.115
42.4,3.115
42.4,3.115
42.3,3.115
42.3,3.115
42.3,3.115
42.3,3.115
42.3,3.115
42.3,3.115
42.3,3.115
42.3,3.115
42.3,3.110
42.3,3.110
42.3,3.110
42.3,3.110
42.3,3.110
42.3,3.110
42.3,3.110
42.3,3.110
42.3,3.110
42.3,3.110
42.3,3.110
42.3,3.110
42.3,3.110
42.3,3.110
42.3,3.110
42.3,3.110
42.3,3.110
42.3,3.110
42.3,3.110
42.3,3.105
42.3,3.105
42.3,3.105
42.3,3.105
42.3,3.105
42.3,3.105
42.3,3.105
42.3,3.105
42.3,3.105
42.3,3.105
42.2,3.105
42.2,3.105
42.2,3.105
42.2,3.105
42.2,3.105
42.2,3.105
42.2,3.105
42.2,3.105
42.2,3.105
42.2,3.105
42.2,3.100
42.2,3.100
42.2,3.100
42.2,3.100
42.2,3.100
42.2,3.100
42.2,3.100
42.2,3.100
42.2,3.100
42.2,3.100
42.2,3.100
42.2,3.100
42.2,3.100
42.2,3.100
42.2,3.100
42.2,3.100
42.2,3.100
42.2,3.100
42.2,3.100
42.2,3.095
42.2,3.095
42.2,3.095
42.2,3.095
42.2,3.095
42.2,3.095
42.2,3.095
42.2,3.095
42.2,3.095
42.2,3.095
42.2,3.095
42.2,3.095
42.2,3.095
42.2,3.095
42.1,3.095
42.1,3.095
42.1,3.095
42.1,3.095
42.1,3.090
42.1,3.090
42.1,3.090
42.1,3.090
42.1,3.090
42.1,3.090
42.1,3.090
42.1,3.090
42.1,3.090
42.1,3.090
42.1,3.090
42.1,3.090
42.1,3.090
42.1,3.090
42.1,3.090
42.1,3.090
42.1,3.090
42.1,3.090
42.1,3.085
42.1,3.085
42.1,3.085
42.1,3.085
42.1,3.085
42.1,3.085
42.2,3.085
42.2,3.085
42.2,3.085
42.2,3.085
42.2,3.085
42.2,3.085
42.2,3.085
42.2,3.085
42.2,3.085
42.2,3.085
42.2,3.085
42.2,3.085
42.2,3.085
42.2,3.080
42.2,3.080
42.2,3.080
42.2,3.080
42.2,3.080
42.2,3.080
42.2,3.080
42.2,3.080
42.2,3.080
42.2,3.080
42.2,3.080
42.2,3.080
42.2,3.080
42.2,3.080
42.2,3.080
42.2,3.080
42.2,3.080
42.2,3.080
42.2,3.075
42.2,3.075
42.2,3.075
42.2,3.075
42.1,3.075
42.1,3.075
42.1,3.075
42.1,3.075
42.1,3.075
42.1,3.075
42.1,3.075
42.1,3.075
42.1,3.075
42.1,3.075
42.1,3.075
42.1,3.075
42.1,3.075
42.1,3.070
42.1,3.070
42.1,3.070
42.1,3.070
42.1,3.070
42.1,3.070
42.1,3.070
42.1,3.070
42.1,3.070
42.1,3.070
42.1,3.070
42.1,3.070
42.1,3.070
42.1,3.070
42.1,3.070
42.1,3.070
42.1,3.070
42.1,3.065
42.1,3.065
42.1,3.065
42.1,3.065
42.1,3.065
42.1,3.065
42.1,3.065
42.1,3.065
42.1,3.065
42.1,3.065
42.1,3.065
42.1,3.065
42.1,3.065
42.1,3.065
42.1,3.065
42.1,3.065
42.1,3.065
42.1,3.065
42.1,3.060
42.1,3.060
42.1,3.060
42.1,3.060
42.1,3.060
42.1,3.060
42.1,3.060
42.1,3.060
42.1,3.060
42.1,3.060
42.1,3.060
42.1,3.060
42.1,3.060
42.1,3.060
42.1,3.060
42.1,3.060
42.1,3.060
42.1,3.060
42.1,3.055
42.1,3.055
42.1,3.055
42.0,3.055
42.0,3.055
42.0,3.055
42.0,3.055
42.0,3.055
42.0,3.055
42.0,3.055
42.0,3.055
42.0,3.055
42.0,3.055
42.0,3.055
42.0,3.055
42.0,3.055
42.0,3.050
42.0,3.050
42.0,3.050
42.0,3.050
42.0,3.050
42.0,3.050
42.0,3.050
42.0,3.050
42.0,3.050
42.0,3.050
42.0,3.050
42.0,3.050
42.0,3.050
42.0,3.050
42.0,3.050
42.0,3.050
42.0,3.045
42.0,3.045
42.0,3.045
42.0,3.045
42.0,3.045
42.0,3.045
42.0,3.045
42.0,3.045
42.0,3.045
42.0,3.045
42.0,3.045
42.0,3.045
42.0,3.045
42.0,3.045
42.0,3.045
42.0,3.045
42.0,3.045
42.0,3.040
42.0,3.040
42.0,3.040
41.9,3.040
41.9,3.040
41.9,3.040
41.9,3.040
41.9,3.040
41.9,3.040
42.0,3.040
42.0,3.040
42.0,3.040
42.0,3.040
42.0,3.040
42.0,3.040
42.0,3.040
42.0,3.035
42.0,3.035
42.0,3.035
42.0,3.035
42.0,3.035
42.0,3.035
42.0,3.035
42.0,3.035
42.0,3.035
42.0,3.035
42.0,3.035
42.0,3.035
42.0,3.035
42.0,3.035
42.0,3.035
42.0,3.035
42.0,3.030
42.0,3.030
42.0,3.030
41.9,3.030
41.9,3.030
41.9,3.030
41.9,3.030
41.9,3.030
41.9,3.030
41.9,3.030
41.9,3.030
41.9,3.030
41.9,3.030
41.9,3.030
41.9,3.025
41.9,3.025
41.9,3.025
41.9,3.025
41.9,3.025
41.9,3.025
41.9,3.025
41.9,3.025
41.9,3.025
41.9,3.025
41.9,3.025
41.9,3.025
41.9,3.025
41.9,3.025
41.9,3.025
41.9,3.020
41.9,3.020
41.9,3.020
41.9,3.020
41.9,3.020
41.9,3.020
41.9,3.020
41.9,3.020
41.9,3.020
41.9,3.020
41.9,3.020
41.9,3.020
41.9,3.020
41.9,3.020
41.9,3.020
41.9,3.015
41.9,3.015
41.9,3.015
41.9,3.015
41.9,3.015
41.9,3.015
41.9,3.015
41.9,3.015
41.9,3.015
41.9,3.015
41.9,3.015
41.9,3.015
41.9,3.015
41.9,3.015
41.9,3.010
41.9,3.010
41.9,3.010
41.9,3.010
41.9,3.010
41.9,3.010
41.9,3.010
41.9,3.010
41.9,3.010
41.9,3.010
41.9,3.010
41.9,3.010
41.9,3.010
41.9,3.010
41.9,3.005
41.9,3.005
41.9,3.005
41.9,3.005
41.9,3.005
41.9,3.005
41.9,3.005
41.9,3.005
41.9,3.005
41.9,3.005
41.9,3.005
41.9,3.005
41.9,3.005
41.9,3.005
41.9,3.000
41.9,3.000
41.9,3.000
41.9,3.000
41.9,3.000
41.9,3.000
41.9,3.000
41.8,3.000
41.8,3.000
41.8,3.000
41.8,3.000
41.8,3.000
41.8,3.000
41.8,3.000
41.8,3.000
41.8,2.995
41.8,2.995
41.8,2.995
41.8,2.995
41.8,2.995
41.8,2.995
41.8,2.995
41.8,2.995
41.8,2.995
41.8,2.995
41.8,2.995
41.8,2.995
41.8,2.995
41.8,2.990
41.8,2.990
41.8,2.990
41.8,2.990
41.8,2.990
41.8,2.990
41.8,2.990
41.8,2.990
41.8,2.990
41.8,2.990
41.8,2.990
41.8,2.990
41.7,2.990
41.7,2.990
41.7,2.985
41.7,2.985
41.7,2.985
41.7,2.985
41.7,2.985
41.7,2.985
41.7,2.985
41.7,2.985
41.7,2.985
41.7,2.985
41.7,2.985
41.7,2.985
41.7,2.985
41.7,2.985
41.7,2.985
41.7,2.980
41.7,2.980
41.7,2.980
41.7,2.980
41.7,2.980
41.7,2.980
41.7,2.980
41.7,2.980
41.7,2.980
41.7,2.980
41.7,2.980
41.7,2.980
41.7,2.980
41.7,2.980
41.7,2.975
41.7,2.975
41.7,2.975
41.7,2.975
41.7,2.975
41.7,2.975
41.7,2.975
41.7,2.975
41.7,2.975
41.7,2.975
41.7,2.975
41.7,2.975
41.7,2.975
41.7,2.975
41.7,2.970
41.7,2.970
41.7,2.970
41.7,2.970
41.7,2.970
41.7,2.970
41.7,2.970
41.7,2.970
41.7,2.970
41.7,2.970
41.7,2.970
41.7,2.970
41.7,2.970
41.7,2.970
41.7,2.965
41.7,2.965
41.7,2.965
41.7,2.965
41.7,2.965
41.7,2.965
41.7,2.965
41.7,2.965
41.7,2.965
41.7,2.965
41.7,2.965
41.7,2.965
41.7,2.965
41.7,2.965
41.7,2.960
41.7,2.960
41.7,2.960
41.7,2.960
41.7,2.960
41.7,2.960
41.7,2.960
41.7,2.960
41.7,2.960
41.7,2.960
41.7,2.960
41.7,2.960
41.7,2.960
41.7,2.960
41.6,2.955
41.6,2.955
41.6,2.955
41.6,2.955
41.6,2.955
41.6,2.955
41.6,2.955
41.6,2.955
41.6,2.955
41.6,2.955
41.6,2.955
41.6,2.955
41.6,2.955
41.6,2.950
41.6,2.950
41.6,2.950
41.6,2.950
41.6,2.950
41.6,2.950
41.6,2.950
41.6,2.950
41.6,2.950
41.6,2.950
41.6,2.950
41.6,2.950
41.6,2.950
41.6,2.945
41.6,2.945
41.6,2.945
41.6,2.945
41.6,2.945
41.6,2.945
41.6,2.945
41.6,2.945
41.6,2.945
41.6,2.945
41.6,2.945
41.6,2.945
41.6,2.945
41.6,2.940
41.6,2.940
41.6,2.940
41.6,2.940
41.6,2.940
41.6,2.940
41.5,2.940
41.5,2.940
41.5,2.940
41.5,2.940
41.5,2.940
41.5,2.940
41.5,2.940
41.5,2.935
41.5,2.935
41.5,2.935
41.5,2.935
41.5,2.935
41.5,2.935
41.5,2.935
41.5,2.935
41.5,2.935
41.5,2.935
41.5,2.935
41.5,2.935
41.5,2.935
41.5,2.930
41.4,2.930
41.4,2.930
41.4,2.930
41.4,2.930
41.4,2.930
41.4,2.930
41.4,2.930
41.4,2.930
41.4,2.930
41.4,2.930
41.4,2.930
41.4,2.930
41.4,2.925
41.4,2.925
41.4,2.925
41.4,2.925
41.4,2.925
41.5,2.925
41.5,2.925
41.5,2.925
41.5,2.925
41.5,2.925
41.5,2.925
41.5,2.925
41.5,2.925
41.5,2.920
41.5,2.920
41.5,2.920
41.5,2.920
41.5,2.920
41.5,2.920
41.5,2.920
41.4,2.920
41.4,2.920
41.4,2.920
41.4,2.920
41.4,2.920
41.4,2.920
41.4,2.915
41.4,2.915
41.4,2.915
41.4,2.915
41.4,2.915
41.4,2.915
41.4,2.915
41.4,2.915
41.4,2.915
41.4,2.915
41.4,2.915
41.4,2.915
41.4,2.910
41.4,2.910
41.4,2.910
41.4,2.910
41.4,2.910
41.4,2.910
41.4,2.910
41.4,2.910
41.4,2.910
41.4,2.910
41.4,2.910
41.4,2.910
41.4,2.910
41.4,2.905
41.4,2.905
41.4,2.905
41.4,2.905
41.4,2.905
41.3,2.905
41.3,2.905
41.3,2.905
41.3,2.905
41.3,2.905
41.3,2.905
41.3,2.905
41.3,2.905
41.3,2.900
41.3,2.900
41.3,2.900
41.3,2.900
41.3,2.900
41.3,2.900
41.3,2.900
41.3,2.900
41.3,2.900
41.3,2.900
41.3,2.900
41.3,2.900
41.3,2.900
41.3,2.900
41.3,2.895
41.3,2.895
41.3,2.895
41.3,2.895
41.3,2.895
41.3,2.895
41.3,2.895
41.3,2.895
41.3,2.895
41.3,2.895
41.3,2.895
41.3,2.895
41.3,2.895
41.3,2.890
41.3,2.890
41.3,2.890
41.3,2.890
41.3,2.890
41.3,2.890
41.3,2.890
41.2,2.890
41.2,2.890
41.2,2.890
41.2,2.890
41.2,2.890
41.2,2.890
41.2,2.885
41.2,2.885
41.2,2.885
41.2,2.885
41.2,2.885
41.2,2.885
41.2,2.885
41.2,2.885
41.2,2.885
41.2,2.885
41.2,2.885
41.2,2.885
41.2,2.885
41.2,2.885
41.2,2.880
41.2,2.880
41.2,2.880
41.2,2.880
41.2,2.880
41.2,2.880
41.2,2.880
41.2,2.880
41.2,2.880
41.2,2.880
41.2,2.880
41.1,2.880
41.1,2.880
41.1,2.875
41.1,2.875
41.1,2.875
41.1,2.875
41.1,2.875
41.1,2.875
41.1,2.875
41.1,2.875
41.1,2.875
41.1,2.875
41.1,2.875
41.1,2.875
41.1,2.875
41.1,2.875
41.1,2.870
41.1,2.870
41.1,2.870
41.1,2.870
41.1,2.870
41.1,2.870
41.1,2.870
41.1,2.870
41.1,2.870
41.1,2.870
41.1,2.870
41.1,2.870
41.1,2.865
41.1,2.865
41.1,2.865
41.1,2.865
41.1,2.865
41.1,2.865
41.1,2.865
41.0,2.865
41.0,2.865
41.0,2.865
41.0,2.865
41.0,2.865
41.0,2.865
41.0,2.865
41.0,2.860
41.1,2.860
41.1,2.860
41.1,2.860
41.1,2.860
41.1,2.860
41.1,2.860
41.0,2.860
41.0,2.860
41.0,2.860
41.0,2.860
41.0,2.860
41.0,2.855
41.0,2.855
41.0,2.855
41.0,2.855
41.0,2.855
41.0,2.855
41.0,2.855
41.0,2.855
41.0,2.855
41.0,2.855
41.0,2.855
41.0,2.855
41.0,2.850
41.0,2.850
41.0,2.850
41.0,2.850
41.0,2.850
41.0,2.850
41.0,2.850
41.0,2.850
41.0,2.850
41.0,2.850
41.0,2.850
41.0,2.850
41.0,2.845
41.0,2.845
41.0,2.845
41.0,2.845
40.9,2.845
40.9,2.845
40.9,2.845
40.9,2.845
40.9,2.845
40.9,2.845
40.9,2.845
40.9,2.845
40.9,2.840
40.9,2.840
40.9,2.840
40.9,2.840
40.9,2.840
40.9,2.840
40.9,2.840
40.9,2.840
40.9,2.840
40.9,2.840
40.9,2.840
40.9,2.840
40.9,2.835
40.9,2.835
40.9,2.835
40.9,2.835
40.9,2.835
40.9,2.835
40.9,2.835
40.9,2.835
40.9,2.835
40.9,2.835
40.9,2.835
40.9,2.830
40.9,2.830
40.9,2.830
40.9,2.830
40.9,2.830
40.9,2.830
40.9,2.830
40.9,2.830
40.9,2.830
40.9,2.830
40.9,2.830
40.9,2.830
40.9,2.825
40.9,2.825
40.9,2.825
40.9,2.825
40.9,2.825
40.9,2.825
40.9,2.825
40.9,2.825
40.9,2.825
40.9,2.825
40.9,2.825
40.9,2.820
40.9,2.820
40.9,2.820
40.9,2.820
40.9,2.820
40.9,2.820
40.9,2.820
40.9,2.820
40.9,2.820
40.9,2.820
40.9,2.820
40.9,2.820
40.9,2.815
40.9,2.815
40.9,2.815
40.9,2.815
40.8,2.815
40.8,2.815
40.8,2.815
40.8,2.815
40.8,2.815
40.8,2.815
40.8,2.815
40.8,2.810
40.8,2.810
40.8,2.810
40.8,2.810
40.8,2.810
40.8,2.810
40.8,2.810
40.8,2.810
40.8,2.810
40.8,2.810
40.8,2.810
40.8,2.805
40.8,2.805
40.8,2.805
40.8,2.805
40.8,2.805
40.8,2.805
40.8,2.805
40.8,2.805
40.8,2.805
40.8,2.805
40.8,2.805
40.8,2.805
40.8,2.800
40.8,2.800
40.8,2.800
40.8,2.800
40.8,2.800
40.8,2.800
40.8,2.800
40.8,2.800
40.8,2.800
40.8,2.800
40.8,2.800
40.8,2.795
40.8,2.795
40.8,2.795
40.8,2.795
40.9,2.795
40.9,2.795
40.9,2.795
40.9,2.795
40.9,2.795
40.9,2.795
40.9,2.795
40.9,2.790
40.9,2.790
40.8,2.790
40.8,2.790
40.8,2.790
40.8,2.790
40.8,2.790
40.8,2.790
40.8,2.790
40.8,2.790
40.8,2.790
40.8,2.785
40.8,2.785
40.8,2.785
40.8,2.785
40.8,2.785
40.8,2.785
40.8,2.785
40.8,2.785
40.8,2.785
40.8,2.785
40.8,2.785
40.8,2.780
40.8,2.780
40.8,2.780
40.8,2.780
40.8,2.780
40.8,2.780
40.8,2.780
40.8,2.780
40.8,2.780
40.8,2.780
40.8,2.780
40.8,2.775
40.8,2.775
40.8,2.775
40.8,2.775
40.8,2.775
40.8,2.775
40.8,2.775
40.8,2.775
40.8,2.775
40.8,2.775
40.8,2.770
40.8,2.770
40.8,2.770
40.8,2.770
40.8,2.770
40.8,2.770
40.8,2.770
40.8,2.770
40.8,2.770
40.7,2.770
40.7,2.765
40.7,2.765
40.7,2.765
40.7,2.765
40.7,2.765
40.6,2.765
40.7,2.765
40.7,2.765
40.6,2.765
40.6,2.765
40.6,2.760
40.6,2.760
40.6,2.760
40.6,2.760
40.6,2.760
40.6,2.760
40.6,2.760
40.6,2.760
40.6,2.760
40.6,2.760
40.6,2.760
40.6,2.755
40.6,2.755
40.6,2.755
40.6,2.755
40.6,2.755
40.6,2.755
40.6,2.755
40.5,2.755
40.5,2.755
40.5,2.755
40.5,2.750
40.5,2.750
40.5,2.750
40.5,2.750
40.5,2.750
40.5,2.750
40.5,2.750
40.5,2.750
40.5,2.750
40.5,2.750
40.5,2.745
40.5,2.745
40.5,2.745
40.5,2.745
40.5,2.745
40.5,2.745
40.5,2.745
40.5,2.745
40.5,2.745
40.5,2.745
40.5,2.745
40.5,2.740
40.5,2.740
40.5,2.740
40.5,2.740
40.5,2.740
40.5,2.740
40.5,2.740
40.5,2.740
40.5,2.740
40.5,2.740
40.5,2.740
40.5,2.735
40.5,2.735
40.5,2.735
40.5,2.735
40.5,2.735
40.5,2.735
40.5,2.735
40.5,2.735
40.5,2.735
40.5,2.735
40.5,2.730
40.5,2.730
40.5,2.730
40.5,2.730
40.5,2.730
40.5,2.730
40.5,2.730
40.5,2.730
40.5,2.730
40.5,2.730
40.5,2.730
40.5,2.725
40.5,2.725
40.5,2.725
40.5,2.725
40.5,2.725
40.5,2.725
40.5,2.725
40.5,2.725
40.5,2.725
40.5,2.725
40.5,2.725
40.5,2.725
40.5,2.720
40.4,2.720
40.4,2.720
40.4,2.720
40.4,2.720
40.4,2.720
40.4,2.720
40.4,2.720
40.4,2.720
40.4,2.720
40.4,2.720
40.4,2.715
40.4,2.715
40.4,2.715
40.4,2.715
40.4,2.715
40.4,2.715
40.4,2.715
40.3,2.715
40.3,2.715
40.3,2.715
40.3,2.715
40.3,2.710
40.3,2.710
40.3,2.710
40.3,2.710
40.3,2.710
40.3,2.710
40.3,2.710
40.3,2.710
40.3,2.710
40.3,2.710
40.3,2.710
40.3,2.705
40.3,2.705
40.3,2.705
40.3,2.705
40.3,2.705
40.3,2.705
40.3,2.705
40.3,2.705
40.3,2.705
40.3,2.705
40.3,2.705
40.3,2.700
40.3,2.700
40.3,2.700
40.3,2.700
40.3,2.700
40.2,2.700
40.2,2.700
40.2,2.700
40.2,2.700
40.2,2.700
40.2,2.700
40.2,2.700
40.2,2.695
40.2,2.695
40.2,2.695
40.2,2.695
40.2,2.695
40.2,2.695
40.2,2.695
40.2,2.695
40.2,2.695
40.2,2.695
40.2,2.695
40.2,2.690
40.2,2.690
40.2,2.690
40.2,2.690
40.2,2.690
40.2,2.690
40.2,2.690
40.2,2.690
40.2,2.690
40.2,2.690
40.2,2.690
40.2,2.685
40.2,2.685
40.2,2.685
40.2,2.685
40.2,2.685
40.2,2.685
40.2,2.685
40.2,2.685
40.2,2.685
40.2,2.685
40.2,2.685
40.2,2.685
40.2,2.680
40.2,2.680
40.2,2.680
40.2,2.680
40.2,2.680
40.2,2.680
40.1,2.680
40.1,2.680
40.1,2.680
40.1,2.680
40.1,2.680
40.1,2.680
40.1,2.675
40.1,2.675
40.1,2.675
40.1,2.675
40.1,2.675
40.1,2.675
40.1,2.675
40.1,2.675
40.1,2.675
40.1,2.675
40.1,2.675
40.1,2.670
40.1,2.670
40.1,2.670
40.1,2.670
40.1,2.670
40.1,2.670
40.1,2.670
40.1,2.670
40.1,2.670
40.1,2.670
40.1,2.670
40.1,2.670
40.1,2.665
40.1,2.665
40.1,2.665
40.1,2.665
40.1,2.665
40.1,2.665
40.1,2.665
40.1,2.665
40.1,2.665
40.1,2.665
40.1,2.665
40.1,2.665
40.1,2.665
40.0,2.660
40.0,2.660
40.0,2.660
40.0,2.660
40.0,2.660
40.0,2.660
40.0,2.660
40.0,2.660
40.0,2.660
40.0,2.660
40.0,2.660
40.0,2.660
40.0,2.660
40.0,2.655
40.0,2.655
40.0,2.655
40.0,2.655
40.0,2.655
40.0,2.655
40.0,2.655
40.0,2.655
40.0,2.655
40.0,2.655
40.0,2.655
40.0,2.655
40.0,2.650
40.0,2.650
40.0,2.650
40.0,2.650
40.0,2.650
40.0,2.650
40.0,2.650
40.0,2.650
40.0,2.650
40.0,2.650
40.0,2.650
40.0,2.650
40.0,2.650
40.0,2.645
40.0,2.645
39.9,2.645
39.9,2.645
39.9,2.645
39.9,2.645
39.9,2.645
39.9,2.645
39.9,2.645
39.9,2.645
39.9,2.645
39.9,2.645
39.9,2.645
39.9,2.645
39.9,2.640
39.9,2.640
39.9,2.640
39.9,2.640
39.9,2.640
39.9,2.640
39.9,2.640
39.9,2.640
39.9,2.640
39.9,2.640
39.9,2.640
39.9,2.640
39.9,2.640
39.9,2.635
39.9,2.635
39.9,2.635
39.9,2.635
39.9,2.635
39.9,2.635
39.9,2.635
39.9,2.635
39.9,2.635
39.9,2.635
39.9,2.635
39.9,2.635
39.9,2.635
39.9,2.635
39.9,2.630
39.9,2.630
39.9,2.630
39.9,2.630
39.9,2.630
39.9,2.630
39.9,2.630
39.9,2.630
39.9,2.630
39.8,2.630
39.8,2.630
39.8,2.630
39.8,2.630
39.8,2.630
39.8,2.625
39.8,2.625
39.8,2.625
39.8,2.625
39.8,2.625
39.8,2.625
39.8,2.625
39.8,2.625
39.8,2.625
39.8,2.625
39.8,2.625
39.8,2.625
39.8,2.625
39.8,2.625
39.8,2.620
39.8,2.620
39.8,2.620
39.8,2.620
39.8,2.620
39.8,2.620
39.8,2.620
39.8,2.620
39.8,2.620
39.8,2.620
39.8,2.620
39.8,2.620
39.8,2.620
39.8,2.620
39.8,2.620
39.7,2.615
39.7,2.615
39.7,2.615
39.7,2.615
39.7,2.615
39.7,2.615
39.7,2.615
39.7,2.615
39.7,2.615
39.7,2.615
39.7,2.615
39.7,2.615
39.7,2.615
39.7,2.615
39.7,2.610
39.7,2.610
39.7,2.610
39.7,2.610
39.7,2.610
39.7,2.610
39.7,2.610
39.7,2.610
39.7,2.610
39.7,2.610
39.6,2.610
39.6,2.610
39.6,2.610
39.6,2.610
39.6,2.605
39.6,2.605
39.6,2.605
39.6,2.605
39.6,2.605
39.6,2.605
39.6,2.605
39.6,2.605
39.6,2.605
39.6,2.605
39.6,2.605
39.6,2.605
39.6,2.605
39.6,2.605
39.6,2.600
39.6,2.600
39.6,2.600
39.6,2.600
39.6,2.600
39.6,2.600
39.6,2.600
39.6,2.600
39.6,2.600
39.6,2.600
39.6,2.600
39.6,2.600
39.6,2.600
39.6,2.600
39.6,2.600
39.6,2.595
39.6,2.595
39.5,2.595
39.5,2.595
39.5,2.595
39.5,2.595
39.5,2.595
39.5,2.595
39.5,2.595
39.5,2.595
39.5,2.595
39.5,2.595
39.5,2.595
39.5,2.595
39.5,2.590
39.5,2.590
39.5,2.590
39.5,2.590
39.5,2.590
39.5,2.590
39.5,2.590
39.5,2.590
39.5,2.590
39.5,2.590
39.5,2.590
39.5,2.590
39.5,2.590
39.5,2.590
39.5,2.590
39.5,2.585
39.5,2.585
39.5,2.585
39.5,2.585
39.5,2.585
39.5,2.585
39.5,2.585
39.5,2.585
39.5,2.585
39.5,2.585
39.5,2.585
39.5,2.585
39.5,2.585
39.5,2.585
39.5,2.585
39.5,2.585
39.5,2.580
39.5,2.580
39.5,2.580
39.5,2.580
39.5,2.580
39.5,2.580
39.5,2.580
39.5,2.580
39.5,2.580
39.5,2.580
39.5,2.580
39.5,2.580
39.5,2.580
39.5,2.580
39.4,2.580
39.4,2.575
39.4,2.575
39.4,2.575
39.4,2.575
39.4,2.575
39.4,2.575
39.4,2.575
39.4,2.575
39.4,2.575
39.4,2.575
39.4,2.575
39.4,2.575
39.4,2.575
39.4,2.575
39.4,2.575
39.4,2.575
39.4,2.570
39.4,2.570
39.4,2.570
39.4,2.570
39.4,2.570
39.4,2.570
39.4,2.570
39.4,2.570
39.4,2.570
39.3,2.570
39.3,2.570
39.3,2.570
39.3,2.570
39.3,2.570
39.3,2.570
39.3,2.565
39.3,2.565
39.3,2.565
39.3,2.565
39.3,2.565
39.3,2.565
39.3,2.565
39.3,2.565
39.3,2.565
39.3,2.565
39.3,2.565
39.3,2.565
39.3,2.565
39.3,2.565
39.3,2.565
39.3,2.565
39.3,2.560
39.2,2.560
39.2,2.560
39.2,2.560
39.2,2.560
39.2,2.560
39.2,2.560
39.2,2.560
39.2,2.560
39.2,2.560
39.2,2.560
39.2,2.560
39.2,2.560
39.2,2.560
39.2,2.560
39.2,2.560
39.2,2.555
39.2,2.555
39.2,2.555
39.2,2.555
39.2,2.555
39.2,2.555
39.2,2.555
39.2,2.555
39.2,2.555
39.2,2.555
39.2,2.555
39.2,2.555
39.2,2.555
39.2,2.555
39.2,2.555
39.2,2.550
39.2,2.550
39.2,2.550
39.2,2.550
39.2,2.550
39.2,2.550
39.2,2.550
39.2,2.550
39.2,2.550
39.2,2.550
39.2,2.550
39.2,2.550
39.2,2.550
39.2,2.550
39.2,2.545
39.2,2.545
39.2,2.545
39.2,2.545
39.2,2.545
39.2,2.545
39.2,2.545
39.2,2.545
39.2,2.545
39.2,2.545
39.2,2.545
39.2,2.545
39.2,2.545
39.2,2.545
39.2,2.545
39.2,2.540
39.2,2.540
39.2,2.540
39.2,2.540
39.2,2.540
39.2,2.540
39.2,2.540
39.2,2.540
39.2,2.540
39.2,2.540
39.2,2.540
39.2,2.540
39.2,2.540
39.2,2.540
39.2,2.540
39.2,2.535
39.2,2.535
39.2,2.535
39.2,2.535
39.2,2.535
39.2,2.535
39.2,2.535
39.2,2.535
39.2,2.535
39.2,2.535
39.1,2.535
39.1,2.535
39.1,2.535
39.1,2.535
39.1,2.530
39.1,2.530
39.1,2.530
39.1,2.530
39.1,2.530
39.1,2.530
39.1,2.530
39.1,2.530
39.1,2.530
39.1,2.530
39.1,2.530
39.1,2.530
39.1,2.530
39.1,2.530
39.1,2.525
39.1,2.525
39.1,2.525
39.1,2.525
39.1,2.525
39.1,2.525
39.1,2.525
39.1,2.525
39.1,2.525
39.1,2.525
39.1,2.525
39.1,2.525
39.1,2.525
39.1,2.525
39.1,2.520
39.1,2.520
39.1,2.520
39.1,2.520
39.1,2.520
39.1,2.520
39.1,2.520
39.1,2.520
39.1,2.520
39.1,2.520
39.1,2.520
39.1,2.520
39.1,2.520
39.1,2.520
39.1,2.520
39.1,2.515
39.1,2.515
39.1,2.515
39.1,2.515
39.1,2.515
39.1,2.515
39.1,2.515
39.1,2.515
39.1,2.515
39.0,2.515
39.0,2.515
39.0,2.515
39.0,2.515
39.0,2.510
39.0,2.510
39.0,2.510
39.0,2.510
39.0,2.510
39.0,2.510
39.0,2.510
39.0,2.510
39.0,2.510
39.0,2.510
39.0,2.510
39.0,2.510
39.0,2.510
39.0,2.510
39.0,2.510
39.0,2.505
39.0,2.505
39.0,2.505
39.0,2.505
39.0,2.505
39.0,2.505
38.9,2.505
38.9,2.505
38.9,2.505
38.9,2.505
38.9,2.505
38.9,2.505
38.9,2.505
38.9,2.505
38.9,2.505
38.9,2.500
38.9,2.500
38.9,2.500
38.9,2.500
38.9,2.500
38.9,2.500
38.9,2.500
38.9,2.500
38.9,2.500
38.9,2.500
38.9,2.500
38.9,2.500
38.9,2.500
38.9,2.500
38.9,2.500
38.9,2.495
38.9,2.495
38.9,2.495
38.9,2.495
38.9,2.495
38.9,2.495
38.9,2.495
38.9,2.495
38.8,2.495
38.8,2.495
38.8,2.495
38.8,2.495
38.8,2.495
38.8,2.495
38.8,2.495
38.8,2.490
38.8,2.490
38.8,2.490
38.8,2.490
38.8,2.490
38.8,2.490
38.8,2.490
38.8,2.490
38.8,2.490
38.8,2.490
38.8,2.490
38.8,2.490
38.8,2.490
38.8,2.490
38.8,2.490
38.8,2.485
38.8,2.485
38.8,2.485
38.8,2.485
38.8,2.485
38.8,2.485
38.8,2.485
38.8,2.485
38.8,2.485
38.8,2.485
38.8,2.485
38.8,2.485
38.8,2.485
38.8,2.485
38.8,2.485
38.8,2.485
38.8,2.480
38.7,2.480
38.7,2.480
38.7,2.480
38.7,2.480
38.7,2.480
38.7,2.480
38.7,2.480
38.7,2.480
38.7,2.480
38.7,2.480
38.7,2.480
38.7,2.480
38.7,2.480
38.7,2.480
38.7,2.475
38.7,2.475
38.7,2.475
38.7,2.475
38.7,2.475
38.7,2.475
38.7,2.475
38.7,2.475
38.7,2.475
38.7,2.475
38.7,2.475
38.7,2.475
38.7,2.475
38.7,2.475
38.7,2.475
38.7,2.475
38.7,2.470
38.7,2.470
38.7,2.470
38.7,2.470
38.7,2.470
38.7,2.470
38.7,2.470
38.7,2.470
38.7,2.470
38.7,2.470
38.7,2.470
38.7,2.470
38.7,2.470
38.7,2.470
38.7,2.470
38.7,2.465
38.7,2.465
38.7,2.465
38.7,2.465
38.6,2.465
38.6,2.465
38.6,2.465
38.6,2.465
38.6,2.465
38.6,2.465
38.6,2.465
38.6,2.465
38.6,2.465
38.6,2.465
38.6,2.465
38.6,2.465
38.6,2.460
38.5,2.460
38.5,2.460
38.5,2.460
38.5,2.460
38.5,2.460
38.5,2.460
38.5,2.460
38.5,2.460
38.5,2.460
38.5,2.460
38.5,2.460
38.5,2.460
38.5,2.460
38.5,2.460
38.5,2.455
38.5,2.455
38.5,2.455
38.5,2.455
38.5,2.455
38.5,2.455
38.5,2.455
38.5,2.455
38.5,2.455
38.5,2.455
38.5,2.455
38.5,2.455
38.5,2.455
38.5,2.455
38.5,2.455
38.5,2.450
38.5,2.450
38.5,2.450
38.5,2.450
38.4,2.450
38.4,2.450
38.4,2.450
38.4,2.450
38.4,2.450
38.4,2.450
38.4,2.450
38.4,2.450
38.4,2.450
38.4,2.450
38.4,2.450
38.4,2.445
38.4,2.445
38.4,2.445
38.4,2.445
38.4,2.445
38.3,2.445
38.3,2.445
38.3,2.445
38.3,2.445
38.3,2.445
38.3,2.445
38.3,2.445
38.3,2.445
38.3,2.445
38.3,2.445
38.3,2.440
38.3,2.440
38.3,2.440
38.3,2.440
38.3,2.440
38.3,2.440
38.3,2.440
38.3,2.440
38.3,2.440
38.3,2.440
38.3,2.440
38.3,2.440
38.3,2.440
38.3,2.440
38.3,2.440
38.3,2.435
38.3,2.435
38.3,2.435
38.3,2.435
38.3,2.435
38.3,2.435
38.3,2.435
38.3,2.435
38.3,2.435
38.3,2.435
38.3,2.435
38.3,2.435
38.3,2.435
38.3,2.435
38.3,2.430
38.3,2.430
38.2,2.430
38.2,2.430
38.2,2.430
38.2,2.430
38.2,2.430
38.2,2.430
38.2,2.430
38.2,2.430
38.2,2.430
38.2,2.430
38.2,2.430
38.2,2.430
38.2,2.430
38.2,2.425
38.2,2.425
38.2,2.425
38.2,2.425
38.2,2.425
38.2,2.425
38.2,2.425
38.2,2.425
38.2,2.425
38.2,2.425
38.2,2.425
38.1,2.425
38.1,2.425
38.1,2.425
38.1,2.425
38.1,2.425
38.1,2.420
38.1,2.420
38.1,2.420
38.1,2.420
38.1,2.420
38.1,2.420
38.1,2.420
38.1,2.420
38.1,2.420
38.1,2.420
38.1,2.420
38.0,2.420
38.0,2.420
38.0,2.420
38.0,2.420
38.0,2.420
38.0,2.415
38.0,2.415
38.0,2.415
38.0,2.415
38.0,2.415
38.0,2.415
38.0,2.415
38.0,2.415
38.0,2.415
38.0,2.415
38.0,2.415
38.0,2.415
38.0,2.415
38.0,2.415
38.0,2.415
37.9,2.415
37.9,2.410
37.9,2.410
37.9,2.410
37.9,2.410
37.9,2.410
37.9,2.410
37.9,2.410
37.9,2.410
37.9,2.410
37.8,2.410
37.8,2.410
37.8,2.410
37.8,2.410
37.8,2.410
37.8,2.410
37.8,2.410
37.8,2.405
37.8,2.405
37.8,2.405
37.8,2.405
37.8,2.405
37.8,2.405
37.8,2.405
37.8,2.405
37.8,2.405
37.8,2.405
37.8,2.405
37.8,2.405
37.7,2.405
37.7,2.405
37.7,2.405
37.7,2.405
37.7,2.405
37.7,2.400
37.7,2.400
37.7,2.400
37.7,2.400
37.7,2.400
37.7,2.400
37.7,2.400
37.6,2.400
37.6,2.400
37.6,2.400
37.6,2.400
37.6,2.400
37.6,2.400
37.6,2.400
37.6,2.400
37.6,2.400
37.6,2.400
37.6,2.395
37.6,2.395
37.6,2.395
37.6,2.395
37.5,2.395
37.5,2.395
37.5,2.395
37.5,2.395
37.5,2.395
37.5,2.395
37.5,2.395
37.5,2.395
37.5,2.395
37.5,2.395
37.5,2.395
37.5,2.395
37.5,2.395
37.5,2.390
37.5,2.390
37.5,2.390
37.5,2.390
37.4,2.390
37.4,2.390
37.4,2.390
37.4,2.390
37.4,2.390
37.4,2.390
37.3,2.390
37.3,2.390
37.3,2.390
37.3,2.390
37.3,2.390
37.3,2.390
37.3,2.385
37.3,2.385
37.3,2.385
37.3,2.385
37.3,2.385
37.3,2.385
37.3,2.385
37.3,2.385
37.3,2.385
37.3,2.385
37.3,2.385
37.3,2.385
37.3,2.385
37.3,2.385
37.3,2.385
37.3,2.385
37.3,2.385
37.3,2.385
37.3,2.380
37.3,2.380
37.3,2.380
37.3,2.380
37.3,2.380
37.3,2.380
37.3,2.380
37.3,2.380
37.3,2.380
37.3,2.380
37.2,2.380
37.2,2.380
37.2,2.380
37.2,2.380
37.2,2.380
37.2,2.380
37.2,2.375
37.2,2.375
37.2,2.375
37.2,2.375
37.2,2.375
37.2,2.375
37.2,2.375
37.2,2.375
37.2,2.375
37.2,2.375
37.2,2.375
37.2,2.375
37.2,2.375
37.2,2.375
37.2,2.375
37.2,2.375
37.2,2.370
37.2,2.370
37.2,2.370
37.2,2.370
37.2,2.370
37.2,2.370
37.2,2.370
37.1,2.370
37.1,2.370
37.1,2.370
37.1,2.370
37.1,2.370
37.1,2.370
37.1,2.370
37.1,2.370
37.0,2.370
37.0,2.365
37.0,2.365
37.0,2.365
37.0,2.365
37.0,2.365
37.0,2.365
37.0,2.365
37.0,2.365
37.0,2.365
37.0,2.365
37.0,2.365
36.9,2.365
36.9,2.365
36.9,2.365
36.9,2.365
36.9,2.365
36.9,2.365
36.9,2.360
36.9,2.360
36.9,2.360
36.9,2.360
36.9,2.360
36.9,2.360
36.8,2.360
36.8,2.360
36.8,2.360
36.8,2.360
36.8,2.360
36.8,2.360
36.8,2.360
36.8,2.360
36.8,2.360
36.8,2.360
36.8,2.355
36.8,2.355
36.8,2.355
36.8,2.355
36.8,2.355
36.7,2.355
36.7,2.355
36.7,2.355
36.7,2.355
36.7,2.355
36.7,2.355
36.7,2.355
36.7,2.355
36.7,2.355
36.7,2.355
36.7,2.350
36.6,2.350
36.6,2.350
36.6,2.350
36.6,2.350
36.6,2.350
36.6,2.350
36.6,2.350
36.6,2.350
36.6,2.350
36.6,2.350
36.6,2.350
36.6,2.350
36.6,2.350
36.6,2.350
36.6,2.345
36.5,2.345
36.5,2.345
36.5,2.345
36.5,2.345
36.5,2.345
36.5,2.345
36.5,2.345
36.5,2.345
36.5,2.345
36.5,2.345
36.5,2.345
36.5,2.345
36.5,2.345
36.4,2.345
36.4,2.345
36.4,2.345
36.4,2.340
36.4,2.340
36.4,2.340
36.4,2.340
36.4,2.340
36.4,2.340
36.4,2.340
36.4,2.340
36.4,2.340
36.4,2.340
36.4,2.340
36.4,2.340
36.4,2.340
36.4,2.340
36.4,2.340
36.3,2.335
36.3,2.335
36.3,2.335
36.3,2.335
36.3,2.335
36.2,2.335
36.2,2.335
36.2,2.335
36.2,2.335
36.2,2.335
36.2,2.335
36.2,2.335
36.2,2.335
36.2,2.335
36.2,2.335
36.2,2.330
36.2,2.330
36.1,2.330
36.1,2.330
36.1,2.330
36.1,2.330
36.0,2.330
36.0,2.330
36.0,2.330
36.0,2.330
36.0,2.330
36.0,2.330
36.0,2.330
36.0,2.330
36.0,2.330
36.0,2.325
36.0,2.325
36.0,2.325
36.0,2.325
36.0,2.325
36.0,2.325
35.9,2.325
35.9,2.325
35.9,2.325
35.9,2.325
35.9,2.325
35.9,2.325
35.9,2.325
35.9,2.325
35.8,2.325
35.8,2.320
35.8,2.320
35.8,2.320
35.8,2.320
35.8,2.320
35.7,2.320
35.7,2.320
35.7,2.320
35.7,2.320
35.7,2.320
35.7,2.320
35.7,2.320
35.7,2.320
35.7,2.320
35.7,2.315
35.7,2.315
35.6,2.315
35.6,2.315
35.6,2.315
35.6,2.315
35.6,2.315
35.6,2.315
35.6,2.315
35.6,2.315
35.6,2.315
35.6,2.315
35.6,2.315
35.6,2.315
35.5,2.315
35.5,2.310
35.5,2.310
35.5,2.310
35.5,2.310
35.5,2.310
35.5,2.310
35.5,2.310
35.5,2.310
35.5,2.310
35.5,2.310
35.5,2.310
35.5,2.310
35.5,2.310
35.5,2.310
35.5,2.305
35.5,2.305
35.4,2.305
35.4,2.305
35.4,2.305
35.4,2.305
35.4,2.305
35.4,2.305
35.4,2.305
35.4,2.305
35.3,2.305
35.3,2.305
35.3,2.305
35.3,2.305
35.3,2.305
35.3,2.300
35.3,2.300
35.3,2.300
35.3,2.300
35.2,2.300
35.2,2.300
35.2,2.300
35.2,2.300
35.2,2.300
35.2,2.300
35.2,2.300
35.2,2.300
35.2,2.300
35.2,2.300
35.2,2.295
35.2,2.295
35.2,2.295
35.2,2.295
35.2,2.295
35.2,2.295
35.2,2.295
35.2,2.295
35.1,2.295
35.1,2.295
35.1,2.295
35.1,2.295
35.1,2.295
35.1,2.295
35.1,2.290
35.0,2.290
35.0,2.290
35.0,2.290
35.0,2.290
35.0,2.290
35.0,2.290
35.0,2.290
35.0,2.290
35.0,2.290
35.0,2.290
35.0,2.290
34.9,2.290
34.9,2.285
34.9,2.285
34.9,2.285
34.9,2.285
34.9,2.285
34.9,2.285
34.9,2.285
34.9,2.285
34.9,2.285
34.9,2.285
34.9,2.285
34.9,2.285
34.9,2.285
34.9,2.285
34.8,2.285
34.8,2.280
34.8,2.280
34.8,2.280
34.8,2.280
34.8,2.280
34.8,2.280
34.8,2.280
34.7,2.280
34.7,2.280
34.7,2.280
34.7,2.280
34.7,2.280
34.7,2.280
34.7,2.280
34.7,2.275
34.7,2.275
34.7,2.275
34.7,2.275
34.7,2.275
34.7,2.275
34.7,2.275
34.7,2.275
34.7,2.275
34.6,2.275
34.6,2.275
34.6,2.275
34.6,2.275
34.6,2.270
34.6,2.270
34.6,2.270
34.6,2.270
34.6,2.270
34.6,2.270
34.5,2.270
34.5,2.270
34.5,2.270
34.5,2.270
34.5,2.270
34.5,2.270
34.5,2.270
34.5,2.270
34.5,2.270
34.5,2.265
34.5,2.265
34.4,2.265
34.4,2.265
34.4,2.265
34.4,2.265
34.4,2.265
34.4,2.265
34.4,2.265
34.4,2.265
34.4,2.265
34.4,2.265
34.3,2.265
34.3,2.265
34.3,2.260
34.3,2.260
34.3,2.260
34.3,2.260
34.3,2.260
34.3,2.260
34.3,2.260
34.3,2.260
34.3,2.260
34.3,2.260
34.3,2.260
34.2,2.260
34.2,2.260
34.2,2.260
34.2,2.260
34.2,2.255
34.2,2.255
34.2,2.255
34.2,2.255
34.2,2.255
34.2,2.255
34.2,2.255
34.2,2.255
34.1,2.255
34.1,2.255
34.1,2.255
34.1,2.255
34.1,2.255
34.1,2.255
34.1,2.250
34.1,2.250
34.1,2.250
34.1,2.250
34.1,2.250
34.1,2.250
34.1,2.250
34.1,2.250
34.1,2.250
34.0,2.250
34.0,2.250
34.0,2.250
34.0,2.250
34.0,2.250
34.0,2.250
34.0,2.245
34.0,2.245
34.0,2.245
34.0,2.245
34.0,2.245
34.0,2.245
34.0,2.245
34.0,2.245
34.0,2.245
34.0,2.245
34.0,2.245
34.0,2.245
34.0,2.245
34.0,2.245
34.0,2.245
34.0,2.245
34.0,2.240
34.0,2.240
33.9,2.240
33.9,2.240
33.9,2.240
33.9,2.240
33.9,2.240
33.9,2.240
33.9,2.240
33.9,2.240
33.9,2.240
33.9,2.240
33.9,2.240
33.9,2.240
33.9,2.240
33.9,2.240
33.9,2.235
33.9,2.235
33.9,2.235
33.9,2.235
33.9,2.235
33.8,2.235
33.8,2.235
33.8,2.235
33.8,2.235
33.8,2.235
33.8,2.235
33.8,2.235
33.8,2.235
33.8,2.235
33.8,2.235
33.7,2.235
33.7,2.230
33.7,2.230
33.7,2.230
33.7,2.230
33.7,2.230
33.7,2.230
33.7,2.230
33.7,2.230
33.6,2.230
33.6,2.230
33.6,2.230
33.6,2.230
33.6,2.230
33.6,2.230
33.6,2.230
33.6,2.225
33.6,2.225
33.6,2.225
33.6,2.225
33.6,2.225
33.6,2.225
33.6,2.225
33.6,2.225
33.6,2.225
33.6,2.225
33.6,2.225
33.6,2.225
33.6,2.225
33.6,2.225
33.6,2.225
33.6,2.220
33.6,2.220
33.5,2.220
33.4,2.220
33.4,2.220
33.4,2.220
33.4,2.220
33.4,2.220
33.4,2.220
33.4,2.220
33.4,2.220
33.4,2.220
33.4,2.220
33.4,2.220
33.4,2.220
33.4,2.220
33.4,2.215
33.4,2.215
33.4,2.215
33.4,2.215
33.4,2.215
33.4,2.215
33.4,2.215
33.4,2.215
33.4,2.215
33.4,2.215
33.4,2.215
33.4,2.215
33.4,2.215
33.4,2.215
33.4,2.210
33.4,2.210
33.4,2.210
33.4,2.210
33.4,2.210
33.4,2.210
33.4,2.210
33.3,2.210
33.3,2.210
33.3,2.210
33.3,2.210
33.3,2.210
33.3,2.210
33.3,2.210
33.3,2.205
33.3,2.205
33.3,2.205
33.3,2.205
33.3,2.205
33.3,2.205
33.2,2.205
33.2,2.205
33.2,2.205
33.2,2.205
33.2,2.205
33.2,2.205
33.2,2.205
33.2,2.205
33.2,2.205
33.2,2.200
33.2,2.200
33.2,2.200
33.2,2.200
33.2,2.200
33.2,2.200
33.2,2.200
33.2,2.200
33.1,2.200
33.0,2.200
33.0,2.200
33.0,2.200
33.0,2.200
33.0,2.200
33.0,2.195
33.0,2.195
33.0,2.195
33.0,2.195
33.0,2.195
33.0,2.195
33.0,2.195
33.0,2.195
33.0,2.195
33.0,2.195
33.0,2.195
33.0,2.195
33.0,2.195
33.0,2.190
32.9,2.190
32.9,2.190
32.9,2.190
32.9,2.190
32.9,2.190
32.9,2.190
32.9,2.190
32.9,2.190
32.9,2.190
32.9,2.190
32.9,2.190
32.9,2.190
32.9,2.190
32.9,2.185
32.9,2.185
32.9,2.185
32.8,2.185
32.8,2.185
32.8,2.185
32.8,2.185
32.8,2.185
32.8,2.185
32.8,2.185
32.8,2.185
32.7,2.185
32.7,2.185
32.7,2.185
32.7,2.185
32.7,2.180
32.7,2.180
32.7,2.180
32.7,2.180
32.7,2.180
32.7,2.180
32.7,2.180
32.7,2.180
32.7,2.180
32.7,2.180
32.7,2.180
32.6,2.180
32.6,2.180
32.6,2.180
32.6,2.175
32.6,2.175
32.6,2.175
32.6,2.175
32.6,2.175
32.5,2.175
32.5,2.175
32.5,2.175
32.5,2.175
32.5,2.175
32.5,2.175
32.5,2.175
32.5,2.175
32.5,2.175
32.5,2.170
32.5,2.170
32.5,2.170
32.5,2.170
32.5,2.170
32.5,2.170
32.5,2.170
32.5,2.170
32.5,2.170
32.5,2.170
32.5,2.170
32.5,2.170
32.5,2.170
32.5,2.170
32.5,2.165
32.5,2.165
32.5,2.165
32.4,2.165
32.4,2.165
32.4,2.165
32.4,2.165
32.4,2.165
32.4,2.165
32.4,2.165
32.3,2.165
32.2,2.165
32.2,2.165
32.2,2.165
32.2,2.165
32.2,2.160
32.2,2.160
32.2,2.160
32.2,2.160
32.2,2.160
32.2,2.160
32.2,2.160
32.2,2.160
32.2,2.160
32.2,2.160
32.2,2.160
32.2,2.160
32.2,2.160
32.2,2.160
32.2,2.160
32.2,2.155
32.2,2.155
32.2,2.155
32.2,2.155
32.2,2.155
32.2,2.155
32.2,2.155
32.2,2.155
32.1,2.155
32.1,2.155
32.1,2.155
32.1,2.155
32.1,2.155
32.1,2.155
32.1,2.150
32.1,2.150
32.1,2.150
32.1,2.150
32.1,2.150
32.0,2.150
32.0,2.150
32.0,2.150
32.0,2.150
32.0,2.150
32.0,2.150
32.0,2.150
32.0,2.150
31.9,2.150
31.9,2.145
31.9,2.145
31.9,2.145
31.9,2.145
31.9,2.145
31.9,2.145
31.9,2.145
31.9,2.145
31.9,2.145
31.9,2.145
31.9,2.145
31.9,2.145
31.9,2.145
31.9,2.145
31.9,2.140
31.9,2.140
31.9,2.140
31.9,2.140
31.9,2.140
31.9,2.140
31.8,2.140
31.8,2.140
31.8,2.140
31.8,2.140
31.8,2.140
31.8,2.140
31.8,2.140
31.8,2.135
31.8,2.135
31.8,2.135
31.8,2.135
31.8,2.135
31.8,2.135
31.7,2.135
31.7,2.135
31.7,2.135
31.7,2.135
31.7,2.135
31.7,2.135
31.7,2.135
31.7,2.130
31.7,2.130
31.6,2.130
31.6,2.130
31.6,2.130
31.6,2.130
31.6,2.130
31.6,2.130
31.6,2.130
31.6,2.130
31.6,2.130
31.6,2.130
31.6,2.130
31.6,2.125
31.6,2.125
31.6,2.125
31.5,2.125
31.5,2.125
31.5,2.125
31.5,2.125
31.5,2.125
31.5,2.125
31.5,2.125
31.5,2.125
31.5,2.125
31.5,2.120
31.5,2.120
31.5,2.120
31.5,2.120
31.5,2.120
31.5,2.120
31.5,2.120
31.5,2.120
31.5,2.120
31.5,2.120
31.5,2.120
31.5,2.120
31.5,2.120
31.5,2.115
31.5,2.115
31.4,2.115
31.4,2.115
31.4,2.115
31.4,2.115
31.3,2.115
31.3,2.115
31.3,2.115
31.3,2.115
31.3,2.115
31.3,2.110
31.3,2.110
31.3,2.110
31.3,2.110
31.3,2.110
31.3,2.110
31.3,2.110
31.3,2.110
31.3,2.110
31.3,2.110
31.2,2.110
31.2,2.110
31.2,2.105
31.2,2.105
31.2,2.105
31.2,2.105
31.2,2.105
31.1,2.105
31.1,2.105
31.1,2.105
31.1,2.105
31.1,2.105
31.1,2.105
31.1,2.105
31.1,2.100
31.0,2.100
31.0,2.100
31.0,2.100
31.0,2.100
31.0,2.100
31.0,2.100
31.0,2.100
31.0,2.100
31.0,2.100
31.0,2.100
31.0,2.100
31.0,2.095
31.0,2.095
31.0,2.095
31.0,2.095
30.9,2.095
30.8,2.095
30.8,2.095
30.8,2.095
30.8,2.095
30.8,2.095
30.8,2.095
30.8,2.095
30.8,2.090
30.8,2.090
30.8,2.090
30.8,2.090
30.8,2.090
30.8,2.090
30.7,2.090
30.7,2.090
30.7,2.090
30.7,2.090
30.7,2.090
30.7,2.090
30.7,2.085
30.7,2.085
30.7,2.085
30.7,2.085
30.6,2.085
30.6,2.085
30.6,2.085
30.6,2.085
30.6,2.085
30.6,2.085
30.6,2.085
30.6,2.085
30.5,2.080
30.5,2.080
30.5,2.080
30.5,2.080
30.5,2.080
30.5,2.080
30.5,2.080
30.5,2.080
30.5,2.080
30.5,2.080
30.5,2.080
30.5,2.080
30.5,2.075
30.5,2.075
30.5,2.075
30.5,2.075
30.5,2.075
30.5,2.075
30.5,2.075
30.5,2.075
30.5,2.075
30.5,2.075
30.5,2.075
30.5,2.075
30.5,2.070
30.5,2.070
30.5,2.070
30.5,2.070
30.5,2.070
30.5,2.070
30.5,2.070
30.5,2.070
30.5,2.070
30.5,2.070
30.5,2.070
30.5,2.065
30.4,2.065
30.4,2.065
30.4,2.065
30.4,2.065
30.4,2.065
30.4,2.065
30.4,2.065
30.4,2.065
30.4,2.065
30.4,2.065
30.4,2.065
30.4,2.060
30.4,2.060
30.4,2.060
30.3,2.060
30.3,2.060
30.3,2.060
30.3,2.060
30.3,2.060
30.3,2.060
30.3,2.060
30.3,2.060
30.3,2.055
30.3,2.055
30.3,2.055
30.3,2.055
30.3,2.055
30.3,2.055
30.3,2.055
30.3,2.055
30.3,2.055
30.3,2.055
30.3,2.055
30.4,2.050
30.4,2.050
30.4,2.050
30.4,2.050
30.4,2.050
30.4,2.050
30.4,2.050
30.4,2.050
30.4,2.050
30.4,2.050
30.4,2.045
30.4,2.045
30.4,2.045
30.4,2.045
30.4,2.045
30.4,2.045
30.4,2.045
30.4,2.045
30.4,2.045
30.4,2.045
30.4,2.045
30.4,2.045
30.4,2.040
30.4,2.040
30.4,2.040
30.4,2.040
30.4,2.040
30.4,2.040
30.4,2.040
30.4,2.040
30.4,2.040
30.4,2.040
30.4,2.040
30.4,2.035
30.4,2.035
30.4,2.035
30.4,2.035
30.4,2.035
30.4,2.035
30.4,2.035
30.4,2.035
30.4,2.035
30.4,2.035
30.4,2.030
30.4,2.030
30.4,2.030
30.4,2.030
30.4,2.030
30.4,2.030
30.4,2.030
30.4,2.030
30.4,2.030
30.4,2.030
30.4,2.025
30.4,2.025
30.4,2.025
30.4,2.025
30.4,2.025
30.4,2.025
30.4,2.025
30.4,2.025
30.4,2.025
30.4,2.025
30.4,2.025
30.4,2.025
30.4,2.020
30.4,2.020
30.4,2.020
30.4,2.020
30.4,2.020
30.4,2.020
30.4,2.020
30.4,2.020
30.4,2.020
30.4,2.020
30.4,2.020
30.4,2.015
30.3,2.015
30.3,2.015
30.3,2.015
30.3,2.015
30.3,2.015
30.3,2.015
30.3,2.015
30.3,2.015
30.3,2.015
30.3,2.010
30.3,2.010
30.3,2.010
30.3,2.010
30.3,2.010
30.3,2.010
30.3,2.010
30.3,2.010
30.3,2.010
30.3,2.010
30.3,2.010
30.3,2.005
30.3,2.005
30.3,2.005
30.3,2.005
30.3,2.005
30.3,2.005
30.3,2.005
30.3,2.005
30.3,2.005
30.3,2.005
30.3,2.005
30.3,2.000
30.3,2.000
30.3,2.000
30.3,2.000
30.3,2.000
30.3,2.000
30.3,2.000
30.3,2.000
30.3,2.000
30.3,2.000
30.3,2.000
30.3,1.995
30.3,1.995
30.3,1.995
30.3,1.995
30.3,1.995
30.3,1.995
30.3,1.995
30.3,1.995
30.3,1.995
30.3,1.995
30.3,1.990
30.2,1.990
30.2,1.990
30.2,1.990
30.2,1.990
30.2,1.990
30.2,1.990
30.2,1.990
30.2,1.990
30.2,1.990
30.2,1.985
30.2,1.985
30.2,1.985
30.2,1.985
30.2,1.985
30.2,1.985
30.2,1.985
30.2,1.985
30.2,1.985
30.2,1.985
30.2,1.980
30.2,1.980
30.2,1.980
30.2,1.980
30.2,1.980
30.2,1.980
30.2,1.980
30.2,1.980
30.2,1.980
30.2,1.980
30.2,1.975
30.2,1.975
30.2,1.975
30.2,1.975
30.2,1.975
30.2,1.975
30.2,1.975
30.2,1.975
30.2,1.975
30.2,1.970
30.2,1.970
30.2,1.970
30.2,1.970
30.2,1.970
30.2,1.970
30.2,1.970
30.2,1.970
30.2,1.970
30.2,1.965
30.2,1.965
30.2,1.965
30.2,1.965
30.2,1.965
30.2,1.965
30.2,1.965
30.2,1.965
30.2,1.965
30.2,1.960
30.2,1.960
30.2,1.960
30.2,1.960
30.2,1.960
30.2,1.960
30.2,1.960
30.2,1.960
30.1,1.960
30.1,1.960
30.1,1.955
30.1,1.955
30.1,1.955
30.1,1.955
30.1,1.955
30.1,1.955
30.1,1.955
30.1,1.955
30.1,1.950
30.1,1.950
30.1,1.950
30.1,1.950
30.1,1.950
30.1,1.950
30.1,1.950
30.1,1.950
30.1,1.950
30.1,1.950
30.1,1.945
30.1,1.945
30.1,1.945
30.1,1.945
30.1,1.945
30.1,1.945
30.1,1.945
30.1,1.945
30.1,1.945
30.1,1.940
30.1,1.940
30.1,1.940
30.1,1.940
30.1,1.940
30.1,1.940
30.1,1.940
30.1,1.940
30.1,1.940
30.1,1.940
30.1,1.935
30.1,1.935
30.1,1.935
30.1,1.935
30.1,1.935
30.0,1.935
30.0,1.935
30.0,1.935
30.0,1.935
30.0,1.930
30.0,1.930
30.0,1.930
30.0,1.930
30.0,1.930
30.0,1.930
30.0,1.930
30.0,1.930
30.0,1.930
30.0,1.930
30.0,1.925
30.0,1.925
30.0,1.925
30.0,1.925
30.0,1.925
30.0,1.925
30.0,1.925
30.1,1.925
30.1,1.925
30.1,1.925
30.1,1.920
30.1,1.920
30.1,1.920
30.1,1.920
30.1,1.920
30.1,1.920
30.1,1.920
30.1,1.920
30.1,1.920
30.1,1.920
30.0,1.915
30.0,1.915
30.0,1.915
30.0,1.915
30.0,1.915
30.0,1.915
30.0,1.915
30.0,1.915
30.0,1.915
30.0,1.915
30.0,1.910
30.0,1.910
30.0,1.910
30.0,1.910
30.0,1.910
30.0,1.910
30.0,1.910
30.0,1.910
30.0,1.910
30.0,1.910
30.0,1.905
30.0,1.905
30.0,1.905
30.0,1.905
30.0,1.905
30.0,1.905
30.0,1.905
30.0,1.905
30.0,1.905
30.0,1.905
30.0,1.900
30.0,1.900
30.0,1.900
30.0,1.900
30.0,1.900
30.0,1.900
30.0,1.900
30.0,1.900
30.0,1.900
30.0,1.895
30.0,1.895
30.0,1.895
30.0,1.895
30.0,1.895
30.0,1.895
30.0,1.895
30.0,1.895
30.0,1.895
30.0,1.895
30.0,1.890
30.0,1.890
30.0,1.890
30.0,1.890
30.0,1.890
30.0,1.890
30.0,1.890
30.0,1.890
30.0,1.890
30.0,1.885
30.0,1.885
30.0,1.885
30.0,1.885
30.0,1.885
30.0,1.885
30.0,1.885
29.9,1.885
29.9,1.885
29.9,1.885
29.9,1.880
29.9,1.880
29.9,1.880
29.9,1.880
29.9,1.880
29.9,1.880
29.9,1.880
29.9,1.880
29.9,1.880
29.9,1.880
29.9,1.875
29.9,1.875
29.9,1.875
29.9,1.875
29.9,1.875
29.9,1.875
29.9,1.875
29.9,1.875
29.9,1.870
29.9,1.870
29.9,1.870
29.9,1.870
29.9,1.870
29.9,1.870
29.9,1.870
29.9,1.870
29.9,1.870
29.9,1.870
29.9,1.865
29.9,1.865
29.9,1.865
29.9,1.865
29.9,1.865
29.9,1.865
29.9,1.865
29.9,1.865
29.9,1.865
29.9,1.865
29.9,1.860
29.9,1.860
29.9,1.860
29.9,1.860
29.9,1.860
29.9,1.860
29.9,1.860
29.9,1.860
29.9,1.860
29.9,1.860
29.9,1.855
29.9,1.855
29.9,1.855
29.9,1.855
29.9,1.855
29.9,1.855
29.8,1.855
29.8,1.855
29.8,1.855
29.8,1.855
29.8,1.850
29.8,1.850
29.8,1.850
29.8,1.850
29.8,1.850
29.8,1.850
29.8,1.850
29.8,1.850
29.8,1.850
29.8,1.850
29.8,1.845
29.8,1.845
29.8,1.845
29.8,1.845
29.8,1.845
29.8,1.845
29.8,1.845
29.8,1.845
29.8,1.845
29.8,1.845
29.8,1.840
29.9,1.840
29.9,1.840
29.9,1.840
29.9,1.840
29.9,1.840
29.9,1.840
29.9,1.840
29.9,1.840
29.9,1.840
29.9,1.840
29.9,1.835
29.9,1.835
29.9,1.835
29.9,1.835
29.9,1.835
29.9,1.835
29.9,1.835
29.9,1.835
29.9,1.835
29.9,1.835
29.9,1.830
29.9,1.830
29.9,1.830
29.9,1.830
29.9,1.830
29.9,1.830
29.9,1.830
29.9,1.830
29.9,1.830
29.9,1.830
29.9,1.825
29.9,1.825
29.9,1.825
29.9,1.825
29.9,1.825
29.9,1.825
29.9,1.825
29.9,1.825
29.9,1.825
29.8,1.825
29.8,1.825
29.8,1.820
29.8,1.820
29.8,1.820
29.8,1.820
29.8,1.820
29.8,1.820
29.8,1.820
29.8,1.820
29.8,1.820
29.8,1.820
29.8,1.815
29.8,1.815
29.8,1.815
29.8,1.815
29.8,1.815
29.8,1.815
29.8,1.815
29.8,1.815
29.8,1.815
29.7,1.810
29.7,1.810
29.7,1.810
29.7,1.810
29.7,1.810
29.7,1.810
29.7,1.810
29.7,1.810
29.7,1.810
29.8,1.810
29.8,1.805
29.8,1.805
29.8,1.805
29.8,1.805
29.8,1.805
29.8,1.805
29.8,1.805
29.8,1.805
29.8,1.805
29.8,1.805
29.8,1.800
29.8,1.800
29.8,1.800
29.8,1.800
29.8,1.800
29.8,1.800
29.8,1.800
29.8,1.800
29.7,1.800
29.7,1.800
29.7,1.795
29.7,1.795
29.7,1.795
29.7,1.795
29.7,1.795
29.7,1.795
29.7,1.795
29.7,1.795
29.7,1.795
29.7,1.790
29.7,1.790
29.7,1.790
29.7,1.790
29.7,1.790
29.7,1.790
29.7,1.790
29.7,1.790
29.7,1.790
29.7,1.790
29.7,1.785
29.7,1.785
29.7,1.785
29.7,1.785
29.7,1.785
29.7,1.785
29.7,1.785
29.7,1.785
29.7,1.785
29.7,1.785
29.7,1.780
29.7,1.780
29.7,1.780
29.7,1.780
29.7,1.780
29.7,1.780
29.7,1.780
29.7,1.780
29.7,1.780
29.7,1.780
29.7,1.775
29.7,1.775
29.7,1.775
29.7,1.775
29.7,1.775
29.7,1.775
29.7,1.775
29.6,1.775
29.6,1.775
29.6,1.775
29.6,1.770
29.6,1.770
29.6,1.770
29.6,1.770
29.6,1.770
29.6,1.770
29.6,1.770
29.6,1.770
29.6,1.770
29.6,1.770
29.6,1.765
29.6,1.765
29.6,1.765
29.6,1.765
29.6,1.765
29.6,1.765
29.6,1.765
29.6,1.765
29.6,1.765
29.6,1.765
29.5,1.760
29.5,1.760
29.5,1.760
29.5,1.760
29.5,1.760
29.5,1.760
29.5,1.760
29.5,1.760
29.5,1.760
29.5,1.760
29.5,1.755
29.5,1.755
29.5,1.755
29.5,1.755
29.5,1.755
29.5,1.755
29.5,1.755
29.5,1.755
29.5,1.755
29.5,1.755
29.4,1.750
29.4,1.750
29.4,1.750
29.4,1.750
29.4,1.750
29.4,1.750
29.4,1.750
29.4,1.750
29.4,1.750
29.5,1.745
29.5,1.745
29.5,1.745
29.5,1.745
29.5,1.745
29.5,1.745
29.5,1.745
29.5,1.745
29.5,1.745
29.5,1.740
29.5,1.740
29.5,1.740
29.5,1.740
29.5,1.740
29.5,1.740
29.5,1.740
29.5,1.740
29.5,1.740
29.5,1.735
29.5,1.735
29.5,1.735
29.5,1.735
29.5,1.735
29.5,1.735
29.5,1.735
29.5,1.735
29.5,1.735
29.5,1.730
29.5,1.730
29.5,1.730
29.5,1.730
29.5,1.730
29.5,1.730
29.5,1.730
29.5,1.730
29.5,1.725
29.4,1.725
29.4,1.725
29.4,1.725
29.4,1.725
29.4,1.725
29.4,1.725
29.4,1.725
29.4,1.725
29.4,1.720
29.4,1.720
29.4,1.720
29.4,1.720
29.4,1.720
29.4,1.720
29.4,1.720
29.4,1.720
29.4,1.720
29.5,1.715
29.5,1.715
29.5,1.715
29.5,1.715
29.5,1.715
29.5,1.715
29.5,1.715
29.5,1.715
29.5,1.710
29.4,1.710
29.5,1.710
29.5,1.710
29.5,1.710
29.5,1.710
29.4,1.710
29.4,1.710
29.4,1.710
29.4,1.705
29.4,1.705
29.4,1.705
29.4,1.705
29.4,1.705
29.4,1.705
29.4,1.705
29.4,1.705
29.4,1.705
29.4,1.700
29.4,1.700
29.4,1.700
29.4,1.700
29.4,1.700
29.4,1.700
29.4,1.700
29.4,1.700
29.4,1.700
29.5,1.695
29.5,1.695
29.5,1.695
29.5,1.695
29.5,1.695
29.5,1.695
29.5,1.695
29.5,1.695
29.5,1.690
29.5,1.690
29.5,1.690
29.5,1.690
29.5,1.690
29.5,1.690
29.5,1.690
29.5,1.690
29.5,1.690
29.5,1.685
29.5,1.685
29.5,1.685
29.5,1.685
29.5,1.685
29.5,1.685
29.4,1.685
29.4,1.685
29.4,1.685
29.4,1.685
29.4,1.680
29.4,1.680
29.4,1.680
29.4,1.680
29.4,1.680
29.4,1.680
29.4,1.680
29.4,1.680
29.4,1.680
29.4,1.675
29.4,1.675
29.4,1.675
29.4,1.675
29.4,1.675
29.4,1.675
29.4,1.675
29.4,1.675
29.4,1.675
29.4,1.670
29.4,1.670
29.4,1.670
29.4,1.670
29.4,1.670
29.4,1.670
29.4,1.670
29.4,1.670
29.4,1.670
29.4,1.665
29.4,1.665
29.4,1.665
29.4,1.665
29.4,1.665
29.4,1.665
29.4,1.665
29.4,1.665
29.4,1.665
29.4,1.660
29.4,1.660
29.4,1.660
29.4,1.660
29.4,1.660
29.4,1.660
29.4,1.660
29.4,1.660
29.4,1.660
29.3,1.655
29.3,1.655
29.3,1.655
29.3,1.655
29.3,1.655
29.3,1.655
29.3,1.655
29.3,1.655
29.3,1.650
29.3,1.650
29.3,1.650
29.2,1.650
29.2,1.650
29.2,1.650
29.2,1.650
29.2,1.650
29.2,1.650
29.2,1.645
29.2,1.645
29.2,1.645
29.2,1.645
29.2,1.645
29.2,1.645
29.2,1.645
29.2,1.645
29.2,1.645
29.2,1.640
29.2,1.640
29.2,1.640
29.2,1.640
29.2,1.640
29.2,1.640
29.2,1.640
29.2,1.640
29.2,1.640
29.2,1.635
29.2,1.635
29.1,1.635
29.1,1.635
29.1,1.635
29.1,1.635
29.1,1.635
29.1,1.635
29.1,1.630
29.0,1.630
29.0,1.630
29.0,1.630
29.0,1.630
29.0,1.630
29.0,1.630
29.0,1.630
29.0,1.625
29.0,1.625
29.0,1.625
29.0,1.625
29.0,1.625
29.0,1.625
29.0,1.625
28.9,1.625
28.9,1.625
28.9,1.620
28.9,1.620
28.9,1.620
28.9,1.620
28.9,1.620
28.9,1.620
28.9,1.620
28.9,1.620
28.9,1.620
28.9,1.615
28.9,1.615
28.9,1.615
28.9,1.615
28.9,1.615
28.9,1.615
28.9,1.615
28.9,1.615
28.9,1.610
28.9,1.610
28.9,1.610
28.9,1.610
28.9,1.610
28.9,1.610
28.9,1.610
28.9,1.610
28.9,1.610
28.9,1.605
28.9,1.605
28.9,1.605
28.9,1.605
28.9,1.605
28.9,1.605
28.9,1.605
28.9,1.605
28.9,1.605
28.9,1.600
28.9,1.600
28.9,1.600
28.9,1.600
28.9,1.600
28.9,1.600
28.9,1.600
28.9,1.600
28.9,1.600
28.9,1.595
28.9,1.595
28.9,1.595
28.9,1.595
28.9,1.595
28.9,1.595
28.9,1.595
28.9,1.595
28.9,1.590
28.9,1.590
28.9,1.590
28.9,1.590
28.9,1.590
28.9,1.590
28.9,1.590
28.9,1.590
28.9,1.590
28.9,1.585
28.9,1.585
28.9,1.585
28.9,1.585
28.9,1.585
28.9,1.585
28.9,1.585
28.9,1.585
28.9,1.580
28.9,1.580
28.9,1.580
28.9,1.580
28.9,1.580
28.9,1.580
28.9,1.580
28.9,1.580
28.9,1.580
28.8,1.575
28.8,1.575
28.8,1.575
28.8,1.575
28.8,1.575
28.8,1.575
28.7,1.575
28.7,1.575
28.7,1.570
28.7,1.570
28.7,1.570
28.7,1.570
28.7,1.570
28.7,1.570
28.7,1.570
28.8,1.570
28.8,1.565
28.8,1.565
28.8,1.565
28.8,1.565
28.8,1.565
28.8,1.565
28.8,1.565
28.8,1.565
28.8,1.565
28.8,1.560
28.8,1.560
28.8,1.560
28.8,1.560
28.8,1.560
28.8,1.560
28.7,1.560
28.7,1.560
28.7,1.560
28.7,1.555
28.7,1.555
28.7,1.555
28.7,1.555
28.7,1.555
28.7,1.555
28.7,1.555
28.7,1.555
28.7,1.550
28.7,1.550
28.7,1.550
28.7,1.550
28.7,1.550
28.7,1.550
28.7,1.550
28.7,1.550
28.7,1.550
28.7,1.545
28.7,1.545
28.7,1.545
28.7,1.545
28.7,1.545
28.7,1.545
28.7,1.545
28.6,1.545
28.6,1.545
28.6,1.540
28.6,1.540
28.6,1.540
28.6,1.540
28.6,1.540
28.6,1.540
28.6,1.540
28.6,1.540
28.6,1.540
28.6,1.535
28.6,1.535
28.6,1.535
28.6,1.535
28.6,1.535
28.5,1.535
28.5,1.535
28.5,1.535
28.5,1.535
28.5,1.530
28.5,1.530
28.5,1.530
28.5,1.530
28.5,1.530
28.5,1.530
28.5,1.530
28.5,1.530
28.5,1.530
28.5,1.525
28.5,1.525
28.5,1.525
28.5,1.525
28.5,1.525
28.5,1.525
28.5,1.525
28.5,1.525
28.5,1.525
28.5,1.525
28.5,1.520
28.5,1.520
28.5,1.520
28.5,1.520
28.5,1.520
28.5,1.520
28.5,1.520
28.5,1.520
28.5,1.520
28.5,1.515
28.5,1.515
28.5,1.515
28.5,1.515
28.5,1.515
28.5,1.515
28.5,1.515
28.5,1.515
28.5,1.515
28.5,1.515
28.5,1.510
28.5,1.510
28.5,1.510
28.5,1.510
28.5,1.510
28.5,1.510
28.5,1.510
28.5,1.510
28.5,1.510
28.5,1.505
28.5,1.505
28.5,1.505
28.5,1.505
28.5,1.505
28.5,1.505
28.5,1.505
28.5,1.505
28.5,1.505
28.5,1.500
28.5,1.500
28.5,1.500
28.5,1.500
28.5,1.500
28.5,1.500
28.5,1.500
28.4,1.500
28.4,1.500
28.4,1.495
28.4,1.495
28.4,1.495
28.4,1.495
28.4,1.495
28.4,1.495
28.4,1.495
28.4,1.495
28.4,1.495
28.4,1.490
28.4,1.490
28.4,1.490
28.4,1.490
28.4,1.490
28.5,1.490
28.5,1.490
28.5,1.490
28.5,1.485
28.5,1.485
28.5,1.485
28.5,1.485
28.5,1.485
28.5,1.485
28.5,1.485
28.5,1.485
28.5,1.485
28.5,1.480
28.5,1.480
28.5,1.480
28.5,1.480
28.5,1.480
28.5,1.480
28.5,1.480
28.5,1.480
28.5,1.480
28.5,1.475
28.5,1.475
28.5,1.475
28.5,1.475
28.5,1.475
28.5,1.475
28.5,1.475
28.4,1.475
28.4,1.475
28.4,1.470
28.4,1.470
28.4,1.470
28.4,1.470
28.4,1.470
28.4,1.470
28.4,1.470
28.4,1.470
28.4,1.470
28.4,1.465
28.4,1.465
28.5,1.465
28.5,1.465
28.5,1.465
28.5,1.465
28.5,1.465
28.5,1.465
28.5,1.465
28.5,1.460
28.5,1.460
28.5,1.460
28.5,1.460
28.5,1.460
28.5,1.460
28.5,1.460
28.5,1.460
28.5,1.460
28.5,1.455
28.5,1.455
28.5,1.455
28.5,1.455
28.5,1.455
28.5,1.455
28.5,1.455
28.4,1.455
28.4,1.455
28.4,1.455
28.4,1.450
28.4,1.450
28.4,1.450
28.4,1.450
28.4,1.450
28.4,1.450
28.4,1.450
28.4,1.450
28.4,1.450
28.4,1.445
28.4,1.445
28.4,1.445
28.4,1.445
28.4,1.445
28.4,1.445
28.4,1.445
28.4,1.445
28.4,1.445
28.5,1.445
28.5,1.440
28.5,1.440
28.5,1.440
28.5,1.440
28.5,1.440
28.5,1.440
28.5,1.440
28.5,1.440
28.5,1.440
28.5,1.435
28.5,1.435
28.5,1.435
28.5,1.435
28.5,1.435
28.5,1.435
28.5,1.435
28.4,1.435
28.4,1.435
28.4,1.435
28.4,1.430
28.4,1.430
28.4,1.430
28.4,1.430
28.4,1.430
28.4,1.430
28.4,1.430
28.4,1.430
28.4,1.430
28.4,1.425
28.4,1.425
28.4,1.425
28.4,1.425
28.4,1.425
28.4,1.425
28.4,1.425
28.4,1.425
28.4,1.425
28.4,1.425
28.4,1.420
28.4,1.420
28.4,1.420
28.4,1.420
28.4,1.420
28.4,1.420
28.4,1.420
28.4,1.420
28.4,1.420
28.4,1.415
28.4,1.415
28.4,1.415
28.4,1.415
28.4,1.415
28.4,1.415
28.4,1.415
28.4,1.415
28.5,1.415
28.5,1.410
28.5,1.410
28.5,1.410
28.5,1.410
28.5,1.410
28.4,1.410
28.4,1.410
28.4,1.410
28.4,1.410
28.4,1.405
28.4,1.405
28.4,1.405
28.4,1.405
28.4,1.405
28.4,1.405
28.4,1.405
28.4,1.405
28.4,1.405
28.3,1.405
28.3,1.400
28.3,1.400
28.3,1.400
28.3,1.400
28.3,1.400
28.3,1.400
28.3,1.400
28.3,1.400
28.3,1.400
28.3,1.395
28.3,1.395
28.3,1.395
28.3,1.395
28.3,1.395
28.3,1.395
28.3,1.395
28.2,1.395
28.2,1.395
28.2,1.390
28.2,1.390
28.2,1.390
28.3,1.390
28.3,1.390
28.3,1.390
28.3,1.390
28.3,1.390
28.3,1.390
28.2,1.390
28.2,1.385
28.2,1.385
28.2,1.385
28.2,1.385
28.2,1.385
28.2,1.385
28.2,1.385
28.2,1.385
28.2,1.385
28.2,1.385
28.2,1.380
28.2,1.380
28.2,1.380
28.2,1.380
28.2,1.380
28.2,1.380
28.2,1.380
28.2,1.380
28.2,1.380
28.2,1.380
28.2,1.380
28.2,1.375
28.2,1.375
28.2,1.375
28.1,1.375
28.1,1.375
28.1,1.375
28.1,1.375
28.1,1.375
28.1,1.375
28.1,1.375
28.1,1.370
28.1,1.370
28.1,1.370
28.1,1.370
28.1,1.370
28.1,1.370
28.1,1.370
28.1,1.370
28.1,1.370
28.1,1.370
28.1,1.365
28.1,1.365
28.1,1.365
28.2,1.365
28.2,1.365
28.2,1.365
28.2,1.365
28.2,1.365
28.2,1.365
28.2,1.365
28.2,1.365
28.2,1.360
28.2,1.360
28.2,1.360
28.2,1.360
28.2,1.360
28.2,1.360
28.2,1.360
28.2,1.360
28.2,1.360
28.2,1.360
28.2,1.360
28.2,1.355
28.2,1.355
28.2,1.355
28.2,1.355
28.2,1.355
28.2,1.355
28.2,1.355
28.2,1.355
28.2,1.355
28.2,1.355
28.2,1.355
28.2,1.350
28.2,1.350
28.2,1.350
28.2,1.350
28.2,1.350
28.2,1.350
28.2,1.350
28.2,1.350
28.2,1.350
28.2,1.350
28.2,1.345
28.2,1.345
28.2,1.345
28.2,1.345
28.2,1.345
28.2,1.345
28.2,1.345
28.2,1.345
28.2,1.345
28.2,1.345
28.2,1.345
28.2,1.340
28.2,1.340
28.2,1.340
28.2,1.340
28.2,1.340
28.2,1.340
28.2,1.340
28.2,1.340
28.2,1.340
28.2,1.340
28.2,1.335
28.2,1.335
28.2,1.335
28.2,1.335
28.2,1.335
28.2,1.335
28.2,1.335
28.2,1.335
28.2,1.335
28.2,1.335
28.2,1.335
28.2,1.330
28.2,1.330
28.2,1.330
28.2,1.330
28.2,1.330
28.2,1.330
28.2,1.330
28.2,1.330
28.2,1.330
28.2,1.330
28.2,1.325
28.2,1.325
28.2,1.325
28.2,1.325
28.2,1.325
28.2,1.325
28.2,1.325
28.2,1.325
28.2,1.325
28.2,1.325
28.2,1.320
28.2,1.320
28.2,1.320
28.2,1.320
28.2,1.320
28.2,1.320
28.2,1.320
28.2,1.320
28.2,1.320
28.2,1.320
28.2,1.315
28.2,1.315
28.2,1.315
28.2,1.315
28.2,1.315
28.2,1.315
28.2,1.315
28.2,1.315
28.2,1.315
28.2,1.315
28.2,1.310
28.2,1.310
28.2,1.310
28.2,1.310
28.2,1.310
28.2,1.310
28.2,1.310
28.2,1.310
28.2,1.310
28.2,1.310
28.2,1.305
28.2,1.305
28.2,1.305
28.2,1.305
28.2,1.305
28.2,1.305
28.2,1.305
28.2,1.305
28.2,1.305
28.2,1.305
28.2,1.305
28.2,1.300
28.2,1.300
28.2,1.300
28.1,1.300
28.1,1.300
28.1,1.300
28.1,1.300
28.1,1.300
28.1,1.300
28.1,1.300
28.1,1.300
28.2,1.295
28.2,1.295
28.2,1.295
28.2,1.295
28.2,1.295
28.2,1.295
28.2,1.295
28.2,1.295
28.2,1.295
28.2,1.295
28.2,1.290
28.2,1.290
28.2,1.290
28.2,1.290
28.2,1.290
28.2,1.290
28.2,1.290
28.2,1.290
28.2,1.290
28.2,1.290
28.2,1.285
28.2,1.285
28.2,1.285
28.2,1.285
28.2,1.285
28.3,1.285
28.3,1.285
28.3,1.285
28.3,1.285
28.3,1.285
28.3,1.285
28.3,1.280
28.3,1.280
28.3,1.280
28.3,1.280
28.3,1.280
28.3,1.280
28.3,1.280
28.3,1.280
28.3,1.280
28.3,1.280
28.3,1.275
28.3,1.275
28.3,1.275
28.3,1.275
28.3,1.275
28.3,1.275
28.3,1.275
28.3,1.275
28.3,1.275
28.3,1.275
28.3,1.270
28.3,1.270
28.3,1.270
28.3,1.270
28.3,1.270
28.3,1.270
28.3,1.270
28.3,1.270
28.3,1.270
28.3,1.265
28.3,1.265
28.3,1.265
28.2,1.265
28.2,1.265
28.2,1.265
28.2,1.265
28.2,1.265
28.2,1.265
28.2,1.265
28.2,1.260
28.2,1.260
28.2,1.260
28.2,1.260
28.2,1.260
28.2,1.260
28.2,1.260
28.2,1.260
28.2,1.260
28.2,1.255
28.2,1.255
28.2,1.255
28.2,1.255
28.2,1.255
28.2,1.255
28.2,1.255
28.2,1.255
28.2,1.255
28.2,1.250
28.2,1.250
28.2,1.250
28.2,1.250
28.2,1.250
28.2,1.250
28.2,1.250
28.2,1.250
28.2,1.250
28.1,1.245
28.1,1.245
28.1,1.245
28.1,1.245
28.1,1.245
28.1,1.245
28.1,1.245
28.1,1.245
28.1,1.240
28.1,1.240
28.1,1.240
28.1,1.240
28.1,1.240
28.1,1.240
28.1,1.240
28.1,1.240
28.1,1.240
28.1,1.235
28.1,1.235
28.1,1.235
28.1,1.235
28.1,1.235
28.1,1.235
28.1,1.235
28.1,1.235
28.1,1.230
28.1,1.230
28.1,1.230
28.1,1.230
28.1,1.230
28.1,1.230
28.1,1.230
28.0,1.230
28.0,1.230
28.0,1.225
28.0,1.225
28.0,1.225
28.0,1.225
28.0,1.225
28.0,1.225
28.0,1.225
28.0,1.225
28.0,1.225
28.0,1.220
28.0,1.220
28.0,1.220
28.0,1.220
28.0,1.220
28.0,1.220
28.0,1.220
28.0,1.220
28.0,1.215
28.0,1.215
28.0,1.215
28.0,1.215
28.0,1.215
28.0,1.215
28.0,1.215
28.0,1.215
28.0,1.215
28.0,1.210
28.0,1.210
28.0,1.210
28.0,1.210
28.0,1.210
28.0,1.210
28.0,1.210
28.0,1.210
28.0,1.205
28.0,1.205
28.0,1.205
28.0,1.205
28.0,1.205
28.0,1.205
28.0,1.205
28.0,1.205
28.0,1.205
28.0,1.200
28.0,1.200
28.0,1.200
28.0,1.200
28.0,1.200
28.0,1.200
28.0,1.200
28.0,1.200
28.0,1.200
28.0,1.195
28.0,1.195
28.0,1.195
28.0,1.195
28.0,1.195
28.0,1.195
28.0,1.195
28.0,1.195
28.0,1.195
28.0,1.195
28.0,1.190
28.0,1.190
28.0,1.190
28.0,1.190
28.0,1.190
27.9,1.190
27.9,1.190
27.9,1.190
27.9,1.185
27.9,1.185
27.9,1.185
27.9,1.185
27.9,1.185
27.9,1.185
27.9,1.185
27.9,1.185
27.9,1.185
27.9,1.180
27.9,1.180
27.9,1.180
27.9,1.180
27.9,1.180
27.9,1.180
27.9,1.180
27.9,1.180
27.9,1.180
27.9,1.175
27.9,1.175
27.9,1.175
27.9,1.175
27.9,1.175
27.9,1.175
27.9,1.175
27.9,1.175
27.9,1.170
27.9,1.170
27.9,1.170
27.9,1.170
27.9,1.170
27.9,1.170
27.9,1.170
27.9,1.170
27.9,1.165
27.9,1.165
27.9,1.165
27.9,1.165
27.9,1.165
27.9,1.165
27.9,1.165
27.9,1.165
27.9,1.165
27.9,1.160
27.9,1.160
27.9,1.160
27.9,1.160
27.9,1.160
27.9,1.160
28.0,1.160
28.0,1.160
28.0,1.155
28.0,1.155
28.0,1.155
28.0,1.155
28.0,1.155
28.0,1.155
28.0,1.155
28.0,1.155
28.0,1.150
28.0,1.150
28.0,1.150
28.0,1.150
28.0,1.150
28.0,1.150
28.0,1.150
28.0,1.150
28.0,1.145
28.0,1.145
28.0,1.145
28.0,1.145
28.0,1.145
28.0,1.145
28.0,1.145
28.1,1.145
28.0,1.145
28.0,1.140
28.0,1.140
28.0,1.140
28.0,1.140
28.0,1.140
28.0,1.140
28.0,1.140
28.0,1.140
28.0,1.135
28.0,1.135
28.0,1.135
28.0,1.135
28.0,1.135
28.0,1.135
28.0,1.135
28.0,1.135
28.0,1.135
28.0,1.130
28.0,1.130
28.0,1.130
28.0,1.130
28.0,1.130
28.0,1.130
28.0,1.130
28.0,1.130
28.0,1.130
28.0,1.125
28.0,1.125
28.0,1.125
28.0,1.125
28.0,1.125
28.0,1.125
28.0,1.125
28.0,1.125
28.0,1.125
28.0,1.120
28.0,1.120
28.0,1.120
28.0,1.120
28.0,1.120
28.0,1.120
28.0,1.120
28.0,1.120
27.9,1.120
27.9,1.115
27.9,1.115
27.9,1.115
27.9,1.115
27.9,1.115
27.9,1.115
27.9,1.115
27.9,1.115
27.9,1.115
27.9,1.115
27.9,1.110
27.9,1.110
27.9,1.110
27.9,1.110
27.9,1.110
27.9,1.110
27.9,1.110
27.9,1.110
27.9,1.105
27.9,1.105
27.9,1.105
27.9,1.105
27.9,1.105
27.9,1.105
27.8,1.105
27.8,1.105
27.8,1.105
27.8,1.105
27.8,1.100
27.8,1.100
27.8,1.100
27.8,1.100
27.8,1.100
27.8,1.100
27.8,1.100
27.8,1.100
27.8,1.100
27.8,1.100
27.8,1.095
27.8,1.095
27.8,1.095
27.8,1.095
27.8,1.095
27.8,1.095
27.8,1.095
27.8,1.095
27.8,1.095
27.8,1.090
27.8,1.090
27.8,1.090
27.8,1.090
27.8,1.090
27.8,1.090
27.7,1.090
27.7,1.090
27.7,1.090
27.7,1.090
27.7,1.085
27.7,1.085
27.7,1.085
27.7,1.085
27.7,1.085
27.7,1.085
27.7,1.085
27.7,1.085
27.7,1.085
27.7,1.085
27.7,1.080
27.7,1.080
27.7,1.080
27.7,1.080
27.7,1.080
27.7,1.080
27.7,1.080
27.7,1.080
27.7,1.080
27.7,1.080
27.7,1.075
27.7,1.075
27.7,1.075
27.7,1.075
27.7,1.075
27.7,1.075
27.7,1.075
27.7,1.075
27.7,1.075
27.7,1.075
27.7,1.070
27.7,1.070
27.7,1.070
27.7,1.070
27.7,1.070
27.7,1.070
27.7,1.070
27.7,1.070
27.7,1.070
27.7,1.070
27.7,1.070
27.7,1.065
27.7,1.065
27.7,1.065
27.7,1.065
27.7,1.065
27.7,1.065
27.7,1.065
27.7,1.065
27.7,1.065
27.7,1.065
27.7,1.065
27.7,1.060
27.7,1.060
27.7,1.060
27.7,1.060
27.7,1.060
27.6,1.060
27.6,1.060
27.6,1.060
27.6,1.060
27.6,1.060
27.6,1.060
27.6,1.055
27.6,1.055
27.6,1.055
27.6,1.055
27.6,1.055
27.6,1.055
27.6,1.055
27.6,1.055
27.6,1.055
27.6,1.055
27.6,1.055
27.6,1.050
27.6,1.050
27.6,1.050
27.6,1.050
27.6,1.050
27.6,1.050
27.6,1.050
27.6,1.050
27.6,1.050
27.6,1.050
27.6,1.050
27.6,1.050
27.6,1.045
27.6,1.045
27.6,1.045
27.6,1.045
27.6,1.045
27.6,1.045
27.6,1.045
27.6,1.045
27.6,1.045
27.6,1.045
27.6,1.045
27.6,1.045
27.6,1.040
27.6,1.040
27.6,1.040
27.6,1.040
27.6,1.040
27.6,1.040
27.6,1.040
27.6,1.040
27.6,1.040
27.6,1.040
27.6,1.040
27.6,1.035
27.6,1.035
27.6,1.035
27.6,1.035
27.5,1.035
27.5,1.035
27.5,1.035
27.5,1.035
27.5,1.035
27.5,1.035
27.5,1.035
27.5,1.035
27.5,1.030
27.5,1.030
27.5,1.030
27.5,1.030
27.5,1.030
27.5,1.030
27.5,1.030
27.5,1.030
27.5,1.030
27.5,1.030
27.5,1.030
27.5,1.025
27.5,1.025
27.5,1.025
27.5,1.025
27.5,1.025
27.5,1.025
27.5,1.025
27.5,1.025
27.5,1.025
27.5,1.025
27.5,1.025
27.5,1.025
27.5,1.020
27.5,1.020
27.5,1.020
27.5,1.020
27.5,1.020
27.4,1.020
27.4,1.020
27.4,1.020
27.4,1.020
27.4,1.020
27.4,1.020
27.4,1.015
27.4,1.015
27.4,1.015
27.4,1.015
27.4,1.015
27.5,1.015
27.5,1.015
27.5,1.015
27.5,1.015
27.5,1.015
27.5,1.010
27.5,1.010
27.5,1.010
27.5,1.010
27.5,1.010
27.5,1.010
27.5,1.010
27.4,1.010
27.4,1.010
27.4,1.010
27.4,1.010
27.4,1.005
27.4,1.005
27.4,1.005
27.4,1.005
27.4,1.005
27.4,1.005
27.4,1.005
27.4,1.005
27.4,1.005
27.4,1.005
27.4,1.005
27.4,1.000
27.4,1.000
27.4,1.000
27.4,1.000
27.4,1.000
27.4,1.000
27.4,1.000
27.4,1.000
27.4,1.000
27.4,1.000
27.4,1.000
27.4,0.995
27.4,0.995
27.4,0.995
27.4,0.995
27.4,0.995
27.4,0.995
27.4,0.995
27.3,0.995
27.3,0.995
27.3,0.995
27.3,0.990
27.3,0.990
27.3,0.990
27.3,0.990
27.3,0.990
27.3,0.990
27.3,0.990
27.3,0.990
27.3,0.990
27.2,0.990
27.2,0.990
27.2,0.985
27.2,0.985
27.2,0.985
27.2,0.985
27.2,0.985
27.2,0.985
27.2,0.985
27.2,0.985
27.2,0.985
27.2,0.985
27.2,0.980
27.2,0.980
27.2,0.980
27.2,0.980
27.2,0.980
27.2,0.980
27.2,0.980
27.2,0.980
27.2,0.980
27.2,0.980
27.2,0.980
27.2,0.975
27.2,0.975
27.2,0.975
27.2,0.975
27.2,0.975
27.2,0.975
27.2,0.975
27.2,0.975
27.2,0.975
27.2,0.975
27.2,0.975
27.2,0.970
27.2,0.970
27.2,0.970
27.2,0.970
27.2,0.970
27.2,0.970
27.2,0.970
27.2,0.970
27.2,0.970
27.2,0.970
27.2,0.970
27.2,0.965
27.2,0.965
27.2,0.965
27.2,0.965
27.2,0.965
27.2,0.965
27.1,0.965
27.1,0.965
27.1,0.965
27.1,0.965
27.1,0.965
27.1,0.960
27.1,0.960
27.1,0.960
27.1,0.960
27.1,0.960
27.1,0.960
27.1,0.960
27.1,0.960
27.1,0.960
27.1,0.960
27.1,0.960
27.1,0.960
27.1,0.955
27.1,0.955
27.1,0.955
27.1,0.955
27.1,0.955
27.1,0.955
27.1,0.955
27.0,0.955
27.0,0.955
27.0,0.955
27.0,0.955
27.0,0.950
27.0,0.950
27.0,0.950
27.0,0.950
27.0,0.950
27.0,0.950
27.0,0.950
27.0,0.950
27.0,0.950
27.0,0.950
27.0,0.950
27.0,0.945
27.0,0.945
27.0,0.945
27.0,0.945
27.0,0.945
27.0,0.945
27.0,0.945
27.0,0.945
27.0,0.945
27.0,0.945
27.0,0.945
27.0,0.945
27.0,0.940
27.0,0.940
27.0,0.940
27.0,0.940
27.0,0.940
27.0,0.940
27.0,0.940
27.0,0.940
27.0,0.940
27.0,0.940
26.9,0.940
26.9,0.940
26.9,0.935
26.9,0.935
26.9,0.935
26.9,0.935
26.9,0.935
26.9,0.935
26.9,0.935
26.9,0.935
26.9,0.935
26.9,0.935
26.9,0.935
26.9,0.935
26.9,0.930
26.9,0.930
26.9,0.930
26.9,0.930
26.9,0.930
26.9,0.930
26.9,0.930
26.9,0.930
26.9,0.930
26.9,0.930
26.9,0.930
26.9,0.925
26.9,0.925
26.9,0.925
26.9,0.925
26.9,0.925
26.9,0.925
26.9,0.925
26.9,0.925
26.9,0.925
26.9,0.925
26.9,0.925
26.9,0.925
26.9,0.925
26.9,0.920
26.9,0.920
26.9,0.920
26.9,0.920
26.9,0.920
26.9,0.920
26.9,0.920
26.9,0.920
26.8,0.920
26.8,0.920
26.8,0.920
26.8,0.920
26.8,0.920
26.8,0.915
26.8,0.915
26.8,0.915
26.8,0.915
26.8,0.915
26.8,0.915
26.8,0.915
26.8,0.915
26.8,0.915
26.8,0.915
26.8,0.915
26.8,0.915
26.8,0.910
26.8,0.910
26.8,0.910
26.8,0.910
26.8,0.910
26.8,0.910
26.8,0.910
26.8,0.910
26.8,0.910
26.9,0.910
26.9,0.910
26.9,0.910
26.9,0.910
26.9,0.910
26.9,0.905
26.8,0.905
26.8,0.905
26.8,0.905
26.8,0.905
26.8,0.905
26.8,0.905
26.8,0.905
26.8,0.905
26.8,0.905
26.8,0.905
26.8,0.905
26.8,0.905
26.8,0.905
26.8,0.900
26.8,0.900
26.8,0.900
26.8,0.900
26.8,0.900
26.8,0.900
26.8,0.900
26.7,0.900
26.7,0.900
26.7,0.900
26.7,0.900
26.7,0.900
26.7,0.900
26.7,0.900
26.7,0.900
26.7,0.895
26.7,0.895
26.7,0.895
26.7,0.895
26.7,0.895
26.7,0.895
26.8,0.895
26.8,0.895
26.8,0.895
26.8,0.895
26.8,0.895
26.8,0.895
26.8,0.895
26.8,0.895
26.8,0.895
26.8,0.890
26.8,0.890
26.8,0.890
26.8,0.890
26.7,0.890
26.7,0.890
26.7,0.890
26.7,0.890
26.7,0.890
26.7,0.890
26.7,0.890
26.7,0.890
26.7,0.890
26.7,0.890
26.7,0.890
26.7,0.885
26.7,0.885
26.7,0.885
26.7,0.885
26.7,0.885
26.7,0.885
26.7,0.885
26.7,0.885
26.7,0.885
26.7,0.885
26.7,0.885
26.7,0.885
26.6,0.885
26.6,0.885
26.6,0.885
26.6,0.885
26.6,0.880
26.6,0.880
26.6,0.880
26.6,0.880
26.6,0.880
26.6,0.880
26.6,0.880
26.6,0.880
26.6,0.880
26.6,0.880
26.6,0.880
26.6,0.880
26.6,0.880
26.6,0.880
26.6,0.880
26.6,0.880
26.6,0.880
26.6,0.875
26.6,0.875
26.6,0.875
26.6,0.875
26.6,0.875
26.6,0.875
26.6,0.875
26.6,0.875
26.6,0.875
26.5,0.875
26.5,0.875
26.5,0.875
26.5,0.875
26.5,0.875
26.5,0.875
26.5,0.875
26.5,0.875
26.5,0.870
26.5,0.870
26.5,0.870
26.5,0.870
26.5,0.870
26.5,0.870
26.5,0.870
26.5,0.870
26.5,0.870
26.5,0.870
26.5,0.870
26.5,0.870
26.5,0.870
26.5,0.870
26.5,0.870
26.5,0.865
26.5,0.865
26.5,0.865
26.5,0.865
26.5,0.865
26.5,0.865
26.5,0.865
26.5,0.865
26.5,0.865
26.5,0.865
26.5,0.865
26.5,0.865
26.5,0.865
26.5,0.865
26.5,0.865
26.4,0.865
26.4,0.865
26.4,0.860
26.4,0.860
26.4,0.860
26.4,0.860
26.4,0.860
26.4,0.860
26.4,0.860
26.4,0.860
26.4,0.860
26.4,0.860
26.4,0.860
26.4,0.860
26.4,0.860
26.4,0.860
26.4,0.860
26.4,0.860
26.4,0.860
26.4,0.855
26.4,0.855
26.4,0.855
26.4,0.855
26.4,0.855
26.4,0.855
26.3,0.855
26.3,0.855
26.3,0.855
26.3,0.855
26.3,0.855
26.3,0.855
26.3,0.855
26.3,0.855
26.3,0.855
26.3,0.855
26.3,0.850
26.3,0.850
26.3,0.850
26.3,0.850
26.3,0.850
26.3,0.850
26.3,0.850
26.3,0.850
26.3,0.850
26.3,0.850
26.2,0.850
26.2,0.850
26.2,0.850
26.2,0.850
26.2,0.850
26.2,0.850
26.2,0.845
26.2,0.845
26.2,0.845
26.2,0.845
26.2,0.845
26.2,0.845
26.2,0.845
26.2,0.845
26.3,0.845
26.3,0.845
26.3,0.845
26.3,0.845
26.3,0.845
26.2,0.845
26.2,0.845
26.2,0.845
26.2,0.845
26.2,0.845
26.2,0.840
26.2,0.840
26.2,0.840
26.2,0.840
26.2,0.840
26.2,0.840
26.2,0.840
26.2,0.840
26.2,0.840
26.2,0.840
26.2,0.840
26.2,0.840
26.2,0.840
26.2,0.840
26.2,0.840
26.1,0.840
26.1,0.840
26.1,0.835
26.1,0.835
26.1,0.835
26.1,0.835
26.1,0.835
26.1,0.835
26.1,0.835
26.1,0.835
26.1,0.835
26.1,0.835
26.0,0.835
26.0,0.835
26.0,0.835
26.0,0.835
26.0,0.835
26.0,0.835
26.0,0.830
26.0,0.830
26.0,0.830
26.0,0.830
26.0,0.830
26.0,0.830
26.0,0.830
26.0,0.830
26.0,0.830
26.0,0.830
26.0,0.830
26.0,0.830
26.0,0.830
26.0,0.830
26.0,0.830
25.9,0.830
25.9,0.830
25.9,0.830
25.9,0.825
25.9,0.825
25.9,0.825
25.9,0.825
25.9,0.825
26.0,0.825
26.0,0.825
26.0,0.825
26.0,0.825
26.0,0.825
26.0,0.825
26.0,0.825
26.0,0.825
26.0,0.825
26.0,0.825
26.0,0.825
26.0,0.825
26.0,0.825
26.0,0.825
26.0,0.820
26.0,0.820
26.0,0.820
26.0,0.820
26.0,0.820
26.0,0.820
26.0,0.820
26.0,0.820
26.0,0.820
26.0,0.820
26.0,0.820
26.0,0.820
26.0,0.820
26.0,0.820
26.0,0.820
26.0,0.820
26.0,0.820
26.0,0.820
25.9,0.815
25.9,0.815
25.9,0.815
25.9,0.815
25.9,0.815
25.9,0.815
25.9,0.815
25.9,0.815
25.9,0.815
25.9,0.815
25.9,0.815
25.9,0.815
25.9,0.815
25.9,0.815
25.9,0.815
25.9,0.815
25.9,0.815
25.9,0.815
25.9,0.815
25.9,0.810
25.9,0.810
25.9,0.810
25.9,0.810
26.0,0.810
26.0,0.810
26.0,0.810
26.0,0.810
26.0,0.810
26.0,0.810
26.0,0.810
26.0,0.810
26.0,0.810
26.0,0.810
26.0,0.810
26.0,0.810
26.0,0.810
26.0,0.810
26.0,0.810
26.0,0.810
26.0,0.805
26.0,0.805
26.0,0.805
26.0,0.805
26.0,0.805
26.0,0.805
26.0,0.805
26.0,0.805
26.0,0.805
26.0,0.805
25.9,0.805
25.9,0.805
25.9,0.805
25.9,0.805
25.9,0.805
25.9,0.805
25.9,0.805
25.9,0.805
25.9,0.805
25.9,0.805
25.9,0.805
25.9,0.800
25.9,0.800
25.9,0.800
25.9,0.800
25.9,0.800
25.9,0.800
25.9,0.800
25.9,0.800
25.9,0.800
25.9,0.800
25.9,0.800
25.9,0.800
25.9,0.800
25.9,0.800
25.9,0.800
25.9,0.800
25.9,0.800
25.9,0.800
25.9,0.800
25.9,0.800
25.9,0.800
25.9,0.800
25.9,0.800
25.9,0.795
25.9,0.795
25.9,0.795
25.9,0.795
25.9,0.795
25.9,0.795
25.9,0.795
25.9,0.795
25.9,0.795
25.9,0.795
25.9,0.795
25.9,0.795
25.9,0.795
25.9,0.795
25.9,0.795
25.9,0.795
25.9,0.795
25.9,0.795
25.9,0.795
25.9,0.795
25.9,0.795
25.9,0.795
25.9,0.795
25.9,0.795
25.9,0.795
25.9,0.790
25.9,0.790
25.9,0.790
25.9,0.790
25.9,0.790
25.9,0.790
25.9,0.790
25.9,0.790
25.9,0.790
25.9,0.790
25.9,0.790
25.9,0.790
25.9,0.790
25.9,0.790
25.9,0.790
25.9,0.790
25.9,0.790
25.9,0.790
25.9,0.790
25.9,0.790
25.9,0.790
25.9,0.790
25.9,0.790
25.9,0.790
25.9,0.785
25.9,0.785
25.9,0.785
25.9,0.785
25.9,0.785
25.9,0.785
25.9,0.785
25.9,0.785
25.9,0.785
25.9,0.785
25.9,0.785
25.9,0.785
25.9,0.785
25.9,0.785
25.9,0.785
25.9,0.785
25.9,0.785
25.9,0.785
25.9,0.785
25.9,0.785
25.9,0.785
25.9,0.785
25.9,0.785
25.9,0.785
25.9,0.785
25.9,0.785
25.9,0.785
25.9,0.785
25.9,0.785
25.9,0.785
25.9,0.780
25.9,0.780
25.9,0.780
25.9,0.780
25.8,0.780
25.8,0.780
25.8,0.780
25.8,0.780
25.8,0.780
25.8,0.780
25.8,0.780
25.8,0.780
25.8,0.780
25.8,0.780
25.8,0.780
25.8,0.780
25.8,0.780
25.8,0.780
25.8,0.780
25.8,0.780
25.8,0.780
25.8,0.780
25.8,0.780
25.8,0.780
25.8,0.780
25.8,0.780
25.8,0.780
25.8,0.780
25.8,0.780
25.8,0.780
25.8,0.780
25.8,0.780
25.8,0.775
25.8,0.775
25.8,0.775
25.8,0.775
25.8,0.775
25.8,0.775
25.8,0.775
25.8,0.775
25.8,0.775
25.8,0.775
25.8,0.775
25.8,0.775
25.8,0.775
25.8,0.775
25.8,0.775
25.8,0.775
25.8,0.775
25.8,0.775
25.8,0.775
25.8,0.775
25.8,0.775
25.8,0.775
25.8,0.775
25.7,0.775
25.7,0.775
25.7,0.775
25.7,0.775
25.7,0.775
25.7,0.775
25.7,0.775
25.7,0.775
25.7,0.775
25.7,0.775
25.7,0.775
25.7,0.770
25.7,0.770
25.7,0.770
25.7,0.770
25.7,0.770
25.6,0.770
25.6,0.770
25.6,0.770
25.6,0.770
25.6,0.770
25.6,0.770
25.6,0.770
25.6,0.770
25.6,0.770
25.6,0.770
25.6,0.770
25.6,0.770
25.6,0.770
25.6,0.770
25.6,0.770
25.6,0.770
25.6,0.770
25.6,0.770
25.6,0.770
25.6,0.770
25.6,0.770
25.6,0.770
25.6,0.770
25.6,0.770
25.6,0.770
25.6,0.770
25.6,0.770
25.6,0.770
25.6,0.770
25.6,0.770
25.6,0.765
25.6,0.765
25.6,0.765
25.6,0.765
25.6,0.765
25.6,0.765
25.6,0.765
25.6,0.765
25.6,0.765
25.6,0.765
25.6,0.765
25.6,0.765
25.6,0.765
25.6,0.765
25.5,0.765
25.5,0.765
25.5,0.765
25.5,0.765
25.5,0.765
25.5,0.765
25.5,0.765
25.5,0.765
25.5,0.765
25.5,0.765
25.5,0.765
25.5,0.765
25.5,0.765
25.5,0.765
25.5,0.765
25.5,0.765
25.5,0.765
25.5,0.765
25.5,0.765
25.5,0.765
25.5,0.765
25.5,0.765
25.5,0.765
25.5,0.765
25.5,0.765
25.5,0.765
25.5,0.760
25.5,0.760
25.5,0.760
25.5,0.760
25.5,0.760
25.5,0.760
25.5,0.760
25.5,0.760
25.5,0.760
25.5,0.760
25.5,0.760
25.5,0.760
25.5,0.760
25.5,0.760
25.5,0.760
25.5,0.760
25.5,0.760
25.5,0.760
25.5,0.760
25.5,0.760
25.5,0.760
25.5,0.760
25.5,0.760
25.5,0.760
25.5,0.760
25.5,0.760
25.5,0.760
25.5,0.760
25.5,0.760
25.5,0.760
25.5,0.760
25.5,0.760
25.5,0.760
25.5,0.760
25.4,0.760
25.4,0.760
25.4,0.760
25.4,0.760
25.4,0.760
25.4,0.760
25.4,0.760
25.4,0.760
25.4,0.755
25.4,0.755
25.4,0.755
25.4,0.755
25.4,0.755
25.4,0.755
25.4,0.755
25.4,0.755
25.4,0.755
25.4,0.755
25.4,0.755
25.4,0.755
25.4,0.755
25.4,0.755
25.4,0.755
25.4,0.755
25.4,0.755
25.4,0.755
25.4,0.755
25.4,0.755
25.4,0.755
25.4,0.755
25.4,0.755
25.4,0.755
25.4,0.755
25.4,0.755
25.4,0.755
25.4,0.755
25.4,0.755
25.4,0.755
25.4,0.755
25.4,0.755
25.4,0.755
25.4,0.755
25.4,0.755
25.4,0.755
25.4,0.755
25.4,0.755
25.4,0.750
25.4,0.750
25.4,0.750
25.4,0.750
25.4,0.750
25.4,0.750
25.4,0.750
25.4,0.750
25.4,0.750
25.4,0.750
25.3,0.750
25.3,0.750
25.3,0.750
25.3,0.750
25.3,0.750
25.3,0.750
25.3,0.750
25.3,0.750
25.3,0.750
25.3,0.750
25.3,0.750
25.3,0.750
25.3,0.750
25.3,0.750
25.3,0.750
25.3,0.750
25.3,0.750
25.3,0.750
25.3,0.750
25.2,0.750
25.2,0.750
25.2,0.750
25.2,0.750
25.2,0.750
25.2,0.750
25.2,0.750
25.2,0.750
25.2,0.745
25.2,0.745
25.2,0.745
25.2,0.745
25.2,0.745
25.2,0.745
25.2,0.745
25.2,0.745
25.2,0.745
25.2,0.745
25.2,0.745
25.2,0.745
25.2,0.745
25.2,0.745
25.2,0.745
25.2,0.745
25.2,0.745
25.2,0.745
25.2,0.745
25.2,0.745
25.2,0.745
25.2,0.745
25.2,0.745
25.2,0.745
25.2,0.745
25.2,0.745
25.2,0.745
25.2,0.745
25.2,0.745
25.2,0.745
25.2,0.745
25.2,0.745
25.2,0.745
25.2,0.745
25.2,0.740
25.2,0.740
25.2,0.740
25.2,0.740
25.2,0.740
25.2,0.740
25.2,0.740
25.2,0.740
25.2,0.740
25.2,0.740
25.2,0.740
25.2,0.740
25.2,0.740
25.2,0.740
25.2,0.740
25.2,0.740
25.2,0.740
25.2,0.740
25.2,0.740
25.2,0.740
25.2,0.740
25.2,0.740
25.2,0.740
25.2,0.740
25.2,0.740
25.2,0.740
25.2,0.740
25.2,0.740
25.2,0.740
25.2,0.740
25.2,0.740
25.2,0.735
25.2,0.735
25.2,0.735
25.2,0.735
25.2,0.735
25.2,0.735
25.2,0.735
25.2,0.735
25.2,0.735
25.2,0.735
25.2,0.735
25.2,0.735
25.2,0.735
25.2,0.735
25.2,0.735
25.2,0.735
25.2,0.735
25.2,0.735
25.2,0.735
25.2,0.735
25.2,0.735
25.2,0.735
25.2,0.735
25.2,0.735
25.2,0.735
25.2,0.735
25.3,0.735
25.3,0.735
25.3,0.735
25.3,0.730
25.3,0.730
25.3,0.730
25.3,0.730
25.3,0.730
25.3,0.730
25.3,0.730
25.3,0.730
25.3,0.730
25.3,0.730
25.3,0.730
25.3,0.730
25.3,0.730
25.3,0.730
25.2,0.730
25.2,0.730
25.2,0.730
25.2,0.730
25.2,0.730
25.2,0.730
25.2,0.730
25.2,0.730
25.2,0.730
25.2,0.730
25.2,0.730
25.2,0.730
25.2,0.730
25.2,0.730
25.2,0.730
25.2,0.725
25.2,0.725
25.3,0.725
25.3,0.725
25.3,0.725
25.3,0.725
25.3,0.725
25.3,0.725
25.3,0.725
25.3,0.725
25.3,0.725
25.3,0.725
25.3,0.725
25.3,0.725
25.3,0.725
25.3,0.725
25.3,0.725
25.3,0.725
25.2,0.725
25.2,0.725
25.2,0.725
25.2,0.725
25.2,0.725
25.2,0.725
25.2,0.725
25.2,0.725
25.2,0.725
25.2,0.725
25.2,0.725
25.2,0.725
25.2,0.720
25.2,0.720
25.2,0.720
25.2,0.720
25.2,0.720
25.2,0.720
25.2,0.720
25.2,0.720
25.2,0.720
25.2,0.720
25.2,0.720
25.1,0.720
25.1,0.720
25.1,0.720
25.1,0.720
25.1,0.720
25.1,0.720
25.1,0.720
25.1,0.720
25.1,0.720
25.1,0.720
25.1,0.720
25.1,0.720
25.1,0.720
25.1,0.720
25.1,0.720
25.1,0.720
25.1,0.720
25.1,0.715
25.1,0.715
25.1,0.715
25.1,0.715
25.1,0.715
25.1,0.715
25.1,0.715
25.1,0.715
25.1,0.715
25.1,0.715
25.1,0.715
25.1,0.715
25.1,0.715
25.1,0.715
25.1,0.715
25.1,0.715
25.1,0.715
25.1,0.715
25.1,0.715
25.1,0.715
25.1,0.715
25.1,0.715
25.1,0.715
25.1,0.715
25.1,0.715
25.1,0.715
25.1,0.715
25.1,0.715
25.1,0.710
25.1,0.710
25.1,0.710
25.1,0.710
25.1,0.710
25.1,0.710
25.1,0.710
25.1,0.710
25.1,0.710
25.1,0.710
25.1,0.710
25.1,0.710
25.1,0.710
25.1,0.710
25.1,0.710
25.1,0.710
25.1,0.710
25.1,0.710
25.1,0.710
25.1,0.710
25.1,0.710
25.1,0.710
25.1,0.710
25.1,0.710
25.1,0.710
25.1,0.710
25.1,0.705
25.1,0.705
25.1,0.705
25.1,0.705
25.1,0.705
25.1,0.705
25.1,0.705
25.1,0.705
25.1,0.705
25.1,0.705
25.1,0.705
25.1,0.705
25.1,0.705
25.1,0.705
25.1,0.705
25.1,0.705
25.1,0.705
25.1,0.705
25.1,0.705
25.1,0.705
25.2,0.705
25.2,0.705
25.2,0.705
25.2,0.705
25.2,0.705
25.2,0.705
25.2,0.705
25.2,0.705
25.2,0.700
25.2,0.700
25.2,0.700
25.2,0.700
25.2,0.700
25.2,0.700
25.2,0.700
25.2,0.700
25.2,0.700
25.2,0.700
25.2,0.700
25.2,0.700
25.2,0.700
25.2,0.700
25.2,0.700
25.2,0.700
25.2,0.700
25.2,0.700
25.2,0.700
25.2,0.700
25.2,0.700
25.2,0.700
25.2,0.700
25.2,0.700
25.2,0.700
25.2,0.700
25.2,0.700
25.2,0.700
25.2,0.700
25.2,0.695
25.2,0.695
25.2,0.695
25.2,0.695
25.2,0.695
25.2,0.695
25.2,0.695
25.2,0.695
25.2,0.695
25.2,0.695
25.2,0.695
25.2,0.695
25.2,0.695
25.2,0.695
25.2,0.695
25.2,0.695
25.2,0.695
25.2,0.695
25.2,0.695
25.2,0.695
25.2,0.695
25.2,0.695
25.2,0.695
25.2,0.695
25.2,0.695
25.2,0.695
25.2,0.695
25.2,0.695
25.2,0.695
25.2,0.695
25.2,0.690
25.2,0.690
25.2,0.690
25.2,0.690
25.2,0.690
25.2,0.690
25.2,0.690
25.2,0.690
25.2,0.690
25.2,0.690
25.2,0.690
25.2,0.690
25.2,0.690
25.2,0.690
25.2,0.690
25.2,0.690
25.2,0.690
25.2,0.690
25.2,0.690
25.2,0.690
25.2,0.690
25.2,0.690
25.2,0.690
25.2,0.690
25.2,0.690
25.2,0.690
25.2,0.690
25.1,0.690
25.1,0.690
25.1,0.690
25.1,0.690
25.1,0.685
25.1,0.685
25.1,0.685
25.1,0.685
25.1,0.685
25.1,0.685
25.1,0.685
25.1,0.685
25.1,0.685
25.0,0.685
25.0,0.685
25.0,0.685
25.0,0.685
25.0,0.685
25.0,0.685
25.0,0.685
25.0,0.685
25.0,0.685
25.0,0.685
25.0,0.685
25.0,0.685
25.0,0.685
25.0,0.685
25.0,0.685
25.0,0.685
25.0,0.685
25.0,0.685
25.0,0.685
25.0,0.685
25.0,0.685
25.0,0.685
25.0,0.685
25.0,0.680
25.0,0.680
25.0,0.680
25.0,0.680
25.0,0.680
25.0,0.680
25.0,0.680
25.0,0.680
25.0,0.680
25.0,0.680
25.0,0.680
25.0,0.680
25.0,0.680
25.0,0.680
25.0,0.680
25.0,0.680
25.0,0.680
25.0,0.680
25.0,0.680
24.9,0.680
24.9,0.680
24.9,0.680
24.9,0.680
24.9,0.680
24.9,0.680
24.9,0.680
24.9,0.680
24.9,0.680
24.9,0.680
24.9,0.680
24.9,0.680
24.9,0.680
24.9,0.675
24.9,0.675
24.9,0.675
24.9,0.675
24.9,0.675
24.9,0.675
24.9,0.675
24.9,0.675
24.9,0.675
24.9,0.675
24.9,0.675
24.9,0.675
24.9,0.675
24.9,0.675
24.9,0.675
24.9,0.675
24.9,0.675
24.8,0.675
24.8,0.675
24.8,0.675
24.8,0.675
24.8,0.675
24.8,0.675
24.8,0.675
24.8,0.675
24.8,0.675
24.8,0.675
24.8,0.675
24.8,0.675
24.8,0.675
24.8,0.670
24.8,0.670
24.8,0.670
24.8,0.670
24.8,0.670
24.8,0.670
24.8,0.670
24.8,0.670
24.8,0.670
24.8,0.670
24.8,0.670
24.8,0.670
24.8,0.670
24.8,0.670
24.8,0.670
24.8,0.670
24.8,0.670
24.8,0.670
24.8,0.670
24.8,0.670
24.8,0.670
24.8,0.670
24.8,0.670
24.8,0.670
24.8,0.670
24.8,0.670
24.8,0.670
24.8,0.670
24.8,0.670
24.8,0.670
24.8,0.670
24.8,0.670
24.8,0.665
24.8,0.665
24.8,0.665
24.8,0.665
24.8,0.665
24.8,0.665
24.8,0.665
24.8,0.665
24.8,0.665
24.8,0.665
24.7,0.665
24.7,0.665
24.7,0.665
24.7,0.665
24.7,0.665
24.7,0.665
24.7,0.665
24.7,0.665
24.7,0.665
24.7,0.665
24.7,0.665
24.7,0.665
24.7,0.665
24.7,0.665
24.7,0.665
24.7,0.665
24.7,0.665
24.7,0.665
24.7,0.665
24.7,0.665
24.6,0.665
24.6,0.665
24.6,0.660
24.6,0.660
24.6,0.660
24.6,0.660
24.6,0.660
24.6,0.660
24.6,0.660
24.6,0.660
24.6,0.660
24.6,0.660
24.6,0.660
24.6,0.660
24.6,0.660
24.6,0.660
24.6,0.660
24.6,0.660
24.6,0.660
24.6,0.660
24.6,0.660
24.6,0.660
24.6,0.660
24.6,0.660
24.6,0.660
24.6,0.660
24.6,0.660
24.6,0.660
24.6,0.660
24.6,0.660
24.6,0.660
24.6,0.660
24.6,0.660
24.6,0.660
24.6,0.655
24.6,0.655
24.6,0.655
24.6,0.655
24.6,0.655
24.6,0.655
24.6,0.655
24.6,0.655
24.6,0.655
24.6,0.655
24.6,0.655
24.6,0.655
24.6,0.655
24.6,0.655
24.6,0.655
24.6,0.655
24.6,0.655
24.6,0.655
24.6,0.655
24.6,0.655
24.6,0.655
24.6,0.655
24.6,0.655
24.6,0.655
24.6,0.655
24.6,0.655
24.6,0.655
24.6,0.655
24.5,0.655
24.5,0.655
24.5,0.655
24.5,0.650
24.5,0.650
24.5,0.650
24.5,0.650
24.5,0.650
24.5,0.650
24.5,0.650
24.5,0.650
24.5,0.650
24.5,0.650
24.5,0.650
24.5,0.650
24.5,0.650
24.5,0.650
24.5,0.650
24.5,0.650
24.5,0.650
24.5,0.650
24.5,0.650
24.5,0.650
24.5,0.650
24.5,0.650
24.5,0.650
24.5,0.650
24.5,0.650
24.5,0.650
24.5,0.650
24.5,0.650
24.5,0.650
24.5,0.650
24.5,0.650
24.5,0.645
24.5,0.645
24.5,0.645
24.5,0.645
24.5,0.645
24.5,0.645
24.5,0.645
24.5,0.645
24.5,0.645
24.5,0.645
24.5,0.645
24.5,0.645
24.5,0.645
24.5,0.645
24.5,0.645
24.5,0.645
24.5,0.645
24.5,0.645
24.5,0.645
24.5,0.645
24.5,0.645
24.5,0.645
24.5,0.645
24.5,0.645
24.5,0.645
24.5,0.645
24.5,0.645
24.5,0.645
24.5,0.645
24.5,0.645
24.5,0.645
24.5,0.645
24.5,0.640
24.5,0.640
24.5,0.640
24.5,0.640
24.5,0.640
24.5,0.640
24.5,0.640
24.5,0.640
24.5,0.640
24.5,0.640
24.5,0.640
24.5,0.640
24.5,0.640
24.5,0.640
24.5,0.640
24.5,0.640
24.5,0.640
24.5,0.640
24.5,0.640
24.5,0.640
24.5,0.640
24.5,0.640
24.5,0.640
24.5,0.640
24.5,0.640
24.5,0.640
24.5,0.640
24.5,0.640
24.5,0.640
24.6,0.640
24.6,0.640
24.6,0.635
24.6,0.635
24.6,0.635
24.6,0.635
24.6,0.635
24.6,0.635
24.6,0.635
24.6,0.635
24.6,0.635
24.6,0.635
24.6,0.635
24.6,0.635
24.6,0.635
24.6,0.635
24.6,0.635
24.5,0.635
24.5,0.635
24.5,0.635
24.5,0.635
24.5,0.635
24.5,0.635
24.5,0.635
24.5,0.635
24.5,0.635
24.5,0.635
24.5,0.635
24.5,0.635
24.5,0.635
24.5,0.635
24.5,0.635
24.5,0.635
24.5,0.635
24.5,0.635
24.5,0.630
24.5,0.630
24.5,0.630
24.5,0.630
24.5,0.630
24.5,0.630
24.5,0.630
24.5,0.630
24.5,0.630
24.5,0.630
24.5,0.630
24.5,0.630
24.5,0.630
24.5,0.630
24.5,0.630
24.5,0.630
24.5,0.630
24.5,0.630
24.5,0.630
24.5,0.630
24.5,0.630
24.5,0.630
24.5,0.630
24.5,0.630
24.5,0.630
24.5,0.630
24.5,0.630
24.5,0.630
24.5,0.630
24.5,0.625
24.5,0.625
24.5,0.625
24.5,0.625
24.5,0.625
24.5,0.625
24.5,0.625
24.5,0.625
24.5,0.625
24.5,0.625
24.5,0.625
24.5,0.625
24.5,0.625
24.5,0.625
24.5,0.625
24.5,0.625
24.5,0.625
24.5,0.625
24.5,0.625
24.5,0.625
24.5,0.625
24.5,0.625
24.5,0.625
24.5,0.625
24.5,0.625
24.5,0.625
24.5,0.625
24.5,0.625
24.5,0.625
24.5,0.625
24.6,0.620
24.5,0.620
24.5,0.620
24.5,0.620
24.5,0.620
24.5,0.620
24.5,0.620
24.5,0.620
24.6,0.620
24.6,0.620
24.6,0.620
24.6,0.620
24.6,0.620
24.6,0.620
24.6,0.620
24.6,0.620
24.6,0.620
24.6,0.620
24.6,0.620
24.6,0.620
24.6,0.620
24.6,0.620
24.6,0.620
24.6,0.620
24.6,0.620
24.6,0.620
24.6,0.620
24.6,0.620
24.6,0.620
24.6,0.620
24.6,0.615
24.6,0.615
24.6,0.615
24.6,0.615
24.6,0.615
24.6,0.615
24.6,0.615
24.6,0.615
24.6,0.615
24.6,0.615
24.6,0.615
24.6,0.615
24.6,0.615
24.6,0.615
24.6,0.615
24.6,0.615
24.6,0.615
24.6,0.615
24.6,0.615
24.6,0.615
24.6,0.615
24.6,0.615
24.6,0.615
24.6,0.615
24.6,0.615
24.6,0.615
24.6,0.615
24.6,0.615
24.6,0.615
24.6,0.615
24.6,0.610
24.6,0.610
24.6,0.610
24.6,0.610
24.6,0.610
24.6,0.610
24.6,0.610
24.6,0.610
24.6,0.610
24.6,0.610
24.6,0.610
24.6,0.610
24.6,0.610
24.6,0.610
24.6,0.610
24.6,0.610
24.6,0.610
24.6,0.610
24.6,0.610
24.6,0.610
24.6,0.610
24.6,0.610
24.6,0.610
24.6,0.610
24.6,0.610
24.6,0.610
24.6,0.610
24.6,0.610
24.6,0.610
24.6,0.610
24.6,0.610
24.6,0.605
24.6,0.605
24.6,0.605
24.6,0.605
24.6,0.605
24.6,0.605
24.6,0.605
24.6,0.605
24.6,0.605
24.6,0.605
24.6,0.605
24.6,0.605
24.6,0.605
24.6,0.605
24.6,0.605
24.6,0.605
24.6,0.605
24.6,0.605
24.6,0.605
24.6,0.605
24.6,0.605
24.6,0.605
24.6,0.605
24.6,0.605
24.6,0.605
24.6,0.605
24.6,0.605
24.6,0.605
24.6,0.605
24.6,0.605
24.6,0.605
24.7,0.605
24.7,0.600
24.7,0.600
24.7,0.600
24.7,0.600
24.7,0.600
24.7,0.600
24.7,0.600
24.7,0.600
24.6,0.600
24.6,0.600
24.6,0.600
24.6,0.600
24.6,0.600
24.6,0.600
24.6,0.600
24.6,0.600
24.7,0.600
24.7,0.600
24.7,0.600
24.7,0.600
24.7,0.600
24.7,0.600
24.7,0.600
24.7,0.600
24.7,0.600
24.7,0.600
24.7,0.600
24.7,0.600
24.7,0.600
24.7,0.600
24.7,0.600
24.7,0.600
24.7,0.595
24.7,0.595
24.7,0.595
24.7,0.595
24.7,0.595
24.7,0.595
24.7,0.595
24.7,0.595
24.7,0.595
24.7,0.595
24.7,0.595
24.7,0.595
24.7,0.595
24.7,0.595
24.7,0.595
24.7,0.595
24.7,0.595
24.7,0.595
24.7,0.595
24.7,0.595
24.7,0.595
24.7,0.595
24.7,0.595
24.7,0.595
24.7,0.595
24.7,0.595
24.7,0.595
24.7,0.595
24.7,0.590
24.7,0.590
24.7,0.590
24.7,0.590
24.7,0.590
24.7,0.590
24.7,0.590
24.7,0.590
24.7,0.590
24.7,0.590
24.7,0.590
24.7,0.590
24.7,0.590
24.7,0.590
24.7,0.590
24.7,0.590
24.7,0.590
24.7,0.590
24.7,0.590
24.7,0.590
24.7,0.590
24.7,0.590
24.7,0.590
24.7,0.590
24.7,0.590
24.7,0.590
24.7,0.590
24.7,0.590
24.7,0.590
24.6,0.590
24.6,0.590
24.6,0.590
24.6,0.590
24.6,0.585
24.6,0.585
24.6,0.585
24.7,0.585
24.7,0.585
24.7,0.585
24.7,0.585
24.7,0.585
24.7,0.585
24.7,0.585
24.7,0.585
24.7,0.585
24.7,0.585
24.7,0.585
24.7,0.585
24.7,0.585
24.7,0.585
24.7,0.585
24.7,0.585
24.7,0.585
24.7,0.585
24.7,0.585
24.7,0.585
24.6,0.585
24.6,0.585
24.6,0.585
24.6,0.585
24.6,0.585
24.6,0.585
24.6,0.585
24.7,0.585
24.7,0.585
24.7,0.585
24.7,0.585
24.7,0.585
24.7,0.585
24.7,0.585
24.7,0.580
24.7,0.580
24.7,0.580
24.7,0.580
24.7,0.580
24.7,0.580
24.7,0.580
24.7,0.580
24.7,0.580
24.7,0.580
24.7,0.580
24.7,0.580
24.7,0.580
24.6,0.580
24.6,0.580
24.6,0.580
24.6,0.580
24.6,0.580
24.6,0.580
24.6,0.580
24.6,0.580
24.6,0.580
24.6,0.580
24.6,0.580
24.6,0.580
24.6,0.580
24.6,0.580
24.6,0.580
24.6,0.580
24.6,0.580
24.6,0.580
24.6,0.580
24.6,0.580
24.6,0.580
24.6,0.580
24.6,0.580
24.6,0.580
24.6,0.575
24.6,0.575
24.6,0.575
24.6,0.575
24.6,0.575
24.6,0.575
24.6,0.575
24.6,0.575
24.6,0.575
24.6,0.575
24.6,0.575
24.6,0.575
24.5,0.575
24.5,0.575
24.5,0.575
24.5,0.575
24.5,0.575
24.5,0.575
24.5,0.575
24.5,0.575
24.5,0.575
24.5,0.575
24.5,0.575
24.5,0.575
24.5,0.575
24.5,0.575
24.5,0.575
24.5,0.575
24.5,0.575
24.5,0.575
24.5,0.575
24.5,0.575
24.5,0.575
24.5,0.575
24.5,0.570
24.5,0.570
24.5,0.570
24.5,0.570
24.5,0.570
24.5,0.570
24.5,0.570
24.5,0.570
24.4,0.570
24.4,0.570
24.4,0.570
24.4,0.570
24.4,0.570
24.4,0.570
24.4,0.570
24.4,0.570
24.4,0.570
24.4,0.570
24.4,0.570
24.4,0.570
24.4,0.570
24.4,0.570
24.4,0.570
24.4,0.570
24.4,0.570
24.4,0.570
24.4,0.570
24.4,0.570
24.4,0.570
24.4,0.570
24.4,0.570
24.4,0.570
24.4,0.570
24.4,0.565
24.4,0.565
24.4,0.565
24.4,0.565
24.3,0.565
24.3,0.565
24.3,0.565
24.3,0.565
24.3,0.565
24.3,0.565
24.3,0.565
24.3,0.565
24.3,0.565
24.3,0.565
24.3,0.565
24.3,0.565
24.3,0.565
24.3,0.565
24.3,0.565
24.3,0.565
24.3,0.565
24.3,0.565
24.3,0.565
24.3,0.565
24.3,0.565
24.3,0.565
24.3,0.565
24.3,0.565
24.3,0.565
24.3,0.565
24.3,0.565
24.3,0.565
24.3,0.565
24.3,0.560
24.3,0.560
24.3,0.560
24.3,0.560
24.3,0.560
24.3,0.560
24.3,0.560
24.3,0.560
24.3,0.560
24.3,0.560
24.3,0.560
24.3,0.560
24.3,0.560
24.3,0.560
24.3,0.560
24.3,0.560
24.3,0.560
24.3,0.560
24.3,0.560
24.3,0.560
24.3,0.560
24.3,0.560
24.3,0.560
24.3,0.560
24.3,0.560
24.3,0.560
24.3,0.560
24.3,0.560
24.3,0.560
24.3,0.560
24.3,0.560
24.3,0.560
24.3,0.555
24.3,0.555
24.3,0.555
24.3,0.555
24.3,0.555
24.3,0.555
24.3,0.555
24.3,0.555
24.3,0.555
24.3,0.555
24.3,0.555
24.3,0.555
24.3,0.555
24.3,0.555
24.3,0.555
24.3,0.555
24.3,0.555
24.3,0.555
24.2,0.555
24.2,0.555
24.2,0.555
24.2,0.555
24.2,0.555
24.2,0.555
24.2,0.555
24.2,0.555
24.2,0.555
24.2,0.555
24.2,0.555
24.2,0.555
24.2,0.555
24.2,0.555
24.2,0.550
24.2,0.550
24.2,0.550
24.2,0.550
24.2,0.550
24.2,0.550
24.2,0.550
24.2,0.550
24.2,0.550
24.2,0.550
24.2,0.550
24.2,0.550
24.2,0.550
24.2,0.550
24.1,0.550
24.1,0.550
24.1,0.550
24.1,0.550
24.1,0.550
24.1,0.550
24.1,0.550
24.1,0.550
24.1,0.550
24.1,0.550
24.1,0.550
24.1,0.550
24.2,0.550
24.2,0.550
24.2,0.550
24.2,0.545
24.2,0.545
24.2,0.545
24.2,0.545
24.2,0.545
24.2,0.545
24.2,0.545
24.2,0.545
24.2,0.545
24.2,0.545
24.2,0.545
24.2,0.545
24.2,0.545
24.2,0.545
24.2,0.545
24.2,0.545
24.2,0.545
24.2,0.545
24.2,0.545
24.2,0.545
24.2,0.545
24.2,0.545
24.2,0.545
24.2,0.545
24.2,0.545
24.2,0.545
24.2,0.545
24.2,0.545
24.2,0.545
24.2,0.545
24.2,0.545
24.2,0.540
24.2,0.540
24.2,0.540
24.2,0.540
24.2,0.540
24.2,0.540
24.2,0.540
24.2,0.540
24.2,0.540
24.2,0.540
24.2,0.540
24.2,0.540
24.2,0.540
24.2,0.540
24.1,0.540
24.1,0.540
24.1,0.540
24.1,0.540
24.1,0.540
24.1,0.540
24.1,0.540
24.1,0.540
24.1,0.540
24.1,0.540
24.1,0.540
24.1,0.540
24.1,0.540
24.1,0.540
24.1,0.535
24.1,0.535
24.1,0.535
24.1,0.535
24.1,0.535
24.1,0.535
24.1,0.535
24.1,0.535
24.1,0.535
24.1,0.535
24.1,0.535
24.1,0.535
24.1,0.535
24.1,0.535
24.1,0.535
24.2,0.535
24.2,0.535
24.2,0.535
24.2,0.535
24.2,0.535
24.2,0.535
24.2,0.535
24.2,0.535
24.2,0.535
24.2,0.535
24.2,0.535
24.2,0.535
24.2,0.530
24.2,0.530
24.2,0.530
24.2,0.530
24.2,0.530
24.2,0.530
24.2,0.530
24.2,0.530
24.2,0.530
24.2,0.530
24.2,0.530
24.2,0.530
24.2,0.530
24.2,0.530
24.2,0.530
24.2,0.530
24.2,0.530
24.2,0.530
24.2,0.530
24.2,0.530
24.2,0.530
24.2,0.530
24.2,0.530
24.2,0.530
24.2,0.530
24.2,0.530
24.2,0.525
24.2,0.525
24.2,0.525
24.2,0.525
24.2,0.525
24.2,0.525
24.2,0.525
24.1,0.525
24.1,0.525
24.1,0.525
24.1,0.525
24.1,0.525
24.1,0.525
24.1,0.525
24.1,0.525
24.1,0.525
24.1,0.525
24.1,0.525
24.1,0.525
24.2,0.525
24.2,0.525
24.2,0.525
24.2,0.525
24.2,0.525
24.2,0.525
24.2,0.525
24.2,0.520
24.2,0.520
24.2,0.520
24.2,0.520
24.2,0.520
24.2,0.520
24.2,0.520
24.2,0.520
24.2,0.520
24.2,0.520
24.2,0.520
24.2,0.520
24.2,0.520
24.2,0.520
24.2,0.520
24.2,0.520
24.2,0.520
24.2,0.520
24.2,0.520
24.2,0.520
24.2,0.520
24.2,0.520
24.2,0.520
24.2,0.520
24.2,0.520
24.2,0.520
24.2,0.515
24.2,0.515
24.3,0.515
24.3,0.515
24.3,0.515
24.3,0.515
24.3,0.515
24.3,0.515
24.3,0.515
24.3,0.515
24.3,0.515
24.3,0.515
24.3,0.515
24.3,0.515
24.3,0.515
24.4,0.515
24.4,0.515
24.4,0.515
24.4,0.515
24.4,0.515
24.4,0.515
24.4,0.515
24.4,0.515
24.4,0.515
24.4,0.510
24.4,0.510
24.4,0.510
24.4,0.510
24.4,0.510
24.4,0.510
24.4,0.510
24.4,0.510
24.4,0.510
24.4,0.510
24.4,0.510
24.4,0.510
24.4,0.510
24.4,0.510
24.4,0.510
24.4,0.510
24.4,0.510
24.4,0.510
24.4,0.510
24.4,0.510
24.5,0.510
24.5,0.510
24.5,0.510
24.5,0.510
24.5,0.510
24.5,0.510
24.5,0.510
24.5,0.510
24.5,0.505
24.5,0.505
24.5,0.505
24.5,0.505
24.5,0.505
24.5,0.505
24.5,0.505
24.5,0.505
24.5,0.505
24.5,0.505
24.5,0.505
24.5,0.505
24.5,0.505
24.5,0.505
24.5,0.505
24.5,0.505
24.5,0.505
24.5,0.505
24.5,0.505
24.5,0.505
24.5,0.505
24.5,0.505
24.5,0.505
24.5,0.505
24.5,0.505
24.5,0.505
24.5,0.505
24.5,0.505
24.5,0.505
24.5,0.505
24.5,0.505
24.5,0.500
24.5,0.500
24.5,0.500
24.5,0.500
24.5,0.500
24.5,0.500
24.5,0.500
24.5,0.500
24.5,0.500
24.5,0.500
24.5,0.500
24.5,0.500
24.5,0.500
24.5,0.500
24.5,0.500
24.5,0.500
24.5,0.500
24.5,0.500
24.5,0.500
24.5,0.500
24.5,0.500
24.5,0.500
24.5,0.500
24.5,0.500
24.5,0.500
24.5,0.500
24.5,0.500
24.5,0.500
24.5,0.500
24.5,0.500
24.5,0.500
24.5,0.500
24.4,0.500
24.4,0.495
24.4,0.495
24.4,0.495
24.4,0.495
24.4,0.495
24.4,0.495
24.4,0.495
24.4,0.495
24.4,0.495
24.4,0.495
24.4,0.495
24.4,0.495
24.4,0.495
24.4,0.495
24.4,0.495
24.4,0.495
24.4,0.495
24.4,0.495
24.4,0.495
24.4,0.495
24.4,0.495
24.4,0.495
24.4,0.495
24.4,0.495
24.4,0.495
24.4,0.495
24.4,0.495
24.4,0.495
24.4,0.495
24.4,0.495
24.4,0.495
24.4,0.495
24.4,0.490
24.4,0.490
24.4,0.490
24.4,0.490
24.4,0.490
24.4,0.490
24.4,0.490
24.4,0.490
24.4,0.490
24.4,0.490
24.4,0.490
24.4,0.490
24.4,0.490
24.4,0.490
24.4,0.490
24.4,0.490
24.4,0.490
24.4,0.490
24.4,0.490
24.4,0.490
24.4,0.490
24.4,0.490
24.4,0.490
24.4,0.490
24.4,0.490
24.4,0.490
24.4,0.490
24.4,0.490
24.4,0.490
24.4,0.490
24.4,0.490
24.4,0.490
24.4,0.490
24.4,0.490
24.4,0.485
24.4,0.485
24.4,0.485
24.4,0.485
24.4,0.485
24.4,0.485
24.4,0.485
24.4,0.485
24.4,0.485
24.4,0.485
24.4,0.485
24.4,0.485
24.4,0.485
24.4,0.485
24.4,0.485
24.4,0.485
24.4,0.485
24.4,0.485
24.4,0.485
24.4,0.485
24.4,0.485
24.4,0.485
24.4,0.485
24.4,0.485
24.4,0.485
24.4,0.485
24.4,0.485
24.4,0.485
24.4,0.485
24.4,0.485
24.4,0.485
24.4,0.485
24.4,0.485
24.4,0.485
24.4,0.485
24.4,0.485
24.4,0.480
24.4,0.480
24.4,0.480
24.4,0.480
24.4,0.480
24.4,0.480
24.3,0.480
24.3,0.480
24.3,0.480
24.3,0.480
24.3,0.480
24.3,0.480
24.3,0.480
24.3,0.480
24.3,0.480
24.3,0.480
24.3,0.480
24.3,0.480
24.3,0.480
24.3,0.480
24.3,0.480
24.3,0.480
24.3,0.480
24.3,0.480
24.3,0.480
24.3,0.480
24.3,0.480
24.3,0.480
24.3,0.480
24.3,0.480
24.3,0.480
24.3,0.480
24.3,0.480
24.3,0.480
24.3,0.480
24.3,0.480
24.3,0.475
24.3,0.475
24.3,0.475
24.3,0.475
24.3,0.475
24.3,0.475
24.3,0.475
24.3,0.475
24.3,0.475
24.3,0.475
24.3,0.475
24.3,0.475
24.2,0.475
24.2,0.475
24.2,0.475
24.2,0.475
24.2,0.475
24.2,0.475
24.2,0.475
24.2,0.475
24.2,0.475
24.2,0.475
24.2,0.475
24.2,0.475
24.2,0.475
24.2,0.475
24.2,0.475
24.2,0.475
24.2,0.475
24.2,0.475
24.2,0.475
24.2,0.475
24.2,0.475
24.2,0.470
24.2,0.470
24.2,0.470
24.2,0.470
24.2,0.470
24.2,0.470
24.2,0.470
24.2,0.470
24.2,0.470
24.2,0.470
24.2,0.470
24.2,0.470
24.2,0.470
24.2,0.470
24.2,0.470
24.2,0.470
24.2,0.470
24.2,0.470
24.2,0.470
24.2,0.470
24.2,0.470
24.2,0.470
24.2,0.470
24.2,0.470
24.2,0.470
24.2,0.470
24.2,0.470
24.2,0.470
24.2,0.470
24.2,0.470
24.2,0.465
24.2,0.465
24.2,0.465
24.2,0.465
24.2,0.465
24.2,0.465
24.2,0.465
24.2,0.465
24.2,0.465
24.2,0.465
24.2,0.465
24.2,0.465
24.2,0.465
24.2,0.465
24.2,0.465
24.2,0.465
24.2,0.465
24.2,0.465
24.2,0.465
24.2,0.465
24.2,0.465
24.2,0.465
24.2,0.465
24.2,0.465
24.2,0.465
24.2,0.465
24.2,0.465
24.2,0.465
24.2,0.465
24.2,0.465
24.2,0.460
24.2,0.460
24.2,0.460
24.2,0.460
24.2,0.460
24.2,0.460
24.2,0.460
24.2,0.460
24.2,0.460
24.2,0.460
24.2,0.460
24.2,0.460
24.2,0.460
24.2,0.460
24.2,0.460
24.2,0.460
24.2,0.460
24.2,0.460
24.2,0.460
24.2,0.460
24.2,0.460
24.2,0.460
24.2,0.460
24.2,0.460
24.2,0.460
24.2,0.460
24.2,0.460
24.2,0.460
24.2,0.460
24.2,0.460
24.2,0.460
24.2,0.455
24.2,0.455
24.2,0.455
24.2,0.455
24.2,0.455
24.2,0.455
24.2,0.455
24.2,0.455
24.2,0.455
24.2,0.455
24.2,0.455
24.2,0.455
24.2,0.455
24.2,0.455
24.2,0.455
24.2,0.455
24.2,0.455
24.2,0.455
24.2,0.455
24.2,0.455
24.2,0.455
24.2,0.455
24.2,0.455
24.2,0.455
24.2,0.455
24.2,0.455
24.2,0.455
24.2,0.455
24.2,0.455
24.2,0.455
24.2,0.455
24.2,0.450
24.2,0.450
24.2,0.450
24.2,0.450
24.2,0.450
24.2,0.450
24.2,0.450
24.2,0.450
24.2,0.450
24.2,0.450
24.2,0.450
24.2,0.450
24.2,0.450
24.2,0.450
24.2,0.450
24.2,0.450
24.2,0.450
24.2,0.450
24.2,0.450
24.2,0.450
24.2,0.450
24.2,0.450
24.2,0.450
24.2,0.450
24.2,0.450
24.2,0.450
24.2,0.450
24.2,0.450
24.2,0.450
24.2,0.450
24.2,0.445
24.2,0.445
24.2,0.445
24.2,0.445
24.2,0.445
24.2,0.445
24.2,0.445
24.2,0.445
24.2,0.445
24.2,0.445
24.2,0.445
24.2,0.445
24.2,0.445
24.2,0.445
24.2,0.445
24.2,0.445
24.2,0.445
24.2,0.445
24.2,0.445
24.2,0.445
24.2,0.445
24.2,0.445
24.2,0.445
24.2,0.445
24.2,0.445
24.2,0.445
24.2,0.445
24.2,0.445
24.2,0.445
24.2,0.445
24.2,0.445
24.2,0.445
24.2,0.440
24.2,0.440
24.2,0.440
24.2,0.440
24.2,0.440
24.2,0.440
24.2,0.440
24.2,0.440
24.2,0.440
24.2,0.440
24.2,0.440
24.2,0.440
24.2,0.440
24.2,0.440
24.2,0.440
24.2,0.440
24.2,0.440
24.2,0.440
24.2,0.440
24.2,0.440
24.2,0.440
24.2,0.440
24.2,0.440
24.2,0.440
24.2,0.440
24.2,0.440
24.2,0.440
24.2,0.440
24.2,0.440
24.2,0.440
24.2,0.440
24.1,0.440
24.1,0.440
24.1,0.440
24.1,0.435
24.1,0.435
24.1,0.435
24.1,0.435
24.1,0.435
24.1,0.435
24.1,0.435
24.1,0.435
24.1,0.435
24.1,0.435
24.1,0.435
24.1,0.435
24.1,0.435
24.1,0.435
24.1,0.435
24.1,0.435
24.1,0.435
24.1,0.435
24.1,0.435
24.1,0.435
24.1,0.435
24.1,0.435
24.1,0.435
24.1,0.435
24.1,0.435
24.1,0.435
24.1,0.435
24.1,0.435
24.1,0.435
24.1,0.435
24.1,0.430
24.1,0.430
24.1,0.430
24.1,0.430
24.1,0.430
24.1,0.430
24.1,0.430
24.1,0.430
24.1,0.430
24.1,0.430
24.1,0.430
24.1,0.430
24.1,0.430
24.1,0.430
24.1,0.430
24.1,0.430
24.1,0.430
24.1,0.430
24.1,0.430
24.1,0.430
24.1,0.430
24.1,0.430
24.1,0.430
24.1,0.430
24.1,0.430
24.1,0.430
24.1,0.430
24.1,0.430
24.0,0.430
24.0,0.430
24.0,0.430
24.0,0.430
24.0,0.430
24.0,0.425
24.0,0.425
24.0,0.425
24.0,0.425
24.0,0.425
24.0,0.425
24.0,0.425
24.0,0.425
24.0,0.425
24.0,0.425
24.0,0.425
24.0,0.425
24.1,0.425
24.1,0.425
24.1,0.425
24.1,0.425
24.1,0.425
24.1,0.425
24.1,0.425
24.1,0.425
24.1,0.425
24.1,0.425
24.1,0.425
24.1,0.425
24.1,0.425
24.1,0.425
24.1,0.425
24.1,0.425
24.1,0.425
24.1,0.425
24.1,0.425
24.1,0.425
24.1,0.425
24.1,0.425
24.1,0.420
24.1,0.420
24.1,0.420
24.1,0.420
24.1,0.420
24.1,0.420
24.1,0.420
24.1,0.420
24.1,0.420
24.1,0.420
24.1,0.420
24.1,0.420
24.1,0.420
24.1,0.420
24.1,0.420
24.1,0.420
24.1,0.420
24.1,0.420
24.1,0.420
24.1,0.420
24.1,0.420
24.1,0.420
24.1,0.420
24.1,0.420
24.0,0.420
24.0,0.420
24.0,0.420
24.0,0.420
24.0,0.420
24.0,0.420
24.0,0.420
24.0,0.420
24.1,0.420
24.1,0.415
24.1,0.415
24.1,0.415
24.1,0.415
24.1,0.415
24.1,0.415
24.1,0.415
24.1,0.415
24.1,0.415
24.1,0.415
24.0,0.415
24.0,0.415
24.0,0.415
24.0,0.415
24.0,0.415
24.0,0.415
24.0,0.415
24.0,0.415
24.0,0.415
24.0,0.415
24.0,0.415
24.0,0.415
24.0,0.415
24.0,0.415
24.0,0.415
24.0,0.415
24.0,0.415
24.0,0.415
24.0,0.415
24.0,0.415
24.0,0.415
24.0,0.415
24.0,0.415
24.0,0.415
24.0,0.410
24.0,0.410
24.0,0.410
24.0,0.410
24.0,0.410
24.0,0.410
24.0,0.410
24.0,0.410
24.0,0.410
24.0,0.410
24.0,0.410
24.0,0.410
24.0,0.410
24.0,0.410
24.0,0.410
24.0,0.410
24.0,0.410
24.0,0.410
24.0,0.410
24.0,0.410
24.0,0.410
24.0,0.410
24.0,0.410
24.0,0.410
24.0,0.410
24.0,0.410
24.0,0.410
24.0,0.410
24.0,0.410
24.0,0.410
24.0,0.410
24.0,0.410
24.0,0.410
24.0,0.410
24.0,0.410
24.0,0.410
24.0,0.410
24.0,0.405
24.0,0.405
24.0,0.405
24.0,0.405
24.0,0.405
24.0,0.405
24.0,0.405
24.0,0.405
24.0,0.405
24.0,0.405
24.0,0.405
24.0,0.405
24.0,0.405
24.0,0.405
24.0,0.405
24.0,0.405
24.0,0.405
24.0,0.405
24.0,0.405
24.0,0.405
24.0,0.405
24.0,0.405
24.0,0.405
24.0,0.405
24.0,0.405
24.0,0.405
24.0,0.405
24.0,0.405
24.0,0.405
24.0,0.405
24.0,0.405
24.0,0.405
24.0,0.405
24.0,0.405
24.0,0.405
24.0,0.405
24.0,0.405
24.0,0.405
24.0,0.405
24.0,0.405
24.0,0.405
24.0,0.405
24.0,0.405
24.0,0.405
24.0,0.405
24.0,0.400
24.0,0.400
24.0,0.400
24.0,0.400
24.0,0.400
24.0,0.400
24.0,0.400
24.0,0.400
24.0,0.400
24.0,0.400
24.0,0.400
24.0,0.400
24.0,0.400
24.0,0.400
24.0,0.400
24.0,0.400
24.0,0.400
24.0,0.400
24.0,0.400
24.0,0.400
24.0,0.400
24.0,0.400
24.0,0.400
24.0,0.400
24.0,0.400
24.0,0.400
24.0,0.400
24.0,0.400
24.0,0.400
24.0,0.400
24.0,0.400
24.0,0.400
24.0,0.400
24.0,0.400
24.0,0.400
24.0,0.400
23.9,0.400
23.9,0.400
23.9,0.400
23.9,0.400
23.9,0.400
23.9,0.395
23.9,0.395
23.9,0.395
23.9,0.395
23.9,0.395
23.9,0.395
23.9,0.395
23.9,0.395
23.9,0.395
23.9,0.395
23.9,0.395
23.9,0.395
23.9,0.395
23.9,0.395
23.9,0.395
23.9,0.395
23.9,0.395
23.9,0.395
23.9,0.395
23.9,0.395
23.9,0.395
23.9,0.395
23.9,0.395
23.9,0.395
23.9,0.395
23.9,0.395
23.9,0.395
23.9,0.395
23.9,0.395
23.9,0.395
23.9,0.395
23.9,0.395
23.9,0.395
23.9,0.395
23.9,0.395
23.9,0.395
23.9,0.395
23.9,0.395
23.9,0.395
23.9,0.395
23.9,0.390
23.9,0.390
23.9,0.390
23.9,0.390
23.9,0.390
23.9,0.390
23.9,0.390
23.9,0.390
23.9,0.390
23.9,0.390
23.9,0.390
23.9,0.390
23.9,0.390
23.9,0.390
23.9,0.390
23.9,0.390
23.9,0.390
23.9,0.390
23.9,0.390
23.9,0.390
23.9,0.390
23.9,0.390
23.9,0.390
23.9,0.390
23.9,0.390
23.9,0.390
23.9,0.390
23.8,0.390
23.8,0.390
23.8,0.390
23.8,0.390
23.8,0.390
23.8,0.390
23.8,0.390
23.8,0.390
23.8,0.390
23.8,0.385
23.8,0.385
23.8,0.385
23.8,0.385
23.8,0.385
23.7,0.385
23.7,0.385
23.7,0.385
23.7,0.385
23.7,0.385
23.7,0.385
23.7,0.385
23.7,0.385
23.7,0.385
23.7,0.385
23.7,0.385
23.7,0.385
23.7,0.385
23.7,0.385
23.7,0.385
23.7,0.385
23.7,0.385
23.7,0.385
23.7,0.385
23.7,0.385
23.7,0.385
23.7,0.385
23.7,0.385
23.7,0.385
23.7,0.385
23.7,0.385
23.7,0.385
23.7,0.385
23.7,0.385
23.7,0.380
23.7,0.380
23.7,0.380
23.7,0.380
23.7,0.380
23.7,0.380
23.7,0.380
23.7,0.380
23.7,0.380
23.7,0.380
23.7,0.380
23.8,0.380
23.8,0.380
23.8,0.380
23.8,0.380
23.8,0.380
23.8,0.380
23.8,0.380
23.8,0.380
23.8,0.380
23.8,0.380
23.8,0.380
23.8,0.380
23.8,0.380
23.8,0.380
23.8,0.380
23.8,0.380
23.9,0.380
23.9,0.380
23.9,0.380
23.9,0.380
23.9,0.380
23.9,0.380
23.9,0.375
23.9,0.375
23.9,0.375
23.9,0.375
23.9,0.375
23.9,0.375
23.9,0.375
23.9,0.375
23.9,0.375
23.9,0.375
23.9,0.375
23.9,0.375
23.9,0.375
23.9,0.375
24.0,0.375
24.0,0.375
24.0,0.375
24.0,0.375
24.0,0.375
24.0,0.375
24.0,0.375
24.0,0.375
24.0,0.375
24.0,0.375
24.0,0.375
24.0,0.375
24.0,0.375
24.0,0.375
24.0,0.375
24.0,0.375
24.0,0.375
24.0,0.375
24.0,0.375
24.0,0.375
24.0,0.370
24.0,0.370
24.0,0.370
24.0,0.370
24.0,0.370
24.0,0.370
24.0,0.370
24.0,0.370
24.0,0.370
24.0,0.370
24.0,0.370
24.0,0.370
24.0,0.370
24.0,0.370
24.0,0.370
24.0,0.370
24.0,0.370
24.0,0.370
24.0,0.370
24.0,0.370
24.0,0.370
24.0,0.370
24.0,0.370
24.0,0.370
24.0,0.370
24.0,0.370
24.0,0.370
24.0,0.370
24.0,0.370
24.0,0.370
24.0,0.370
24.0,0.370
24.0,0.370
24.0,0.370
24.0,0.370
24.0,0.365
24.0,0.365
24.0,0.365
24.0,0.365
24.0,0.365
24.0,0.365
24.0,0.365
24.0,0.365
24.0,0.365
24.0,0.365
24.0,0.365
24.0,0.365
24.0,0.365
24.0,0.365
24.0,0.365
24.0,0.365
24.0,0.365
24.0,0.365
24.0,0.365
24.0,0.365
24.0,0.365
24.0,0.365
24.0,0.365
24.0,0.365
24.0,0.365
24.0,0.365
24.0,0.365
24.0,0.365
24.0,0.365
24.0,0.365
23.9,0.365
23.9,0.365
23.9,0.365
23.9,0.365
23.9,0.365
23.9,0.365
23.9,0.360
23.9,0.360
23.9,0.360
23.9,0.360
23.9,0.360
23.9,0.360
23.9,0.360
23.9,0.360
23.9,0.360
23.9,0.360
23.9,0.360
23.9,0.360
23.9,0.360
23.9,0.360
23.9,0.360
23.9,0.360
23.9,0.360
23.9,0.360
23.9,0.360
23.9,0.360
23.9,0.360
23.9,0.360
23.9,0.360
23.9,0.360
23.9,0.360
23.9,0.360
23.9,0.360
23.9,0.360
23.9,0.360
23.9,0.360
23.9,0.360
23.9,0.360
23.9,0.360
23.9,0.360
23.9,0.360
23.9,0.360
23.9,0.355
23.9,0.355
23.9,0.355
23.9,0.355
23.9,0.355
23.9,0.355
23.9,0.355
23.9,0.355
23.9,0.355
23.9,0.355
23.9,0.355
23.9,0.355
23.9,0.355
23.9,0.355
23.9,0.355
23.9,0.355
23.9,0.355
23.9,0.355
23.9,0.355
23.9,0.355
23.9,0.355
23.9,0.355
23.9,0.355
23.9,0.355
23.9,0.355
23.9,0.355
23.9,0.355
23.9,0.355
23.9,0.355
23.9,0.355
23.9,0.355
23.9,0.355
23.9,0.355
23.9,0.350
23.9,0.350
23.9,0.350
23.9,0.350
23.9,0.350
23.9,0.350
23.9,0.350
23.9,0.350
23.9,0.350
23.9,0.350
23.9,0.350
23.9,0.350
23.9,0.350
23.9,0.350
23.9,0.350
23.9,0.350
23.9,0.350
23.9,0.350
23.9,0.350
23.9,0.350
23.9,0.350
23.9,0.350
23.9,0.350
23.9,0.350
23.9,0.350
23.9,0.350
23.9,0.350
23.9,0.350
23.9,0.350
23.9,0.350
23.9,0.350
23.9,0.350
23.9,0.350
23.9,0.350
23.9,0.350
23.9,0.350
23.9,0.350
23.9,0.345
23.9,0.345
23.9,0.345
23.9,0.345
23.9,0.345
23.9,0.345
23.9,0.345
23.9,0.345
23.9,0.345
23.9,0.345
23.8,0.345
23.8,0.345
23.8,0.345
23.8,0.345
23.8,0.345
23.8,0.345
23.8,0.345
23.8,0.345
23.8,0.345
23.8,0.345
23.8,0.345
23.8,0.345
23.8,0.345
23.8,0.345
23.8,0.345
23.8,0.345
23.8,0.345
23.8,0.345
23.8,0.345
23.8,0.345
23.8,0.345
23.8,0.345
23.8,0.345
23.8,0.345
23.8,0.345
23.8,0.345
23.8,0.345
23.8,0.345
23.8,0.345
23.8,0.340
23.8,0.340
23.8,0.340
23.8,0.340
23.8,0.340
23.8,0.340
23.8,0.340
23.8,0.340
23.8,0.340
23.9,0.340
23.9,0.340
23.9,0.340
23.9,0.340
23.9,0.340
23.9,0.340
23.9,0.340
23.9,0.340
23.9,0.340
23.9,0.340
23.9,0.340
23.9,0.340
23.9,0.340
23.9,0.340
23.9,0.340
23.9,0.340
23.9,0.340
23.9,0.340
23.9,0.340
23.9,0.340
23.9,0.340
23.9,0.340
23.9,0.340
23.9,0.340
23.9,0.340
23.9,0.340
23.9,0.340
23.9,0.340
23.9,0.340
23.9,0.340
23.9,0.340
23.9,0.340
23.9,0.340
23.9,0.340
23.9,0.335
23.9,0.335
23.9,0.335
23.9,0.335
23.9,0.335
23.9,0.335
23.9,0.335
23.9,0.335
23.9,0.335
23.9,0.335
23.9,0.335
23.9,0.335
23.9,0.335
23.9,0.335
23.9,0.335
23.9,0.335
23.9,0.335
23.9,0.335
23.9,0.335
23.9,0.335
23.9,0.335
23.9,0.335
23.9,0.335
23.9,0.335
23.9,0.335
23.9,0.335
23.9,0.335
23.9,0.335
23.9,0.335
23.9,0.335
23.9,0.335
23.9,0.335
23.9,0.335
23.9,0.335
23.9,0.335
23.9,0.335
23.9,0.335
23.9,0.335
23.9,0.335
23.9,0.335
23.9,0.335
23.9,0.335
23.9,0.335
23.9,0.335
23.8,0.330
23.8,0.330
23.8,0.330
23.8,0.330
23.8,0.330
23.8,0.330
23.8,0.330
23.8,0.330
23.8,0.330
23.8,0.330
23.8,0.330
23.8,0.330
23.8,0.330
23.8,0.330
23.8,0.330
23.8,0.330
23.8,0.330
23.8,0.330
23.8,0.330
23.8,0.330
23.8,0.330
23.8,0.330
23.8,0.330
23.8,0.330
23.8,0.330
23.8,0.330
23.8,0.330
23.8,0.330
23.8,0.330
23.8,0.330
23.8,0.330
23.8,0.330
23.8,0.330
23.8,0.330
23.8,0.330
23.8,0.330
23.8,0.330
23.8,0.330
23.8,0.330
23.9,0.330
23.9,0.330
23.9,0.330
23.9,0.330
23.9,0.330
23.9,0.330
23.8,0.330
23.8,0.330
23.8,0.330
23.8,0.325
23.8,0.325
23.8,0.325
23.8,0.325
23.8,0.325
23.8,0.325
23.8,0.325
23.8,0.325
23.8,0.325
23.8,0.325
23.8,0.325
23.8,0.325
23.8,0.325
23.8,0.325
23.8,0.325
23.8,0.325
23.8,0.325
23.8,0.325
23.8,0.325
23.8,0.325
23.8,0.325
23.8,0.325
23.8,0.325
23.8,0.325
23.8,0.325
23.8,0.325
23.8,0.325
23.8,0.325
23.8,0.325
23.8,0.325
23.8,0.325
23.7,0.325
23.7,0.325
23.7,0.325
23.7,0.325
23.7,0.325
23.7,0.325
23.7,0.325
23.7,0.325
23.7,0.325
23.7,0.325
23.7,0.325
23.7,0.325
23.7,0.325
23.7,0.325
23.7,0.325
23.7,0.325
23.7,0.325
23.7,0.325
23.7,0.325
23.7,0.320
23.7,0.320
23.7,0.320
23.7,0.320
23.7,0.320
23.8,0.320
23.8,0.320
23.8,0.320
23.8,0.320
23.8,0.320
23.8,0.320
23.8,0.320
23.8,0.320
23.8,0.320
23.8,0.320
23.7,0.320
23.7,0.320
23.7,0.320
23.7,0.320
23.7,0.320
23.7,0.320
23.7,0.320
23.7,0.320
23.7,0.320
23.7,0.320
23.7,0.320
23.7,0.320
23.7,0.320
23.7,0.320
23.7,0.320
23.7,0.320
23.7,0.320
23.7,0.320
23.7,0.320
23.7,0.320
23.7,0.320
23.7,0.320
23.7,0.320
23.7,0.320
23.7,0.320
23.7,0.320
23.7,0.320
23.7,0.320
23.7,0.320
23.7,0.320
23.7,0.320
23.7,0.320
23.7,0.320
23.7,0.315
23.7,0.315
23.7,0.315
23.7,0.315
23.7,0.315
23.7,0.315
23.7,0.315
23.7,0.315
23.7,0.315
23.7,0.315
23.7,0.315
23.7,0.315
23.7,0.315
23.7,0.315
23.7,0.315
23.7,0.315
23.7,0.315
23.7,0.315
23.7,0.315
23.7,0.315
23.7,0.315
23.7,0.315
23.7,0.315
23.7,0.315
23.7,0.315
23.7,0.315
23.7,0.315
23.7,0.315
23.7,0.315
23.7,0.315
23.7,0.315
23.7,0.315
23.7,0.315
23.7,0.315
23.7,0.315
23.7,0.315
23.7,0.315
23.7,0.315
23.7,0.315
23.7,0.315
23.7,0.315
23.7,0.315
23.7,0.315
23.7,0.315
23.7,0.315
23.7,0.315
23.7,0.315
23.7,0.315
23.7,0.310
23.7,0.310
23.7,0.310
23.7,0.310
23.7,0.310
23.7,0.310
23.7,0.310
23.7,0.310
23.7,0.310
23.7,0.310
23.7,0.310
23.7,0.310
23.7,0.310
23.7,0.310
23.7,0.310
23.7,0.310
23.7,0.310
23.7,0.310
23.7,0.310
23.7,0.310
23.7,0.310
23.7,0.310
23.7,0.310
23.7,0.310
23.7,0.310
23.7,0.310
23.7,0.310
23.7,0.310
23.7,0.310
23.7,0.310
23.7,0.310
23.7,0.310
23.7,0.310
23.7,0.310
23.7,0.310
23.7,0.310
23.7,0.310
23.7,0.310
23.7,0.310
23.7,0.310
23.7,0.310
23.7,0.310
23.7,0.310
23.7,0.310
23.7,0.310
23.7,0.310
23.7,0.305
23.7,0.305
23.7,0.305
23.7,0.305
23.7,0.305
23.7,0.305
23.7,0.305
23.7,0.305
23.7,0.305
23.7,0.305
23.7,0.305
23.7,0.305
23.7,0.305
23.7,0.305
23.7,0.305
23.7,0.305
23.7,0.305
23.7,0.305
23.7,0.305
23.7,0.305
23.7,0.305
23.7,0.305
23.7,0.305
23.7,0.305
23.7,0.305
23.7,0.305
23.7,0.305
23.7,0.305
23.7,0.305
23.7,0.305
23.7,0.305
23.7,0.305
23.7,0.305
23.7,0.305
23.7,0.305
23.7,0.305
23.7,0.305
23.7,0.305
23.7,0.305
23.7,0.305
23.7,0.305
23.7,0.305
23.7,0.305
23.7,0.305
23.7,0.305
23.7,0.305
23.7,0.305
23.7,0.305
23.7,0.300
23.7,0.300
23.7,0.300
23.7,0.300
23.7,0.300
23.6,0.300
23.6,0.300
23.6,0.300
23.6,0.300
23.6,0.300
23.6,0.300
23.6,0.300
23.6,0.300
23.6,0.300
23.6,0.300
23.6,0.300
23.6,0.300
23.6,0.300
23.6,0.300
23.6,0.300
23.6,0.300
23.6,0.300
23.6,0.300
23.6,0.300
23.6,0.300
23.6,0.300
23.6,0.300
23.6,0.300
23.6,0.300
23.6,0.300
23.6,0.300
23.6,0.300
23.6,0.300
23.6,0.300
23.6,0.300
23.6,0.300
23.6,0.300
23.6,0.300
23.6,0.300
23.6,0.300
23.6,0.300
23.6,0.300
23.6,0.300
23.6,0.300
23.6,0.300
23.6,0.295
23.6,0.295
23.6,0.295
23.6,0.295
23.6,0.295
23.6,0.295
23.6,0.295
23.6,0.295
23.6,0.295
23.6,0.295
23.6,0.295
23.6,0.295
23.6,0.295
23.6,0.295
23.6,0.295
23.6,0.295
23.6,0.295
23.6,0.295
23.6,0.295
23.6,0.295
23.6,0.295
23.6,0.295
23.6,0.295
23.6,0.295
23.6,0.295
23.6,0.295
23.6,0.295
23.6,0.295
23.5,0.295
23.5,0.295
23.5,0.295
23.5,0.295
23.5,0.295
23.5,0.295
23.5,0.295
23.5,0.295
23.5,0.295
23.5,0.295
23.5,0.295
23.5,0.295
23.5,0.295
23.5,0.290
23.5,0.290
23.5,0.290
23.5,0.290
23.5,0.290
23.5,0.290
23.5,0.290
23.5,0.290
23.5,0.290
23.5,0.290
23.5,0.290
23.5,0.290
23.5,0.290
23.5,0.290
23.5,0.290
23.5,0.290
23.5,0.290
23.5,0.290
23.5,0.290
23.5,0.290
23.5,0.290
23.5,0.290
23.5,0.290
23.5,0.290
23.5,0.290
23.5,0.290
23.5,0.290
23.5,0.290
23.5,0.290
23.5,0.290
23.5,0.290
23.5,0.290
23.5,0.290
23.5,0.290
23.5,0.290
23.5,0.290
23.5,0.290
23.5,0.285
23.5,0.285
23.5,0.285
23.5,0.285
23.5,0.285
23.5,0.285
23.5,0.285
23.5,0.285
23.5,0.285
23.5,0.285
23.5,0.285
23.5,0.285
23.5,0.285
23.5,0.285
23.5,0.285
23.5,0.285
23.5,0.285
23.5,0.285
23.5,0.285
23.5,0.285
23.5,0.285
23.5,0.285
23.5,0.285
23.5,0.285
23.5,0.285
23.5,0.285
23.5,0.285
23.5,0.285
23.5,0.285
23.5,0.285
23.5,0.285
23.5,0.285
23.5,0.285
23.5,0.285
23.5,0.285
23.5,0.285
23.5,0.280
23.5,0.280
23.5,0.280
23.5,0.280
23.5,0.280
23.5,0.280
23.5,0.280
23.5,0.280
23.5,0.280
23.5,0.280
23.5,0.280
23.4,0.280
23.4,0.280
23.4,0.280
23.4,0.280
23.4,0.280
23.4,0.280
23.4,0.280
23.4,0.280
23.4,0.280
23.4,0.280
23.4,0.280
23.4,0.280
23.4,0.280
23.4,0.280
23.4,0.280
23.4,0.280
23.4,0.280
23.4,0.280
23.4,0.280
23.4,0.280
23.4,0.280
23.4,0.280
23.4,0.280
23.4,0.280
23.4,0.275
23.4,0.275
23.4,0.275
23.4,0.275
23.3,0.275
23.3,0.275
23.3,0.275
23.3,0.275
23.3,0.275
23.3,0.275
23.3,0.275
23.3,0.275
23.3,0.275
23.3,0.275
23.3,0.275
23.3,0.275
23.3,0.275
23.3,0.275
23.3,0.275
23.3,0.275
23.3,0.275
23.3,0.275
23.4,0.275
23.4,0.275
23.4,0.275
23.4,0.275
23.4,0.275
23.4,0.275
23.4,0.275
23.4,0.275
23.4,0.270
23.4,0.270
23.4,0.270
23.4,0.270
23.4,0.270
23.4,0.270
23.4,0.270
23.4,0.270
23.4,0.270
23.4,0.270
23.4,0.270
23.4,0.270
23.4,0.270
23.4,0.270
23.4,0.270
23.4,0.270
23.4,0.270
23.4,0.270
23.4,0.270
23.4,0.270
23.4,0.270
23.4,0.270
23.4,0.270
23.4,0.270
23.4,0.270
23.4,0.270
23.4,0.270
23.4,0.270
23.4,0.270
23.4,0.270
23.4,0.270
23.4,0.265
23.4,0.265
23.4,0.265
23.4,0.265
23.4,0.265
23.4,0.265
23.4,0.265
23.4,0.265
23.4,0.265
23.4,0.265
23.4,0.265
23.4,0.265
23.4,0.265
23.4,0.265
23.4,0.265
23.4,0.265
23.4,0.265
23.4,0.265
23.4,0.265
23.4,0.265
23.4,0.265
23.4,0.265
23.3,0.265
23.3,0.265
23.3,0.265
23.3,0.265
23.3,0.265
23.3,0.265
23.4,0.265
23.4,0.265
23.4,0.265
23.4,0.260
23.4,0.260
23.4,0.260
23.4,0.260
23.4,0.260
23.4,0.260
23.4,0.260
23.4,0.260
23.4,0.260
23.3,0.260
23.3,0.260
23.3,0.260
23.3,0.260
23.3,0.260
23.3,0.260
23.3,0.260
23.3,0.260
23.3,0.260
23.3,0.260
23.3,0.260
23.3,0.260
23.3,0.260
23.3,0.260
23.3,0.260
23.3,0.260
23.3,0.260
23.3,0.260
23.3,0.260
23.3,0.260
23.3,0.260
23.3,0.255
23.3,0.255
23.3,0.255
23.3,0.255
23.3,0.255
23.3,0.255
23.3,0.255
23.3,0.255
23.3,0.255
23.3,0.255
23.3,0.255
23.3,0.255
23.3,0.255
23.3,0.255
23.3,0.255
23.3,0.255
23.3,0.255
23.3,0.255
23.3,0.255
23.3,0.255
23.4,0.255
23.4,0.255
23.4,0.255
23.4,0.255
23.4,0.255
23.4,0.255
23.4,0.255
23.4,0.255
23.4,0.255
23.4,0.250
23.4,0.250
23.4,0.250
23.4,0.250
23.4,0.250
23.4,0.250
23.4,0.250
23.4,0.250
23.4,0.250
23.4,0.250
23.4,0.250
23.4,0.250
23.4,0.250
23.4,0.250
23.4,0.250
23.4,0.250
23.4,0.250
23.4,0.250
23.4,0.250
23.4,0.250
23.4,0.250
23.4,0.250
23.4,0.250
23.4,0.250
23.4,0.250
23.4,0.250
23.4,0.250
23.4,0.250
23.4,0.250
23.4,0.245
23.4,0.245
23.4,0.245
23.4,0.245
23.4,0.245
23.4,0.245
23.4,0.245
23.4,0.245
23.4,0.245
23.4,0.245
23.4,0.245
23.4,0.245
23.4,0.245
23.4,0.245
23.4,0.245
23.4,0.245
23.4,0.245
23.4,0.245
23.5,0.245
23.5,0.245
23.5,0.245
23.5,0.245
23.5,0.245
23.5,0.245
23.5,0.245
23.5,0.245
23.5,0.245
23.5,0.245
23.5,0.245
23.5,0.240
23.5,0.240
23.5,0.240
23.5,0.240
23.5,0.240
23.5,0.240
23.5,0.240
23.5,0.240
23.5,0.240
23.5,0.240
23.5,0.240
23.5,0.240
23.5,0.240
23.5,0.240
23.5,0.240
23.5,0.240
23.5,0.240
23.5,0.240
23.5,0.240
23.5,0.240
23.5,0.240
23.5,0.240
23.5,0.240
23.5,0.240
23.5,0.240
23.5,0.240
23.5,0.240
23.5,0.240
23.5,0.240
23.5,0.235
23.5,0.235
23.5,0.235
23.5,0.235
23.5,0.235
23.5,0.235
23.5,0.235
23.5,0.235
23.5,0.235
23.5,0.235
23.5,0.235
23.5,0.235
23.5,0.235
23.5,0.235
23.5,0.235
23.5,0.235
23.5,0.235
23.5,0.235
23.5,0.235
23.5,0.235
23.5,0.235
23.5,0.235
23.5,0.235
23.5,0.235
23.5,0.235
23.5,0.235
23.5,0.235
23.5,0.235
23.5,0.235
23.5,0.230
23.5,0.230
23.5,0.230
23.5,0.230
23.5,0.230
23.5,0.230
23.5,0.230
23.5,0.230
23.5,0.230
23.5,0.230
23.5,0.230
23.5,0.230
23.5,0.230
23.5,0.230
23.5,0.230
23.5,0.230
23.5,0.230
23.5,0.230
23.5,0.230
23.5,0.230
23.5,0.230
23.5,0.230
23.5,0.230
23.5,0.230
23.5,0.230
23.5,0.230
23.5,0.230
23.5,0.230
23.5,0.230
23.5,0.225
23.5,0.225
23.5,0.225
23.5,0.225
23.5,0.225
23.5,0.225
23.5,0.225
23.5,0.225
23.5,0.225
23.5,0.225
23.5,0.225
23.5,0.225
23.5,0.225
23.5,0.225
23.5,0.225
23.5,0.225
23.5,0.225
23.5,0.225
23.5,0.225
23.5,0.225
23.5,0.225
23.5,0.225
23.5,0.225
23.5,0.225
23.5,0.225
23.5,0.225
23.5,0.225
23.5,0.225
23.5,0.225
23.5,0.220
23.5,0.220
23.5,0.220
23.5,0.220
23.5,0.220
23.5,0.220
23.5,0.220
23.5,0.220
23.5,0.220
23.5,0.220
23.5,0.220
23.5,0.220
23.5,0.220
23.5,0.220
23.5,0.220
23.5,0.220
23.5,0.220
23.5,0.220
23.5,0.220
23.5,0.220
23.5,0.220
23.5,0.220
23.5,0.220
23.5,0.220
23.5,0.220
23.5,0.220
23.5,0.220
23.5,0.220
23.5,0.220
23.5,0.220
23.5,0.215
23.5,0.215
23.5,0.215
23.5,0.215
23.5,0.215
23.5,0.215
23.5,0.215
23.5,0.215
23.5,0.215
23.5,0.215
23.5,0.215
23.5,0.215
23.5,0.215
23.5,0.215
23.4,0.215
23.4,0.215
23.4,0.215
23.4,0.215
23.4,0.215
23.4,0.215
23.4,0.215
23.4,0.215
23.4,0.215
23.4,0.215
23.4,0.215
23.4,0.215
23.4,0.215
23.4,0.215
23.4,0.210
23.4,0.210
23.4,0.210
23.4,0.210
23.4,0.210
23.4,0.210
23.4,0.210
23.4,0.210
23.5,0.210
23.5,0.210
23.5,0.210
23.5,0.210
23.5,0.210
23.5,0.210
23.5,0.210
23.4,0.210
23.4,0.210
23.4,0.210
23.4,0.210
23.4,0.210
23.4,0.210
23.4,0.210
23.4,0.210
23.4,0.210
23.4,0.210
23.4,0.210
23.4,0.210
23.4,0.205
23.4,0.205
23.4,0.205
23.4,0.205
23.4,0.205
23.4,0.205
23.4,0.205
23.4,0.205
23.4,0.205
23.4,0.205
23.4,0.205
23.4,0.205
23.4,0.205
23.4,0.205
23.4,0.205
23.4,0.205
23.4,0.205
23.4,0.205
23.4,0.205
23.4,0.205
23.4,0.205
23.4,0.205
23.4,0.205
23.4,0.205
23.4,0.205
23.4,0.205
23.4,0.205
23.4,0.205
23.4,0.205
23.4,0.200
23.4,0.200
23.4,0.200
23.4,0.200
23.4,0.200
23.4,0.200
23.4,0.200
23.4,0.200
23.4,0.200
23.4,0.200
23.4,0.200
23.4,0.200
23.4,0.200
23.4,0.200
23.4,0.200
23.4,0.200
23.4,0.200
23.4,0.200
23.4,0.200
23.4,0.200
23.4,0.200
23.4,0.200
23.4,0.200
23.4,0.200
23.4,0.200
23.4,0.200
23.4,0.200
23.4,0.200
23.4,0.200
23.4,0.200
23.4,0.195
23.4,0.195
23.4,0.195
23.4,0.195
23.4,0.195
23.4,0.195
23.4,0.195
23.4,0.195
23.4,0.195
23.4,0.195
23.4,0.195
23.4,0.195
23.4,0.195
23.4,0.195
23.4,0.195
23.4,0.195
23.4,0.195
23.4,0.195
23.4,0.195
23.4,0.195
23.4,0.195
23.4,0.195
23.4,0.195
23.4,0.195
23.4,0.195
23.4,0.195
23.4,0.195
23.4,0.195
23.4,0.190
23.4,0.190
23.4,0.190
23.4,0.190
23.4,0.190
23.4,0.190
23.4,0.190
23.4,0.190
23.4,0.190
23.4,0.190
23.4,0.190
23.4,0.190
23.4,0.190
23.4,0.190
23.4,0.190
23.4,0.190
23.4,0.190
23.4,0.190
23.4,0.190
23.4,0.190
23.4,0.190
23.4,0.190
23.4,0.190
23.4,0.190
23.4,0.190
23.4,0.190
23.4,0.190
23.4,0.190
23.4,0.190
23.4,0.190
23.4,0.185
23.4,0.185
23.4,0.185
23.4,0.185
23.4,0.185
23.4,0.185
23.4,0.185
23.4,0.185
23.4,0.185
23.3,0.185
23.3,0.185
23.3,0.185
23.3,0.185
23.3,0.185
23.3,0.185
23.3,0.185
23.4,0.185
23.4,0.185
23.4,0.185
23.4,0.185
23.4,0.185
23.4,0.185
23.4,0.185
23.4,0.185
23.4,0.185
23.4,0.185
23.4,0.185
23.4,0.185
23.4,0.185
23.4,0.180
23.4,0.180
23.4,0.180
23.4,0.180
23.4,0.180
23.4,0.180
23.4,0.180
23.4,0.180
23.4,0.180
23.4,0.180
23.4,0.180
23.4,0.180
23.4,0.180
23.4,0.180
23.4,0.180
23.4,0.180
23.4,0.180
23.4,0.180
23.4,0.180
23.4,0.180
23.4,0.180
23.4,0.180
23.4,0.180
23.4,0.180
23.4,0.180
23.4,0.180
23.4,0.180
23.4,0.180
23.4,0.180
23.4,0.180
23.4,0.175
23.4,0.175
23.4,0.175
23.4,0.175
23.4,0.175
23.4,0.175
23.4,0.175
23.4,0.175
23.4,0.175
23.4,0.175
23.4,0.175
23.4,0.175
23.4,0.175
23.4,0.175
23.4,0.175
23.4,0.175
23.4,0.175
23.4,0.175
23.4,0.175
23.4,0.175
23.4,0.175
23.4,0.175
23.4,0.175
23.4,0.175
23.4,0.175
23.4,0.175
23.4,0.175
23.4,0.175
23.4,0.170
23.4,0.170
23.4,0.170
23.4,0.170
23.4,0.170
23.4,0.170
23.4,0.170
23.4,0.170
23.4,0.170
23.4,0.170
23.4,0.170
23.4,0.170
23.4,0.170
23.4,0.170
23.4,0.170
23.4,0.170
23.4,0.170
23.4,0.170
23.4,0.170
23.5,0.170
23.5,0.170
23.5,0.170
23.5,0.170
23.5,0.170
23.5,0.170
23.5,0.170
23.5,0.170
23.5,0.170
23.5,0.170
23.5,0.165
23.5,0.165
23.5,0.165
23.5,0.165
23.5,0.165
23.5,0.165
23.5,0.165
23.5,0.165
23.5,0.165
23.5,0.165
23.5,0.165
23.5,0.165
23.5,0.165
23.5,0.165
23.5,0.165
23.5,0.165
23.5,0.165
23.5,0.165
23.5,0.165
23.5,0.165
23.5,0.165
23.5,0.165
23.5,0.165
23.5,0.165
23.5,0.165
23.5,0.165
23.5,0.165
23.5,0.165
23.5,0.165
23.5,0.160
23.5,0.160
23.5,0.160
23.5,0.160
23.5,0.160
23.5,0.160
23.5,0.160
23.5,0.160
23.5,0.160
23.5,0.160
23.5,0.160
23.5,0.160
23.5,0.160
23.5,0.160
23.5,0.160
23.5,0.160
23.5,0.160
23.5,0.160
23.5,0.160
23.5,0.160
23.5,0.160
23.5,0.160
23.5,0.160
23.5,0.160
23.5,0.160
23.5,0.160
23.5,0.160
23.5,0.160
23.5,0.160
23.5,0.155
23.5,0.155
23.5,0.155
23.5,0.155
23.5,0.155
23.5,0.155
23.5,0.155
23.5,0.155
23.5,0.155
23.5,0.155
23.5,0.155
23.5,0.155
23.5,0.155
23.5,0.155
23.5,0.155
23.5,0.155
23.5,0.155
23.5,0.155
23.5,0.155
23.5,0.155
23.5,0.155
23.5,0.155
23.5,0.155
23.5,0.155
23.5,0.155
23.5,0.155
23.5,0.155
23.5,0.155
23.5,0.155
23.5,0.155
23.5,0.150
23.5,0.150
23.5,0.150
23.5,0.150
23.5,0.150
23.5,0.150
23.5,0.150
23.5,0.150
23.5,0.150
23.5,0.150
23.5,0.150
23.5,0.150
23.5,0.150
23.5,0.150
23.5,0.150
23.6,0.150
23.6,0.150
23.6,0.150
23.6,0.150
23.6,0.150
23.6,0.150
23.6,0.150
23.6,0.150
23.6,0.150
23.6,0.150
23.6,0.150
23.6,0.150
23.6,0.150
23.6,0.150
23.6,0.145
23.6,0.145
23.6,0.145
23.6,0.145
23.6,0.145
23.6,0.145
23.6,0.145
23.6,0.145
23.6,0.145
23.6,0.145
23.6,0.145
23.6,0.145
23.6,0.145
23.6,0.145
23.6,0.145
23.6,0.145
23.6,0.145
23.6,0.145
23.6,0.145
23.6,0.145
23.6,0.145
23.6,0.145
23.6,0.145
23.6,0.145
23.6,0.145
23.6,0.145
23.6,0.145
23.6,0.145
23.6,0.145
23.6,0.145
23.6,0.145
23.6,0.140
23.6,0.140
23.6,0.140
23.6,0.140
23.6,0.140
23.6,0.140
23.6,0.140
23.6,0.140
23.6,0.140
23.6,0.140
23.6,0.140
23.6,0.140
23.6,0.140
23.6,0.140
23.6,0.140
23.6,0.140
23.6,0.140
23.6,0.140
23.6,0.140
23.6,0.140
23.6,0.140
23.6,0.140
23.5,0.140
23.5,0.140
23.5,0.140
23.5,0.140
23.5,0.140
23.5,0.140
23.5,0.140
23.5,0.140
23.5,0.135
23.5,0.135
23.5,0.135
23.5,0.135
23.5,0.135
23.5,0.135
23.5,0.135
23.5,0.135
23.5,0.135
23.5,0.135
23.5,0.135
23.5,0.135
23.5,0.135
23.5,0.135
23.5,0.135
23.5,0.135
23.5,0.135
23.5,0.135
23.5,0.135
23.5,0.135
23.5,0.135
23.5,0.135
23.5,0.135
23.5,0.135
23.5,0.135
23.5,0.135
23.5,0.135
23.5,0.135
23.5,0.135
23.5,0.135
23.5,0.130
23.6,0.130
23.6,0.130
23.5,0.130
23.5,0.130
23.5,0.130
23.5,0.130
23.5,0.130
23.5,0.130
23.5,0.130
23.5,0.130
23.5,0.130
23.5,0.130
23.5,0.130
23.5,0.130
23.5,0.130
23.5,0.130
23.5,0.130
23.5,0.130
23.5,0.130
23.5,0.130
23.5,0.130
23.5,0.130
23.5,0.130
23.5,0.130
23.5,0.130
23.6,0.130
23.6,0.130
23.6,0.130
23.6,0.130
23.6,0.125
23.6,0.125
23.6,0.125
23.6,0.125
23.6,0.125
23.6,0.125
23.6,0.125
23.6,0.125
23.6,0.125
23.6,0.125
23.6,0.125
23.6,0.125
23.6,0.125
23.6,0.125
23.7,0.125
23.7,0.125
23.7,0.125
23.7,0.125
23.7,0.125
23.7,0.125
23.7,0.125
23.7,0.125
23.7,0.125
23.7,0.125
23.7,0.125
23.7,0.125
23.7,0.125
23.7,0.125
23.7,0.125
23.7,0.125
23.7,0.125
23.7,0.125
23.7,0.125
23.7,0.120
23.7,0.120
23.7,0.120
23.7,0.120
23.7,0.120
23.6,0.120
23.6,0.120
23.6,0.120
23.6,0.120
23.6,0.120
23.6,0.120
23.6,0.120
23.6,0.120
23.6,0.120
23.6,0.120
23.6,0.120
23.6,0.120
23.6,0.120
23.6,0.120
23.6,0.120
23.6,0.120
23.6,0.120
23.6,0.120
23.6,0.120
23.6,0.120
23.6,0.120
23.6,0.120
23.6,0.120
23.6,0.120
23.6,0.120
23.6,0.120
23.6,0.120
23.6,0.115
23.6,0.115
23.6,0.115
23.6,0.115
23.6,0.115
23.6,0.115
23.6,0.115
23.6,0.115
23.6,0.115
23.6,0.115
23.6,0.115
23.6,0.115
23.6,0.115
23.6,0.115
23.6,0.115
23.6,0.115
23.6,0.115
23.6,0.115
23.6,0.115
23.6,0.115
23.6,0.115
23.6,0.115
23.6,0.115
23.6,0.115
23.6,0.115
23.6,0.115
23.6,0.115
23.6,0.115
23.6,0.115
23.6,0.115
23.6,0.110
23.6,0.110
23.6,0.110
23.6,0.110
23.6,0.110
23.6,0.110
23.6,0.110
23.6,0.110
23.6,0.110
23.6,0.110
23.7,0.110
23.7,0.110
23.7,0.110
23.7,0.110
23.7,0.110
23.7,0.110
23.7,0.110
23.7,0.110
23.7,0.110
23.7,0.110
23.7,0.110
23.7,0.110
23.7,0.110
23.7,0.110
23.7,0.110
23.7,0.110
23.7,0.110
23.7,0.110
23.7,0.110
23.6,0.110
23.6,0.110
23.6,0.110
23.6,0.110
23.6,0.110
23.6,0.105
23.6,0.105
23.6,0.105
23.6,0.105
23.6,0.105
23.6,0.105
23.6,0.105
23.6,0.105
23.6,0.105
23.7,0.105
23.7,0.105
23.7,0.105
23.7,0.105
23.7,0.105
23.7,0.105
23.7,0.105
23.7,0.105
23.7,0.105
23.7,0.105
23.7,0.105
23.6,0.105
23.6,0.105
23.6,0.105
23.6,0.105
23.6,0.105
23.6,0.105
23.7,0.105
23.7,0.105
23.7,0.105
23.7,0.105
23.7,0.105
23.7,0.105
23.7,0.105
23.7,0.105
23.7,0.105
23.7,0.105
23.7,0.105
23.7,0.105
23.7,0.105
23.7,0.100
23.7,0.100
23.7,0.100
23.7,0.100
23.7,0.100
23.7,0.100
23.7,0.100
23.7,0.100
23.7,0.100
23.7,0.100
23.7,0.100
23.7,0.100
23.7,0.100
23.7,0.100
23.7,0.100
23.7,0.100
23.7,0.100
23.7,0.100
23.7,0.100
23.7,0.100
23.7,0.100
23.7,0.100
23.7,0.100
23.7,0.100
23.7,0.100
23.7,0.100
23.7,0.100
23.7,0.100
23.7,0.100
23.7,0.100
23.7,0.100
23.7,0.100
23.7,0.100
23.7,0.100
23.7,0.100
23.7,0.100
23.7,0.100
23.7,0.100
23.7,0.100
23.7,0.100
23.6,0.100
23.6,0.095
23.6,0.095
23.6,0.095
23.6,0.095
23.6,0.095
23.6,0.095
23.6,0.095
23.6,0.095
23.6,0.095
23.6,0.095
23.6,0.095
23.6,0.095
23.6,0.095
23.6,0.095
23.6,0.095
23.6,0.095
23.6,0.095
23.6,0.095
23.6,0.095
23.6,0.095
23.6,0.095
23.6,0.095
23.6,0.095
23.6,0.095
23.6,0.095
23.6,0.095
23.6,0.095
23.6,0.095
23.6,0.095
23.6,0.095
23.6,0.095
23.6,0.095
23.6,0.095
23.6,0.095
23.6,0.095
23.6,0.095
23.6,0.095
23.6,0.095
23.6,0.095
23.6,0.095
23.6,0.095
23.6,0.090
23.6,0.090
23.6,0.090
23.5,0.090
23.5,0.090
23.5,0.090
23.5,0.090
23.5,0.090
23.5,0.090
23.5,0.090
23.6,0.090
23.6,0.090
23.6,0.090
23.6,0.090
23.6,0.090
23.6,0.090
23.6,0.090
23.6,0.090
23.6,0.090
23.5,0.090
23.5,0.090
23.5,0.090
23.5,0.090
23.5,0.090
23.5,0.090
23.5,0.090
23.5,0.090
23.5,0.090
23.5,0.090
23.5,0.090
23.5,0.090
23.5,0.090
23.5,0.090
23.5,0.090
23.5,0.090
23.5,0.090
23.5,0.090
23.5,0.090
23.5,0.090
23.5,0.090
23.5,0.090
23.5,0.090
23.5,0.090
23.5,0.090
23.5,0.085
23.5,0.085
23.5,0.085
23.5,0.085
23.5,0.085
23.5,0.085
23.5,0.085
23.5,0.085
23.5,0.085
23.5,0.085
23.5,0.085
23.5,0.085
23.5,0.085
23.5,0.085
23.5,0.085
23.4,0.085
23.4,0.085
23.4,0.085
23.4,0.085
23.4,0.085
23.4,0.085
23.4,0.085
23.4,0.085
23.4,0.085
23.4,0.085
23.4,0.085
23.4,0.085
23.4,0.085
23.4,0.085
23.4,0.085
23.4,0.085
23.4,0.085
23.4,0.085
23.4,0.085
23.4,0.085
23.4,0.085
23.4,0.085
23.4,0.085
23.4,0.085
23.4,0.085
23.4,0.085
23.4,0.085
23.4,0.085
23.4,0.085
23.4,0.085
23.4,0.085
23.4,0.085
23.4,0.085
23.4,0.080
23.4,0.080
23.4,0.080
23.4,0.080
23.4,0.080
23.4,0.080
23.4,0.080
23.3,0.080
23.3,0.080
23.3,0.080
23.3,0.080
23.3,0.080
23.3,0.080
23.3,0.080
23.3,0.080
23.3,0.080
23.3,0.080
23.3,0.080
23.3,0.080
23.3,0.080
23.3,0.080
23.3,0.080
23.3,0.080
23.3,0.080
23.3,0.080
23.3,0.080
23.3,0.080
23.3,0.080
23.2,0.080
23.2,0.080
23.2,0.080
23.2,0.080
23.2,0.080
23.2,0.080
23.2,0.080
23.2,0.080
23.2,0.080
23.2,0.080
23.2,0.080
23.2,0.080
23.2,0.080
23.2,0.080
23.2,0.080
23.2,0.080
23.2,0.080
23.2,0.080
23.2,0.080
23.2,0.080
23.2,0.080
23.2,0.080
23.2,0.075
23.2,0.075
23.2,0.075
23.2,0.075
23.2,0.075
23.2,0.075
23.2,0.075
23.2,0.075
23.2,0.075
23.2,0.075
23.2,0.075
23.1,0.075
23.1,0.075
23.1,0.075
23.1,0.075
23.1,0.075
23.1,0.075
23.1,0.075
23.1,0.075
23.1,0.075
23.1,0.075
23.1,0.075
23.1,0.075
23.1,0.075
23.1,0.075
23.1,0.075
23.1,0.075
23.1,0.075
23.1,0.075
23.0,0.075
23.0,0.075
23.0,0.075
23.0,0.075
23.0,0.075
23.0,0.075
23.0,0.075
23.0,0.075
23.0,0.075
23.0,0.075
23.0,0.075
22.9,0.075
22.9,0.075
22.9,0.075
22.9,0.075
22.9,0.075
22.9,0.075
22.9,0.075
22.9,0.075
22.9,0.075
22.9,0.070
22.9,0.070
22.9,0.070
22.9,0.070
22.9,0.070
22.9,0.070
22.9,0.070
22.9,0.070
22.9,0.070
22.8,0.070
22.8,0.070
22.8,0.070
22.8,0.070
22.8,0.070
22.8,0.070
22.8,0.070
22.8,0.070
22.8,0.070
22.8,0.070
22.8,0.070
22.8,0.070
22.8,0.070
22.8,0.070
22.8,0.070
22.7,0.070
22.7,0.070
22.7,0.070
22.7,0.070
22.7,0.070
22.7,0.070
22.7,0.070
22.7,0.070
22.7,0.070
22.7,0.070
22.7,0.070
22.7,0.070
22.7,0.070
22.6,0.070
22.6,0.070
22.6,0.070
22.6,0.070
22.6,0.070
22.6,0.070
22.6,0.070
22.6,0.065
22.6,0.065
22.6,0.065
22.6,0.065
22.6,0.065
22.6,0.065
22.6,0.065
22.6,0.065
22.6,0.065
22.6,0.065
22.6,0.065
22.6,0.065
22.6,0.065
22.6,0.065
22.6,0.065
22.6,0.065
22.6,0.065
22.6,0.065
22.5,0.065
22.5,0.065
22.5,0.065
22.5,0.065
22.5,0.065
22.5,0.065
22.5,0.065
22.5,0.065
22.5,0.065
22.5,0.065
22.5,0.065
22.4,0.065
22.4,0.065
22.4,0.065
22.4,0.065
22.4,0.065
22.4,0.065
22.4,0.065
22.4,0.065
22.4,0.065
22.4,0.065
22.4,0.065
22.4,0.065
22.4,0.065
22.4,0.065
22.4,0.065
22.4,0.065
22.3,0.065
22.3,0.065
22.3,0.065
22.3,0.060
22.3,0.060
22.3,0.060
22.3,0.060
22.3,0.060
22.3,0.060
22.3,0.060
22.3,0.060
22.3,0.060
22.3,0.060
22.3,0.060
22.3,0.060
22.3,0.060
22.3,0.060
22.3,0.060
22.3,0.060
22.3,0.060
22.3,0.060
22.3,0.060
22.3,0.060
22.3,0.060
22.3,0.060
22.3,0.060
22.2,0.060
22.2,0.060
22.2,0.060
22.2,0.060
22.2,0.060
22.2,0.060
22.2,0.060
22.1,0.060
22.1,0.060
22.1,0.060
22.1,0.060
22.1,0.060
22.1,0.060
22.1,0.060
22.1,0.060
22.1,0.060
22.1,0.060
22.1,0.060
22.1,0.060
22.1,0.060
22.1,0.060
22.0,0.060
22.0,0.060
22.0,0.060
22.0,0.060
21.9,0.055
22.0,0.055
22.0,0.055
21.9,0.055
21.9,0.055
21.9,0.055
21.9,0.055
21.9,0.055
21.9,0.055
21.9,0.055
21.9,0.055
21.8,0.055
21.8,0.055
21.8,0.055
21.8,0.055
21.8,0.055
21.8,0.055
21.8,0.055
21.7,0.055
21.7,0.055
21.7,0.055
21.7,0.055
21.7,0.055
21.6,0.055
21.6,0.055
21.6,0.055
21.6,0.055
21.6,0.055
21.6,0.055
21.6,0.055
21.5,0.055
21.5,0.055
21.5,0.055
21.5,0.055
21.4,0.055
21.4,0.055
21.4,0.055
21.3,0.055
21.4,0.055
21.4,0.055
21.4,0.055
21.4,0.055
21.3,0.055
21.3,0.055
21.3,0.055
21.2,0.055
21.1,0.055
21.1,0.055
21.1,0.050
21.1,0.050
21.0,0.050
21.0,0.050
21.0,0.050
20.9,0.050
20.9,0.050
20.8,0.050
20.8,0.050
20.7,0.050
20.7,0.050
20.7,0.050
20.6,0.050
20.6,0.050
20.6,0.050
20.5,0.050
20.5,0.050
20.4,0.050
20.4,0.050
20.3,0.050
20.3,0.050
20.2,0.050
20.2,0.050
20.1,0.050
20.1,0.050
20.0,0.050
20.0,0.050
19.9,0.050
19.8,0.050
19.8,0.050
19.7,0.050
19.6,0.050
19.6,0.050
19.5,0.050
19.5,0.050
19.4,0.050
19.3,0.050
19.3,0.050
19.2,0.050
19.1,0.050
19.0,0.050
19.0,0.050
18.9,0.050
18.8,0.050
18.8,0.050
18.7,0.050
18.6,0.045
18.6,0.045
18.5,0.045
18.4,0.045
18.4,0.045
18.3,0.045
18.2,0.045
18.1,0.045
18.1,0.045
18.0,0.045
17.9,0.045
17.8,0.045
17.7,0.045
17.7,0.045
17.6,0.045
17.6,0.045
17.5,0.045
17.4,0.045
17.4,0.045
17.4,0.045
17.3,0.045
17.2,0.045
17.1,0.045
17.1,0.045
17.0,0.045
16.9,0.045
16.8,0.045
16.7,0.045
16.7,0.045
16.6,0.045
16.5,0.045
16.5,0.045
16.4,0.045
16.4,0.045
16.3,0.045
16.2,0.045
16.2,0.045
16.1,0.045
16.1,0.045
16.0,0.045
16.0,0.045
15.9,0.045
15.8,0.045
15.8,0.045
15.7,0.045
15.7,0.045
15.6,0.045
15.6,0.045
15.5,0.045
15.5,0.040
15.5,0.040
15.5,0.040
15.4,0.040
15.4,0.040
15.3,0.040
15.2,0.040
15.2,0.040
15.1,0.040
15.1,0.040
15.0,0.040
15.0,0.040
14.9,0.040
14.9,0.040
14.8,0.040
14.8,0.040
14.7,0.040
14.7,0.040
14.6,0.040
14.6,0.040
14.6,0.040
14.5,0.040
14.4,0.040
14.4,0.040
14.3,0.040
14.3,0.040
14.2,0.040
14.2,0.040
14.1,0.040
14.1,0.040
14.0,0.040
14.0,0.040
13.9,0.040
13.9,0.040
13.8,0.040
13.8,0.040
13.7,0.040
13.7,0.040
13.6,0.040
13.6,0.040
13.5,0.040
13.5,0.040
13.4,0.040
13.4,0.040
13.4,0.040
13.3,0.040
13.3,0.040
13.2,0.040
13.2,0.040
13.1,0.040
13.1,0.040
13.0,0.040
13.0,0.040
12.9,0.035
12.9,0.035
12.9,0.035
12.9,0.035
12.8,0.035
12.8,0.035
12.7,0.035
12.7,0.035
12.7,0.035
12.6,0.035
12.6,0.035
12.5,0.035
12.5,0.035
12.5,0.035
12.5,0.035
12.4,0.035
12.4,0.035
12.3,0.035
12.3,0.035
12.3,0.035
12.3,0.035
12.2,0.035
12.2,0.035
12.1,0.035
12.1,0.035
12.1,0.035
12.0,0.035
12.0,0.035
12.0,0.035
12.0,0.035
11.9,0.035
11.9,0.035
11.8,0.035
11.8,0.035
11.8,0.035
11.7,0.035
11.7,0.035
11.7,0.035
11.7,0.035
11.7,0.035
11.6,0.035
11.6,0.035
11.6,0.035
11.5,0.035
11.5,0.035
11.5,0.035
11.4,0.035
11.4,0.035
11.3,0.035
11.3,0.035
11.3,0.035
11.3,0.035
11.2,0.035
11.2,0.035
11.2,0.035
11.1,0.030
11.1,0.030
11.1,0.030
11.0,0.030
11.0,0.030
11.0,0.030
11.0,0.030
10.9,0.030
10.9,0.030
10.8,0.030
10.8,0.030
10.8,0.030
10.7,0.030
10.6,0.030
10.6,0.030
10.6,0.030
10.6,0.030
10.5,0.030
10.5,0.030
10.4,0.030
10.4,0.030
10.4,0.030
10.3,0.030
10.3,0.030
10.2,0.030
10.2,0.030
10.2,0.030
10.2,0.030
10.1,0.030
10.1,0.030
10.0,0.030
9.9,0.030
9.9,0.030
9.8,0.030
9.8,0.030
9.7,0.030
9.7,0.030
9.7,0.030
9.6,0.030
9.6,0.030
9.5,0.030
9.5,0.030
9.4,0.030
9.4,0.030
9.3,0.030
9.3,0.030
9.2,0.030
9.1,0.030
9.1,0.030
9.0,0.030
9.0,0.030
8.9,0.030
8.9,0.030
8.9,0.030
8.8,0.030
8.8,0.030
8.7,0.030
8.7,0.030
8.6,0.030
8.6,0.030
8.6,0.030
8.5,0.030
8.4,0.030
8.3,0.030
8.3,0.030
8.2,0.030
8.2,0.025
8.1,0.025
8.0,0.025
8.0,0.025
8.0,0.025
7.9,0.025
7.8,0.025
7.8,0.025
7.7,0.025
7.7,0.025
7.6,0.025
7.6,0.025
7.5,0.025
7.5,0.025
7.4,0.025
7.4,0.025
7.3,0.025
7.3,0.025
7.2,0.025
7.2,0.025
7.1,0.025
7.0,0.025
7.0,0.025
7.0,0.025
6.9,0.025
6.9,0.025
6.8,0.025
6.7,0.025
6.7,0.025
6.7,0.025
6.6,0.025
6.6,0.025
6.5,0.025
6.5,0.025
6.4,0.025
6.4,0.025
6.4,0.025
6.3,0.025
6.2,0.025
6.2,0.025
6.1,0.025
6.1,0.025
6.1,0.025
6.0,0.025
6.0,0.025
5.9,0.025
5.9,0.025
5.8,0.025
5.7,0.025
5.7,0.025
5.6,0.025
5.6,0.025
5.6,0.025
5.5,0.025
5.5,0.025
5.5,0.025
5.4,0.025
5.4,0.025
5.3,0.025
5.3,0.025
5.3,0.025
5.2,0.025
5.2,0.025
5.1,0.025
5.1,0.025
5.0,0.025
5.0,0.025
5.0,0.025
4.9,0.025
4.9,0.025
4.8,0.025
4.8,0.025
4.7,0.025
4.7,0.025
4.7,0.025
4.6,0.025
4.6,0.025
4.5,0.025
4.5,0.025
4.5,0.025
4.4,0.025
4.4,0.025
4.3,0.025
4.3,0.025
4.2,0.025
4.1,0.025
4.1,0.025
4.1,0.025
4.1,0.025
4.0,0.025
4.0,0.025
4.0,0.025
4.0,0.025
3.9,0.025
3.9,0.020
3.8,0.020
3.7,0.020
3.7,0.020
3.7,0.020
3.7,0.020
3.6,0.020
3.6,0.020
3.6,0.020
3.5,0.020
3.5,0.020
3.4,0.020
3.4,0.020
3.3,0.020
3.3,0.020
3.2,0.020
3.2,0.020
3.2,0.020
3.2,0.020
3.1,0.020
3.1,0.020
3.1,0.020
3.0,0.020
3.0,0.020
2.9,0.020
2.9,0.020
2.9,0.020
2.8,0.020
2.8,0.020
2.8,0.020
2.7,0.020
2.7,0.020
2.7,0.020
2.6,0.020
2.6,0.020
2.6,0.020
2.5,0.020
2.5,0.020
2.5,0.020
2.4,0.020
2.4,0.020
2.4,0.020
2.3,0.020
2.3,0.020
2.3,0.020
2.3,0.020
2.3,0.020
2.3,0.020
2.2,0.020
2.1,0.020
2.1,0.020
2.0,0.020
2.0,0.020
1.9,0.020
1.9,0.020
1.9,0.020
1.8,0.020
1.8,0.020
1.7,0.020
1.7,0.020
1.7,0.020
1.7,0.020
1.6,0.020
1.6,0.020
1.6,0.020
1.6,0.020
1.6,0.020
1.5,0.020
1.5,0.020
1.4,0.020
1.4,0.020
1.4,0.020
1.3,0.020
1.3,0.020
1.3,0.020
1.2,0.020
1.2,0.020
1.2,0.020
1.1,0.020
1.1,0.020
1.1,0.020
1.0,0.020
1.0,0.020
0.9,0.020
0.9,0.020
0.9,0.020
0.9,0.020
0.9,0.020
0.9,0.020
0.9,0.020
0.9,0.020
0.8,0.020
0.8,0.020
0.7,0.020
0.7,0.020
0.7,0.020
0.6,0.020
0.6,0.020
0.6,0.020
0.5,0.020
0.5,0.020
0.5,0.020
0.5,0.020
0.5,0.020
0.5,0.020
0.5,0.020
0.5,0.020
0.5,0.020
0.5,0.020
0.4,0.020
0.4,0.020
0.3,0.020
0.3,0.020
0.3,0.020
0.2,0.020
0.2,0.020
0.2,0.020
0.2,0.020
0.1,0.020
0.1,0.020
0.1,0.020
0.1,0.020
0.1,0.020
0.1,0.020
0.1,0.020
0.1,0.020
0.1,0.020
0.1,0.020
0.1,0.020
0.1,0.015
0.0,0.015
0.0,0.015
0.0,0.015
0.0,0.015
0.0,0.015
0.0,0.015
0.0,0.015
0.0,0.015
0.0,0.015
0.0,0.015
0.0,0.015
0.0,0.015
0.0,0.015
0.0,0.015
0.0,0.015
0.0,0.015
0.0,0.015
0.0,0.015
0.0,0.015
0.0,0.015
0.0,0.015
0.0,0.015
0.0,0.015
0.0,0.015
0.0,0.015
0.0,0.015
0.0,0.015
0.0,0.015
0.0,0.015
0.0,0.015
0.0,0.015
0.0,0.015
0.0,0.015
0.0,0.015
0.0,0.015
0.0,0.015
0.0,0.015
0.0,0.015
0.0,0.015
0.0,0.015
0.0,0.015
0.0,0.015
0.0,0.015
0.0,0.015
0.0,0.015
0.0,0.015
0.0,0.015
0.0,0.015
0.0,0.015
0.0,0.015
0.0,0.015
0.0,0.015
0.0,0.015
0.0,0.015
0.0,0.015
0.0,0.015
0.0,0.015
0.0,0.015
0.0,0.015
0.0,0.015
0.0,0.015
0.0,0.015
0.0,0.015
0.0,0.015
0.0,0.015
0.0,0.015
0.0,0.015
0.0,0.015
0.0,0.015
0.0,0.015
0.0,0.015
0.1,0.015
0.1,0.015
0.1,0.015
0.1,0.015
0.1,0.015
0.1,0.015
0.1,0.015
0.1,0.015
0.1,0.015
0.1,0.015
0.0,0.015
0.0,0.015
0.0,0.015
0.0,0.015
0.0,0.015
0.0,0.015
0.0,0.015
0.0,0.015
0.0,0.015
0.0,0.015
0.0,0.015
0.0,0.015
0.0,0.015
0.0,0.015
0.0,0.015
0.0,0.015
0.0,0.015
0.0,0.015
0.0,0.015
0.0,0.015
0.0,0.015
0.0,0.015
0.0,0.015
0.0,0.015
0.0,0.015
0.0,0.015
0.0,0.015
0.0,0.015
0.0,0.015
0.0,0.015
0.0,0.015
0.0,0.015
0.0,0.015
0.0,0.015
0.0,0.015
0.0,0.015
0.0,0.015
0.0,0.015
0.1,0.015
0.0,0.015
0.0,0.015
0.0,0.015
0.0,0.015
0.0,0.015
0.0,0.015
0.0,0.015
0.1,0.015
0.1,0.015
0.1,0.010
0.1,0.010
0.1,0.010
0.1,0.010
0.1,0.010
0.1,0.010
0.1,0.010
0.1,0.010
0.1,0.010
0.1,0.010
0.1,0.010
0.1,0.010
0.1,0.010
0.0,0.010
0.0,0.010
0.0,0.010
0.0,0.010
0.0,0.010
0.0,0.010
0.0,0.010
0.0,0.010
0.0,0.010
0.0,0.010
0.0,0.010
0.0,0.010
0.0,0.010
0.0,0.010
0.0,0.010
0.0,0.010
0.0,0.010
0.0,0.010
0.0,0.010
0.0,0.010
0.0,0.010
0.0,0.010
0.0,0.010
0.0,0.010
0.0,0.010
0.0,0.010
0.0,0.010
0.1,0.010
0.1,0.010
0.1,0.010
0.1,0.010
0.1,0.010
0.1,0.010
0.1,0.010
0.1,0.010
0.1,0.010
0.1,0.010
0.1,0.010
0.0,0.010
0.0,0.010
0.0,0.010
0.0,0.010
0.0,0.010
0.0,0.010
0.0,0.010
0.0,0.010
0.0,0.010
0.0,0.010
0.1,0.010
0.1,0.010
0.1,0.010
0.1,0.010
0.1,0.010
0.1,0.010
0.1,0.010
0.1,0.010
0.1,0.010
0.1,0.010
0.1,0.010
0.1,0.010
0.1,0.010
0.1,0.010
0.1,0.010
0.1,0.010
0.1,0.010
0.1,0.010
0.1,0.010
0.1,0.010
0.1,0.010
0.1,0.010
0.1,0.010
0.1,0.010
0.1,0.010
0.1,0.010
0.1,0.010
0.1,0.010
0.1,0.010
0.1,0.010
0.1,0.010
0.1,0.010
0.1,0.010
0.1,0.010
0.1,0.010
0.1,0.010
0.1,0.010
0.1,0.010
0.1,0.010
0.1,0.010
0.1,0.010
0.1,0.010
0.1,0.010
0.1,0.010
0.1,0.010
0.1,0.010
0.1,0.010
0.1,0.010
0.1,0.010
0.1,0.010
0.1,0.010
0.1,0.010
0.1,0.010
0.1,0.010
0.1,0.010
0.1,0.010
0.1,0.010
0.1,0.010
0.1,0.010
0.1,0.010
0.1,0.010
0.1,0.010
0.1,0.010
0.1,0.010
0.1,0.010
0.1,0.010
0.1,0.010
0.1,0.010
0.0,0.010
0.0,0.010
0.0,0.005
0.0,0.005
0.0,0.005
0.0,0.005
0.0,0.005
0.0,0.005
0.0,0.005
0.1,0.005
0.1,0.005
0.1,0.005
0.1,0.005
0.1,0.005
0.1,0.005
0.1,0.005
0.1,0.005
0.1,0.005
0.1,0.005
0.1,0.005
0.1,0.005
0.1,0.005
0.1,0.005
0.1,0.005
0.1,0.005
0.1,0.005
0.1,0.005
0.1,0.005
0.1,0.005
0.0,0.005
0.1,0.005
0.1,0.005
0.1,0.005
0.1,0.005
0.1,0.005
0.1,0.005
0.1,0.005
0.1,0.005
0.1,0.005
0.0,0.005
0.0,0.005
0.0,0.005
0.0,0.005
0.0,0.005
0.0,0.005
0.0,0.005
0.0,0.005
0.0,0.005
0.0,0.005
0.0,0.005
0.0,0.005
0.0,0.005
0.0,0.005
0.0,0.005
0.0,0.005
0.0,0.005
0.0,0.005
0.0,0.005
0.0,0.005
0.0,0.005
0.0,0.005
0.0,0.005
0.0,0.005
0.0,0.005
0.0,0.005
0.0,0.005
0.0,0.005
0.0,0.005
0.0,0.005
0.0,0.005
0.0,0.005
0.0,0.005
0.0,0.005
0.0,0.005
0.0,0.005
0.0,0.005
0.0,0.005
0.0,0.005
0.0,0.005
0.0,0.005
0.0,0.005
0.0,0.005
0.0,0.005
0.0,0.005
0.0,0.005
0.0,0.005
0.0,0.005
0.0,0.005
0.0,0.005
0.0,0.005
0.0,0.005
0.0,0.005
0.0,0.005
0.0,0.005
0.0,0.005
0.0,0.005
0.0,0.005
0.0,0.005
0.0,0.005
0.0,0.005
0.0,0.005
0.0,0.005
0.0,0.005
0.0,0.005
0.0,0.005
0.0,0.005
0.0,0.005
0.0,0.005
0.0,0.005
0.0,0.005
0.0,0.005
0.0,0.005
0.0,0.005
0.0,0.005
0.0,0.005
0.0,0.005
0.0,0.005
0.0,0.005
0.0,0.005
0.0,0.005
0.0,0.005
0.0,0.005
0.0,0.005
0.0,0.005
0.0,0.005
0.0,0.005
0.0,0.005
0.0,0.005
0.0,0.005
0.0,0.005
0.0,0.005
0.0,0.005
0.0,0.000
0.0,0.000
0.0,0.000
0.0,0.000
0.0,0.000
0.0,0.000
0.0,0.000
0.0,0.000
0.0,0.000
0.0,0.000
0.0,0.000
0.0,0.000
0.0,0.000
0.0,0.000
0.0,0.000
0.0,0.000
0.0,0.000
0.0,0.000
0.0,0.000
0.0,0.000
0.0,0.000
0.0,0.000
0.0,0.000
0.0,0.000
0.0,0.000
0.0,0.000
0.0,0.000
0.0,0.000
0.0,0.000
0.0,0.000
0.0,0.000
0.0,0.000
0.0,0.000
0.0,0.000
0.0,0.000
0.0,0.000
0.0,0.000
0.0,0.000
0.0,0.000
0.0,0.000
0.0,0.000
0.0,0.000
0.0,0.000
0.0,0.000
0.0,0.000
0.0,0.000
0.0,0.000
0.0,0.000
0.0,0.000
0.0,0.000
0.0,0.000
0.0,0.000
0.0,0.000
0.0,0.000
0.0,0.000
0.0,0.000
0.0,0.000
0.0,0.000
0.0,0.000
0.0,0.000
0.0,0.000
0.0,0.000
0.0,0.000
0.0,0.000
0.0,0.000
0.0,0.000
0.0,0.000
0.0,0.000
0.0,0.000
0.0,0.000
0.0,0.000
0.0,0.000
0.0,0.000
0.0,0.000
0.0,0.000
0.0,0.000
0.0,0.000
0.0,0.000
0.0,0.000
0.0,0.000
0.0,0.000
0.0,0.000
0.0,0.000
0.0,0.000
0.0,0.000
0.0,0.000
0.0,0.000
0.0,0.000
0.0,0.000
0.0,0.000
0.0,0.000
0.0,0.000
0.0,0.000
0.0,0.000
0.0,0.000
0.0,0.000
0.0,0.000
0.0,0.000
0.0,0.000
0.0,0.000
0.0,0.000
0.0,0.000
0.0,0.000
0.0,0.000
0.0,0.000
0.0,0.000
0.0,0.000
0.0,0.000
0.0,0.000
0.0,0.000
0.0,0.000
0.0,0.000
0.0,0.000
0.0,0.000
0.0,0.000
0.0,0.000
0.0,0.000
0.0,0.000
0.0,0.000
0.0,0.000
0.0,0.000
0.0,0.000
0.0,0.000
0.0,0.000
0.0,0.000
0.0,0.000
0.0,0.000
0.0,0.000
0.0,0.000
0.0,0.000
0.0,0.000
0.0,0.000
0.0,0.000
0.0,0.000
0.0,0.000
0.0,0.000
0.0,0.000
0.0,0.000
0.0,0.000
0.0,0.000
0.0,0.000
0.0,0.000
0.0,0.000
0.0,0.000
0.0,0.000
0.0,0.000
0.0,0.000
0.0,0.000
0.0,0.000
0.0,0.000
0.0,0.000
0.0,0.000
0.0,0.000
0.0,0.000
0.0,0.000
0.0,0.000
0.0,0.000
0.0,0.000
0.0,0.000
0.0,0.000
0.0,0.000
0.0,0.000
0.0,0.000
0.0,0.000
0.0,0.000
0.0,0.000
0.0,0.000
0.0,0.000
0.0,0.000
0.0,0.000
0.0,0.000
0.0,0.000
0.0,0.000
0.0,0.000
0.0,0.000
0.0,0.000
0.0,0.000
0.0,0.000
0.0,0.000
0.0,0.000
0.0,0.000
0.0,0.000
0.0,0.000
0.0,0.000
0.0,0.000
0.0,0.000
0.0,0.000
0.0,0.000
0.0,0.000
0.0,0.000
0.0,0.000
0.0,0.000
0.0,0.000
0.0,0.000
0.0,0.000
0.0,0.000
0.0,0.000
0.0,0.000
0.0,0.000
0.0,0.000
0.0,0.000
0.0,0.000
0.0,0.000
0.0,0.000
0.0,0.000
0.0,0.000
0.0,0.000
0.0,0.000
0.0,0.000
0.0,0.000
0.0,0.000
0.0,0.000
0.0,0.000
0.0,0.000
0.0,0.000
0.0,0.000
0.0,0.000
0.0,0.000
0.0,0.000
0.0,0.000
0.0,0.000
0.0,0.000
0.0,0.000
0.0,0.000
0.0,0.000
0.0,0.000
0.0,0.000
0.0,0.000
0.0,0.000
0.0,0.000
0.0,0.000
0.0,0.000
0.0,0.000
0.0,0.000
0.0,0.000
0.0,0.000
0.0,0.000
0.0,0.000
0.0,0.000
0.0,0.000
0.0,0.000
0.0,0.000
0.0,0.000
0.0,0.000
0.0,0.000
0.0,0.000
0.0,0.000
0.0,0.000
0.0,0.000
0.0,0.000
0.0,0.000
0.0,0.000
0.0,0.000
0.0,0.000
0.0,0.000
0.0,0.000
0.0,0.000
0.0,0.000
0.0,0.000
0.0,0.000
0.0,0.000
0.0,0.000
0.0,0.000
0.0,0.000
0.0,0.000
0.0,0.000
0.0,0.000
0.0,0.000
0.0,0.000
0.0,0.000
0.0,0.000
0.0,0.000
0.0,0.000
0.0,0.000
0.0,0.000
0.0,0.000
0.0,0.000
0.0,0.000
0.0,0.000
0.0,0.000
0.0,0.000
0.0,0.000
0.0,0.000
0.0,0.000
0.0,0.000
0.0,0.000
0.0,0.000
0.0,0.000
0.0,0.000
0.0,0.000
0.0,0.000
0.0,0.000
0.0,0.000
0.0,0.000
0.0,0.000
0.0,0.000
0.0,0.000
0.0,0.000
0.0,0.000
0.0,0.000
0.0,0.000
0.0,0.000
0.0,0.000
0.0,0.000
0.0,0.000
0.0,0.000
0.0,0.000
0.0,0.000
0.0,0.000
0.0,0.000
0.0,0.000
0.0,0.000
0.0,0.000
0.0,0.000
0.0,0.000
0.0,0.000
0.0,0.000
0.0,0.000
0.0,0.000
0.0,0.000
0.0,0.000
0.0,0.000
0.0,0.000
0.0,0.000
0.0,0.000
0.0,0.000
0.0,0.000
0.0,0.000
0.0,0.000
0.0,0.000
0.0,0.000
0.0,0.000
0.0,0.000
0.0,0.000
0.0,0.000
0.0,0.000
0.0,0.000
0.0,0.000
0.0,0.000
0.0,0.000
0.0,0.000
0.0,0.000
0.0,0.000
0.0,0.000
0.0,0.000
0.0,0.000
0.0,0.000
0.0,0.000
0.0,0.000
0.0,0.000
0.0,0.000
0.0,0.000
0.0,0.000
0.0,0.000
0.0,0.000
0.0,0.000
0.0,0.000
0.0,0.000
0.0,0.000
0.0,0.000
0.0,0.000
0.0,0.000
0.0,0.000
0.0,0.000
0.0,0.000
0.0,0.000
0.0,0.000
0.0,0.000
0.0,0.000
0.0,0.000
0.0,0.000
0.0,0.000
0.0,0.000
0.0,0.000
0.0,0.000
0.0,0.000
0.0,0.000
0.0,0.000
0.0,0.000
0.0,0.000
0.0,0.000
0.0,0.000
0.0,0.000
0.0,0.000
0.0,0.000
0.0,0.000
0.0,0.000
0.0,0.000
0.0,0.000
0.0,0.000
0.0,0.000
0.0,0.000
0.0,0.000
0.0,0.000
0.0,0.000
0.0,0.000
0.0,0.000
0.0,0.000
0.0,0.000
0.0,0.000
0.0,0.000
0.0,0.000
0.0,0.000
0.0,0.000
0.0,0.000
0.0,0.000
0.0,0.000
0.0,0.000
0.0,0.000
0.0,0.000
0.0,0.000
0.0,0.000
0.0,0.000
0.0,0.000
0.0,0.000
0.0,0.000
0.0,0.000
0.0,0.000
0.0,0.000
0.0,0.000
0.0,0.000
0.0,0.000
0.0,0.000
0.0,0.000
0.0,0.000
0.0,0.000
0.0,0.000
0.0,0.000
0.0,0.000
0.0,0.000
0.0,0.000
0.0,0.000
0.0,0.000
0.0,0.000
0.0,0.000
0.0,0.000
0.0,0.000
0.0,0.000
0.0,0.000
0.0,0.000
0.0,0.000
0.0,0.000
0.0,0.000
0.0,0.000
0.0,0.000
0.0,0.000
0.0,0.000
0.0,0.000
0.0,0.000
0.0,0.000
0.0,0.000
0.0,0.000
0.0,0.000
0.0,0.000
0.0,0.000
0.0,0.000
0.0,0.000
0.0,0.000
0.0,0.000
0.0,0.000
0.0,0.000
0.0,0.000
0.0,0.000
0.0,0.000
0.0,0.000
0.0,0.000
0.0,0.000
0.0,0.000
0.0,0.000
0.0,0.000
0.0,0.000
0.0,0.000
0.0,0.000
0.0,0.000
0.0,0.000
0.0,0.000
0.0,0.000
0.0,0.000
0.0,0.000
0.0,0.000
0.0,0.000
0.0,0.000
0.0,0.000
0.0,0.000
0.0,0.000
0.0,0.000
0.0,0.000
0.0,0.000
0.0,0.000
0.0,0.000
0.0,0.000
0.0,0.000
0.0,0.000
0.0,0.000
0.0,0.000
0.0,0.000
0.0,0.000
0.0,0.000
0.0,0.000
0.0,0.000
0.0,0.000
0.0,0.000
0.0,0.000
0.0,0.000
0.0,0.000
0.0,0.000
0.0,0.000
0.0,0.000
0.0,0.000
0.0,0.000
0.0,0.000
0.0,0.000
0.0,0.000
0.0,0.000
0.0,0.000
0.0,0.000
0.0,0.000
0.0,0.000
0.0,0.000
0.0,0.000
0.0,0.000
0.0,0.000
0.0,0.000
0.0,0.000
0.0,0.000
0.0,0.000
0.0,0.000
0.0,0.000
0.0,0.000
0.0,0.000
0.0,0.000
0.0,0.000
0.0,0.000
0.0,0.000
0.0,0.000
0.0,0.000
0.0,0.000
0.0,0.000
0.0,0.000
0.0,0.000
0.0,0.000
0.0,0.000
0.0,0.000
0.0,0.000
0.0,0.000
0.0,0.000
0.0,0.000
0.0,0.000
0.0,0.000
0.0,0.000
0.0,0.000
0.0,0.000
0.0,0.000
0.0,0.000
0.0,0.000
0.0,0.000
0.0,0.000
0.0,0.000
0.0,0.000
0.0,0.000
0.0,0.000
0.0,0.000
0.0,0.000
0.0,0.000
0.0,0.000
0.0,0.000
0.0,0.000
0.0,0.000
0.0,0.000
0.0,0.000
0.0,0.000
0.0,0.000
0.0,0.000
0.0,0.000
0.0,0.000
0.0,0.000
0.0,0.000
0.0,0.000
0.0,0.000
0.0,0.000
0.0,0.000
0.0,0.000
0.0,0.000
0.0,0.000
0.0,0.000
0.0,0.000
0.0,0.000
0.0,0.000
0.0,0.000
0.0,0.000
0.0,0.000
0.0,0.000
0.0,0.000
0.0,0.000
0.0,0.000
0.0,0.000
0.0,0.000
0.0,0.000
0.0,0.000
0.0,0.000
0.0,0.000
0.0,0.000
0.0,0.000
0.0,0.000
0.0,0.000
0.0,0.000
0.0,0.000
0.0,0.000
0.0,0.000
0.0,0.000
0.0,0.000
0.0,0.000
0.0,0.000
0.0,0.000
0.0,0.000
0.0,0.000
0.0,0.000
0.0,0.000
0.0,0.000
0.0,0.000
0.0,0.000
0.0,0.000
0.0,0.000
0.0,0.000
0.0,0.000
0.0,0.000
0.0,0.000
0.0,0.000
0.0,0.000
0.0,0.000
0.0,0.000
0.0,0.000
0.0,0.000
0.0,0.000
0.0,0.000
0.0,0.000
0.0,0.000
0.0,0.000
0.0,0.000
0.0,0.000
0.0,0.000
0.0,0.000
0.0,0.000
0.0,0.000
0.0,0.000
0.0,0.000
0.0,0.000
0.0,0.000
0.0,0.000
0.0,0.000
0.0,0.000
0.0,0.000
0.0,0.000
0.0,0.000
0.0,0.000
0.0,0.000
0.0,0.000
0.0,0.000
0.0,0.000
0.0,0.000
0.0,0.000
0.0,0.000
0.0,0.000
0.0,0.000
0.0,0.000
0.0,0.000
0.0,0.000
0.0,0.000
0.0,0.000
0.0,0.000
0.0,0.000
0.0,0.000
0.0,0.000
0.0,0.000
0.0,0.000
0.0,0.000
0.0,0.000
0.0,0.000
0.0,0.000
0.0,0.000
0.0,0.000
0.0,0.000
0.0,0.000
0.0,0.000
0.0,0.000
0.0,0.000
0.0,0.000
0.0,0.000
0.0,0.000
0.0,0.000
0.0,0.000
0.0,0.000
0.0,0.000
0.0,0.000
0.0,0.000
0.0,0.000
0.0,0.000
0.0,0.000
0.0,0.000
0.0,0.000
0.0,0.000
0.0,0.000
0.0,0.000
0.0,0.000
0.0,0.000
0.0,0.000
0.0,0.000
0.0,0.000
0.0,0.000
0.0,0.000
0.0,0.000
0.0,0.000
0.0,0.000
0.0,0.000
0.0,0.000
0.0,0.000
0.0,0.000
0.0,0.000
0.0,0.000
0.0,0.000
0.0,0.000
0.0,0.000
0.0,0.000
0.0,0.000
0.0,0.000
0.0,0.000
0.0,0.000
0.0,0.000
0.0,0.000
0.0,0.000
0.0,0.000
0.0,0.000
0.0,0.000
0.0,0.000
0.0,0.000
0.0,0.000
0.0,0.000
0.0,0.000
0.0,0.000
0.0,0.000
0.0,0.000
0.0,0.000
0.0,0.000
0.0,0.000
0.0,0.000
0.0,0.000
0.0,0.000
0.0,0.000
0.0,0.000
0.0,0.000
0.0,0.000
0.0,0.000
0.0,0.000
0.0,0.000
0.0,0.000
0.0,0.000
0.0,0.000
0.0,0.000
0.0,0.000
0.0,0.000
0.0,0.000
0.0,0.000
0.0,0.000
0.0,0.000
0.0,0.000
0.0,0.000
0.0,0.000
0.0,0.000
0.0,0.000
0.0,0.000
0.0,0.000
0.0,0.000
0.0,0.000
0.0,0.000
0.0,0.000
0.0,0.000
0.0,0.000
0.0,0.000
0.0,0.000
0.0,0.000
0.0,0.000
0.0,0.000
0.0,0.000
0.0,0.000
0.0,0.000
0.0,0.000
0.0,0.000
0.0,0.000
0.0,0.000
0.0,0.000
0.0,0.000
0.0,0.000
0.0,0.000
0.0,0.000
0.0,0.000
0.0,0.000
0.0,0.000
0.0,0.000
0.0,0.000
0.0,0.000
0.0,0.000
0.0,0.000
0.0,0.000
0.0,0.000
0.0,0.000
0.0,0.000
0.0,0.000
0.0,0.000
0.0,0.000
0.0,0.000
0.0,0.000
0.0,0.000
0.0,0.000
0.0,0.000
0.0,0.000
0.0,0.000
0.0,0.000
0.0,0.000
0.0,0.000
0.0,0.000
0.0,0.000
0.0,0.000
0.0,0.000
0.0,0.000
0.0,0.000
0.0,0.000
0.0,0.000
0.0,0.000
0.1,0.000
0.1,0.000
0.1,0.000
0.1,0.000
0.0,0.000
0.0,0.000
-0.1,0.000
-0.1,0.000
-0.2,0.000
-0.2,0.000
-0.3,0.000
-0.3,0.000
-0.2,0.000
-0.2,0.000
-0.1,0.000
0.0,0.000
0.1,0.000
0.2,0.000
0.3,0.000
0.4,0.000
0.5,0.000
0.5,0.000
0.5,0.000
0.4,0.000
0.3,0.000
0.1,0.000
0.0,0.000
-0.2,0.000
-0.3,0.000
-0.4,0.000
-0.5,0.000
-0.5,0.000
-0.5,0.000
-0.5,0.000
-0.3,0.000
-0.2,0.000
0.0,0.000
0.2,0.000
0.4,0.000
0.6,0.000
0.7,0.000
0.7,0.000
0.7,0.000
0.6,0.000
0.4,0.000
0.3,0.000
0.1,0.000
-0.1,0.000
-0.3,0.000
-0.5,0.000
-0.6,0.000
-0.6,0.000
-0.6,0.000
-0.5,0.000
-0.3,0.000
-0.1,0.000
0.1,0.000
0.3,0.000
0.5,0.000
0.6,0.000
0.7,0.000
0.7,0.000
0.6,0.000
0.4,0.000
0.2,0.000
0.0,0.000
-0.3,0.000
-0.5,0.000
-0.6,0.000
-0.7,0.000
-0.7,0.000
-0.6,0.000
-0.4,0.000
-0.2,0.000
0.1,0.000
0.3,0.000
0.6,0.000
0.7,0.000
0.9,0.000
0.9,0.000
0.8,0.000
0.6,0.000
0.4,0.000
0.1,0.000
-0.1,0.000
-0.4,0.000
-0.6,0.000
-0.8,0.000
-0.9,0.000
-0.9,0.000
-0.7,0.000
-0.6,0.000
-0.3,0.000
0.0,0.000
0.3,0.000
0.6,0.000
0.8,0.000
1.0,0.000
1.0,0.000
1.0,0.000
0.8,0.000
0.6,0.000
0.3,0.000
0.0,0.000
-0.3,0.000
-0.6,0.000
-0.8,0.000
-0.9,0.000
-1.0,0.000
-0.9,0.000
-0.7,0.000
-0.4,0.000
-0.1,0.000
0.2,0.000
0.5,0.000
0.8,0.000
0.9,0.000
1.0,0.000
1.0,0.000
0.9,0.000
0.7,0.000
0.5,0.000
0.2,0.000
-0.2,0.000
-0.5,0.000
-0.7,0.000
-0.9,0.000
-1.0,0.000
-1.0,0.000
-0.8,0.000
-0.6,0.000
-0.3,0.000
0.0,0.000
0.3,0.000
0.6,0.000
0.9,0.000
1.0,0.000
1.1,0.000
1.1,0.000
0.9,0.000
0.7,0.000
0.4,0.000
0.1,0.000
-0.2,0.000
-0.5,0.000
-0.8,0.000
-0.9,0.000
-1.0,0.000
-1.0,0.000
-0.8,0.000
-0.6,0.000
-0.4,0.000
-0.1,0.000
0.2,0.000
0.5,0.000
0.7,0.000
0.9,0.000
0.9,0.000
0.9,0.000
0.8,0.000
0.6,0.000
0.4,0.000
0.1,0.000
-0.2,0.000
-0.4,0.000
-0.6,0.000
-0.8,0.000
-0.8,0.000
-0.8,0.000
-0.7,0.000
-0.5,0.000
-0.3,0.000
0.0,0.000
0.2,0.000
0.5,0.000
0.7,0.000
0.8,0.000
0.8,0.000
0.8,0.000
0.7,0.000
0.5,0.000
0.3,0.000
0.1,0.000
-0.2,0.000
-0.4,0.000
-0.6,0.000
-0.7,0.000
-0.7,0.000
-0.7,0.000
-0.6,0.000
-0.4,0.000
-0.2,0.000
0.0,0.000
0.2,0.000
0.4,0.000
0.6,0.000
0.6,0.000
0.6,0.000
0.6,0.000
0.5,0.000
0.4,0.000
0.2,0.000
0.0,0.000
-0.2,0.000
-0.3,0.000
-0.4,0.000
-0.5,0.000
-0.5,0.000
-0.5,0.000
-0.4,0.000
-0.2,0.000
-0.1,0.000
0.1,0.000
0.3,0.000
0.4,0.000
0.6,0.000
0.6,0.000
0.6,0.000
0.5,0.000
0.4,0.000
0.3,0.000
0.1,0.000
-0.1,0.000
-0.2,0.000
-0.4,0.000
-0.4,0.000
-0.4,0.000
-0.4,0.000
-0.4,0.000
-0.3,0.000
-0.1,0.000
0.0,0.000
0.2,0.000
0.3,0.000
0.4,0.000
0.5,0.000
0.5,0.000
0.5,0.000
0.4,0.000
0.3,0.000
0.2,0.000
0.0,0.000
-0.1,0.000
-0.3,0.000
-0.4,0.000
-0.5,0.000
-0.5,0.000
-0.4,0.000
-0.3,0.000
-0.2,0.000
0.0,0.000
0.1,0.000
0.3,0.000
0.4,0.000
0.5,0.000
0.5,0.000
0.5,0.000
0.5,0.000
0.4,0.000
0.2,0.000
0.1,0.000
0.0,0.000
-0.2,0.000
-0.3,0.000
-0.4,0.000
-0.4,0.000
-0.4,0.000
-0.4,0.000
-0.3,0.000
-0.1,0.000
0.0,0.000
0.2,0.000
0.3,0.000
0.4,0.000
0.5,0.000
0.5,0.000
0.5,0.000
0.4,0.000
0.3,0.000
0.2,0.000
0.1,0.000
-0.1,0.000
-0.2,0.000
-0.3,0.000
-0.4,0.000
-0.4,0.000
-0.4,0.000
-0.3,0.000
-0.2,0.000
-0.1,0.000
0.0,0.000
0.2,0.000
0.3,0.000
0.4,0.000
0.4,0.000
0.4,0.000
0.4,0.000
0.3,0.000
0.2,0.000
0.1,0.000
0.0,0.000
-0.1,0.000
-0.2,0.000
-0.3,0.000
-0.3,0.000
-0.3,0.000
-0.3,0.000
-0.2,0.000
-0.1,0.000
-0.1,0.000
0.1,0.000
0.2,0.000
0.3,0.000
0.3,0.000
0.4,0.000
0.4,0.000
0.4,0.000
0.3,0.000
0.2,0.000
0.1,0.000
0.0,0.000
-0.2,0.000
-0.2,0.000
-0.3,0.000
-0.3,0.000
-0.3,0.000
-0.3,0.000
-0.2,0.000
-0.1,0.000
0.0,0.000
0.1,0.000
0.2,0.000
0.3,0.000
0.4,0.000
0.4,0.000
0.4,0.000
0.4,0.000
0.3,0.000
0.2,0.000
0.1,0.000
0.0,0.000
-0.1,0.000
-0.2,0.000
-0.2,0.000
-0.2,0.000
-0.2,0.000
-0.2,0.000
-0.2,0.000
-0.1,0.000
0.0,0.000
0.1,0.000
0.2,0.000
0.2,0.000
0.3,0.000
0.3,0.000
0.3,0.000
0.3,0.000
0.2,0.000
0.1,0.000
0.0,0.000
-0.1,0.000
-0.2,0.000
-0.2,0.000
-0.3,0.000
-0.3,0.000
-0.3,0.000
-0.3,0.000
-0.2,0.000
-0.1,0.000
0.0,0.000
0.2,0.000
0.3,0.000
0.4,0.000
0.4,0.000
0.5,0.000
0.5,0.000
0.4,0.000
0.3,0.000
0.2,0.000
0.1,0.000
-0.1,0.000
-0.2,0.000
-0.3,0.000
-0.3,0.000
-0.3,0.000
-0.3,0.000
-0.3,0.000
-0.2,0.000
-0.1,0.000
0.0,0.000
0.1,0.000
0.2,0.000
0.3,0.000
0.4,0.000
0.4,0.000
0.4,0.000
0.4,0.000
0.2,0.000
0.1,0.000
0.0,0.000
-0.1,0.000
-0.2,0.000
-0.2,0.000
-0.3,0.000
-0.3,0.000
-0.2,0.000
-0.2,0.000
-0.1,0.000
0.0,0.000
0.1,0.000
0.2,0.000
0.3,0.000
0.3,0.000
0.3,0.000
0.3,0.000
0.3,0.000
0.2,0.000
0.1,0.000
0.0,0.000
-0.1,0.000
-0.2,0.000
-0.2,0.000
-0.2,0.000
-0.3,0.000
-0.2,0.000
-0.2,0.000
-0.1,0.000
-0.1,0.000
0.0,0.000
0.1,0.000
0.2,0.000
0.2,0.000
0.3,0.000
0.3,0.000
0.3,0.000
0.2,0.000
0.2,0.000
0.1,0.000
0.0,0.000
-0.1,0.000
-0.1,0.000
-0.2,0.000
-0.2,0.000
-0.2,0.000
-0.2,0.000
-0.1,0.000
0.0,0.000
0.0,0.000
0.1,0.000
0.1,0.000
0.2,0.000
0.3,0.000
0.3,0.000
0.3,0.000
0.2,0.000
0.2,0.000
0.1,0.000
0.1,0.000
0.0,0.000
-0.1,0.000
-0.2,0.000
-0.2,0.000
-0.2,0.000
-0.2,0.000
-0.2,0.000
-0.2,0.000
-0.1,0.000
0.0,0.000
0.1,0.000
0.2,0.000
0.2,0.000
0.2,0.000
0.3,0.000
0.3,0.000
0.3,0.000
0.2,0.000
0.2,0.000
0.1,0.000
0.0,0.000
-0.1,0.005
-0.1,0.005
-0.1,0.005
-0.2,0.005
-0.2,0.005
-0.2,0.005
-0.1,0.005
0.0,0.005
0.0,0.005
0.1,0.005
0.2,0.005
0.2,0.005
0.2,0.005
0.2,0.005
0.2,0.005
0.2,0.005
0.1,0.005
0.1,0.005
0.0,0.005
0.0,0.005
-0.1,0.005
-0.1,0.005
-0.2,0.005
-0.2,0.005
-0.1,0.005
-0.1,0.005
0.0,0.005
0.0,0.005
0.1,0.005
0.2,0.005
0.2,0.005
0.2,0.005
0.2,0.005
0.2,0.005
0.2,0.005
0.2,0.005
0.1,0.005
0.1,0.005
0.0,0.005
0.0,0.005
0.0,0.005
-0.1,0.005
-0.1,0.005
-0.1,0.005
-0.1,0.005
-0.1,0.005
-0.1,0.005
0.0,0.005
0.0,0.005
0.1,0.005
0.1,0.005
0.2,0.005
0.2,0.005
0.2,0.005
0.2,0.005
0.2,0.005
0.2,0.005
0.0,0.005
0.0,0.005
-0.1,0.005
-0.1,0.005
-0.1,0.005
-0.1,0.005
-0.1,0.005
-0.1,0.005
-0.1,0.005
0.0,0.005
0.0,0.005
0.1,0.005
0.1,0.005
0.1,0.005
0.2,0.005
0.2,0.005
0.2,0.005
0.2,0.005
0.1,0.005
0.1,0.005
0.0,0.005
-0.1,0.005
-0.1,0.005
-0.1,0.005
-0.1,0.005
-0.1,0.005
-0.1,0.005
-0.1,0.005
0.0,0.005
0.0,0.005
0.0,0.005
0.1,0.005
0.1,0.005
0.2,0.005
0.2,0.005
0.2,0.005
0.2,0.005
0.2,0.005
0.1,0.005
0.1,0.005
0.0,0.005
0.0,0.005
-0.1,0.005
-0.1,0.005
-0.1,0.005
-0.1,0.005
-0.1,0.005
-0.1,0.005
0.0,0.005
0.0,0.005
0.1,0.005
0.1,0.005
0.1,0.005
0.1,0.005
0.1,0.005
0.1,0.005
0.1,0.005
0.1,0.005
0.0,0.005
0.0,0.005
0.0,0.005
0.0,0.005
-0.1,0.005
-0.1,0.005
-0.1,0.005
-0.1,0.005
-0.1,0.005
-0.1,0.005
-0.1,0.005
0.0,0.005
0.0,0.005
0.1,0.005
0.1,0.005
0.2,0.005
0.2,0.005
0.2,0.005
0.2,0.005
0.2,0.005
0.1,0.005
0.1,0.005
0.0,0.005
0.0,0.005
-0.1,0.005
-0.1,0.005
-0.1,0.005
-0.1,0.005
-0.1,0.005
-0.1,0.005
-0.1,0.005
0.0,0.005
0.1,0.005
0.1,0.005
0.1,0.005
0.1,0.005
0.1,0.005
0.1,0.005
0.1,0.005
0.1,0.005
0.0,0.005
0.0,0.005
-0.1,0.005
-0.1,0.005
-0.1,0.005
-0.1,0.005
-0.1,0.005
-0.1,0.005
-0.1,0.005
0.0,0.005
0.0,0.005
0.1,0.005
0.1,0.005
0.1,0.005
0.2,0.005
0.2,0.005
0.1,0.005
0.1,0.005
0.1,0.005
0.1,0.005
0.1,0.005
0.0,0.005
0.0,0.005
0.0,0.005
-0.1,0.005
-0.1,0.005
-0.1,0.005
-0.1,0.005
-0.1,0.005
-0.1,0.005
0.0,0.005
0.0,0.005
0.1,0.005
0.1,0.005
0.1,0.005
0.1,0.005
0.1,0.005
0.1,0.005
0.1,0.005
0.1,0.005
0.0,0.005
0.0,0.005
0.0,0.005
-0.1,0.005
-0.1,0.005
-0.1,0.005
-0.1,0.005
-0.1,0.005
-0.1,0.005
-0.1,0.005
-0.1,0.005
0.0,0.005
0.0,0.005
0.1,0.005
0.1,0.005
0.1,0.005
0.1,0.005
0.1,0.005
0.1,0.005
0.1,0.005
0.0,0.005
0.0,0.005
0.0,0.005
0.0,0.005
0.0,0.005
0.0,0.005
0.0,0.005
0.0,0.005
0.0,0.005
0.0,0.005
0.0,0.005
0.1,0.005
0.1,0.005
0.1,0.005
0.1,0.005
0.1,0.005
0.1,0.005
0.1,0.005
0.1,0.005
0.1,0.005
0.0,0.005
0.0,0.005
0.0,0.005
0.0,0.005
-0.1,0.005
-0.1,0.005
-0.1,0.005
0.0,0.005
0.0,0.005
0.0,0.005
0.1,0.005
0.1,0.005
0.1,0.005
0.1,0.005
0.1,0.005
0.1,0.005
0.1,0.005
0.1,0.005
0.1,0.005
0.1,0.005
0.0,0.005
0.0,0.005
0.0,0.005
0.0,0.005
0.0,0.005
0.0,0.005
0.0,0.005
0.0,0.005
0.0,0.005
0.0,0.005
0.0,0.005
0.1,0.005
0.1,0.005
0.1,0.005
0.1,0.005
0.1,0.005
0.1,0.005
0.1,0.005
0.1,0.005
0.1,0.005
0.1,0.005
0.1,0.005
0.0,0.005
0.0,0.005
0.0,0.005
0.0,0.005
0.0,0.005
0.0,0.005
0.0,0.005
0.0,0.005
0.0,0.005
0.1,0.005
0.1,0.005
0.1,0.005
0.1,0.005
0.1,0.005
0.1,0.005
0.1,0.005
0.0,0.005
0.0,0.005
0.0,0.005
0.0,0.005
0.0,0.005
0.0,0.005
0.0,0.005
0.0,0.005
0.0,0.005
0.0,0.005
0.0,0.005
0.0,0.005
0.0,0.005
0.0,0.005
0.0,0.005
0.0,0.005
0.1,0.005
0.1,0.005
0.1,0.005
0.1,0.005
0.1,0.005
0.1,0.005
0.1,0.005
0.1,0.005
0.1,0.005
0.0,0.005
0.0,0.005
0.0,0.005
0.0,0.005
0.0,0.005
0.0,0.005
0.0,0.005
0.0,0.005
0.1,0.005
0.1,0.005
0.1,0.005
0.1,0.005
0.1,0.005
0.1,0.005
0.1,0.005
0.1,0.005
0.1,0.005
0.1,0.005
0.0,0.005
0.0,0.005
0.0,0.005
0.0,0.005
0.0,0.005
0.0,0.005
0.0,0.005
0.0,0.005
0.0,0.005
0.0,0.005
0.0,0.005
0.0,0.005
0.0,0.005
0.0,0.005
0.0,0.005
0.0,0.005
0.0,0.005
0.0,0.005
0.0,0.005
0.0,0.005
0.0,0.005
0.0,0.005
0.0,0.005
0.0,0.005
0.0,0.005
0.0,0.005
0.0,0.005
0.1,0.005
0.1,0.005
0.1,0.005
0.1,0.005
0.1,0.005
0.1,0.005
0.1,0.005
0.1,0.005
0.1,0.005
0.1,0.005
0.1,0.005
0.1,0.005
0.1,0.005
0.1,0.005
0.1,0.005
0.1,0.005
0.1,0.005
0.1,0.005
0.1,0.005
0.1,0.005
0.1,0.005
0.1,0.005
0.1,0.005
0.1,0.005
0.1,0.005
0.1,0.005
0.1,0.005
0.1,0.005
0.1,0.005
0.0,0.005
0.0,0.005
0.0,0.005
0.0,0.005
0.0,0.005
0.0,0.005
0.0,0.005
0.0,0.005
0.0,0.005
0.0,0.005
0.0,0.005
0.0,0.005
0.0,0.005
0.0,0.005
0.0,0.005
0.0,0.005
0.0,0.005
0.0,0.005
0.0,0.005
0.0,0.005
0.0,0.005
0.0,0.005
0.0,0.005
0.0,0.005
0.0,0.005
0.0,0.005
0.0,0.005
0.0,0.005
0.0,0.005
0.0,0.005
0.0,0.005
0.0,0.005
0.0,0.005
0.0,0.005
0.0,0.005
0.0,0.005
0.0,0.005
0.0,0.005
0.0,0.005
0.0,0.005
0.0,0.005
0.0,0.005
0.0,0.005
0.0,0.005
0.0,0.005
0.0,0.005
0.0,0.005
0.0,0.005
0.0,0.005
0.0,0.005
0.0,0.005
0.0,0.005
0.0,0.005
0.0,0.005
0.0,0.005
0.0,0.005
0.0,0.005
0.0,0.005
0.0,0.005
0.0,0.005
0.0,0.005
0.0,0.005
0.0,0.005
0.0,0.005
0.0,0.005
0.0,0.005
0.0,0.005
0.0,0.005
0.0,0.005
0.1,0.005
0.1,0.005
0.1,0.005
0.1,0.005
0.1,0.005
0.0,0.005
0.0,0.005
0.0,0.005
0.0,0.005
0.0,0.005
0.0,0.005
0.0,0.005
0.0,0.005
0.0,0.005
0.0,0.005
0.0,0.005
0.0,0.005
0.0,0.005
0.0,0.005
0.0,0.005
0.0,0.005
0.0,0.005
0.0,0.005
0.0,0.005
0.0,0.005
0.0,0.005
0.0,0.005
0.0,0.005
0.0,0.005
0.0,0.005
0.0,0.005
0.0,0.005
0.0,0.005
0.0,0.005
0.0,0.005
0.0,0.005
0.0,0.005
0.0,0.005
0.0,0.005
0.0,0.005
0.0,0.005
0.0,0.005
0.0,0.005
0.0,0.005
0.0,0.005
0.0,0.005
0.0,0.005
0.0,0.005
0.0,0.005
0.0,0.005
0.0,0.005
0.0,0.005
0.0,0.005
0.0,0.005
0.0,0.005
0.0,0.005
0.0,0.005
0.0,0.005
0.0,0.005
0.0,0.005
0.1,0.005
0.1,0.005
0.1,0.005
0.1,0.005
0.1,0.005
0.1,0.005
0.1,0.005
0.1,0.005
0.1,0.005
0.1,0.005
0.1,0.005
0.1,0.005
0.0,0.005
0.0,0.005
0.0,0.005
0.0,0.005
0.0,0.005
0.0,0.005
0.0,0.005
0.0,0.005
0.0,0.005
0.0,0.005
0.0,0.005
0.1,0.005
0.1,0.005
0.1,0.005
0.1,0.005
0.1,0.005
0.1,0.005
0.1,0.005
0.1,0.005
0.1,0.005
0.1,0.005
0.0,0.005
0.0,0.005
0.0,0.005
0.0,0.005
0.0,0.005
0.0,0.005
0.0,0.005
0.0,0.005
0.0,0.005
0.0,0.005
0.0,0.005
0.0,0.005
0.0,0.005
0.0,0.005
0.0,0.005
0.0,0.005
0.0,0.005
0.0,0.005
0.0,0.005
0.0,0.005
0.0,0.005
0.0,0.005
0.0,0.005
0.0,0.005
0.0,0.005
0.0,0.005
0.0,0.005
0.0,0.005
0.0,0.005
0.0,0.005
0.0,0.005
0.0,0.005
0.0,0.005
0.0,0.005
0.0,0.005
0.0,0.005
0.0,0.005
0.0,0.005
0.0,0.005
0.0,0.005
0.0,0.005
0.0,0.005
0.0,0.005
0.0,0.005
0.0,0.005
0.0,0.005
0.0,0.005
0.0,0.005
0.0,0.005
0.0,0.005
0.0,0.005
0.0,0.005
0.0,0.005
0.0,0.005
0.0,0.005
0.0,0.005
0.0,0.005
0.0,0.005
0.0,0.005
0.0,0.005
0.0,0.005
0.0,0.005
0.0,0.005
0.0,0.005
0.0,0.005
0.0,0.005
0.0,0.005
0.0,0.005
0.0,0.005
0.0,0.005
0.0,0.005
0.0,0.005
0.0,0.005
0.0,0.005
0.0,0.005
0.0,0.005
0.0,0.005
0.0,0.005
0.0,0.005
0.0,0.005
0.0,0.005
0.0,0.005
0.0,0.005
0.0,0.005
0.0,0.005
0.0,0.005
0.0,0.005
0.0,0.005
0.0,0.005
0.0,0.005
0.0,0.005
0.0,0.005
0.0,0.005
0.0,0.005
0.0,0.005
0.0,0.005
0.0,0.005
0.0,0.005
0.0,0.005
0.0,0.005
0.0,0.005
0.0,0.005
0.0,0.005
0.0,0.005
0.0,0.005
0.0,0.005
0.0,0.005
0.0,0.005
0.0,0.005
0.0,0.005
0.0,0.005
0.0,0.005
0.0,0.005
0.0,0.005
0.0,0.005
0.0,0.005
0.0,0.005
0.0,0.005
0.0,0.005
0.0,0.005
0.0,0.005
0.1,0.005
0.1,0.005
0.1,0.005
0.1,0.005
0.1,0.005
0.1,0.005
0.1,0.005
0.1,0.005
0.1,0.005
0.0,0.005
0.0,0.005
0.0,0.005
0.0,0.005
0.0,0.005
0.0,0.005
0.0,0.005
0.0,0.005
0.0,0.005
0.0,0.005
0.0,0.005
0.0,0.005
0.0,0.005
0.0,0.005
0.0,0.005
0.0,0.005
0.0,0.005
0.0,0.005
0.0,0.005
0.0,0.005
0.0,0.005
0.0,0.005
0.0,0.005
0.0,0.005
0.1,0.005
0.1,0.005
0.1,0.005
0.1,0.005
0.1,0.005
0.1,0.005
0.1,0.005
0.1,0.005
0.1,0.005
0.1,0.005
0.1,0.005
0.1,0.005
0.1,0.005
0.1,0.005
0.1,0.005
0.1,0.005
0.1,0.005
0.1,0.005
0.0,0.005
0.0,0.005
0.0,0.005
0.0,0.005
0.0,0.005
0.0,0.005
0.0,0.005
0.0,0.005
0.0,0.005
0.0,0.005
0.0,0.005
0.0,0.005
0.0,0.005
0.0,0.005
0.0,0.005
0.0,0.005
0.0,0.005
0.0,0.005
0.0,0.005
0.0,0.005
0.0,0.005
0.0,0.005
0.0,0.005
0.0,0.005
0.0,0.005
0.0,0.005
0.0,0.005
0.0,0.005
0.0,0.005
0.0,0.005
0.0,0.005
0.0,0.005
0.0,0.005
0.0,0.005
0.0,0.005
0.0,0.005
0.0,0.005
0.0,0.005
0.0,0.005
0.0,0.005
0.0,0.005
0.0,0.005
0.0,0.005
0.0,0.005
0.0,0.005
0.0,0.005
0.0,0.005
0.0,0.005
0.0,0.005
0.0,0.005
0.0,0.005
0.0,0.005
0.0,0.005
0.0,0.005
0.0,0.005
0.0,0.005
0.0,0.005
0.0,0.005
0.0,0.005
0.0,0.005
0.0,0.005
0.0,0.005
0.0,0.005
0.0,0.005
0.0,0.005
0.0,0.005
0.0,0.005
0.0,0.005
0.0,0.005
0.0,0.005
0.0,0.005
0.0,0.005
0.0,0.005
0.0,0.005
0.0,0.005
0.0,0.005
0.0,0.005
0.0,0.005
0.0,0.005
0.0,0.005
0.0,0.005
0.0,0.005
0.0,0.005
0.0,0.005
0.0,0.005
0.0,0.005
0.0,0.005
0.0,0.005
0.0,0.005
0.0,0.005
0.0,0.005
0.0,0.005
0.0,0.005
0.0,0.005
0.0,0.005
0.0,0.005
0.0,0.005
0.0,0.005
0.0,0.005
0.0,0.005
0.0,0.005
0.0,0.005
0.0,0.005
0.0,0.005
0.0,0.005
0.0,0.005
0.0,0.005
0.0,0.005
0.0,0.005
0.0,0.005
0.0,0.005
0.0,0.005
0.0,0.005
0.0,0.005
0.0,0.005
0.0,0.005
0.0,0.005
0.0,0.005
0.0,0.005
0.0,0.005
0.0,0.005
0.0,0.005
0.0,0.005
0.0,0.005
0.0,0.005
0.0,0.005
0.0,0.005
0.0,0.005
0.0,0.005
0.0,0.005
0.0,0.005
0.0,0.005
0.0,0.005
0.0,0.005
0.0,0.005
0.0,0.005
0.0,0.005
0.0,0.005
0.0,0.005
0.0,0.005
0.0,0.005
0.0,0.005
0.0,0.005
0.0,0.005
0.0,0.005
0.0,0.005
0.0,0.005
0.0,0.005
0.0,0.005
0.0,0.005
0.0,0.005
0.0,0.005
0.0,0.005
0.0,0.005
0.0,0.005
0.0,0.005
0.0,0.005
0.0,0.005
0.0,0.005
0.0,0.005
0.0,0.005
0.0,0.005
0.0,0.005
0.0,0.005
0.0,0.005
0.0,0.005
0.0,0.005
0.0,0.005
0.0,0.005
0.0,0.005
0.0,0.005
0.0,0.005
0.0,0.005
0.0,0.005
0.0,0.005
0.0,0.005
0.0,0.005
0.0,0.005
0.0,0.005
0.0,0.005
0.0,0.005
0.0,0.005
0.0,0.005
0.0,0.005
0.0,0.005
0.0,0.005
0.0,0.005
0.1,0.005
0.1,0.005
0.1,0.005
0.1,0.005
0.1,0.005
0.1,0.005
0.1,0.005
0.1,0.005
0.0,0.005
0.0,0.005
0.0,0.005
0.0,0.005
0.0,0.005
0.0,0.005
0.0,0.005
0.0,0.005
0.0,0.005
0.0,0.005
0.0,0.005
0.0,0.005
0.0,0.005
0.0,0.005
0.0,0.005
0.0,0.005
0.0,0.005
0.0,0.005
0.0,0.005
0.0,0.005
0.0,0.005
0.0,0.005
0.0,0.005
0.0,0.005
0.0,0.005
0.0,0.005
0.0,0.005
0.0,0.005
0.0,0.005
0.1,0.005
0.1,0.005
0.1,0.005
0.1,0.005
0.1,0.005
0.1,0.005
0.1,0.005
0.0,0.005
0.0,0.005
0.0,0.005
0.0,0.005
0.0,0.005
0.0,0.005
0.0,0.005
0.0,0.005
0.0,0.005
0.0,0.005
0.0,0.005
0.0,0.005
0.0,0.005
0.0,0.005
0.0,0.005
0.0,0.005
0.0,0.005
0.0,0.005
0.0,0.005
0.0,0.005
0.0,0.005
0.0,0.005
0.0,0.005
0.0,0.005
0.0,0.005
0.0,0.005
0.0,0.005
0.0,0.005
0.0,0.005
0.0,0.005
0.0,0.005
0.0,0.005
0.0,0.005
0.0,0.005
0.0,0.005
0.0,0.005
0.0,0.005
0.0,0.005
0.0,0.005
0.0,0.005
0.0,0.005
0.0,0.005
0.0,0.005
0.0,0.005
0.0,0.005
0.0,0.005
0.0,0.005
0.0,0.005
0.0,0.005
0.0,0.005
0.0,0.005
0.0,0.005
0.0,0.005
0.0,0.005
0.0,0.005
0.0,0.005
0.0,0.005
0.0,0.005
0.1,0.005
0.1,0.005
0.1,0.005
0.1,0.005
0.1,0.005
0.1,0.005
0.1,0.005
0.0,0.005
0.0,0.005
0.0,0.005
0.0,0.005
0.0,0.005
0.0,0.005
0.0,0.005
0.0,0.005
0.0,0.005
0.0,0.005
0.0,0.005
0.0,0.005
0.0,0.005
0.0,0.005
0.0,0.005
0.0,0.005
0.0,0.005
0.0,0.005
0.0,0.005
0.0,0.005
0.0,0.005
0.0,0.005
0.0,0.005
0.0,0.005
0.0,0.005
0.0,0.005
0.0,0.005
0.0,0.005
0.0,0.005
0.0,0.005
0.0,0.005
0.0,0.005
0.0,0.005
0.0,0.005
0.0,0.005
0.0,0.005
0.0,0.005
0.0,0.005
0.0,0.005
0.0,0.005
0.0,0.005
0.0,0.005
0.0,0.005
0.0,0.005
0.0,0.005
0.0,0.005
0.0,0.005
0.0,0.005
0.0,0.005
0.0,0.005
0.0,0.005
0.0,0.005
0.0,0.005
0.0,0.005
0.0,0.005
0.0,0.005
0.0,0.005
0.0,0.005
0.0,0.005
0.0,0.005
0.0,0.005
0.0,0.005
0.0,0.005
0.0,0.005
0.0,0.005
0.0,0.005
0.0,0.005
0.0,0.005
0.0,0.005
0.0,0.005
0.0,0.005
0.0,0.005
0.0,0.005
0.0,0.005
0.1,0.005
0.1,0.005
0.1,0.005
0.1,0.005
0.1,0.005
0.1,0.005
0.1,0.005
0.1,0.005
0.1,0.005
0.1,0.005
0.1,0.005
0.1,0.005
0.1,0.005
0.1,0.005
0.1,0.005
0.1,0.005
0.1,0.005
0.1,0.005
0.1,0.005
0.1,0.005
0.1,0.005
0.1,0.005
0.1,0.005
0.1,0.005
0.1,0.005
-0.1,0.005
0.0,0.005
0.0,0.005
0.0,0.005
0.0,0.005
0.0,0.005
0.0,0.005
0.0,0.005
0.0,0.005
0.0,0.005
0.0,0.005
0.0,0.005
0.0,0.005
0.0,0.005
0.0,0.005
0.0,0.005
0.0,0.005
0.0,0.005
0.0,0.005
0.0,0.005
0.0,0.005
0.0,0.005
0.0,0.005
0.0,0.005
0.0,0.005
0.0,0.005
0.0,0.005
0.0,0.005
0.0,0.005
0.0,0.005
0.0,0.005
0.0,0.005
0.0,0.005
0.0,0.005
0.0,0.005
0.0,0.005
0.0,0.005
0.0,0.005
0.0,0.005
0.0,0.005
0.0,0.005
0.0,0.005
0.0,0.005
0.0,0.005
0.0,0.005
0.0,0.005
0.0,0.005
0.0,0.005
0.0,0.005
0.0,0.005
0.0,0.005
0.0,0.005
0.0,0.005
0.0,0.005
0.0,0.005
0.0,0.005
0.0,0.005
0.0,0.005
0.0,0.005
0.0,0.005
0.0,0.005
0.0,0.005
0.0,0.005
0.0,0.005
0.0,0.005
0.0,0.005
0.0,0.005
0.0,0.005
0.0,0.005
0.0,0.005
0.0,0.005
0.0,0.005
0.0,0.005
0.0,0.005
0.0,0.005
0.0,0.005
0.0,0.005
0.0,0.005
0.0,0.005
0.0,0.005
0.0,0.005
0.0,0.005
0.0,0.005
0.0,0.005
0.0,0.005
0.0,0.005
0.0,0.005
0.0,0.005
0.0,0.005
0.0,0.005
0.0,0.005
0.0,0.005
0.0,0.005
0.0,0.005
0.0,0.005
0.0,0.005
0.0,0.005
0.0,0.005
0.0,0.005
0.0,0.005
0.0,0.005
0.0,0.005
0.0,0.005
0.0,0.005
0.0,0.005
0.0,0.005
0.0,0.005
0.0,0.005
0.0,0.005
0.0,0.005
0.0,0.005
0.0,0.005
0.0,0.005
0.0,0.005
0.0,0.005
0.0,0.005
0.0,0.005
0.0,0.005
0.0,0.005
0.0,0.005
0.0,0.005
0.0,0.005
0.0,0.005
0.0,0.005
0.1,0.005
0.1,0.005
0.1,0.005
0.1,0.005
0.1,0.005
0.1,0.005
0.1,0.005
0.1,0.005
0.1,0.005
0.0,0.005
0.0,0.005
0.0,0.005
0.0,0.005
0.0,0.005
0.0,0.005
0.0,0.005
0.1,0.005
0.1,0.005
0.1,0.005
0.1,0.005
0.1,0.005
0.1,0.005
0.1,0.005
0.1,0.005
0.1,0.005
0.1,0.005
0.0,0.005
0.0,0.005
0.0,0.005
0.0,0.005
0.0,0.005
0.0,0.005
0.0,0.005
0.0,0.005
0.0,0.005
0.0,0.005
0.0,0.005
0.0,0.005
0.0,0.005
0.0,0.005
0.0,0.005
0.0,0.005
0.0,0.005
0.0,0.005
0.0,0.005
0.0,0.005
0.0,0.005
0.0,0.005
0.0,0.005
0.0,0.005
0.0,0.005
0.0,0.005
0.0,0.005
0.0,0.005
0.0,0.005
0.0,0.005
0.0,0.005
0.0,0.005
0.0,0.005
0.0,0.005
0.0,0.005
0.0,0.005
0.0,0.005
0.0,0.005
0.0,0.005
0.0,0.005
0.0,0.005
0.0,0.005
0.0,0.005
0.0,0.005
0.0,0.005
0.0,0.005
0.0,0.005
0.0,0.005
0.0,0.005
0.0,0.005
0.0,0.005
0.0,0.005
0.0,0.005
0.0,0.005
0.0,0.005
0.1,0.005
0.1,0.005
0.1,0.005
0.1,0.005
0.1,0.005
0.1,0.005
0.1,0.005
0.1,0.005
0.1,0.005
0.0,0.005
0.0,0.005
0.0,0.005
0.0,0.005
0.0,0.005
0.0,0.005
0.0,0.005
0.0,0.005
0.0,0.005
0.0,0.005
0.0,0.005
0.0,0.005
0.0,0.005
0.0,0.005
0.0,0.005
0.0,0.005
0.0,0.005
0.0,0.005
0.0,0.005
0.0,0.005
0.0,0.005
0.0,0.005
0.0,0.005
0.0,0.005
0.0,0.005
0.0,0.005
0.0,0.005
0.0,0.005
0.0,0.005
0.0,0.005
0.0,0.005
0.0,0.005
0.0,0.005
0.0,0.005
0.0,0.005
0.0,0.005
0.0,0.005
0.0,0.005
0.0,0.005
0.0,0.005
0.0,0.005
0.0,0.005
0.0,0.005
0.0,0.005
0.0,0.005
0.0,0.005
0.0,0.005
0.0,0.005
0.0,0.005
0.0,0.005
0.0,0.005
0.0,0.005
0.0,0.005
0.0,0.005
0.0,0.005
0.0,0.005
0.0,0.005
0.0,0.005
0.0,0.005
0.0,0.005
0.0,0.005
0.0,0.005
0.0,0.005
0.0,0.005
0.0,0.005
0.0,0.005
0.0,0.005
0.0,0.005
0.0,0.005
0.0,0.005
0.0,0.005
0.0,0.005
0.0,0.005
0.0,0.005
0.0,0.005
0.1,0.005
0.1,0.005
0.1,0.005
0.1,0.005
0.1,0.005
0.1,0.005
0.1,0.005
0.1,0.005
0.1,0.005
0.0,0.005
0.0,0.005
0.0,0.005
0.0,0.005
0.0,0.005
0.0,0.005
0.0,0.005
0.0,0.005
0.0,0.005
0.0,0.005
0.0,0.005
0.0,0.005
0.0,0.005
0.0,0.005
0.0,0.005
0.0,0.005
0.0,0.005
0.0,0.005
0.0,0.005
0.0,0.005
0.0,0.005
0.0,0.005
0.0,0.005
0.0,0.005
0.0,0.005
0.0,0.005
0.0,0.005
0.0,0.005
0.0,0.005
0.0,0.005
0.0,0.005
0.0,0.005
0.0,0.005
0.0,0.005
0.0,0.005
0.0,0.005
0.0,0.005
0.0,0.005
0.0,0.005
0.0,0.005
0.0,0.005
0.0,0.005
0.0,0.005
0.0,0.005
0.0,0.005
0.0,0.005
0.0,0.005
0.0,0.005
0.0,0.005
0.0,0.005
0.0,0.005
0.0,0.005
0.0,0.005
0.0,0.005
0.0,0.005
0.0,0.005
0.0,0.005
0.0,0.005
0.0,0.005
0.0,0.005
0.0,0.005
0.0,0.005
0.0,0.005
0.0,0.005
0.0,0.005
0.0,0.005
0.0,0.005
0.0,0.005
0.0,0.005
0.0,0.005
0.0,0.005
0.0,0.005
0.0,0.005
0.0,0.005
0.0,0.005
0.0,0.005
0.0,0.005
0.0,0.005
0.0,0.005
0.0,0.005
0.0,0.005
0.0,0.005
0.0,0.005
0.0,0.005
0.0,0.005
0.0,0.005
0.0,0.005
0.0,0.005
0.0,0.005
0.0,0.005
0.0,0.005
0.0,0.005
0.0,0.005
0.0,0.005
0.0,0.005
0.0,0.005
0.0,0.005
0.0,0.005
0.0,0.005
0.0,0.005
0.0,0.005
0.0,0.005
0.0,0.005
0.0,0.005
0.0,0.005
0.0,0.005
0.0,0.005
0.0,0.005
0.0,0.005
0.0,0.005
0.0,0.005
0.0,0.005
0.0,0.005
0.0,0.005
0.0,0.005
0.0,0.005
0.0,0.005
0.0,0.005
0.0,0.005
0.0,0.005
0.0,0.005
0.0,0.005
0.0,0.005
0.0,0.005
0.0,0.005
0.0,0.005
0.0,0.005
0.1,0.005
0.1,0.005
0.1,0.005
0.1,0.005
0.1,0.005
0.1,0.005
0.1,0.005
0.1,0.005
0.1,0.005
0.1,0.005
0.1,0.005
0.1,0.005
0.0,0.005
0.0,0.005
0.0,0.005
0.0,0.005
0.0,0.005
0.0,0.005
0.0,0.005
0.0,0.005
0.0,0.005
0.0,0.005
0.0,0.005
0.0,0.005
0.0,0.005
0.0,0.005
0.0,0.005
0.0,0.005
0.0,0.005
0.0,0.005
0.0,0.005
0.0,0.005
0.0,0.005
0.0,0.005
0.0,0.005
0.0,0.005
0.0,0.005
0.1,0.005
0.1,0.005
0.1,0.005
0.1,0.005
0.1,0.005
0.1,0.005
0.1,0.005
0.1,0.005
0.1,0.005
0.1,0.005
0.1,0.005
0.0,0.005
0.0,0.005
0.0,0.005
0.0,0.005
0.0,0.005
0.0,0.005
0.0,0.005
0.0,0.005
0.0,0.005
0.0,0.005
0.0,0.005
0.1,0.005
0.1,0.005
0.1,0.005
0.0,0.005
0.0,0.005
-0.1,0.005
-0.1,0.005
-0.1,0.005
-0.1,0.005
-0.1,0.005
-0.1,0.005
-0.1,0.005
-0.1,0.005
0.0,0.005
0.0,0.005
0.1,0.005
0.1,0.005
0.1,0.005
0.1,0.005
0.2,0.005
0.2,0.005
0.1,0.005
0.1,0.005
0.1,0.005
0.1,0.005
0.0,0.005
0.0,0.005
0.0,0.005
0.0,0.005
0.0,0.005
0.0,0.005
0.0,0.005
0.0,0.005
0.0,0.005
0.0,0.005
0.0,0.005
0.0,0.005
0.0,0.005
0.0,0.005
0.0,0.005
0.1,0.005
0.1,0.005
0.1,0.005
0.1,0.005
0.1,0.005
0.1,0.005
0.1,0.005
0.0,0.005
0.0,0.005
0.0,0.005
0.0,0.005
0.0,0.005
0.0,0.005
0.0,0.005
0.0,0.005
0.0,0.005
0.1,0.005
0.1,0.005
0.1,0.005
0.1,0.005
0.1,0.005
0.1,0.005
0.1,0.005
0.1,0.005
0.1,0.005
0.0,0.005
0.0,0.005
0.0,0.005
0.0,0.005
0.0,0.005
0.0,0.005
0.0,0.005
0.0,0.005
0.0,0.005
0.0,0.005
0.0,0.005
0.0,0.005
0.0,0.005
0.0,0.005
0.1,0.005
0.1,0.005
0.1,0.005
0.1,0.005
0.1,0.005
0.1,0.005
0.1,0.005
0.1,0.005
0.1,0.005
0.1,0.005
0.1,0.005
0.1,0.005
0.1,0.005
0.0,0.005
0.0,0.005
0.0,0.005
0.0,0.005
0.0,0.005
0.0,0.005
0.0,0.005
0.0,0.005
0.0,0.005
0.0,0.005
0.0,0.005
0.0,0.005
0.0,0.005
0.0,0.005
0.0,0.005
0.0,0.005
0.0,0.005
0.0,0.005
0.0,0.005
0.0,0.005
0.0,0.005
0.0,0.005
0.0,0.005
0.0,0.005
0.0,0.005
0.0,0.005
0.0,0.005
0.1,0.005
0.1,0.005
0.1,0.005
0.1,0.005
0.1,0.005
0.1,0.005
0.1,0.005
0.1,0.005
0.1,0.005
0.1,0.005
0.0,0.005
0.0,0.005
0.0,0.005
0.0,0.005
0.0,0.005
0.0,0.005
0.0,0.005
0.0,0.005
0.0,0.005
0.0,0.005
0.0,0.005
0.0,0.005
0.0,0.005
0.0,0.005
0.0,0.005
0.0,0.005
0.0,0.005
0.0,0.005
0.0,0.005
0.0,0.005
0.0,0.005
0.0,0.005
0.0,0.005
0.0,0.005
0.0,0.005
0.0,0.005
0.0,0.005
0.1,0.005
0.1,0.005
0.1,0.005
0.1,0.005
0.1,0.005
0.1,0.005
0.0,0.005
-0.1,0.005
-0.1,0.005
-0.1,0.005
-0.1,0.005
-0.1,0.005
-0.1,0.005
-0.1,0.005
0.0,0.005
0.0,0.005
0.1,0.005
0.1,0.005
0.1,0.005
0.1,0.005
0.1,0.005
0.1,0.005
0.1,0.005
0.1,0.005
0.0,0.005
0.0,0.005
0.0,0.005
0.0,0.005
0.0,0.005
0.0,0.005
0.0,0.005
0.0,0.005
0.0,0.005
0.0,0.005
0.0,0.005
0.0,0.005
0.0,0.005
0.0,0.005
0.0,0.005
0.0,0.005
0.0,0.005
0.0,0.005
0.0,0.005
0.0,0.005
0.0,0.005
0.0,0.005
0.0,0.005
0.0,0.005
0.0,0.005
0.0,0.005
0.0,0.005
0.0,0.005
0.0,0.005
0.0,0.005
0.0,0.005
0.1,0.005
0.1,0.005
0.1,0.005
0.1,0.005
0.1,0.005
0.1,0.005
0.1,0.005
0.1,0.005
0.1,0.005
0.1,0.005
0.1,0.005
0.1,0.005
0.1,0.005
0.1,0.005
0.0,0.005
0.0,0.005
0.0,0.005
0.0,0.005
0.0,0.005
0.0,0.005
0.0,0.005
0.0,0.005
0.0,0.005
0.0,0.005
0.1,0.005
0.1,0.005
0.1,0.005
0.1,0.005
0.1,0.005
0.1,0.005
0.1,0.005
0.0,0.005
0.0,0.005
0.0,0.005
0.0,0.005
0.0,0.005
0.0,0.005
0.0,0.005
0.0,0.005
0.0,0.005
0.0,0.005
0.0,0.005
0.0,0.005
0.1,0.005
0.1,0.005
0.1,0.005
0.1,0.005
0.1,0.005
0.1,0.005
0.1,0.005
0.1,0.010
0.1,0.010
0.1,0.010
0.0,0.010
0.0,0.010
0.0,0.010
0.0,0.010
0.0,0.010
0.0,0.010
0.0,0.010
0.0,0.010
0.0,0.010
0.0,0.010
0.0,0.010
0.0,0.010
0.0,0.010
0.0,0.010
0.0,0.010
0.0,0.010
0.0,0.010
0.0,0.010
0.0,0.010
0.0,0.010
0.0,0.010
0.0,0.010
0.0,0.010
0.0,0.010
0.0,0.010
0.0,0.010
0.0,0.010
0.0,0.010
0.0,0.010
0.0,0.010
0.0,0.010
0.0,0.010
0.0,0.010
0.0,0.010
0.0,0.010
0.0,0.010
0.0,0.010
0.0,0.010
0.0,0.010
0.0,0.010
0.0,0.010
0.0,0.010
0.0,0.010
0.0,0.010
0.0,0.010
0.0,0.010
0.0,0.010
0.0,0.010
0.0,0.010
0.0,0.010
0.0,0.010
0.0,0.010
0.0,0.010
0.0,0.010
0.0,0.010
0.0,0.010
0.0,0.010
0.0,0.010
0.0,0.010
0.0,0.010
0.0,0.010
0.0,0.010
0.0,0.010
0.0,0.010
0.0,0.010
0.0,0.010
0.0,0.010
0.0,0.010
0.0,0.010
0.0,0.010
0.0,0.010
0.0,0.010
0.0,0.010
0.0,0.010
0.0,0.010
0.0,0.010
0.0,0.010
0.0,0.010
0.0,0.010
0.0,0.010
0.0,0.010
0.0,0.010
0.0,0.010
0.0,0.010
0.0,0.010
0.0,0.010
0.1,0.010
0.1,0.010
0.1,0.010
0.1,0.010
0.1,0.010
0.1,0.010
0.1,0.010
0.1,0.010
0.1,0.010
0.1,0.010
0.1,0.010
0.0,0.010
0.0,0.010
0.0,0.010
0.0,0.010
0.0,0.010
0.0,0.010
0.0,0.010
0.0,0.010
0.0,0.010
0.0,0.010
0.0,0.010
0.0,0.010
0.0,0.010
0.0,0.010
0.0,0.010
0.0,0.010
0.0,0.010
0.0,0.010
-0.1,0.010
-0.1,0.010
0.0,0.010
0.0,0.010
0.0,0.010
0.0,0.010
0.0,0.010
0.0,0.010
0.0,0.010
0.0,0.010
0.1,0.010
0.0,0.010
0.1,0.010
0.1,0.010
0.1,0.010
0.1,0.010
0.1,0.010
0.1,0.010
0.1,0.010
0.1,0.010
0.1,0.010
0.0,0.010
0.0,0.010
0.0,0.010
0.0,0.010
0.0,0.010
0.0,0.010
0.0,0.010
0.0,0.010
0.0,0.010
0.0,0.010
0.0,0.010
0.0,0.010
0.0,0.010
0.0,0.010
0.0,0.010
0.0,0.010
0.0,0.010
0.0,0.010
0.0,0.010
0.0,0.010
0.0,0.010
0.0,0.010
0.0,0.010
0.0,0.010
0.0,0.010
0.0,0.010
0.0,0.010
0.0,0.010
0.0,0.010
0.0,0.010
0.0,0.010
0.0,0.010
0.0,0.010
0.0,0.010
0.0,0.010
0.0,0.010
0.0,0.010
0.0,0.010
0.0,0.010
0.0,0.010
0.0,0.010
0.0,0.010
0.0,0.010
0.0,0.010
0.0,0.010
0.0,0.010
0.0,0.010
0.0,0.010
0.0,0.010
0.0,0.010
0.0,0.010
0.0,0.010
0.0,0.010
0.0,0.010
0.0,0.010
0.0,0.010
0.0,0.010
0.0,0.010
0.0,0.010
0.0,0.010
0.0,0.010
0.0,0.010
0.0,0.010
0.0,0.010
0.0,0.010
0.0,0.010
0.0,0.010
0.0,0.010
0.0,0.010
0.0,0.010
0.0,0.010
0.0,0.010
0.0,0.010
0.0,0.010
0.0,0.010
0.0,0.010
0.0,0.010
0.0,0.010
0.0,0.010
0.0,0.010
0.0,0.010
0.0,0.010
0.0,0.010
0.0,0.010
0.0,0.010
0.0,0.010
0.0,0.010
0.0,0.010
0.0,0.010
0.0,0.010
0.0,0.010
0.0,0.010
0.0,0.010
0.0,0.010
0.0,0.010
0.0,0.010
0.0,0.010
0.0,0.010
0.0,0.010
0.0,0.010
0.0,0.010
0.0,0.010
0.0,0.010
0.0,0.010
0.0,0.010
0.0,0.010
0.0,0.010
0.0,0.010
0.0,0.010
0.0,0.010
0.0,0.010
0.0,0.010
0.0,0.010
0.0,0.010
0.0,0.010
0.0,0.010
0.0,0.010
0.0,0.010
0.0,0.010
0.0,0.010
0.0,0.010
0.0,0.010
0.0,0.010
0.0,0.010
0.0,0.010
0.0,0.010
0.0,0.010
0.0,0.010
0.0,0.010
0.0,0.010
0.0,0.010
0.0,0.010
0.0,0.010
0.0,0.010
0.0,0.010
0.0,0.010
0.0,0.010
0.0,0.010
0.0,0.010
0.0,0.010
0.0,0.010
0.0,0.010
0.0,0.010
0.0,0.010
0.0,0.010
0.0,0.010
0.0,0.010
0.0,0.010
0.0,0.010
0.0,0.010
0.0,0.010
0.0,0.010
0.0,0.010
0.1,0.010
0.1,0.010
0.1,0.010
0.1,0.010
0.1,0.010
0.1,0.010
0.1,0.010
0.0,0.010
-0.1,0.010
-0.1,0.010
-0.1,0.010
-0.1,0.010
-0.1,0.010
-0.1,0.010
-0.1,0.010
0.0,0.010
0.0,0.010
0.1,0.010
0.1,0.010
0.1,0.010
0.1,0.010
0.1,0.010
0.1,0.010
0.1,0.010
0.1,0.010
0.0,0.010
0.0,0.010
0.0,0.010
0.0,0.010
0.0,0.010
0.0,0.010
0.0,0.010
0.0,0.010
0.0,0.010
0.0,0.010
0.1,0.010
0.1,0.010
0.1,0.010
0.1,0.010
0.1,0.010
0.1,0.010
0.1,0.010
0.1,0.010
0.1,0.010
0.1,0.010
0.1,0.010
0.1,0.010
0.0,0.010
0.0,0.010
0.0,0.010
0.0,0.010
0.0,0.010
0.0,0.010
0.0,0.010
0.1,0.010
0.1,0.010
0.1,0.010
0.1,0.010
0.1,0.010
0.1,0.010
0.1,0.010
0.1,0.010
0.1,0.010
0.0,0.010
0.0,0.010
0.0,0.010
0.0,0.010
0.0,0.010
0.0,0.010
0.0,0.010
0.0,0.010
0.0,0.010
0.0,0.010
0.0,0.010
0.0,0.010
0.0,0.010
0.0,0.010
0.0,0.010
0.1,0.010
0.1,0.010
0.1,0.010
0.1,0.010
0.1,0.010
0.1,0.010
0.0,0.010
0.0,0.010
0.0,0.010
0.0,0.010
0.0,0.010
0.0,0.010
0.0,0.010
0.0,0.010
0.0,0.010
0.0,0.010
0.0,0.010
0.0,0.010
0.0,0.010
0.0,0.010
0.0,0.010
0.0,0.010
0.0,0.010
0.0,0.010
0.0,0.010
0.0,0.010
0.0,0.010
0.0,0.010
0.0,0.010
0.0,0.010
0.0,0.010
0.0,0.010
0.0,0.010
0.0,0.010
0.0,0.010
0.0,0.010
0.0,0.010
0.0,0.010
0.0,0.010
0.0,0.010
0.0,0.010
0.0,0.010
0.0,0.010
0.0,0.010
0.0,0.010
0.0,0.010
0.0,0.010
0.0,0.010
0.0,0.010
0.0,0.010
0.0,0.010
0.0,0.010
0.0,0.010
0.0,0.010
0.1,0.010
0.1,0.010
0.1,0.010
0.1,0.010
0.1,0.010
0.1,0.010
0.1,0.010
0.1,0.010
0.1,0.010
0.0,0.010
0.0,0.010
0.0,0.010
0.0,0.010
-0.1,0.010
-0.1,0.010
-0.1,0.010
-0.1,0.010
-0.1,0.010
-0.1,0.010
0.0,0.010
0.0,0.010
0.0,0.010
0.1,0.010
0.1,0.010
0.1,0.010
0.1,0.010
0.1,0.010
0.1,0.010
0.1,0.010
0.1,0.010
0.1,0.010
0.1,0.010
0.0,0.010
0.0,0.010
0.0,0.010
0.0,0.010
